radio,1 Cubierta asfáltica o membrana,2 Baldosa o losa (sin cubierta),3 Pizarra o teja,4 Chapa de metal (sin cubierta),5 Chapa fibrocemento o plástico,6 Chapa de cartón,"7 Caña, palma, tabla o paja con o sin barro",8 Otro,TOTAL
020010101,26,19,2,15,1,0,0,2,65
020010201,9,40,1,80,8,6,0,17,161
020010202,8,44,1,68,2,1,0,4,128
020010203,4,19,0,78,2,0,0,1,104
020010204,4,47,0,94,8,0,1,9,163
020010205,5,20,0,67,0,0,0,3,95
020010206,2,71,0,123,6,4,3,6,215
020010207,9,67,0,71,1,2,0,1,151
020010208,10,81,0,43,4,0,0,7,145
020010209,4,69,0,75,0,0,2,6,156
020010210,6,36,0,38,2,1,0,5,88
020010211,16,101,1,73,6,0,1,2,200
020010212,28,215,1,108,2,0,1,11,366
020010213,11,53,0,90,3,3,1,1,162
020010214,26,115,2,95,2,0,0,21,261
020010215,11,156,1,97,2,1,1,9,278
020010216,42,279,1,96,10,2,7,7,444
020010217,12,104,0,96,12,0,1,2,227
020010218,9,79,0,46,6,1,0,7,148
020010219,5,129,0,55,0,3,5,3,200
020010301,4,92,0,71,8,7,6,3,191
020010302,11,83,1,55,6,1,0,4,161
020010303,13,92,1,79,5,2,0,8,200
020010304,6,49,0,71,2,1,0,3,132
020010305,14,198,2,182,2,2,1,11,412
020010306,17,212,6,89,6,4,5,2,341
020010307,13,82,0,43,8,0,0,2,148
020010308,19,192,1,34,4,1,1,5,257
020010309,51,229,2,67,5,5,3,18,380
020010310,16,201,0,39,3,0,0,2,261
020010311,22,181,1,34,3,5,4,17,267
020010312,4,116,0,49,4,1,0,7,181
020010313,10,91,0,11,3,0,0,3,118
020010314,5,104,1,27,8,0,1,1,147
020010315,12,260,0,35,2,0,0,1,310
020010316,4,225,0,22,1,0,0,2,254
020010317,16,53,1,91,5,1,0,15,182
020010318,6,188,0,33,1,1,0,2,231
020010319,28,158,1,149,4,1,1,1,343
020010320,3,53,0,53,1,2,1,2,115
020010321,3,76,1,25,1,1,1,1,109
020010322,25,65,1,83,8,7,5,11,205
020010323,4,115,0,119,11,5,3,10,267
020010401,352,297,9,4,0,0,0,1,663
020010402,276,325,7,5,0,0,0,3,616
020010403,138,323,2,5,0,0,0,1,469
020010404,171,428,2,2,0,0,0,1,604
020010405,232,123,9,18,0,0,0,2,384
020010406,219,252,11,4,0,0,0,0,486
020010407,317,209,6,4,11,0,0,2,549
020010408,228,205,8,7,2,0,0,1,451
020010501,169,63,0,0,0,0,0,25,257
020010502,158,82,0,0,0,0,0,0,240
020010503,221,160,0,2,0,0,0,22,405
020010504,213,277,0,0,0,0,0,0,490
020010505,125,116,0,1,0,0,0,0,242
020010506,233,126,3,2,0,0,0,1,365
020010507,207,58,1,0,0,0,0,4,270
020010601,184,123,1,10,7,0,0,1,326
020010602,104,102,0,0,0,0,0,4,210
020010603,205,213,3,1,0,0,0,4,426
020010604,141,244,4,0,0,0,0,8,397
020010605,112,54,0,0,0,0,0,3,169
020010606,100,142,1,0,4,0,0,5,252
020010607,141,73,4,0,0,0,0,9,227
020010608,98,196,1,0,0,0,0,1,296
020010609,212,204,1,1,0,0,0,1,419
020010610,82,106,1,0,0,0,0,4,193
020010701,90,171,1,0,0,0,0,2,264
020010702,64,49,3,0,0,0,0,1,117
020010703,28,94,0,0,0,0,0,4,126
020010704,155,106,0,0,0,0,0,17,278
020010705,33,107,2,1,0,0,0,4,147
020010706,44,34,0,0,0,0,0,2,80
020010707,75,169,0,2,0,0,0,3,249
020010708,128,108,0,1,1,0,0,2,240
020010709,31,150,2,0,0,0,0,0,183
020010710,80,139,0,7,1,0,0,5,232
020010711,75,49,0,0,0,0,0,16,140
020010712,73,99,0,0,0,0,0,3,175
020010713,20,43,1,0,0,0,0,0,64
020010801,74,111,2,0,0,0,0,1,188
020010802,435,111,0,0,1,0,0,20,567
020010803,214,232,0,0,0,0,0,2,448
020010804,100,185,0,2,0,0,0,8,295
020010805,128,84,2,0,0,0,0,0,214
020010806,244,327,1,0,0,0,0,0,572
020010807,205,335,0,2,0,0,0,19,561
020010808,67,115,0,0,0,0,0,7,189
020010809,109,141,0,3,0,0,0,4,257
020010810,72,109,1,0,0,0,0,4,186
020010901,84,74,0,0,1,0,0,2,161
020010902,83,106,1,3,0,0,0,0,193
020010903,78,97,0,1,0,16,0,3,195
020010904,49,79,0,2,1,0,0,3,134
020010905,74,113,0,2,0,0,0,3,192
020010906,68,101,0,0,0,0,0,6,175
020010907,153,127,1,3,0,0,0,4,288
020010908,73,72,0,0,0,0,0,4,149
020010909,143,93,0,1,0,0,0,0,237
020010910,46,52,2,0,0,0,0,8,108
020010911,18,98,0,0,0,0,0,0,116
020010912,23,52,0,0,0,0,0,1,76
020010913,55,140,2,2,0,0,0,2,201
020010914,54,90,0,0,4,0,0,0,148
020010915,36,81,1,0,0,0,0,0,118
020010916,126,197,0,0,0,0,0,14,337
020010917,87,120,0,0,0,0,0,0,207
020010918,67,96,0,1,2,0,0,3,169
020010919,32,27,0,0,0,0,0,2,61
020011001,77,34,0,0,0,0,0,9,120
020011002,135,141,0,2,0,0,0,0,278
020011003,163,343,1,0,0,0,0,8,515
020011004,106,117,0,0,0,0,0,0,223
020011005,78,155,0,3,0,0,0,0,236
020011006,141,122,2,0,0,0,0,0,265
020011007,108,48,1,0,0,0,0,2,159
020011008,72,75,0,0,0,1,0,5,153
020011009,47,109,3,1,0,0,0,1,161
020011010,98,197,1,0,0,0,0,0,296
020011011,151,197,0,1,0,0,0,2,351
020011012,101,164,0,0,6,0,0,20,291
020011013,173,162,0,0,0,0,0,4,339
020011014,83,26,0,2,0,0,0,0,111
020011101,81,132,1,0,0,0,0,5,219
020011102,164,104,0,0,0,0,0,16,284
020011103,49,57,0,2,81,0,0,9,198
020011104,191,136,1,0,0,0,0,8,336
020011105,111,125,1,2,4,0,0,8,251
020011106,112,90,0,0,0,0,0,7,209
020011107,134,136,4,1,0,0,0,21,296
020011108,187,164,0,0,1,0,0,1,353
020011109,116,97,1,0,0,0,0,5,219
020011110,99,127,0,34,1,0,0,11,272
020011111,66,49,0,7,0,0,0,4,126
020011112,144,242,12,7,0,0,0,2,407
020011113,109,172,1,1,0,0,0,8,291
020011114,172,115,1,0,0,0,0,1,289
020011201,52,62,1,0,0,0,0,1,116
020011202,72,53,0,0,0,0,0,4,129
020011203,164,120,1,27,0,0,0,2,314
020011204,94,107,0,2,1,0,0,5,209
020011205,123,150,0,1,1,0,0,0,275
020011206,120,75,1,1,0,0,0,5,202
020011207,153,187,1,1,0,0,0,5,347
020011208,90,34,0,1,2,0,0,2,129
020011209,154,167,2,13,5,0,0,1,342
020011210,31,65,0,3,1,0,0,1,101
020011211,44,86,0,1,0,2,0,3,136
020011212,27,63,0,0,0,0,0,0,90
020011301,56,102,0,0,0,0,0,5,163
020011302,21,32,0,0,0,0,0,7,60
020011303,12,8,0,0,0,0,0,0,20
020011304,13,113,1,4,2,0,0,3,136
020011305,71,72,4,0,0,0,3,4,154
020011306,27,57,0,0,0,0,0,16,100
020011307,205,34,0,0,0,0,0,2,241
020011308,44,77,11,22,0,0,0,2,156
020011309,14,81,22,28,8,0,0,4,157
020011310,114,119,0,2,0,0,0,0,235
020011311,23,32,5,78,1,0,0,3,142
020011312,131,7,0,0,0,0,0,0,138
020011313,18,85,0,0,0,0,0,1,104
020011314,155,264,1,170,22,9,12,26,659
020011315,0,0,0,0,0,0,0,0,0
020011401,137,104,3,1,1,0,0,1,247
020011402,89,90,0,33,5,1,0,8,226
020011403,80,107,9,0,0,0,0,0,196
020011404,27,12,0,0,0,0,0,0,39
020011405,93,104,1,5,3,0,0,20,226
020011406,157,130,0,1,0,0,0,5,293
020011407,114,76,21,0,0,0,0,4,215
020011408,75,91,0,10,0,0,0,20,196
020011409,142,91,4,4,4,0,0,1,246
020011410,100,109,0,1,1,0,0,9,220
020011411,155,95,1,1,0,0,0,1,253
020011412,89,121,0,1,3,0,0,3,217
020011501,93,75,0,0,2,0,0,0,170
020011502,105,115,0,12,1,1,0,15,249
020011503,57,106,0,0,2,0,0,35,200
020011504,119,196,0,2,0,0,0,18,335
020011505,53,126,0,4,1,1,0,2,187
020011506,146,149,1,2,4,0,0,3,305
020011507,119,148,1,1,1,0,0,0,270
020011508,123,175,0,10,1,0,0,1,310
020011509,143,166,2,19,4,0,0,18,352
020011510,217,73,1,0,0,0,0,0,291
020011511,158,89,0,1,32,0,0,1,281
020011601,86,98,3,1,0,0,0,1,189
020011602,86,78,0,0,0,0,0,0,164
020011603,178,220,5,1,0,0,0,9,413
020011604,167,172,1,0,0,0,0,8,348
020011605,99,101,0,3,0,0,0,5,208
020011606,127,84,17,0,0,0,0,0,228
020011607,221,194,1,34,17,0,0,8,475
020011608,81,138,0,0,0,0,0,1,220
020011609,129,30,0,0,0,0,0,1,160
020011610,88,187,0,0,1,0,0,15,291
020011611,99,111,0,0,0,0,0,7,217
020011612,104,28,1,6,0,0,0,0,139
020011701,92,294,0,2,1,0,0,0,389
020011702,103,185,0,7,0,1,0,7,303
020011703,103,211,0,9,0,0,0,1,324
020011704,184,101,0,0,0,0,0,2,287
020011705,153,90,0,0,0,0,0,13,256
020011706,236,125,0,3,0,0,0,3,367
020011707,129,193,1,0,0,0,0,0,323
020011708,93,151,1,20,0,0,0,2,267
020011709,70,163,3,2,1,0,0,0,239
020011710,97,180,0,1,0,0,0,1,279
020011711,146,71,0,0,0,0,0,1,218
020011801,273,167,0,1,1,0,0,0,442
020011802,220,137,0,0,0,0,0,0,357
020011803,161,119,2,8,2,0,0,0,292
020011804,226,106,3,3,3,0,0,0,341
020011805,97,175,2,0,0,0,0,0,274
020011806,260,233,0,0,0,0,0,14,507
020011807,161,119,2,4,0,0,0,31,317
020011808,140,133,1,8,0,1,0,18,301
020011809,76,221,0,3,1,0,0,2,303
020011901,213,154,7,33,2,3,0,12,424
020011902,264,225,1,2,0,0,1,5,498
020011903,55,82,1,2,1,0,0,4,145
020011904,139,149,3,3,4,0,0,5,303
020011905,133,126,4,7,1,0,0,0,271
020011906,123,72,1,0,0,0,0,20,216
020011907,148,171,0,2,1,0,0,3,325
020011908,87,65,4,1,0,0,0,3,160
020011909,117,102,1,1,1,0,0,1,223
020012001,81,175,0,0,0,0,0,3,259
020012002,164,124,2,0,1,0,0,7,298
020012003,120,115,1,0,1,0,0,1,238
020012004,204,122,2,11,0,0,0,4,343
020012005,86,254,0,3,0,0,0,9,352
020012006,195,138,0,0,1,0,0,2,336
020012007,119,62,16,6,2,0,2,0,207
020012008,128,73,1,12,0,0,0,4,218
020012009,127,110,1,5,1,0,0,3,247
020012010,174,133,0,6,2,1,0,0,316
020012101,158,103,1,4,0,0,0,0,266
020012102,79,184,1,1,0,0,0,1,266
020012103,65,61,0,3,41,0,0,0,170
020012104,213,268,3,13,1,0,0,2,500
020012105,107,144,0,1,21,0,0,2,275
020012106,163,97,1,1,0,0,0,2,264
020012107,198,128,1,2,0,1,0,2,332
020012108,87,140,2,7,0,0,0,4,240
020012109,118,187,3,16,2,0,0,2,328
020012110,166,171,0,39,0,0,0,0,376
020012201,192,60,1,1,4,0,0,3,261
020012202,172,225,0,1,22,0,0,2,422
020012203,184,159,8,8,5,0,0,7,371
020012204,100,93,5,6,1,0,1,1,207
020012205,22,163,0,1,0,0,0,0,186
020012206,96,160,0,1,1,0,0,1,259
020012207,61,200,2,2,1,0,0,2,268
020012208,93,181,0,1,0,0,0,1,276
020012209,200,160,1,2,2,0,0,12,377
020012210,256,302,2,6,8,3,0,5,582
020012301,156,113,0,2,1,0,0,0,272
020012302,123,93,2,1,0,0,0,0,219
020012303,264,97,1,7,2,0,0,2,373
020012304,78,50,0,1,0,0,0,2,131
020012305,102,118,1,5,0,0,0,2,228
020012306,116,95,1,0,0,0,0,2,214
020012307,156,94,5,8,2,0,0,0,265
020012308,184,129,1,1,0,0,0,0,315
020012309,265,131,8,0,0,0,0,1,405
020012310,76,59,2,13,0,0,0,0,150
020012401,51,55,1,4,0,0,0,2,113
020012402,87,56,0,1,0,0,0,1,145
020012403,90,91,6,7,1,0,0,5,200
020012404,52,111,1,1,0,0,1,2,168
020012405,86,79,1,0,0,0,0,2,168
020012406,81,272,2,1,6,0,0,3,365
020012407,77,158,2,22,1,0,0,1,261
020012408,76,93,0,11,3,0,0,1,184
020012501,69,99,0,6,0,1,0,0,175
020012502,118,46,3,7,1,0,0,4,179
020012503,50,167,0,2,2,0,0,0,221
020012504,156,270,0,2,0,0,0,2,430
020012505,100,123,1,2,0,0,0,0,226
020012506,145,190,1,11,1,0,0,3,351
020012507,37,148,0,0,2,0,0,6,193
020012508,120,195,0,2,0,0,0,4,321
020012509,63,138,0,1,0,0,0,10,212
020012510,70,148,3,3,1,0,0,2,227
020012511,73,169,0,10,0,0,0,0,252
020012601,86,137,1,18,3,0,0,4,249
020012602,152,133,0,20,8,0,0,7,320
020012603,80,108,6,4,1,0,0,18,217
020012604,120,114,1,3,0,0,0,6,244
020012605,59,243,4,1,0,0,0,3,310
020012606,44,168,0,0,0,0,0,2,214
020012607,64,74,0,3,0,0,0,1,142
020012608,40,168,1,4,0,0,0,0,213
020012609,120,193,3,0,0,0,0,0,316
020012701,66,168,0,0,0,0,0,0,234
020012702,77,192,0,5,0,0,0,1,275
020012703,118,167,1,6,1,0,0,0,293
020012704,78,206,0,31,5,0,1,4,325
020012705,136,141,1,0,0,0,0,10,288
020012706,133,189,1,18,0,0,0,18,359
020012707,99,127,2,33,0,1,0,3,265
020012708,94,155,2,1,0,0,0,3,255
020012709,103,218,1,0,0,0,0,2,324
020012710,83,164,0,1,0,0,0,0,248
020012801,73,120,1,24,0,0,0,2,220
020012802,194,116,0,2,3,0,0,30,345
020012803,77,155,1,5,0,0,0,3,241
020012804,192,85,1,1,0,0,0,1,280
020012805,183,154,0,5,0,0,0,12,354
020012806,131,119,0,7,0,0,0,24,281
020012807,85,214,0,6,6,0,2,1,314
020012808,25,84,0,0,0,0,0,1,110
020012809,113,127,0,1,0,0,0,21,262
020012810,209,127,0,5,3,0,0,9,353
020012811,80,167,0,1,1,0,0,0,249
020012812,91,115,5,2,16,0,1,5,235
020012813,82,160,1,12,0,0,0,6,261
020012901,144,247,3,19,5,0,0,2,420
020012902,102,131,3,15,15,0,0,0,266
020012903,191,76,1,4,4,0,0,0,276
020012904,183,69,6,12,2,0,0,0,272
020012905,122,160,1,15,0,0,1,7,306
020012906,152,161,2,7,0,0,0,1,323
020012907,136,173,5,8,0,0,0,6,328
020012908,174,66,6,8,5,0,0,1,260
020012909,128,219,1,9,6,0,0,13,376
020020101,1,10,2,2,6,0,0,0,21
020020102,9,18,8,85,11,1,0,1,133
020020201,86,149,0,13,3,0,0,1,252
020020202,165,175,0,21,0,0,0,1,362
020020203,177,52,0,0,0,0,0,0,229
020020204,100,104,1,0,0,0,0,0,205
020020205,135,124,0,0,0,0,0,0,259
020020206,150,45,1,0,0,0,0,1,197
020020207,72,57,0,12,0,0,0,0,141
020020208,174,97,0,0,0,0,0,11,282
020020301,228,168,0,0,0,0,0,3,399
020020302,194,183,0,0,0,0,0,34,411
020020303,99,0,0,0,0,0,0,1,100
020020304,58,120,0,1,0,0,0,9,188
020020305,139,144,0,2,0,0,0,8,293
020020306,141,128,0,0,0,0,0,5,274
020020307,197,153,0,1,0,0,0,2,353
020020308,128,106,0,0,0,0,0,0,234
020020401,68,227,3,0,0,0,0,15,313
020020402,70,34,3,0,0,0,0,2,109
020020403,82,65,1,0,0,0,0,1,149
020020404,120,71,2,1,1,0,0,0,195
020020405,126,152,1,0,0,0,0,5,284
020020406,99,105,0,0,0,0,0,8,212
020020407,110,112,11,0,0,0,0,2,235
020020408,218,196,2,1,3,0,0,7,427
020020409,216,105,0,0,0,0,0,12,333
020020410,204,221,0,0,0,0,0,5,430
020020501,142,107,0,0,1,1,0,5,256
020020502,162,154,1,0,0,0,0,2,319
020020503,183,69,0,0,1,0,0,2,255
020020504,180,46,0,0,0,0,0,0,226
020020505,242,81,0,0,0,0,0,1,324
020020506,156,165,5,0,0,0,0,2,328
020020507,186,136,2,0,0,0,0,5,329
020020508,174,153,0,1,0,0,0,0,328
020020509,189,80,2,0,0,0,0,0,271
020020601,61,114,0,0,0,0,0,0,175
020020602,391,175,0,0,0,0,0,6,572
020020603,100,125,1,0,0,0,0,0,226
020020604,201,129,0,1,0,0,0,2,333
020020605,116,67,0,0,0,0,0,0,183
020020606,141,161,0,0,0,0,0,18,320
020020607,91,83,0,0,0,0,0,1,175
020020608,81,125,2,1,2,0,0,8,219
020020609,169,106,0,1,0,0,0,0,276
020020610,77,140,2,0,1,0,0,8,228
020020701,317,246,1,1,0,0,0,8,573
020020702,213,266,0,0,0,0,0,14,493
020020703,155,175,0,0,0,0,0,31,361
020020704,152,110,0,0,0,0,0,5,267
020020705,189,52,0,2,1,0,0,0,244
020020706,145,125,0,0,0,0,0,1,271
020020707,234,165,1,1,1,0,0,7,409
020020708,98,66,0,1,1,0,0,6,172
020020709,184,92,1,0,0,0,0,1,278
020020801,302,43,0,0,0,0,0,2,347
020020802,209,88,0,0,0,0,0,9,306
020020803,253,199,1,0,0,0,0,4,457
020020804,224,240,0,0,0,0,0,14,478
020020805,194,217,1,0,0,0,0,1,413
020020806,270,323,1,5,1,0,0,25,625
020020807,470,235,0,0,0,0,0,2,707
020020808,230,114,0,0,0,0,0,13,357
020020901,202,195,1,0,0,0,0,1,399
020020902,191,27,0,0,0,0,0,0,218
020020903,320,125,1,0,1,0,0,4,451
020020904,182,279,0,0,0,0,0,0,461
020020905,215,270,2,0,0,0,0,1,488
020020906,271,169,0,0,0,0,0,1,441
020020907,205,267,0,0,0,0,0,0,472
020020908,446,203,0,0,0,0,0,0,649
020020909,392,145,0,0,0,0,0,13,550
020021001,301,209,0,0,1,0,0,8,519
020021002,163,202,0,0,0,0,0,1,366
020021003,84,124,1,0,0,0,0,0,209
020021004,115,229,0,0,0,0,0,0,344
020021005,239,187,0,0,0,0,0,0,426
020021006,166,151,4,0,0,0,0,0,321
020021007,356,127,0,0,0,0,0,0,483
020021008,230,212,1,0,0,0,0,0,443
020021009,118,180,0,0,1,0,0,0,299
020021101,320,285,0,0,0,0,0,16,621
020021102,140,101,0,0,0,0,0,0,241
020021103,181,480,1,4,6,0,0,0,672
020021104,306,331,0,18,0,0,0,13,668
020021105,50,115,2,1,1,0,0,0,169
020021106,85,216,3,0,1,0,0,0,305
020021201,233,200,1,0,0,0,0,1,435
020021202,194,203,0,1,2,0,0,2,402
020021203,173,270,1,11,0,0,0,2,457
020021204,339,361,1,0,0,0,0,3,704
020021205,305,303,0,0,1,0,0,6,615
020021206,245,246,0,3,0,0,0,4,498
020021301,337,250,0,1,0,0,0,7,595
020021302,164,243,2,3,0,0,0,6,418
020021303,200,315,0,0,0,0,0,1,516
020021304,232,304,0,0,1,0,0,18,555
020021305,346,286,2,2,0,0,0,11,647
020021306,210,166,0,0,0,0,0,6,382
020021307,339,282,3,1,0,0,0,9,634
020021401,93,153,0,1,1,0,0,0,248
020021402,107,198,0,1,0,0,0,0,306
020021403,83,92,0,0,0,0,0,0,175
020021404,191,171,0,2,0,0,0,5,369
020021405,150,318,0,0,0,0,0,31,499
020021406,241,219,0,0,0,0,0,72,532
020021407,152,194,1,0,0,0,0,1,348
020021408,235,144,0,0,0,0,0,1,380
020021409,339,256,3,0,3,0,0,4,605
020021410,267,267,0,0,1,0,1,1,537
020021501,142,123,1,0,0,0,0,0,266
020021502,184,191,0,0,1,0,0,12,388
020021503,323,301,2,0,0,0,0,4,630
020021504,145,163,0,2,0,0,0,0,310
020021505,103,161,2,1,0,0,0,0,267
020021506,213,59,0,0,0,0,0,14,286
020021507,98,245,23,0,0,0,0,1,367
020021508,136,193,2,1,0,0,0,7,339
020021601,198,119,0,1,0,0,1,2,321
020021602,158,145,2,0,1,0,0,2,308
020021603,156,135,14,0,0,0,0,0,305
020021604,210,74,0,0,0,0,0,0,284
020021605,316,68,0,0,0,0,0,2,386
020021606,119,198,1,0,0,0,0,0,318
020021607,251,98,0,0,0,0,0,10,359
020021608,88,101,6,0,1,0,0,0,196
020021701,364,198,8,0,0,0,0,1,571
020021702,294,87,0,0,0,0,0,1,382
020021703,245,208,0,0,0,0,0,1,454
020021704,94,69,0,2,0,0,0,3,168
020021705,139,137,1,1,0,0,0,12,290
020021706,244,196,0,7,3,0,0,2,452
020021707,338,232,0,0,0,1,0,6,577
020021708,211,269,0,1,0,0,0,8,489
020021709,233,133,0,0,0,0,0,0,366
020021801,216,210,0,0,0,0,0,32,458
020021802,266,227,0,4,0,0,0,51,548
020021803,171,224,0,0,1,0,0,1,397
020021804,150,110,0,0,0,1,0,6,267
020021805,104,134,0,0,0,0,0,12,250
020021806,193,170,0,1,0,0,0,3,367
020021807,205,67,0,0,0,0,0,5,277
020021808,123,209,0,3,0,0,0,0,335
020021901,167,192,3,0,0,0,0,31,393
020021902,111,195,0,0,0,0,0,0,306
020021903,195,110,0,0,0,0,0,0,305
020021904,224,271,1,2,0,0,0,1,499
020021905,187,173,0,0,0,0,0,1,361
020021906,268,153,2,0,1,0,0,0,424
020021907,214,109,0,0,1,0,0,0,324
020021908,178,197,1,1,0,0,0,0,377
020022001,219,234,1,3,0,0,0,0,457
020022002,201,234,0,1,0,0,0,13,449
020022003,160,211,1,0,0,0,0,0,372
020022004,174,206,1,3,0,0,0,2,386
020022005,123,124,1,2,1,0,0,0,251
020022006,132,222,1,1,0,0,0,0,356
020022007,111,130,0,0,3,0,0,3,247
020022008,121,178,0,1,0,0,0,1,301
020022101,190,268,2,0,0,0,0,2,462
020022102,175,234,0,4,0,0,0,29,442
020022103,201,166,0,0,0,0,0,2,369
020022104,220,308,0,1,0,0,0,1,530
020022105,253,246,0,0,3,0,0,6,508
020022106,321,158,0,0,0,0,0,2,481
020022201,221,147,0,0,0,0,0,0,368
020022202,205,76,0,0,0,0,0,0,281
020022203,79,125,0,0,0,0,0,1,205
020022204,314,168,1,0,0,0,0,0,483
020022205,196,286,13,0,0,0,0,33,528
020022206,311,234,0,0,0,0,0,12,557
020022301,201,233,1,0,0,0,0,0,435
020022302,286,224,1,0,0,0,0,1,512
020022303,252,185,0,2,0,0,0,2,441
020022304,159,220,0,1,0,0,0,1,381
020022305,144,150,0,0,0,0,0,1,295
020022306,129,74,0,0,0,0,0,0,203
020022307,134,103,0,0,0,0,0,0,237
020022308,115,72,0,0,0,0,0,0,187
020022309,208,252,0,0,0,0,0,3,463
020022401,313,130,1,0,0,0,0,6,450
020022402,111,265,0,0,0,0,0,1,377
020022403,261,73,0,0,1,0,0,0,335
020022404,230,227,1,0,2,0,0,4,464
020022405,218,279,0,0,0,0,0,9,506
020022406,195,261,1,0,0,0,0,11,468
020022501,193,119,0,0,0,0,0,0,312
020022502,220,128,0,0,0,0,0,1,349
020022503,56,121,0,0,0,0,0,0,177
020022504,226,193,0,2,0,0,0,6,427
020022505,312,151,2,0,0,0,0,4,469
020022506,122,177,33,3,16,0,0,4,355
020022507,186,178,0,4,0,1,0,17,386
020022508,220,298,3,1,0,0,0,1,523
020022509,187,221,0,0,0,0,0,3,411
020022510,169,129,0,1,0,0,0,0,299
020022511,249,247,0,2,2,0,0,1,501
020030101,289,181,3,10,0,0,0,5,488
020030102,222,184,0,2,2,1,0,8,419
020030103,309,156,0,1,0,0,0,1,467
020030104,94,154,0,0,0,0,0,0,248
020030105,224,114,1,19,2,0,0,14,374
020030106,172,72,1,9,3,1,1,3,262
020030107,119,187,4,28,3,0,3,3,347
020030108,111,68,0,7,1,0,1,0,188
020030109,89,136,0,0,0,0,0,2,227
020030110,77,111,4,0,0,0,0,0,192
020030111,99,128,0,2,0,1,0,0,230
020030201,196,122,0,1,0,0,0,4,323
020030202,113,212,1,3,0,0,0,4,333
020030203,124,206,3,0,0,0,0,3,336
020030204,118,165,2,1,0,0,0,2,288
020030205,103,255,2,3,0,0,0,6,369
020030206,201,160,0,5,1,0,0,0,367
020030207,271,141,1,0,0,0,0,7,420
020030208,238,113,0,0,0,0,0,3,354
020030209,195,114,0,0,0,0,0,2,311
020030210,133,55,0,3,0,0,0,2,193
020030211,87,168,0,2,0,0,0,0,257
020030212,164,200,1,0,0,0,0,0,365
020030301,252,223,0,0,0,0,0,1,476
020030302,135,192,0,0,0,0,0,46,373
020030303,133,122,1,0,0,0,0,4,260
020030304,176,37,0,0,0,0,0,0,213
020030305,94,151,0,0,0,0,0,0,245
020030306,181,113,5,0,0,0,0,3,302
020030307,180,128,0,0,0,0,0,0,308
020030308,106,156,0,1,0,0,0,0,263
020030309,104,54,0,0,0,0,0,1,159
020030310,355,37,0,1,0,0,0,0,393
020030311,301,4,0,0,0,0,0,0,305
020030401,63,288,0,0,0,0,0,3,354
020030402,123,92,1,0,0,0,0,0,216
020030403,79,198,0,1,1,0,0,0,279
020030404,165,159,0,0,0,0,0,2,326
020030405,173,113,1,0,0,0,0,1,288
020030406,110,183,1,2,0,0,0,12,308
020030407,148,121,0,1,0,0,0,0,270
020030408,124,142,1,3,0,0,0,1,271
020030501,187,181,0,5,0,0,0,0,373
020030502,71,193,0,0,1,0,0,26,291
020030503,264,204,0,1,0,0,0,0,469
020030504,128,130,1,1,0,0,0,2,262
020030505,132,189,0,1,0,0,0,8,330
020030506,149,59,0,0,0,0,0,7,215
020030507,221,146,1,0,0,0,0,0,368
020030601,158,196,0,0,0,0,0,0,354
020030602,87,81,0,5,1,0,0,1,175
020030603,130,181,0,1,0,0,0,0,312
020030604,131,181,2,0,4,0,0,2,320
020030605,78,178,2,3,0,0,0,68,329
020030606,103,122,1,0,0,0,0,29,255
020030607,143,163,0,4,0,0,0,2,312
020030701,84,49,0,1,0,0,0,2,136
020030702,188,214,0,0,0,0,0,13,415
020030703,318,128,0,0,0,0,0,7,453
020030704,218,145,0,5,0,0,0,1,369
020030705,182,85,1,0,0,0,0,0,268
020030706,177,105,1,0,0,0,0,0,283
020030707,231,265,1,1,1,0,0,5,504
020030708,53,106,0,0,0,0,0,0,159
020030709,279,122,0,0,0,0,0,3,404
020030801,160,160,0,0,0,0,0,1,321
020030802,82,87,0,0,0,0,0,43,212
020030803,140,201,0,0,0,0,0,0,341
020030804,87,122,0,0,1,0,0,7,217
020030805,158,56,1,0,0,0,0,1,216
020030806,102,96,0,0,0,0,0,5,203
020030807,76,88,0,1,0,0,0,1,166
020030808,125,81,1,0,0,0,0,0,207
020030809,107,197,0,0,0,0,0,0,304
020030810,194,57,0,0,0,0,0,5,256
020030901,143,185,0,6,2,0,1,51,388
020030902,85,114,1,1,0,0,0,5,206
020030903,108,229,2,0,0,0,0,3,342
020030904,85,283,3,9,0,0,0,34,414
020030905,131,77,1,1,0,0,0,12,222
020030906,78,78,36,1,0,3,0,0,196
020030907,156,93,1,37,2,0,0,3,292
020030908,120,154,9,18,11,0,0,0,312
020030909,277,87,6,0,0,0,0,1,371
020030910,180,135,0,0,0,0,0,11,326
020031001,112,262,0,0,0,0,0,3,377
020031002,133,180,1,9,0,0,0,0,323
020031003,88,168,0,0,0,0,0,1,257
020031004,187,103,0,6,2,0,0,0,298
020031005,67,131,0,1,0,0,0,3,202
020031006,210,178,0,0,1,0,0,1,390
020031007,163,170,2,1,0,0,0,4,340
020031008,115,112,4,36,1,0,0,6,274
020031101,103,235,0,1,0,0,0,28,367
020031102,249,154,0,1,0,0,0,50,454
020031103,144,224,0,7,7,0,1,1,384
020031104,157,187,6,0,3,0,0,33,386
020031105,123,178,0,0,1,0,0,14,316
020031106,190,211,0,0,0,0,0,14,415
020031107,129,302,0,3,3,0,0,0,437
020031108,98,184,0,0,0,0,1,1,284
020031201,190,141,2,0,0,0,0,17,350
020031202,267,152,0,0,0,0,0,9,428
020031203,63,244,0,1,0,0,0,2,310
020031204,78,171,0,0,0,0,0,0,249
020031205,260,197,24,2,0,0,0,8,491
020031206,34,30,0,2,0,0,0,0,66
020031207,177,264,0,5,0,0,0,20,466
020031208,164,110,0,0,0,0,0,17,291
020031209,109,104,0,0,1,0,0,0,214
020031210,146,176,2,4,0,0,2,33,363
020031301,77,222,1,0,0,1,0,4,305
020031302,168,186,0,0,0,0,0,2,356
020031303,216,175,0,1,0,0,0,1,393
020031304,114,53,1,8,32,0,0,0,208
020031305,133,192,0,1,0,0,0,3,329
020031306,181,131,2,3,2,0,0,4,323
020031307,124,127,0,0,0,0,0,0,251
020031308,119,106,14,2,0,0,0,0,241
020031309,228,136,0,3,0,0,0,2,369
020031310,135,152,1,22,1,0,0,4,315
020031311,173,90,0,2,2,0,0,0,267
020031401,159,154,1,31,0,0,0,1,346
020031402,232,174,0,1,1,0,0,10,418
020031403,289,160,2,0,0,0,0,3,454
020031404,153,118,6,13,3,0,0,6,299
020031405,132,214,1,13,0,0,0,5,365
020031406,254,257,0,0,0,0,0,3,514
020031407,89,130,0,1,2,0,1,36,259
020031408,192,122,0,1,0,0,0,1,316
020031409,39,4,0,0,0,0,0,0,43
020031410,155,152,0,5,1,0,0,0,313
020031501,196,86,0,0,0,0,0,0,282
020031502,227,152,0,4,0,0,0,16,399
020031503,148,118,1,1,1,0,1,1,271
020031504,152,169,1,10,0,0,1,1,334
020031505,158,215,0,1,8,0,0,0,382
020031506,145,183,6,23,3,0,0,2,362
020031507,239,347,2,1,0,0,0,11,600
020031508,328,286,0,3,0,0,0,0,617
020031509,67,48,0,1,0,0,0,0,116
020031601,186,183,0,1,0,0,0,5,375
020031602,222,267,4,9,0,0,0,2,504
020031603,267,102,0,16,0,0,0,3,388
020031604,61,113,4,0,0,0,0,0,178
020031605,123,143,0,1,0,0,0,0,267
020031606,84,159,1,30,0,0,0,1,275
020031607,164,138,0,9,0,0,0,1,312
020031608,96,228,0,5,1,7,1,1,339
020031609,204,284,3,9,0,0,0,7,507
020031701,109,139,2,13,0,0,0,4,267
020031702,78,246,0,1,0,0,0,0,325
020031703,85,110,2,10,1,0,0,0,208
020031704,114,194,6,16,2,0,0,0,332
020031705,117,186,1,18,0,0,0,2,324
020031706,118,189,8,9,2,0,0,1,327
020031707,135,177,6,25,0,0,0,1,344
020031708,152,198,5,19,5,1,1,2,383
020031709,44,209,6,13,0,0,0,9,281
020031801,133,115,2,6,0,0,0,0,256
020031802,115,183,0,2,0,0,0,2,302
020031803,28,141,3,2,0,0,0,15,189
020031804,231,144,1,0,0,1,0,0,377
020031805,37,123,0,10,1,0,0,0,171
020031806,104,127,3,19,0,2,0,0,255
020031807,111,133,1,15,13,0,0,2,275
020031808,91,159,1,3,0,0,0,0,254
020031809,156,229,6,2,1,0,0,1,395
020031810,58,143,2,2,0,0,0,3,208
020031811,80,160,8,0,0,0,0,1,249
020031901,211,283,3,8,0,0,0,11,516
020031902,71,68,0,13,0,0,0,0,152
020031903,174,128,4,4,0,0,0,0,310
020031904,71,207,5,3,0,0,0,9,295
020031905,132,189,3,18,2,0,0,0,344
020031906,128,188,3,17,0,0,0,0,336
020031907,137,205,1,39,29,0,0,2,413
020031908,201,293,1,4,0,0,0,0,499
020031909,86,181,0,2,0,0,0,35,304
020031910,109,120,1,4,1,0,0,1,236
020032001,161,151,5,0,0,0,0,1,318
020032002,256,181,1,0,1,0,1,4,444
020032003,150,162,1,2,0,0,0,0,315
020032004,155,131,1,2,0,0,0,1,290
020032005,96,134,1,0,1,0,0,0,232
020032006,119,64,0,2,3,0,0,1,189
020032007,134,207,0,6,2,0,0,0,349
020032008,155,176,3,10,0,0,0,36,380
020032009,217,206,0,18,1,0,0,16,458
020032010,132,123,0,5,0,0,0,27,287
020032011,71,160,0,1,0,0,0,7,239
020032101,221,146,1,4,1,0,0,3,376
020032102,189,200,1,7,0,0,0,0,397
020032103,198,98,4,7,1,0,0,0,308
020032104,73,269,2,3,0,0,0,0,347
020032105,87,122,1,9,0,0,0,0,219
020032106,136,234,3,6,0,0,0,8,387
020032107,162,32,0,5,0,0,0,0,199
020032108,92,215,1,5,0,0,0,1,314
020032109,83,103,0,0,0,0,0,2,188
020032110,124,254,6,28,0,4,0,0,416
020032201,97,225,4,11,1,0,1,3,342
020032202,97,185,7,1,1,0,0,3,294
020032203,103,71,3,4,0,0,0,0,181
020032204,138,103,3,2,0,0,0,0,246
020032205,163,187,3,4,0,0,0,2,359
020032206,161,133,0,7,0,0,0,1,302
020032207,203,112,1,12,2,0,0,0,330
020032208,103,240,10,9,6,1,0,6,375
020032209,145,197,6,18,1,0,0,6,373
020032301,91,233,1,4,0,0,0,1,330
020032302,168,171,0,1,0,0,0,7,347
020032303,133,223,6,1,1,0,0,3,367
020032304,44,125,7,8,7,0,0,0,191
020032305,146,136,0,9,0,0,0,0,291
020032306,124,99,1,10,1,0,0,7,242
020032307,115,142,3,12,0,0,0,2,274
020032308,71,233,5,14,2,0,1,10,336
020032309,133,159,1,44,1,0,0,4,342
020032310,130,226,13,26,2,0,0,0,397
020032401,125,163,0,14,0,0,0,1,303
020032402,140,147,10,32,2,0,0,5,336
020032403,95,177,2,2,0,0,0,0,276
020032404,86,207,1,10,4,0,0,3,311
020032405,95,121,4,5,0,0,0,0,225
020032406,145,191,3,13,18,0,0,5,375
020032407,134,140,0,3,0,0,0,20,297
020032408,86,212,7,12,0,0,0,3,320
020032409,68,101,3,12,0,0,0,1,185
020032501,232,236,7,5,1,0,0,29,510
020032502,55,222,2,9,2,0,0,5,295
020032503,67,113,7,19,1,0,0,0,207
020032504,103,147,4,5,7,0,0,6,272
020032505,59,215,6,16,0,0,0,0,296
020032506,176,113,8,10,5,0,0,25,337
020032507,35,180,5,4,0,0,0,4,228
020032508,270,419,0,0,2,0,0,25,716
020032509,154,163,0,2,0,0,0,0,319
020032601,110,269,7,10,1,0,0,1,398
020032602,303,103,9,22,1,0,1,1,440
020032603,73,231,14,13,2,0,0,1,334
020032604,59,148,9,10,1,0,0,0,227
020032605,138,177,7,9,0,0,0,10,341
020032606,61,171,4,1,4,0,0,5,246
020032607,71,154,53,28,0,0,1,5,312
020032608,80,127,17,22,0,0,0,0,246
020032609,68,177,14,29,3,0,0,1,292
020032701,104,277,2,9,1,0,0,7,400
020032702,77,228,8,7,1,0,0,9,330
020032703,119,197,0,33,1,0,0,5,355
020032704,88,211,2,10,1,0,0,1,313
020032705,76,202,10,24,0,1,0,4,317
020032706,78,192,24,10,1,0,0,1,306
020032707,158,198,2,8,1,0,0,0,367
020040101,93,120,10,16,7,0,0,1,247
020040102,66,175,5,11,6,0,0,0,263
020040103,67,118,7,14,2,0,0,7,215
020040104,24,161,10,37,3,0,0,1,236
020040105,16,183,4,26,0,0,0,5,234
020040106,12,169,2,19,3,1,0,0,206
020040107,40,100,7,19,2,0,0,0,168
020040108,58,113,5,42,7,0,0,0,225
020040109,56,126,16,20,4,0,0,2,224
020040110,46,62,6,36,4,0,0,3,157
020040111,51,112,5,28,4,0,0,0,200
020040112,55,103,10,10,1,1,0,3,183
020040113,42,62,9,20,3,0,0,0,136
020040114,55,117,7,47,3,1,0,6,236
020040201,58,179,11,20,2,0,3,1,274
020040202,101,152,9,17,1,1,0,1,282
020040203,116,224,6,28,8,0,0,1,383
020040204,110,130,10,19,2,0,0,2,273
020040205,32,171,8,18,1,1,0,0,231
020040206,95,71,26,22,43,0,0,0,257
020040207,78,192,4,35,3,1,0,1,314
020040208,32,104,7,28,11,2,0,5,189
020040209,55,113,10,27,3,0,0,1,209
020040210,76,157,9,61,9,2,0,2,316
020040301,74,230,16,16,3,1,0,2,342
020040302,91,176,13,9,5,0,0,3,297
020040303,66,140,9,2,2,0,0,2,221
020040304,41,192,21,38,1,1,0,4,298
020040305,87,218,22,20,1,0,0,13,361
020040306,92,171,16,10,5,0,0,2,296
020040307,54,134,11,20,2,0,0,8,229
020040308,88,153,13,11,8,0,0,2,275
020040309,39,116,12,11,1,0,0,4,183
020040310,76,193,9,10,4,0,0,1,293
020040311,68,219,7,11,2,0,0,0,307
020040312,108,192,12,25,3,0,0,1,341
020040313,29,115,8,40,4,1,0,0,197
020040401,83,130,7,13,3,0,0,0,236
020040402,125,121,43,5,0,0,0,1,295
020040403,148,134,30,6,1,0,0,1,320
020040404,141,149,17,16,6,0,0,1,330
020040405,127,200,18,18,2,0,0,1,366
020040406,85,172,12,9,1,0,0,7,286
020040407,129,167,9,8,1,0,0,15,329
020040408,87,178,6,8,6,0,0,3,288
020040409,74,160,11,34,3,0,0,3,285
020040410,60,172,1,39,1,0,0,0,273
020040411,86,222,12,13,3,0,0,8,344
020040501,156,175,24,9,1,0,0,4,369
020040502,91,150,3,13,3,0,0,0,260
020040503,149,175,0,4,1,0,0,2,331
020040504,84,167,11,15,2,0,0,0,279
020040505,78,117,0,7,0,0,0,1,203
020040506,186,145,5,10,1,0,0,2,349
020040507,103,130,10,8,0,0,0,0,251
020040508,60,111,15,52,7,0,0,2,247
020040509,150,233,20,210,10,1,0,10,634
020040510,64,231,14,76,11,0,0,1,397
020040511,94,160,14,63,5,0,1,3,340
020040601,145,225,48,12,0,0,0,1,431
020040602,82,219,13,3,1,0,0,2,320
020040603,73,152,15,39,6,0,0,0,285
020040604,66,190,43,19,1,0,0,1,320
020040605,103,151,4,17,0,0,0,0,275
020040606,112,238,0,1,0,0,0,24,375
020040607,77,151,20,57,1,0,0,4,310
020040608,55,193,28,35,2,0,0,4,317
020040609,96,161,10,5,0,0,0,2,274
020040610,84,118,3,9,0,0,0,1,215
020040611,71,173,0,0,2,0,0,0,246
020040701,94,146,35,24,3,1,0,1,304
020040702,127,157,0,5,0,0,0,1,290
020040703,115,144,4,29,9,0,0,1,302
020040704,325,469,8,3,1,0,0,8,814
020040705,113,138,24,16,2,0,0,4,297
020040706,90,142,22,24,4,0,0,5,287
020040707,139,174,1,0,0,0,0,0,314
020040708,118,139,11,16,0,0,0,2,286
020040709,47,200,7,11,0,0,1,7,273
020040710,51,221,2,1,3,0,0,9,287
020040711,108,74,10,18,1,0,0,1,212
020040712,96,156,7,8,0,0,0,5,272
020040801,96,198,3,4,0,0,0,3,304
020040802,84,207,6,12,0,0,0,2,311
020040803,49,176,2,12,1,0,0,0,240
020040804,96,158,11,23,0,0,0,5,293
020040805,112,154,0,1,0,0,0,1,268
020040806,134,104,8,22,2,0,0,4,274
020040807,222,489,8,72,1,0,0,45,837
020040808,27,57,2,10,0,0,0,1,97
020040809,89,201,8,46,4,0,0,2,350
020040810,64,100,10,58,4,0,1,1,238
020040811,76,147,9,43,3,1,0,2,281
020040901,94,218,29,111,5,1,0,5,463
020040902,47,139,7,52,6,0,0,3,254
020040903,44,84,10,38,6,0,0,4,186
020040904,25,107,4,33,5,1,0,1,176
020040905,69,108,6,6,0,0,0,0,189
020040906,221,58,0,0,0,0,0,0,279
020040907,229,34,0,0,0,0,0,0,263
020041001,2,12,0,9,0,0,0,0,23
020041002,73,358,1,188,11,3,2,25,661
020041003,35,240,0,206,9,5,1,11,507
020041004,11,32,1,79,0,1,0,0,124
020041005,90,175,3,231,6,4,3,7,519
020041006,45,85,1,153,15,0,0,7,306
020041007,23,94,0,138,8,4,1,5,273
020041008,63,274,3,133,10,2,0,7,492
020041009,60,224,4,300,19,1,1,15,624
020041101,85,173,4,24,4,1,0,2,293
020041102,43,193,29,51,8,0,0,3,327
020041103,78,155,11,35,2,0,0,1,282
020041104,65,167,14,2,1,0,0,1,250
020041105,24,139,17,3,1,0,0,1,185
020041106,58,226,15,20,1,0,0,0,320
020041107,60,147,7,93,14,1,0,6,328
020041108,60,182,20,47,1,0,0,3,313
020041109,32,49,11,172,4,0,1,0,269
020041201,66,115,3,34,2,2,0,7,229
020041202,58,130,14,10,2,0,0,2,216
020041203,48,243,1,9,1,0,0,0,302
020041204,103,226,9,31,2,0,0,0,371
020041205,60,139,0,29,3,0,0,0,231
020041206,59,93,58,19,4,0,0,16,249
020041207,43,67,1,37,3,0,0,6,157
020041208,63,119,1,1,0,0,0,0,184
020041209,130,175,1,1,2,0,0,3,312
020041210,102,147,0,32,1,0,0,2,284
020041211,129,131,0,0,0,0,0,0,260
020041212,84,125,6,7,1,0,0,0,223
020041301,217,134,1,4,1,0,0,0,357
020041302,89,149,1,1,0,0,0,0,240
020041303,87,158,4,4,0,0,0,0,253
020041304,114,111,1,0,0,0,0,0,226
020041305,243,138,0,5,4,0,0,1,391
020041306,143,52,1,7,1,0,0,0,204
020041307,128,251,0,0,0,0,0,21,400
020041308,60,113,1,0,0,0,0,0,174
020041309,89,79,0,1,0,0,0,1,170
020041310,72,107,21,1,1,0,0,0,202
020041311,135,303,3,5,2,0,0,0,448
020041401,153,112,0,2,0,0,0,5,272
020041402,65,180,1,3,1,0,0,9,259
020041403,78,181,1,15,0,0,0,2,277
020041404,175,317,1,2,0,0,0,0,495
020041405,175,125,2,0,0,0,0,0,302
020041406,107,91,10,0,0,0,0,0,208
020041407,119,139,7,21,1,0,0,2,289
020041408,202,193,1,12,1,0,0,1,410
020041409,119,134,0,3,1,0,0,5,262
020041501,118,127,12,2,0,0,0,0,259
020041502,411,200,4,5,0,0,0,4,624
020041503,79,368,6,1,1,0,0,28,483
020041504,133,134,16,4,0,0,0,10,297
020041505,71,127,11,9,0,0,0,1,219
020041506,85,137,7,10,1,0,0,0,240
020041507,178,84,9,3,0,0,0,0,274
020041508,68,184,5,11,0,0,0,2,270
020041509,107,130,8,7,1,0,0,1,254
020041510,108,78,1,0,1,0,0,0,188
020041601,157,99,0,3,0,0,0,0,259
020041602,519,397,0,9,2,0,0,2,929
020041603,336,102,0,0,0,0,0,0,438
020041604,108,81,4,32,0,0,0,42,267
020041605,145,240,4,13,0,0,0,10,412
020041606,58,151,3,36,0,0,0,0,248
020041607,65,65,2,20,3,0,0,1,156
020041608,97,97,4,12,2,1,0,6,219
020041609,203,209,5,6,0,0,0,8,431
020041610,100,142,5,30,0,0,0,3,280
020041701,114,106,0,1,0,0,0,0,221
020041702,181,46,0,11,0,0,0,2,240
020041703,102,73,4,25,6,0,1,6,217
020041704,139,157,0,0,0,0,0,0,296
020041705,250,78,0,0,0,0,0,0,328
020041706,134,145,0,0,0,0,0,1,280
020041707,197,48,0,8,2,0,0,0,255
020041708,86,169,0,88,2,2,0,11,358
020041709,233,104,0,0,0,0,0,0,337
020041710,80,151,3,40,0,0,0,6,280
020041801,5,4,0,7,0,0,0,29,45
020041901,50,167,5,16,3,0,13,1,255
020041902,113,114,1,10,1,0,0,20,259
020041903,82,195,0,33,1,0,0,12,323
020041904,150,118,4,81,11,1,2,8,375
020041905,118,131,0,30,2,0,1,4,286
020041906,134,111,0,86,8,2,0,22,363
020041907,43,102,0,97,1,0,0,44,287
020041908,56,170,1,181,19,2,0,30,459
020041909,88,80,1,97,46,8,1,18,339
020041910,56,162,0,26,1,0,3,15,263
020042001,62,162,4,48,31,2,0,15,324
020042002,47,198,0,9,1,0,0,2,257
020042003,73,112,0,69,4,1,1,21,281
020042004,61,58,1,82,7,0,0,12,221
020042005,44,93,0,56,6,1,0,11,211
020042006,65,118,2,85,27,0,1,7,305
020042007,107,122,6,33,4,0,0,18,290
020042008,72,89,3,65,1,6,4,3,243
020042009,118,74,8,71,4,0,0,18,293
020042010,68,153,0,100,10,0,1,32,364
020042011,134,114,17,42,7,1,0,8,323
020042012,222,239,1,0,0,0,0,9,471
020042101,55,90,5,72,1,1,2,19,245
020042102,42,39,1,133,21,3,3,21,263
020042103,67,69,1,57,0,0,9,4,207
020042104,19,50,0,157,3,0,4,16,249
020042105,104,67,0,62,2,1,0,2,238
020042106,125,88,2,32,3,0,1,19,270
020042107,45,173,16,38,3,0,0,0,275
020042108,85,55,1,120,6,1,7,19,294
020042109,62,22,0,95,6,0,7,61,253
020042110,18,42,17,86,10,0,38,23,234
020042111,54,83,1,116,5,0,4,18,281
020042112,96,53,0,33,2,2,3,1,190
020042201,158,91,6,1,0,0,0,1,257
020042202,88,166,26,14,1,0,0,2,297
020042203,227,124,0,1,0,0,0,0,352
020042204,341,151,0,3,0,0,0,0,495
020042205,45,172,23,36,4,0,0,4,284
020042206,128,124,3,0,0,0,0,0,255
020042207,106,274,9,4,3,0,0,6,402
020042208,57,209,17,78,2,0,0,0,363
020042209,136,87,8,21,5,0,0,2,259
020042210,105,108,5,8,0,0,0,3,229
020042211,45,218,14,11,1,0,0,1,290
020042212,61,136,3,18,0,0,0,0,218
020042301,63,159,4,38,3,0,0,5,272
020042302,98,123,13,38,7,0,0,9,288
020042303,83,139,0,35,0,0,0,1,258
020042304,91,117,5,47,3,1,0,1,265
020042305,59,148,5,13,1,0,0,1,227
020042306,159,110,2,13,4,0,0,16,304
020042307,53,145,1,32,0,0,0,2,233
020042308,77,156,9,40,5,0,0,1,288
020042309,26,93,0,19,5,0,2,5,150
020042310,63,107,11,64,8,1,0,5,259
020042311,127,62,1,12,4,0,0,0,206
020042312,39,112,0,76,3,0,0,2,232
020042401,35,101,2,254,13,4,0,6,415
020042402,64,124,1,316,23,3,0,7,538
020042403,40,96,1,218,9,2,2,5,373
020042404,40,107,3,349,17,2,1,15,534
020042405,52,100,1,236,7,0,1,9,406
020042406,25,57,0,270,15,5,0,5,377
020042501,34,439,0,175,23,4,4,9,688
020042502,64,453,5,79,3,3,6,11,624
020042503,126,524,4,370,46,6,0,17,1093
020042504,80,219,6,222,18,4,0,24,573
020042601,26,18,0,205,8,1,1,2,261
020042602,6,42,1,210,21,0,0,3,283
020042603,64,26,0,232,2,7,0,9,340
020050101,71,163,3,14,2,0,0,0,253
020050102,178,218,3,8,1,0,0,3,411
020050103,189,160,4,7,0,0,0,1,361
020050104,127,167,5,7,3,0,0,5,314
020050105,275,177,13,7,0,0,0,0,472
020050106,70,128,5,5,1,0,0,0,209
020050107,148,147,0,7,0,0,0,0,302
020050108,190,104,2,6,0,0,0,21,323
020050109,77,270,0,0,0,0,0,2,349
020050110,131,180,1,0,0,0,0,0,312
020050201,169,158,2,4,1,0,0,2,336
020050202,128,113,5,4,0,0,0,20,270
020050203,118,202,2,0,1,0,0,2,325
020050204,167,283,1,8,0,0,0,2,461
020050205,87,132,0,2,1,0,0,0,222
020050206,112,125,3,9,3,0,0,6,258
020050207,97,125,0,22,0,0,0,2,246
020050208,217,196,1,1,1,0,0,17,433
020050209,148,179,0,11,0,0,0,1,339
020050210,143,149,5,2,0,0,0,2,301
020050211,204,186,4,0,0,0,0,0,394
020050301,72,225,0,23,0,0,0,0,320
020050302,240,253,2,6,5,0,0,1,507
020050303,36,94,0,30,1,0,0,16,177
020050304,61,140,2,15,11,0,0,6,235
020050305,155,180,0,0,1,0,0,0,336
020050306,116,184,1,1,0,0,0,1,303
020050307,110,157,0,0,0,0,0,30,297
020050308,79,81,1,1,0,0,0,1,163
020050309,139,155,1,11,3,0,0,0,309
020050310,79,141,0,11,0,0,0,10,241
020050311,162,203,1,5,14,1,0,0,386
020050401,177,211,3,8,0,0,0,21,420
020050402,105,234,0,0,0,0,0,8,347
020050403,112,195,2,6,1,0,0,3,319
020050404,207,120,3,10,0,0,0,1,341
020050405,114,189,0,4,1,0,0,23,331
020050406,298,204,2,0,0,0,0,0,504
020050407,38,183,0,5,1,0,0,26,253
020050408,92,407,7,6,0,0,0,4,516
020050409,180,146,0,6,1,0,0,4,337
020050501,180,165,1,1,1,0,0,0,348
020050502,169,422,0,0,0,0,0,1,592
020050503,144,222,0,2,0,0,0,2,370
020050504,116,154,7,10,1,0,0,0,288
020050505,124,106,0,3,0,0,0,11,244
020050506,129,163,7,10,1,4,0,1,315
020050507,139,258,1,17,7,0,0,0,422
020050508,39,276,0,2,7,0,0,0,324
020050601,189,112,0,1,0,0,0,2,304
020050602,216,214,0,0,0,0,0,7,437
020050603,230,207,0,0,0,0,0,1,438
020050604,348,309,1,2,0,0,0,0,660
020050605,237,312,4,4,0,0,0,1,558
020050606,186,208,7,5,0,0,0,1,407
020050607,196,207,7,6,1,0,0,1,418
020050608,216,161,3,4,0,0,0,1,385
020050701,210,307,1,5,0,0,0,6,529
020050702,14,194,0,6,0,0,0,8,222
020050703,145,129,0,2,0,0,0,0,276
020050704,204,395,1,2,1,0,0,2,605
020050705,282,294,0,10,0,0,0,32,618
020050706,143,141,0,3,4,0,0,9,300
020050707,110,77,7,0,2,0,0,0,196
020050708,144,189,7,31,1,0,0,22,394
020050801,178,359,4,2,1,0,0,3,547
020050802,130,184,0,5,1,0,0,0,320
020050803,357,133,1,4,1,0,0,8,504
020050804,145,303,0,2,0,0,0,4,454
020050805,86,89,0,0,0,0,0,0,175
020050806,202,185,0,1,0,0,0,6,394
020050807,184,178,8,4,1,0,0,24,399
020050808,176,174,0,1,2,0,0,0,353
020050809,133,196,1,0,0,0,0,3,333
020050901,177,295,0,0,0,0,0,0,472
020050902,77,209,0,1,0,0,0,0,287
020050903,196,66,3,0,0,0,0,3,268
020050904,135,94,0,0,0,0,0,3,232
020050905,88,169,0,3,0,0,0,0,260
020050906,111,130,0,2,0,0,0,2,245
020050907,136,79,1,1,2,0,0,1,220
020050908,148,281,12,8,1,0,0,4,454
020050909,230,193,4,11,0,0,0,0,438
020050910,138,192,1,7,0,0,0,3,341
020051001,263,265,2,5,1,0,0,2,538
020051002,251,280,1,15,0,0,0,1,548
020051003,16,134,0,14,0,0,0,0,164
020051004,107,141,0,6,0,0,0,0,254
020051005,172,92,0,3,1,0,0,1,269
020051006,137,169,0,1,0,0,0,7,314
020051007,299,229,0,4,0,0,0,16,548
020051008,161,144,0,2,0,0,0,2,309
020051009,152,186,0,5,0,0,0,1,344
020051010,109,142,2,3,0,0,0,0,256
020051101,182,336,2,11,1,0,0,4,536
020051102,151,218,3,12,0,0,1,4,389
020051103,196,80,1,3,0,0,0,1,281
020051104,183,139,1,1,2,0,0,5,331
020051105,109,203,0,3,6,0,0,0,321
020051106,145,164,3,2,1,0,0,0,315
020051107,181,276,0,5,4,0,0,4,470
020051108,84,202,9,16,6,0,0,4,321
020051109,159,285,0,11,4,0,0,0,459
020051110,215,132,6,0,0,0,0,1,354
020051201,112,149,2,26,2,0,0,2,293
020051202,402,434,2,0,0,0,0,2,840
020051203,141,250,3,1,1,0,0,30,426
020051204,137,164,3,2,0,0,0,22,328
020051205,31,166,0,0,1,0,0,0,198
020051206,317,376,1,10,0,0,0,65,769
020051207,134,193,0,6,0,0,0,3,336
020051301,183,196,1,4,0,0,0,12,396
020051302,149,146,2,0,0,0,0,24,321
020051303,142,199,0,4,0,0,0,20,365
020051304,156,133,9,25,4,0,0,3,330
020051305,132,163,11,23,1,0,0,2,332
020051306,103,251,16,4,0,0,0,3,377
020051307,119,191,6,4,0,0,0,3,323
020051308,161,259,1,0,0,0,0,0,421
020051309,194,220,4,2,0,0,0,2,422
020051401,136,135,1,0,1,0,0,1,274
020051402,131,214,0,0,1,0,0,1,347
020051403,202,319,2,10,0,0,0,7,540
020051404,213,206,0,0,1,0,0,1,421
020051405,348,385,6,1,4,0,0,43,787
020051406,148,356,4,8,0,0,0,22,538
020051407,66,90,4,5,0,0,0,3,168
020051408,95,168,1,9,0,0,0,2,275
020051409,195,226,3,1,1,0,0,0,426
020051501,192,323,0,1,0,0,0,5,521
020051502,99,418,3,3,0,0,0,7,530
020051503,208,53,2,2,2,0,0,0,267
020051504,302,245,4,14,1,0,0,2,568
020051505,151,298,1,2,2,0,0,0,454
020051506,125,174,5,12,1,0,0,13,330
020051507,134,147,6,3,0,0,0,23,313
020051508,97,201,5,10,1,2,0,15,331
020051509,49,109,0,10,0,0,0,0,168
020051601,236,156,5,7,0,0,0,0,404
020051602,134,133,3,15,0,0,0,1,286
020051603,130,61,18,5,0,0,0,0,214
020051604,163,155,26,39,2,1,1,2,389
020051605,86,261,15,4,0,0,0,10,376
020051606,80,203,7,11,1,0,0,7,309
020051607,53,171,13,12,0,0,0,0,249
020051608,135,202,15,16,4,2,0,2,376
020051609,122,250,9,10,2,0,0,1,394
020051610,171,171,7,17,5,0,0,17,388
020051611,194,205,1,21,1,0,0,2,424
020051701,100,161,17,10,1,0,0,1,290
020051702,106,212,11,21,2,0,0,1,353
020051703,85,194,15,20,2,0,0,1,317
020051704,125,135,13,16,5,0,0,4,298
020051705,133,160,16,0,0,0,0,0,309
020051706,254,85,2,0,0,0,0,0,341
020051707,116,169,31,12,1,0,0,0,329
020051708,159,181,31,12,1,0,0,1,385
020051709,121,123,6,3,0,0,0,0,253
020051710,132,118,13,13,1,0,0,3,280
020051711,188,180,19,38,0,0,0,3,428
020051801,194,205,7,15,0,0,0,2,423
020051802,89,249,7,15,2,0,0,13,375
020051803,19,280,25,11,3,0,0,5,343
020051804,124,103,29,19,2,0,0,0,277
020051805,117,196,7,12,0,0,0,4,336
020051806,64,153,13,12,0,0,0,0,242
020051807,79,215,5,6,1,0,0,3,309
020051808,51,83,4,10,0,0,0,1,149
020051809,111,130,14,9,1,0,0,2,267
020051810,118,205,4,12,0,0,0,5,344
020051811,109,198,3,3,2,0,0,0,315
020051901,118,190,20,9,3,0,0,4,344
020051902,52,220,3,2,5,0,0,0,282
020051903,161,211,13,20,2,0,0,0,407
020051904,118,241,14,12,0,0,0,12,397
020051905,94,215,5,16,1,0,0,3,334
020051906,142,165,11,10,2,0,0,0,330
020051907,68,118,5,3,0,0,0,5,199
020051908,236,183,8,2,0,0,0,0,429
020051909,117,166,8,1,0,0,0,2,294
020051910,142,201,0,8,10,0,0,3,364
020051911,115,249,37,18,8,0,0,10,437
020052001,66,207,10,12,19,0,0,2,316
020052002,85,303,5,13,0,0,0,4,410
020052003,115,190,23,48,5,0,0,4,385
020052004,126,157,14,11,0,0,0,6,314
020052005,80,219,14,13,3,0,0,3,332
020052006,98,130,28,29,1,0,0,2,288
020052007,96,166,10,36,1,0,0,6,315
020052008,79,184,12,30,8,0,0,4,317
020052009,53,217,21,33,2,0,0,0,326
020052010,107,238,13,19,2,0,0,1,380
020052011,133,134,10,13,7,0,0,5,302
020052012,104,141,32,18,1,0,0,1,297
020052101,110,242,12,7,1,0,0,6,378
020052102,101,221,6,20,0,0,0,2,350
020052103,110,89,6,4,0,0,0,0,209
020052104,111,226,8,23,2,0,0,0,370
020052105,98,157,7,0,0,0,0,4,266
020052106,79,244,3,2,1,0,0,8,337
020052107,80,132,20,22,0,0,0,3,257
020052108,48,181,10,6,3,0,0,0,248
020052109,101,105,11,18,0,0,0,1,236
020052110,100,130,8,14,1,0,0,0,253
020052111,79,140,13,10,0,0,0,3,245
020052201,65,124,56,15,0,0,0,0,260
020052202,58,202,7,16,1,0,0,8,292
020052203,98,135,15,6,0,0,0,6,260
020052204,121,220,10,9,0,0,0,2,362
020052205,78,157,19,21,0,0,1,1,277
020052206,173,116,13,28,0,0,0,2,332
020052207,412,304,1,6,1,0,0,0,724
020052208,40,174,17,11,1,0,0,3,246
020052209,65,179,15,18,0,0,0,1,278
020052210,81,175,14,21,3,0,0,2,296
020052211,88,163,34,25,1,0,0,9,320
020052212,115,184,7,8,5,0,0,7,326
020052213,34,171,3,6,3,0,0,1,218
020060101,86,122,10,22,0,0,0,2,242
020060102,83,227,10,18,2,0,0,5,345
020060103,161,171,2,9,4,0,0,0,347
020060104,66,189,6,11,1,0,0,1,274
020060105,167,255,6,3,0,0,0,0,431
020060106,89,227,15,6,4,0,0,7,348
020060107,76,140,6,24,0,0,0,14,260
020060108,184,110,5,6,0,0,0,5,310
020060109,59,133,21,12,2,0,0,0,227
020060110,75,52,9,6,1,0,0,2,145
020060111,124,117,11,1,0,0,0,0,253
020060112,81,201,3,2,0,0,0,5,292
020060201,168,160,39,14,2,1,0,3,387
020060202,138,169,20,7,0,0,0,0,334
020060203,121,106,10,5,0,0,0,1,243
020060204,88,144,13,2,0,0,0,0,247
020060205,66,141,10,8,0,0,0,1,226
020060206,143,194,3,1,0,0,0,1,342
020060207,97,245,1,3,0,0,0,0,346
020060208,88,220,39,16,3,0,0,2,368
020060209,45,157,19,12,0,0,0,19,252
020060210,100,195,23,13,2,0,0,1,334
020060211,166,284,29,15,6,0,1,7,508
020060301,119,205,28,14,0,0,0,1,367
020060302,95,156,24,23,4,0,0,1,303
020060303,136,180,12,18,0,0,0,3,349
020060304,118,113,8,4,0,0,0,0,243
020060305,48,200,4,4,0,0,0,4,260
020060306,100,231,15,8,0,0,0,2,356
020060307,121,236,8,4,0,0,0,1,370
020060308,125,173,2,4,1,0,0,0,305
020060309,200,214,6,17,0,0,1,13,451
020060310,146,234,4,6,0,0,0,3,393
020060401,47,143,9,7,0,0,0,2,208
020060402,55,130,18,19,3,0,0,2,227
020060403,103,207,11,10,0,0,0,8,339
020060404,113,173,24,7,1,0,0,1,319
020060405,69,191,18,7,2,0,0,1,288
020060406,108,189,16,8,0,0,0,1,322
020060407,54,160,14,10,4,0,0,0,242
020060408,74,239,28,19,1,0,0,9,370
020060409,110,155,35,19,0,0,0,3,322
020060410,172,138,13,13,1,0,0,2,339
020060411,153,170,2,2,0,1,0,17,345
020060501,117,253,2,0,9,0,0,2,383
020060502,172,275,3,2,0,0,0,1,453
020060503,107,252,11,1,0,0,0,1,372
020060504,93,188,4,5,1,0,0,2,293
020060505,116,248,13,11,0,1,0,3,392
020060506,198,94,10,2,0,0,0,0,304
020060507,158,150,5,1,0,0,0,20,334
020060508,86,112,4,1,0,0,0,2,205
020060509,88,140,5,2,1,0,0,1,237
020060510,156,224,1,5,0,0,0,21,407
020060511,160,255,0,1,0,0,0,0,416
020060512,78,76,0,3,1,0,0,1,159
020060601,279,235,0,0,0,0,0,32,546
020060602,355,403,0,0,1,0,0,33,792
020060603,240,269,0,0,0,0,0,0,509
020060604,157,69,0,0,0,0,0,0,226
020060605,91,110,0,0,0,0,0,0,201
020060606,251,74,1,3,0,0,0,4,333
020060607,100,243,2,2,0,0,0,3,350
020060608,157,239,2,4,2,0,0,4,408
020060609,177,176,2,1,0,0,0,0,356
020060701,99,178,0,2,0,0,0,1,280
020060702,147,194,2,0,0,0,0,0,343
020060703,167,105,2,4,0,0,0,0,278
020060704,233,119,8,8,0,0,0,4,372
020060705,102,236,5,7,0,0,0,9,359
020060706,172,69,9,10,0,0,0,0,260
020060707,102,284,8,3,0,0,0,2,399
020060708,171,122,4,3,1,0,0,6,307
020060709,70,203,6,2,0,0,0,39,320
020060710,97,211,10,7,0,0,0,1,326
020060711,125,163,2,2,1,0,0,0,293
020060712,131,144,3,7,1,0,0,0,286
020060713,67,163,4,2,0,0,0,0,236
020060801,84,211,11,19,3,0,0,27,355
020060802,190,244,12,7,0,0,0,4,457
020060803,150,107,1,2,0,0,0,0,260
020060804,209,81,9,1,0,0,0,0,300
020060805,70,170,0,10,0,0,0,1,251
020060806,372,159,2,0,0,0,0,0,533
020060807,143,142,4,29,0,0,0,1,319
020060808,182,307,8,6,0,0,0,6,509
020060809,80,182,2,1,0,0,0,1,266
020060810,223,110,1,0,0,0,0,0,334
020060901,153,144,0,0,0,0,0,0,297
020060902,130,130,0,0,0,0,0,0,260
020060903,181,109,2,0,0,0,0,1,293
020060904,242,187,0,0,0,0,0,1,430
020060905,80,89,0,1,0,0,0,0,170
020060906,117,258,0,0,0,0,0,6,381
020060907,180,69,0,0,0,0,0,0,249
020060908,64,131,1,0,0,0,0,0,196
020060909,161,196,1,0,0,0,0,4,362
020060910,170,151,0,0,1,0,0,2,324
020061001,107,189,5,1,0,0,0,1,303
020061002,161,127,0,0,0,0,0,0,288
020061003,187,193,2,1,0,0,0,0,383
020061004,169,151,0,5,7,0,0,5,337
020061005,166,289,0,0,0,0,0,6,461
020061006,251,191,0,0,0,0,0,13,455
020061007,153,181,0,0,1,0,0,0,335
020061008,340,226,0,1,0,0,0,1,568
020061009,139,107,0,0,0,0,0,0,246
020061010,307,155,0,0,0,0,0,1,463
020061101,168,225,32,3,1,0,0,0,429
020061102,57,168,12,5,0,0,0,0,242
020061103,141,206,17,2,1,0,0,1,368
020061104,149,189,5,0,0,0,0,0,343
020061105,96,143,8,2,0,0,0,0,249
020061106,50,250,5,4,0,0,0,0,309
020061107,167,181,2,4,0,0,0,3,357
020061108,98,267,0,1,1,0,0,2,369
020061109,105,173,5,5,0,0,0,0,288
020061110,126,108,1,0,0,0,0,5,240
020061201,96,150,1,0,2,0,0,7,256
020061202,121,93,5,7,2,0,0,0,228
020061203,162,112,4,4,4,0,0,2,288
020061204,39,152,2,0,0,0,0,0,193
020061205,139,244,0,0,0,0,0,1,384
020061206,111,131,0,0,0,0,0,1,243
020061207,210,138,0,1,0,0,0,0,349
020061208,88,210,4,1,0,0,0,0,303
020061209,125,221,0,3,0,0,0,13,362
020061210,112,123,0,1,0,0,0,0,236
020061211,138,232,1,1,0,0,0,0,372
020061212,30,176,1,1,0,0,0,0,208
020061301,102,204,1,0,0,0,0,0,307
020061302,301,280,0,1,0,0,0,4,586
020061303,167,134,1,0,0,0,0,0,302
020061304,195,280,2,3,2,0,0,15,497
020061305,149,203,8,1,0,0,0,0,361
020061306,104,161,0,0,0,0,0,2,267
020061307,110,241,6,2,1,0,0,9,369
020061308,221,224,10,6,10,1,0,25,497
020061309,173,247,1,0,0,0,0,5,426
020061401,265,116,0,0,0,0,0,1,382
020061402,80,147,4,2,0,0,0,17,250
020061403,179,179,20,2,0,0,0,4,384
020061404,251,275,2,1,0,0,0,2,531
020061405,271,129,5,1,0,0,0,1,407
020061406,174,287,19,4,0,0,0,0,484
020061407,100,135,2,0,0,0,0,0,237
020061408,77,138,2,1,0,0,0,0,218
020061409,73,218,4,12,2,0,0,0,309
020061410,176,185,8,15,2,0,0,6,392
020061501,115,166,1,2,0,0,0,0,284
020061502,328,421,1,6,0,0,0,14,770
020061503,125,232,0,0,0,0,0,1,358
020061504,82,184,3,0,0,0,0,1,270
020061505,162,155,1,1,0,0,0,1,320
020061506,107,167,9,0,0,0,0,0,283
020061507,106,223,5,0,0,0,0,1,335
020061508,320,102,2,0,0,0,0,21,445
020061509,130,88,5,0,0,0,0,4,227
020061510,151,139,6,8,1,0,0,0,305
020061601,181,100,2,0,0,0,0,0,283
020061602,108,170,6,0,0,0,0,0,284
020061603,205,182,1,2,2,0,0,1,393
020061604,103,188,8,2,0,0,0,9,310
020061605,131,231,7,13,1,0,0,10,393
020061606,167,204,1,7,0,0,0,36,415
020061607,133,208,16,3,1,0,0,27,388
020061608,284,264,3,4,0,0,0,5,560
020061609,193,213,3,8,0,0,0,1,418
020061610,248,227,7,14,1,1,0,1,499
020061611,167,201,9,6,1,0,0,6,390
020061701,198,215,0,2,1,0,0,0,416
020061702,223,192,0,0,0,0,0,4,419
020061703,209,100,0,0,0,0,0,0,309
020061704,217,141,1,1,0,0,0,0,360
020061705,466,356,1,15,0,0,0,1,839
020061706,327,178,0,1,0,0,0,1,507
020061707,91,183,0,0,2,1,0,0,277
020061801,122,121,0,0,0,0,0,20,263
020061802,110,122,0,0,0,0,0,24,256
020061803,78,223,0,1,0,0,0,11,313
020061804,126,182,0,1,0,0,0,0,309
020061805,220,164,4,0,2,0,0,0,390
020061806,99,354,0,0,0,0,0,1,454
020061807,271,253,2,0,0,0,0,0,526
020061808,234,269,0,1,1,0,0,7,512
020061809,186,207,0,0,0,0,0,2,395
020061901,222,158,0,2,0,0,0,3,385
020061902,191,442,0,2,3,0,0,3,641
020061903,409,184,2,1,0,0,0,7,603
020061904,243,207,2,0,0,0,0,1,453
020061905,106,185,12,0,0,0,0,2,305
020061906,174,252,2,2,0,0,0,9,439
020061907,237,196,1,0,1,0,0,9,444
020061908,286,139,0,0,3,0,0,3,431
020062001,134,76,3,0,0,0,0,1,214
020062002,151,105,2,0,0,0,0,0,258
020062003,224,214,6,0,2,0,0,1,447
020062004,151,104,0,0,1,0,0,0,256
020062005,137,246,1,0,0,0,0,0,384
020062006,128,249,0,0,0,0,0,3,380
020062007,156,88,9,1,0,0,0,0,254
020062008,279,201,1,1,1,0,0,0,483
020062009,181,128,2,0,1,0,0,5,317
020062010,93,277,7,4,1,0,0,3,385
020062101,152,127,5,9,0,0,0,0,293
020062102,190,256,4,1,0,0,0,1,452
020062103,218,216,11,4,0,0,0,5,454
020062104,115,123,10,13,0,0,0,1,262
020062105,96,232,1,0,0,0,0,1,330
020062106,63,134,4,2,1,0,0,27,231
020062107,165,174,14,19,4,0,0,2,378
020062108,200,228,23,11,1,0,0,2,465
020062109,89,186,16,2,1,0,0,0,294
020062110,193,154,18,3,0,0,0,0,368
020062111,169,170,12,8,0,0,0,28,387
020070101,96,100,18,7,0,0,0,2,223
020070102,104,169,9,14,8,0,0,2,306
020070103,146,145,0,11,1,0,0,13,316
020070104,146,82,9,14,1,0,0,3,255
020070105,99,61,7,2,1,0,0,2,172
020070106,123,131,1,11,1,0,0,2,269
020070107,106,75,0,4,0,0,0,0,185
020070108,123,194,0,1,0,0,0,1,319
020070109,79,171,23,12,1,1,0,4,291
020070110,150,243,2,17,6,0,0,1,419
020070201,107,149,17,11,1,0,0,4,289
020070202,130,194,31,13,0,0,0,2,370
020070203,163,101,15,18,2,0,0,4,303
020070204,168,363,71,50,4,0,2,2,660
020070205,186,144,7,16,0,0,0,5,358
020070206,198,169,5,6,1,0,0,17,396
020070207,71,143,14,16,1,0,0,0,245
020070208,164,100,13,16,0,0,0,3,296
020070209,124,209,27,33,0,0,0,1,394
020070301,92,192,5,9,0,0,0,3,301
020070302,188,159,13,16,5,0,0,0,381
020070303,335,120,14,6,0,0,0,2,477
020070304,159,191,29,13,3,0,0,0,395
020070305,72,195,32,8,0,0,0,2,309
020070306,101,182,25,21,3,0,0,6,338
020070307,157,240,26,17,1,1,0,6,448
020070308,100,192,6,8,0,0,0,1,307
020070309,66,149,18,10,0,0,0,30,273
020070310,227,185,9,4,0,0,0,0,425
020070401,231,295,6,2,0,0,0,0,534
020070402,300,31,0,0,0,0,0,3,334
020070403,175,244,8,4,0,0,3,16,450
020070404,291,258,3,7,0,0,0,1,560
020070405,223,158,11,0,5,0,0,0,397
020070406,294,123,11,7,1,0,0,0,436
020070407,267,180,13,9,3,0,0,0,472
020070408,270,107,8,8,0,0,0,3,396
020070409,61,148,9,2,0,0,0,3,223
020070410,152,201,10,0,0,0,0,2,365
020070501,150,163,0,0,0,0,0,28,341
020070502,64,177,1,1,0,0,0,0,243
020070503,146,158,10,2,0,0,0,12,328
020070504,319,133,0,1,1,0,0,3,457
020070505,170,268,8,10,2,0,0,4,462
020070506,100,156,11,2,0,0,0,0,269
020070507,146,106,3,10,1,0,0,3,269
020070508,173,164,2,5,1,0,0,0,345
020070509,271,155,10,3,4,0,0,17,460
020070601,162,200,3,5,0,0,0,2,372
020070602,231,64,3,1,0,0,0,0,299
020070603,110,109,0,1,0,0,0,23,243
020070604,121,176,1,1,2,0,0,4,305
020070605,202,178,0,9,8,0,0,17,414
020070606,198,178,0,15,0,0,0,3,394
020070607,54,274,47,0,0,0,0,4,379
020070608,93,90,1,0,0,0,0,1,185
020070609,94,195,0,0,0,0,0,0,289
020070701,111,130,0,2,0,0,0,2,245
020070702,121,72,1,1,0,0,0,9,204
020070703,407,2,0,0,0,0,0,0,409
020070704,140,124,0,1,0,0,0,1,266
020070705,119,162,3,3,0,0,0,0,287
020070706,125,231,2,4,1,0,0,2,365
020070707,115,104,5,16,3,0,0,5,248
020070708,74,142,1,1,1,0,0,1,220
020070709,272,129,1,4,0,0,0,4,410
020070710,287,68,0,0,0,0,0,0,355
020070711,137,144,1,0,0,0,0,0,282
020070801,155,171,0,0,0,0,0,0,326
020070802,103,231,1,18,1,0,0,2,356
020070803,77,167,2,0,0,0,0,1,247
020070804,96,233,6,6,0,0,0,17,358
020070805,134,208,26,19,1,0,0,4,392
020070806,108,222,10,1,0,0,0,32,373
020070807,148,145,11,11,2,0,0,2,319
020070808,77,275,4,10,0,0,0,2,368
020070901,81,175,0,3,0,0,0,0,259
020070902,58,205,3,5,0,0,0,5,276
020070903,70,152,2,2,0,0,0,0,226
020070904,124,272,4,12,2,0,0,1,415
020070905,48,142,4,2,0,0,0,1,197
020070906,218,133,1,2,1,0,0,1,356
020070907,131,193,2,3,0,0,0,0,329
020070908,94,291,0,3,0,0,0,9,397
020070909,67,191,1,19,0,0,0,20,298
020070910,143,162,1,1,0,0,0,0,307
020070911,133,116,1,12,0,0,0,1,263
020071001,106,188,0,0,0,0,0,9,303
020071002,61,114,2,1,0,0,0,7,185
020071003,65,181,2,0,0,0,0,6,254
020071004,60,228,7,0,0,0,0,0,295
020071005,88,145,5,2,0,0,0,0,240
020071006,140,195,2,2,0,0,0,12,351
020071007,162,154,0,5,0,0,0,18,339
020071008,175,246,0,1,0,0,0,6,428
020071009,131,160,4,0,1,0,0,11,307
020071010,118,198,5,3,0,0,0,8,332
020071101,141,162,1,0,0,0,0,11,315
020071102,50,349,0,0,0,0,0,3,402
020071103,173,194,0,0,0,0,0,0,367
020071104,137,236,2,0,0,0,0,5,380
020071105,75,138,2,0,1,0,0,13,229
020071106,84,181,0,1,0,0,0,1,267
020071107,304,191,0,0,0,0,0,1,496
020071108,162,267,2,3,1,0,0,17,452
020071109,159,200,2,2,1,0,1,1,366
020071110,82,165,1,1,0,0,0,0,249
020071201,169,217,14,11,0,0,0,11,422
020071202,62,134,12,6,1,0,0,1,216
020071203,114,126,22,12,2,0,0,2,278
020071204,127,185,0,0,0,0,0,7,319
020071205,135,157,2,0,0,0,0,3,297
020071206,81,207,8,6,0,0,0,0,302
020071207,88,113,15,2,0,0,0,0,218
020071208,100,96,2,10,4,0,0,1,213
020071209,80,185,14,9,1,0,0,1,290
020071301,108,190,5,13,1,0,0,3,320
020071302,155,122,6,9,1,0,0,1,294
020071303,167,217,15,5,1,0,0,10,415
020071304,109,105,1,0,0,0,0,1,216
020071305,80,233,12,3,1,0,0,0,329
020071306,64,146,4,48,2,0,0,1,265
020071307,44,137,8,13,0,0,0,0,202
020071308,57,108,9,16,2,0,0,2,194
020071309,44,81,14,27,0,0,0,0,166
020071310,98,67,11,11,2,0,0,4,193
020071311,80,106,16,49,1,0,0,1,253
020071312,93,82,7,37,1,0,0,2,222
020071313,81,57,2,52,1,1,0,2,196
020071314,57,135,16,7,1,1,0,3,220
020071315,77,98,6,3,1,0,0,0,185
020071401,119,139,33,19,2,0,0,1,313
020071402,118,144,27,5,2,0,0,2,298
020071403,92,106,36,20,2,0,0,1,257
020071404,89,129,28,11,0,0,0,1,258
020071405,107,117,45,24,2,0,0,0,295
020071406,88,217,49,23,1,0,0,1,379
020071407,87,125,45,14,1,0,0,0,272
020071408,81,147,45,24,3,0,0,0,300
020071409,70,198,10,11,0,0,0,0,289
020071410,52,123,36,19,3,0,0,0,233
020071411,69,160,52,32,7,1,0,2,323
020071412,88,205,23,20,1,0,0,2,339
020071413,76,142,15,16,2,0,0,0,251
020071501,41,111,16,51,4,0,0,2,225
020071502,106,181,22,48,2,0,0,1,360
020071503,143,139,20,8,3,0,0,3,316
020071504,106,98,8,16,2,0,0,2,232
020071505,80,123,13,12,5,0,0,0,233
020071506,220,112,0,0,0,0,1,1,334
020071507,164,108,0,0,0,0,0,13,285
020071508,211,79,0,0,0,0,0,3,293
020071509,201,172,0,24,0,0,0,0,397
020071510,78,176,26,37,7,1,1,1,327
020071511,94,217,12,39,4,0,0,1,367
020071601,76,114,5,48,4,0,0,1,248
020071602,65,141,5,36,2,0,0,4,253
020071603,62,106,10,85,1,0,0,0,264
020071604,99,108,19,11,2,0,0,2,241
020071605,121,127,16,7,0,0,0,3,274
020071606,87,184,16,48,12,0,1,4,352
020071607,115,139,29,20,1,0,0,16,320
020071608,147,150,9,31,14,0,0,1,352
020071609,64,214,12,34,2,0,1,8,335
020071701,54,197,8,128,26,3,1,22,439
020071702,88,319,3,61,8,1,4,16,500
020071703,110,253,0,33,8,1,2,9,416
020071704,171,263,1,43,7,0,3,21,509
020071705,45,146,1,63,1,2,4,6,268
020071706,85,160,2,113,8,0,1,6,375
020071707,176,398,2,134,31,3,6,14,764
020071708,70,211,0,44,5,0,0,8,338
020071709,125,395,2,72,4,8,0,12,618
020071710,156,246,1,47,9,0,0,41,500
020071711,23,135,0,24,2,2,0,4,190
020071801,56,248,0,77,8,0,0,6,395
020071802,29,67,0,24,1,0,0,3,124
020071803,47,132,0,93,8,0,4,4,288
020071804,50,75,1,101,6,0,1,20,254
020071805,21,166,3,89,13,0,0,0,292
020071806,38,288,4,134,9,0,0,12,485
020071807,4,18,30,78,156,0,0,0,286
020071808,3,63,4,33,141,0,0,2,246
020071809,75,170,1,92,17,4,3,15,377
020071810,35,236,0,135,5,0,0,3,414
020071811,41,145,1,169,13,1,1,32,403
020071901,47,169,9,30,9,0,0,10,274
020071902,90,368,7,32,5,0,2,3,507
020071903,90,202,4,40,8,0,4,15,363
020071904,106,295,10,37,2,1,0,4,455
020071905,103,230,12,32,4,1,4,6,392
020071906,51,211,6,153,13,0,0,6,440
020072001,92,241,31,14,1,0,0,1,380
020072002,35,128,18,6,2,0,0,3,192
020072003,36,195,18,8,1,0,0,1,259
020072004,55,102,13,14,5,0,0,1,190
020072005,82,170,12,9,5,0,0,0,278
020072006,92,143,33,2,3,0,0,10,283
020072007,82,156,20,19,2,0,0,0,279
020072008,188,220,10,17,5,0,0,1,441
020072009,95,160,16,27,2,0,0,2,302
020072010,91,235,15,22,2,0,0,3,368
020072011,102,220,25,15,1,0,0,0,363
020072012,46,144,10,18,5,0,0,0,223
020072013,304,242,2,1,0,0,0,26,575
020072101,192,193,28,9,2,0,0,0,424
020072102,136,311,12,4,0,0,0,3,466
020072103,168,240,0,2,2,0,0,21,433
020072104,132,105,3,0,0,0,0,0,240
020072105,121,109,12,6,1,0,0,1,250
020072106,169,240,10,4,0,0,0,0,423
020072107,94,196,9,3,0,0,0,1,303
020072108,62,111,1,0,0,0,0,1,175
020072109,66,232,7,0,0,0,0,2,307
020072110,92,277,6,0,0,0,0,1,376
020072111,181,142,9,5,1,0,0,1,339
020072112,76,185,31,10,8,0,0,3,313
020072201,171,121,2,2,0,0,0,1,297
020072202,69,267,17,10,0,0,0,2,365
020072203,135,188,14,20,1,0,0,3,361
020072204,64,258,5,34,6,0,0,11,378
020072205,124,229,11,11,1,0,0,10,386
020072206,110,223,18,11,0,0,0,3,365
020072207,64,140,7,9,0,0,0,1,221
020072208,19,186,1,4,1,0,0,24,235
020072209,31,74,113,4,0,0,0,2,224
020072210,89,115,43,14,3,0,0,4,268
020072211,105,148,16,14,2,0,0,1,286
020072212,68,181,4,2,0,0,0,1,256
020072213,105,161,6,15,0,0,0,2,289
020072301,100,174,15,11,1,0,0,2,303
020072302,98,276,4,7,0,0,0,3,388
020072303,96,169,11,6,0,0,0,36,318
020072304,64,199,2,7,0,0,0,0,272
020072305,56,223,4,3,1,0,0,3,290
020072306,92,151,15,15,1,0,0,2,276
020072307,152,140,14,7,0,0,0,0,313
020072308,130,155,22,12,2,0,0,1,322
020072309,59,209,13,4,1,0,0,3,289
020072401,107,223,6,7,1,0,0,1,345
020072402,92,186,23,15,2,0,0,0,318
020072403,90,220,32,25,3,0,0,14,384
020072404,150,170,34,14,1,1,0,9,379
020072405,92,192,31,24,4,0,0,1,344
020072406,126,196,26,22,1,0,0,0,371
020072407,87,149,30,20,3,0,0,0,289
020072408,100,187,24,17,0,0,0,3,331
020072409,73,221,32,10,2,1,0,2,341
020072410,91,197,10,14,5,0,0,6,323
020072411,73,234,25,31,4,0,0,4,371
020080101,33,191,1,95,9,0,0,2,331
020080102,64,348,10,82,4,0,0,9,517
020080103,16,179,0,147,5,0,0,4,351
020080104,24,179,1,256,15,1,0,6,482
020080105,21,121,0,294,8,0,0,5,449
020080106,48,309,1,242,11,3,2,11,627
020080107,21,153,0,252,34,0,0,0,460
020080108,52,242,8,63,6,0,0,3,374
020080109,134,476,8,151,24,2,3,12,810
020080110,39,198,3,185,6,0,0,9,440
020080111,14,71,2,82,8,1,0,4,182
020080112,65,600,2,311,19,0,2,20,1019
020080201,193,124,2,9,2,0,0,57,387
020080202,108,54,3,3,0,0,0,0,168
020080203,48,92,0,2,0,0,0,19,161
020080204,71,168,0,3,0,0,0,7,249
020080205,119,43,0,11,0,0,0,1,174
020080206,84,113,0,1,0,0,0,51,249
020080207,251,148,0,3,0,0,0,2,404
020080208,177,121,0,4,3,0,0,2,307
020080209,116,125,16,12,1,0,0,1,271
020080210,76,98,7,2,1,0,0,4,188
020080301,73,210,17,22,10,0,0,2,334
020080302,51,166,27,9,3,0,0,0,256
020080303,47,91,24,20,4,0,0,1,187
020080304,73,115,28,26,4,0,0,4,250
020080305,44,121,41,19,7,0,0,6,238
020080306,69,52,13,10,0,0,0,0,144
020080307,63,123,32,25,1,0,0,1,245
020080308,39,179,2,297,14,3,2,11,547
020080309,49,310,2,185,6,2,0,15,569
020080310,27,268,0,174,6,1,0,2,478
020080401,89,166,12,17,3,0,0,0,287
020080402,59,130,10,11,4,0,0,0,214
020080403,58,135,12,11,3,0,0,1,220
020080404,83,123,3,14,1,0,0,0,224
020080405,77,194,36,20,3,1,0,1,332
020080406,91,212,19,21,1,0,0,6,350
020080407,82,140,21,25,6,1,0,3,278
020080408,58,177,19,21,3,0,0,0,278
020080409,23,109,117,9,0,0,0,0,258
020080410,75,173,31,18,1,0,0,8,306
020080411,37,144,50,18,3,0,0,0,252
020080501,66,186,11,12,1,0,0,1,277
020080502,56,160,23,19,0,0,0,5,263
020080503,79,130,24,32,4,0,0,1,270
020080504,63,180,18,25,2,0,0,3,291
020080505,48,114,21,10,2,0,0,6,201
020080506,107,135,17,19,1,0,0,3,282
020080507,66,213,25,16,7,0,0,9,336
020080508,113,125,0,0,0,0,0,16,254
020080509,111,187,0,0,0,0,0,0,298
020080510,255,156,0,0,0,0,0,0,411
020080511,148,171,0,0,0,0,0,0,319
020080601,163,135,0,0,0,0,0,4,302
020080602,220,176,0,0,0,0,0,1,397
020080603,278,99,0,0,0,0,0,25,402
020080604,81,120,7,19,3,0,0,3,233
020080605,90,167,11,47,5,0,0,0,320
020080606,75,140,24,66,10,0,0,5,320
020080607,53,95,14,35,4,0,0,7,208
020080608,67,113,45,9,7,0,0,0,241
020080609,83,141,35,21,4,0,0,0,284
020080610,68,102,6,33,3,1,0,6,219
020080611,26,116,16,31,5,0,0,9,203
020080701,50,190,7,102,6,0,0,4,359
020080702,57,255,3,115,29,0,3,16,478
020080703,18,277,3,178,10,0,1,6,493
020080704,31,186,2,204,12,0,1,10,446
020080705,73,262,1,186,11,1,0,9,543
020080706,14,208,0,161,8,0,0,4,395
020080707,40,436,2,151,11,0,3,18,661
020080708,13,212,3,213,8,1,3,4,457
020080709,37,492,0,263,8,0,0,14,814
020080710,17,154,0,109,4,1,0,0,285
020080711,22,241,5,115,7,0,0,21,411
020080712,23,140,6,213,12,0,0,1,395
020080713,14,307,4,56,5,0,0,5,391
020080714,25,341,2,186,10,3,1,6,574
020080801,38,179,33,28,1,0,0,2,281
020080802,114,135,40,16,4,0,0,0,309
020080803,83,107,31,11,0,0,0,3,235
020080804,67,182,24,22,3,1,0,1,300
020080805,70,144,13,11,2,0,0,0,240
020080806,123,144,27,19,7,0,0,1,321
020080807,86,166,44,9,3,0,0,0,308
020080808,61,95,41,8,0,0,0,1,206
020080809,53,128,32,16,3,0,0,0,232
020080810,71,162,32,21,2,1,0,0,289
020080811,167,151,1,0,0,0,0,19,338
020080901,72,124,35,37,3,0,0,0,271
020080902,95,132,38,21,11,0,0,1,298
020080903,85,206,32,23,3,0,0,3,352
020080904,81,91,6,8,0,0,0,0,186
020080905,165,170,19,25,4,0,0,2,385
020080906,143,151,0,0,0,0,0,0,294
020080907,63,141,40,13,1,0,0,2,260
020080908,51,158,30,18,0,0,0,1,258
020080909,92,139,48,28,6,1,0,1,315
020081001,121,102,44,10,1,0,0,0,278
020081002,95,97,36,8,1,0,0,0,237
020081003,105,275,0,0,0,0,0,0,380
020081004,295,388,0,0,0,0,0,36,719
020081005,578,259,0,0,0,0,0,5,842
020081006,375,179,1,0,0,0,0,24,579
020081007,347,181,0,1,1,0,0,13,543
020081008,70,141,22,74,2,0,0,11,320
020081101,374,509,0,0,3,0,0,24,910
020081102,172,510,1,0,1,0,0,34,718
020081103,499,554,2,0,0,0,0,2,1057
020081104,256,381,0,0,0,0,0,6,643
020081105,205,236,1,0,0,0,0,7,449
020081201,82,143,56,17,2,1,0,5,306
020081202,100,185,47,12,7,0,0,5,356
020081203,93,163,39,29,1,0,1,5,331
020081204,63,171,17,47,2,1,0,1,302
020081205,122,162,42,14,1,0,0,0,341
020081206,74,112,39,14,6,0,0,4,249
020081207,76,167,25,9,1,0,0,0,278
020081301,2,9,0,2,1,0,1,5,20
020081302,60,32,1,22,3,0,0,0,118
020081303,78,178,17,29,7,0,0,2,311
020081304,63,206,18,44,2,0,0,0,333
020081305,95,163,18,33,6,0,0,0,315
020081306,55,111,12,40,3,0,0,0,221
020081307,63,127,22,33,6,1,0,1,253
020081308,48,183,13,46,6,1,0,0,297
020081401,18,300,67,75,0,0,1,3,464
020081402,21,263,50,39,0,1,0,8,382
020081403,58,375,48,24,9,0,0,4,518
020081404,102,284,12,302,23,47,2,21,793
020081405,52,245,15,67,5,0,0,1,385
020081406,88,120,18,19,4,0,0,1,250
020081407,65,153,23,45,6,0,0,5,297
020081408,75,130,19,26,6,1,0,2,259
020081409,58,203,11,52,4,0,0,8,336
020081410,57,193,6,49,4,0,1,3,313
020081501,65,366,4,340,36,21,1,19,852
020081502,48,330,0,240,14,0,0,23,655
020081503,35,283,2,324,5,0,0,18,667
020081504,21,87,0,116,5,1,0,1,231
020081505,62,305,3,455,15,3,2,32,877
020081506,10,93,2,97,6,2,0,23,233
020081507,22,94,0,137,1,1,0,4,259
020081508,21,139,2,178,13,1,0,4,358
020081509,104,261,7,135,8,2,0,2,519
020081510,102,199,16,56,8,0,0,8,389
020081601,163,122,2,0,0,0,0,12,299
020081602,145,38,0,0,0,0,0,0,183
020081603,201,87,0,0,0,0,0,1,289
020081604,134,131,0,0,0,0,0,1,266
020081605,249,41,0,0,0,0,0,4,294
020081606,187,80,0,0,0,0,0,0,267
020081607,172,104,0,0,0,0,0,0,276
020081608,144,92,0,0,0,0,0,0,236
020081609,232,48,0,0,0,0,0,0,280
020081610,204,73,0,2,0,0,0,0,279
020081701,82,101,4,0,0,0,0,36,223
020081702,162,58,0,0,0,0,0,1,221
020081703,227,79,0,0,0,0,0,21,327
020081704,183,107,0,0,0,0,0,0,290
020081705,20,152,0,0,0,0,0,1,173
020090101,198,8,0,0,0,0,0,0,206
020090102,148,35,0,0,0,0,0,1,184
020090103,85,140,11,22,2,0,0,1,261
020090104,80,150,19,18,1,0,0,1,269
020090105,144,140,3,5,2,0,0,0,294
020090106,60,188,28,13,1,0,0,1,291
020090107,85,143,14,11,0,0,0,4,257
020090108,74,177,16,9,2,0,0,0,278
020090109,48,294,0,0,0,0,0,2,344
020090201,117,213,10,6,1,0,0,2,349
020090202,96,156,26,19,1,1,0,2,301
020090203,176,127,19,2,1,0,0,5,330
020090204,143,214,14,9,0,0,0,34,414
020090205,189,157,44,37,1,0,0,0,428
020090206,68,133,25,26,1,0,0,2,255
020090207,104,145,30,13,1,0,0,7,300
020090208,78,102,46,17,2,0,0,0,245
020090209,193,149,3,12,1,0,0,0,358
020090210,97,162,29,13,0,0,0,4,305
020090211,132,179,22,6,2,0,0,0,341
020090212,82,102,23,15,1,0,0,0,223
020090301,155,98,4,5,1,0,0,0,263
020090302,70,159,12,13,1,0,0,0,255
020090303,82,112,2,42,1,0,0,0,239
020090304,99,74,2,63,3,0,0,1,242
020090305,150,104,0,0,0,0,0,17,271
020090306,79,186,7,23,1,0,0,2,298
020090307,100,110,5,99,2,0,0,0,316
020090308,108,58,5,104,2,0,0,2,279
020090309,77,120,10,49,1,0,0,0,257
020090310,112,86,18,61,4,1,0,1,283
020090311,87,94,18,93,2,0,0,0,294
020090312,54,125,15,19,0,0,0,0,213
020090313,74,167,29,38,2,0,0,3,313
020090401,90,194,68,6,1,0,0,2,361
020090402,76,207,26,13,1,0,0,2,325
020090403,113,184,29,10,0,0,0,6,342
020090404,111,152,49,13,0,0,0,4,329
020090405,96,186,54,11,3,0,0,5,355
020090406,63,136,36,5,4,0,0,7,251
020090407,72,156,36,7,0,0,0,0,271
020090408,81,135,32,14,3,0,0,5,270
020090409,83,121,31,15,1,0,0,5,256
020090410,61,173,41,13,1,0,0,1,290
020090411,83,186,54,16,2,0,0,0,341
020090501,121,131,38,17,1,0,0,2,310
020090502,91,178,39,11,1,0,0,2,322
020090503,80,152,18,8,3,0,0,0,261
020090504,87,166,25,16,5,0,0,4,303
020090505,94,226,41,22,0,0,0,1,384
020090506,95,157,55,8,0,0,0,0,315
020090507,91,175,30,15,2,0,0,1,314
020090508,106,122,42,16,2,0,0,4,292
020090509,96,174,49,9,1,0,0,1,330
020090510,108,153,42,15,1,0,0,0,319
020090511,54,213,32,14,3,0,0,1,317
020090601,100,239,51,16,1,0,0,1,408
020090602,86,118,42,10,0,0,0,3,259
020090603,120,190,23,30,9,0,0,1,373
020090604,99,193,32,11,2,0,0,4,341
020090605,112,224,64,10,0,0,0,2,412
020090606,71,148,17,17,1,0,0,5,259
020090607,84,245,22,20,1,0,0,2,374
020090608,87,140,34,16,0,0,0,4,281
020090609,45,319,0,9,0,0,0,0,373
020090610,139,174,9,20,0,0,1,2,345
020090611,83,154,25,36,9,0,0,2,309
020090612,66,149,35,21,2,0,0,13,286
020090701,93,126,44,4,2,0,0,0,269
020090702,77,122,92,8,0,1,0,0,300
020090703,68,109,37,5,0,0,0,1,220
020090704,71,107,54,5,4,0,0,1,242
020090705,46,142,56,9,2,0,0,2,257
020090706,77,166,52,10,1,0,0,2,308
020090707,55,133,29,14,0,0,0,1,232
020090708,56,144,59,9,1,0,0,6,275
020090709,77,190,28,15,3,0,0,0,313
020090710,59,149,23,9,0,2,0,3,245
020090711,89,131,44,8,5,0,0,1,278
020090712,133,126,35,21,0,0,0,0,315
020090713,106,163,35,16,2,0,0,2,324
020090714,123,140,23,6,3,0,0,2,297
020090801,87,152,32,13,1,0,0,2,287
020090802,80,163,48,3,0,0,0,0,294
020090803,67,158,63,4,1,0,0,0,293
020090804,102,146,19,8,2,0,0,9,286
020090805,132,152,24,15,2,1,0,3,329
020090806,102,166,33,48,4,0,0,0,353
020090807,110,193,16,9,0,0,0,2,330
020090808,76,209,14,31,1,0,0,4,335
020090809,94,113,20,22,1,0,0,0,250
020090810,95,177,15,36,3,0,0,0,326
020090811,112,150,33,23,4,0,1,0,323
020090812,110,158,34,27,2,0,0,0,331
020090813,51,115,22,14,5,0,0,0,207
020090901,67,151,34,19,8,0,0,3,282
020090902,68,165,18,13,4,0,0,0,268
020090903,138,213,22,14,5,0,0,4,396
020090904,87,87,2,29,5,0,0,1,211
020090905,92,145,14,8,0,0,0,2,261
020090906,88,149,37,23,2,2,0,3,304
020090907,98,220,19,14,1,0,0,7,359
020090908,56,96,33,16,0,0,0,4,205
020090909,81,144,14,11,2,0,0,4,256
020090910,64,176,31,13,0,0,0,1,285
020090911,67,162,22,22,2,0,0,0,275
020090912,76,103,21,21,3,0,0,3,227
020090913,63,110,20,12,2,0,0,2,209
020090914,74,100,69,54,12,0,0,1,310
020091001,97,142,38,14,4,0,0,3,298
020091002,82,193,36,25,0,0,0,0,336
020091003,78,195,18,32,3,0,0,2,328
020091004,44,166,13,11,3,0,0,0,237
020091005,82,240,6,8,1,0,0,5,342
020091006,91,155,12,21,1,0,0,2,282
020091007,119,109,11,7,0,0,0,3,249
020091008,80,147,87,6,2,0,0,0,322
020091009,114,56,0,0,0,0,0,0,170
020091010,98,203,1,0,0,0,0,2,304
020091011,190,55,0,0,0,0,0,0,245
020091012,115,107,1,0,0,0,0,1,224
020091101,189,198,20,18,2,0,0,3,430
020091102,79,208,28,37,1,0,0,2,355
020091103,81,182,8,20,1,0,0,0,292
020091104,127,193,18,30,1,0,0,1,370
020091105,98,198,61,37,3,0,0,0,397
020091106,86,181,26,31,1,0,0,2,327
020091107,125,170,41,45,1,1,0,2,385
020091108,117,149,11,29,0,0,0,5,311
020091109,58,177,32,36,1,0,0,10,314
020091110,103,155,16,29,1,0,0,2,306
020091111,106,182,24,12,4,0,0,1,329
020091112,90,245,26,36,17,0,0,0,414
020091201,94,193,25,20,2,0,1,3,338
020091202,36,140,11,2,2,0,0,0,191
020091203,72,154,26,29,2,0,0,0,283
020091204,78,163,40,12,0,0,0,3,296
020091205,66,180,17,23,3,0,0,1,290
020091206,81,194,38,13,8,0,0,4,338
020091207,53,151,27,12,3,0,0,4,250
020091208,74,211,24,6,4,0,0,1,320
020091209,57,181,37,14,2,0,0,1,292
020091210,117,179,28,5,3,1,0,10,343
020091211,74,182,20,32,0,0,0,2,310
020091212,88,116,13,8,7,0,0,0,232
020091301,72,189,27,24,0,0,0,3,315
020091302,115,252,18,16,2,0,0,1,404
020091303,84,249,17,44,5,0,0,3,402
020091304,75,133,19,16,4,0,0,3,250
020091305,66,191,15,28,0,0,0,3,303
020091306,59,169,33,35,2,0,1,1,300
020091307,95,186,18,49,6,0,1,3,358
020091401,102,206,35,19,10,0,0,16,388
020091402,87,184,26,9,0,1,0,0,307
020091403,73,156,7,26,1,0,0,0,263
020091404,37,148,11,47,6,0,0,0,249
020091405,41,180,4,217,8,0,3,4,457
020091406,22,258,1,342,18,1,0,17,659
020091407,42,182,2,112,4,2,0,7,351
020091408,32,179,0,208,7,0,0,0,426
020091409,46,132,10,33,8,0,1,22,252
020091410,32,179,2,249,11,1,0,15,489
020091501,55,130,6,25,0,1,0,0,217
020091502,82,151,22,29,3,0,0,3,290
020091503,62,186,15,23,2,0,0,2,290
020091504,50,152,20,40,10,0,0,0,272
020091505,67,167,38,36,4,0,0,7,319
020091506,122,170,23,16,2,0,0,3,336
020091507,59,251,17,17,1,0,0,3,348
020091508,67,152,19,23,10,0,0,12,283
020091509,99,153,13,25,2,0,0,1,293
020091510,65,131,10,21,0,0,0,2,229
020091511,70,191,17,23,6,0,0,4,311
020091601,98,159,24,24,2,0,0,2,309
020091602,80,176,22,32,1,0,0,3,314
020091603,67,114,7,31,2,0,0,7,228
020091604,81,106,11,38,6,0,0,5,247
020091605,82,152,13,29,5,0,0,2,283
020091606,59,214,23,23,5,0,0,2,326
020091607,107,158,32,35,3,0,0,1,336
020091608,71,166,38,22,4,0,0,0,301
020091609,92,205,25,15,1,0,0,2,340
020091610,93,192,5,4,3,0,0,0,297
020091611,168,78,0,1,0,0,0,0,247
020091612,193,66,0,0,0,0,0,0,259
020091613,210,78,0,1,5,0,0,2,296
020100101,84,121,39,2,0,0,0,4,250
020100102,122,196,19,13,2,0,0,1,353
020100103,99,195,41,3,1,0,0,2,341
020100104,92,156,33,11,0,0,0,2,294
020100105,56,163,32,5,1,0,0,1,258
020100106,85,178,36,7,1,0,0,2,309
020100107,83,118,43,9,3,0,0,2,258
020100108,146,166,33,8,0,0,0,0,353
020100201,114,200,35,3,0,0,0,1,353
020100202,86,134,22,5,1,0,0,9,257
020100203,73,143,18,8,0,0,0,3,245
020100204,80,181,34,6,0,0,0,2,303
020100205,75,141,66,11,4,0,0,0,297
020100206,69,191,34,96,3,0,0,0,393
020100207,97,176,52,15,0,0,0,0,340
020100208,138,129,38,7,1,0,0,3,316
020100301,65,126,26,4,1,0,0,0,222
020100302,91,120,68,10,1,0,0,0,290
020100303,45,160,80,6,0,0,0,2,293
020100304,63,89,63,3,0,0,0,0,218
020100305,97,133,41,11,0,0,0,1,283
020100306,117,137,18,6,0,0,0,0,278
020100307,101,193,35,13,0,0,0,0,342
020100308,125,162,35,18,0,0,0,4,344
020100401,99,140,124,5,0,0,0,2,370
020100402,94,156,55,96,1,0,0,0,402
020100403,85,148,42,23,1,0,0,1,300
020100404,75,164,37,9,2,0,0,1,288
020100405,74,163,45,2,1,0,0,1,286
020100406,79,75,68,8,0,0,0,5,235
020100407,80,187,23,10,1,0,0,0,301
020100408,73,146,31,11,1,0,0,2,264
020100409,107,155,38,2,0,0,0,3,305
020100501,54,139,31,14,2,0,0,3,243
020100502,100,144,33,12,1,0,0,2,292
020100503,70,249,26,9,0,0,0,1,355
020100504,95,196,27,4,0,0,0,1,323
020100505,89,145,48,16,1,0,0,0,299
020100506,205,99,22,9,0,0,0,4,339
020100507,60,213,17,15,0,0,0,1,306
020100508,142,153,45,16,1,0,0,0,357
020100509,71,167,14,5,5,0,0,1,263
020100510,78,172,27,10,2,0,0,7,296
020100511,57,132,45,12,2,0,0,0,248
020100512,58,163,34,7,1,0,0,2,265
020100513,45,176,56,10,0,0,0,1,288
020100514,54,171,36,6,2,0,0,0,269
020100601,91,106,26,5,2,0,0,1,231
020100602,53,170,21,3,0,0,0,0,247
020100603,120,225,30,7,0,0,0,6,388
020100604,110,154,44,11,0,0,0,0,319
020100605,115,176,40,10,1,0,0,11,353
020100606,124,112,46,11,2,0,0,3,298
020100607,109,118,38,16,2,0,0,1,284
020100608,123,180,16,15,3,0,0,2,339
020100609,176,135,23,22,1,0,0,0,357
020100610,124,246,28,13,4,0,0,7,422
020100611,122,136,17,4,1,0,0,0,280
020100612,103,113,48,2,0,0,0,0,266
020100613,134,200,39,11,6,2,0,3,395
020100701,130,199,24,23,1,0,0,4,381
020100702,97,250,43,15,1,0,0,1,407
020100703,208,233,16,12,2,0,0,0,471
020100704,169,223,15,23,1,1,0,2,434
020100705,178,165,17,4,1,0,0,1,366
020100706,127,182,18,11,3,0,0,1,342
020100707,247,238,0,0,0,0,0,30,515
020100708,113,242,22,6,0,0,0,1,384
020100709,90,156,52,36,2,0,0,3,339
020100710,100,219,54,25,2,0,0,2,402
020100801,104,239,32,21,3,0,0,7,406
020100802,122,194,85,20,2,2,0,3,428
020100803,142,146,16,10,1,0,0,4,319
020100804,101,186,58,19,2,0,1,0,367
020100805,112,132,42,14,1,0,0,1,302
020100806,61,147,54,26,1,0,0,1,290
020100807,184,182,35,15,2,0,0,7,425
020100808,117,232,35,22,1,0,0,1,408
020100809,80,171,9,4,0,0,0,0,264
020100901,122,166,24,16,0,1,0,0,329
020100902,75,184,37,18,4,0,0,3,321
020100903,131,114,37,17,2,0,0,2,303
020100904,82,190,20,17,1,0,0,0,310
020100905,91,168,28,14,0,0,0,1,302
020100906,83,196,36,23,1,0,0,4,343
020100907,121,144,32,14,1,0,0,0,312
020100908,72,139,33,13,0,0,0,2,259
020100909,107,96,28,16,3,0,0,0,250
020100910,51,173,36,14,1,0,0,4,279
020101001,85,165,18,9,0,0,0,4,281
020101002,92,211,25,20,0,0,0,2,350
020101003,99,208,7,1,1,1,0,1,318
020101004,81,182,16,5,0,0,0,0,284
020101005,106,168,24,11,2,0,0,2,313
020101006,111,195,6,1,0,0,0,1,314
020101007,98,180,20,7,1,0,0,2,308
020101008,52,154,21,19,5,0,0,3,254
020101009,130,198,13,7,2,0,0,0,350
020101010,115,106,25,12,3,0,0,1,262
020101011,101,168,10,24,1,0,0,0,304
020101012,94,219,20,6,7,0,0,0,346
020101101,129,145,23,10,2,0,0,0,309
020101102,139,265,12,13,1,0,0,3,433
020101103,124,195,9,13,1,0,0,12,354
020101104,158,171,27,36,0,0,0,2,394
020101105,116,153,13,15,2,0,0,2,301
020101106,94,75,2,7,4,0,0,1,183
020101107,112,225,9,12,17,0,1,1,377
020101108,138,132,31,40,1,0,0,2,344
020101109,181,144,28,10,0,0,0,18,381
020101110,118,175,1,1,0,0,0,1,296
020101111,61,180,4,6,0,0,0,0,251
020101201,172,153,13,5,0,0,0,4,347
020101202,192,142,4,4,2,0,0,26,370
020101203,157,122,5,17,3,0,0,5,309
020101204,129,100,5,9,0,0,0,0,243
020101205,81,90,2,2,2,0,0,12,189
020101206,92,111,5,6,0,0,0,0,214
020101207,101,115,7,3,1,0,1,10,238
020101208,165,142,1,0,0,0,0,3,311
020101209,167,134,3,2,0,0,0,2,308
020101210,208,34,2,0,0,0,0,2,246
020101301,45,132,32,15,1,0,0,1,226
020101302,80,162,11,2,0,0,0,0,255
020101303,107,110,18,20,1,0,0,5,261
020101304,114,122,2,2,0,0,0,8,248
020101305,117,162,23,10,1,0,0,2,315
020101306,75,152,28,21,0,1,0,1,278
020101307,86,136,17,14,0,0,0,1,254
020101308,167,92,26,5,0,0,0,0,290
020101309,59,202,10,10,0,0,0,0,281
020101310,78,122,19,10,1,0,0,0,230
020101311,117,161,4,3,2,0,0,0,287
020101312,123,129,14,1,0,0,0,0,267
020101401,152,151,15,13,1,0,0,2,334
020101402,79,180,26,26,2,0,0,2,315
020101403,107,171,33,9,1,0,0,1,322
020101404,73,143,53,21,1,1,0,4,296
020101405,74,118,52,14,4,0,0,0,262
020101406,54,118,27,5,1,0,0,0,205
020101407,99,139,38,13,0,0,0,2,291
020101408,83,148,3,11,1,0,0,7,253
020101409,76,227,12,19,1,0,0,2,337
020101410,149,172,11,8,0,0,0,1,341
020101411,119,129,4,8,0,0,0,7,267
020101501,89,144,16,13,1,0,0,0,263
020101502,136,161,27,17,1,0,0,5,347
020101503,60,99,24,14,4,0,0,1,202
020101504,72,152,14,7,0,0,0,2,247
020101505,76,168,35,18,1,0,0,0,298
020101506,44,167,14,17,0,0,0,6,248
020101507,101,114,5,2,2,0,0,1,225
020101508,97,218,13,39,5,0,1,2,375
020101509,203,251,3,1,0,0,0,1,459
020101601,54,189,15,9,3,0,0,0,270
020101602,142,226,10,16,3,0,0,11,408
020101603,79,178,4,13,0,0,0,8,282
020101604,92,227,17,8,0,0,0,0,344
020101605,139,200,24,17,1,0,0,8,389
020101606,134,142,49,25,2,0,0,4,356
020101607,61,183,29,10,1,0,0,5,289
020101608,107,152,34,15,3,0,0,1,312
020101609,60,214,46,17,1,0,0,0,338
020101701,122,167,14,6,2,0,0,2,313
020101702,102,242,13,11,3,0,0,1,372
020101703,138,156,50,13,0,0,0,3,360
020101704,180,183,8,3,0,0,0,4,378
020101705,124,150,49,34,4,0,0,6,367
020101706,75,183,27,21,1,0,0,1,308
020101707,54,161,26,40,2,0,0,6,289
020101708,82,114,27,22,1,0,0,0,246
020101709,53,140,26,16,2,0,0,2,239
020101710,80,159,15,11,0,0,0,4,269
020101801,55,184,26,13,2,0,0,0,280
020101802,83,161,20,6,0,0,0,0,270
020101803,106,193,15,17,1,0,0,5,337
020101804,132,243,4,17,0,0,0,0,396
020101805,60,203,5,7,0,0,0,2,277
020101806,76,175,0,23,0,1,0,5,280
020101807,80,262,7,0,0,0,0,16,365
020101808,101,39,6,20,1,0,0,17,184
020101809,222,208,4,19,1,0,0,4,458
020101810,71,101,6,8,5,0,0,0,191
020101811,60,134,9,16,3,0,0,2,224
020101812,64,212,12,6,2,0,0,1,297
020101901,149,95,0,2,0,0,0,19,265
020101902,135,267,8,19,1,0,0,6,436
020101903,135,163,17,39,1,0,0,0,355
020101904,144,167,6,22,1,0,0,0,340
020101905,122,201,12,9,3,0,0,1,348
020101906,143,137,30,35,2,0,0,0,347
020101907,175,141,4,2,1,0,0,5,328
020101908,98,99,5,8,2,0,0,3,215
020101909,94,153,14,10,1,0,0,4,276
020101910,200,157,14,24,2,0,1,2,400
020101911,137,155,27,16,2,0,0,7,344
020101912,173,191,31,32,0,0,0,2,429
020110101,91,130,81,16,2,0,0,4,324
020110102,74,176,56,29,1,0,0,3,339
020110103,67,115,40,24,0,0,0,1,247
020110104,73,197,31,11,1,0,0,3,316
020110105,39,130,36,11,3,0,0,2,221
020110106,48,156,54,18,0,0,0,2,278
020110107,111,99,29,11,0,0,2,0,252
020110108,64,209,10,9,0,0,0,3,295
020110109,93,168,31,8,1,0,0,3,304
020110110,166,153,18,1,2,0,0,0,340
020110111,145,228,27,2,0,0,0,0,402
020110112,112,101,31,6,2,0,0,14,266
020110201,74,110,89,11,2,0,0,0,286
020110202,114,168,66,11,1,0,0,1,361
020110203,126,117,28,14,1,0,0,0,286
020110204,90,98,28,5,0,0,0,2,223
020110205,97,197,78,13,4,0,0,0,389
020110206,104,162,68,20,4,0,0,0,358
020110207,118,131,49,10,3,0,0,1,312
020110208,78,133,75,16,0,0,0,0,302
020110209,65,105,61,7,0,0,0,0,238
020110210,112,153,67,14,0,0,1,1,348
020110211,106,166,51,5,0,0,0,0,328
020110301,104,115,42,3,0,0,0,0,264
020110302,188,69,18,5,0,0,0,12,292
020110303,90,123,24,1,1,0,0,1,240
020110304,82,75,46,6,1,0,0,0,210
020110305,124,65,36,5,1,0,0,2,233
020110306,96,140,44,6,1,0,0,0,287
020110307,58,175,44,3,0,0,0,3,283
020110308,130,146,18,4,0,0,0,1,299
020110309,119,142,31,6,0,0,0,0,298
020110310,111,171,33,1,1,0,0,0,317
020110311,70,140,40,3,1,0,0,0,254
020110312,79,146,45,7,0,0,0,5,282
020110401,88,117,60,15,0,0,0,4,284
020110402,210,40,39,7,0,1,0,0,297
020110403,82,71,59,8,1,0,0,0,221
020110404,114,106,67,7,0,0,0,2,296
020110405,149,121,34,2,1,0,0,1,308
020110406,89,91,55,5,1,0,0,0,241
020110407,130,75,61,11,0,0,0,2,279
020110408,96,141,34,8,2,0,1,0,282
020110409,89,161,55,4,0,0,0,0,309
020110410,146,105,19,9,1,0,0,1,281
020110411,101,139,48,19,4,0,0,2,313
020110412,154,135,51,12,0,0,0,0,352
020110413,175,108,37,6,0,0,0,1,327
020110501,67,106,57,8,1,0,0,3,242
020110502,97,128,70,10,1,0,0,10,316
020110503,116,153,75,5,2,0,0,2,353
020110504,38,179,26,3,0,0,0,6,252
020110505,128,147,45,9,0,0,0,10,339
020110506,97,148,63,8,1,0,0,2,319
020110507,85,148,41,4,2,0,0,0,280
020110508,75,177,42,11,2,0,0,0,307
020110509,53,196,35,7,0,0,0,1,292
020110510,147,160,24,1,0,0,0,2,334
020110601,42,265,6,1,1,0,0,2,317
020110602,108,166,63,12,0,0,0,2,351
020110603,155,140,22,5,4,0,0,21,347
020110604,125,141,56,8,0,0,0,3,333
020110605,82,196,10,9,1,0,0,6,304
020110606,116,134,40,11,0,0,0,5,306
020110607,120,127,35,23,1,0,0,2,308
020110608,94,141,30,17,1,0,0,1,284
020110609,102,147,45,5,0,1,0,2,302
020110610,87,146,27,8,1,1,0,1,271
020110611,102,153,40,12,2,0,0,5,314
020110701,57,87,14,11,1,0,0,1,171
020110702,156,114,40,15,1,0,0,2,328
020110703,69,160,55,10,0,0,0,3,297
020110704,75,180,57,13,0,0,0,0,325
020110705,104,161,69,8,4,0,0,3,349
020110706,99,111,60,20,0,0,0,1,291
020110707,102,110,44,12,2,0,0,3,273
020110708,65,163,18,0,2,0,0,1,249
020110709,94,138,46,14,1,1,0,2,296
020110710,85,160,21,12,2,0,0,12,292
020110711,122,163,29,6,2,0,0,1,323
020110712,72,191,30,11,2,0,0,0,306
020110801,157,151,27,11,0,0,0,1,347
020110802,116,164,42,10,1,0,0,5,338
020110803,116,69,22,3,0,0,0,0,210
020110804,86,226,15,2,0,0,0,0,329
020110805,99,141,20,5,0,0,0,0,265
020110806,125,190,36,22,3,0,0,3,379
020110807,144,132,59,10,0,0,0,0,345
020110808,130,162,49,11,3,0,0,0,355
020110809,139,209,10,5,0,0,0,2,365
020110901,105,155,42,11,0,0,0,2,315
020110902,105,133,69,4,1,0,0,0,312
020110903,146,183,39,4,0,0,0,7,379
020110904,86,147,17,4,0,0,0,1,255
020110905,142,153,12,1,0,0,0,0,308
020110906,124,112,9,3,0,0,0,0,248
020110907,146,146,13,7,0,0,0,0,312
020110908,93,206,28,2,1,0,0,1,331
020110909,38,199,8,1,0,0,0,0,246
020110910,128,221,3,0,0,0,0,0,352
020110911,44,198,6,1,0,0,0,9,258
020110912,190,93,6,8,0,0,0,0,297
020111001,162,128,16,9,0,0,0,0,315
020111002,65,300,6,12,0,0,0,1,384
020111003,137,165,10,5,0,0,0,0,317
020111004,104,230,21,9,0,0,0,0,364
020111005,74,283,21,7,0,0,0,1,386
020111006,200,248,3,3,0,0,0,4,458
020111007,134,250,8,9,0,0,0,0,401
020111008,147,154,10,6,0,0,0,1,318
020111009,112,186,11,7,0,0,0,3,319
020111010,103,152,13,9,0,0,0,4,281
020111101,90,146,34,18,2,0,0,3,293
020111102,96,168,36,9,0,0,0,0,309
020111103,108,173,18,22,2,2,0,0,325
020111104,34,50,8,9,1,0,0,0,102
020111105,51,222,40,16,2,0,0,4,335
020111106,206,159,17,10,0,0,0,4,396
020111107,73,175,42,9,0,0,0,6,305
020111108,131,143,18,19,1,0,0,3,315
020111109,56,207,19,14,0,0,0,0,296
020111201,138,72,20,3,0,0,0,0,233
020111202,84,114,30,5,1,0,0,2,236
020111203,85,202,45,11,5,0,0,12,360
020111204,117,144,10,1,0,0,0,0,272
020111205,74,144,20,7,0,0,0,0,245
020111206,68,181,50,21,0,0,0,0,320
020111207,75,165,14,3,2,0,0,0,259
020111208,61,181,19,10,0,0,0,1,272
020111209,71,159,4,5,0,0,0,1,240
020111210,115,128,12,5,1,0,0,0,261
020111301,163,158,4,1,0,0,0,20,346
020111302,164,209,6,2,0,0,0,6,387
020111303,153,163,0,5,0,0,0,0,321
020111304,144,192,5,0,2,0,0,2,345
020111305,190,184,12,2,2,0,0,3,393
020111306,93,211,29,12,1,0,0,27,373
020111307,71,204,16,6,1,0,0,1,299
020111308,88,165,22,6,0,0,0,0,281
020111309,102,227,23,18,0,0,0,1,371
020111310,92,132,17,8,1,0,0,0,250
020111311,93,198,24,18,1,0,0,2,336
020111401,106,186,54,15,0,0,0,3,364
020111402,109,179,30,9,2,0,0,3,332
020111403,103,196,41,21,0,0,0,4,365
020111404,142,117,12,7,0,0,0,1,279
020111405,56,211,39,18,2,0,0,2,328
020111406,113,256,26,9,0,0,0,5,409
020111407,424,254,7,7,2,0,0,2,696
020111501,118,174,45,8,0,0,0,4,349
020111502,88,177,50,7,1,0,0,1,324
020111503,79,218,56,12,2,0,0,1,368
020111504,106,188,48,13,0,1,0,0,356
020111505,93,199,14,7,0,0,0,16,329
020111506,112,123,8,62,4,0,0,4,313
020111507,69,203,5,1,1,0,0,2,281
020111508,87,269,7,4,0,0,0,5,372
020111509,111,215,4,6,0,0,0,1,337
020111510,119,140,15,48,8,0,0,1,331
020111511,102,264,43,16,8,0,0,1,434
020111601,97,163,42,13,3,0,0,1,319
020111602,162,179,6,10,2,0,0,0,359
020111603,92,163,6,4,0,0,0,2,267
020111604,104,119,9,13,0,1,0,6,252
020111605,175,96,6,9,2,0,0,0,288
020111606,121,176,4,6,0,0,0,28,335
020111607,73,250,11,12,0,0,0,4,350
020111608,133,239,10,10,0,0,0,1,393
020111609,109,124,15,7,1,0,0,0,256
020111610,70,125,16,19,0,0,0,6,236
020111701,78,162,34,14,1,0,0,1,290
020111702,87,156,27,8,0,0,0,8,286
020111703,97,174,43,21,1,0,0,0,336
020111704,110,133,47,16,5,0,0,13,324
020111705,81,152,35,22,4,0,0,3,297
020111706,117,189,69,24,8,0,0,1,408
020111707,113,157,39,22,0,0,0,0,331
020111708,102,196,11,10,0,0,0,3,322
020111801,54,162,33,28,0,0,0,2,279
020111802,69,191,27,9,3,0,0,4,303
020111803,131,140,27,10,2,0,0,0,310
020111804,110,240,6,10,0,0,0,4,370
020111805,123,184,3,3,0,0,0,5,318
020111806,176,264,9,37,4,0,0,31,521
020111807,81,198,8,35,2,0,0,0,324
020111808,115,199,5,20,0,0,1,6,346
020111809,116,153,17,13,3,0,0,2,304
020111901,75,126,10,5,1,0,0,4,221
020111902,69,239,12,1,1,0,0,0,322
020111903,100,132,10,2,0,0,0,35,279
020111904,102,197,24,12,0,0,0,4,339
020111905,88,171,22,15,2,0,0,8,306
020111906,77,216,24,18,2,0,0,4,341
020111907,121,155,25,12,4,0,0,2,319
020111908,65,213,14,7,1,0,0,1,301
020111909,114,197,15,21,1,0,0,0,348
020112001,130,194,8,22,1,0,0,1,356
020112002,116,161,23,12,3,0,0,2,317
020112003,119,206,20,28,10,0,0,6,389
020112004,101,164,17,17,1,0,0,3,303
020112005,70,209,17,29,2,0,0,1,328
020112006,146,97,6,3,13,0,0,2,267
020112007,72,123,22,14,0,0,0,1,232
020112008,30,135,19,6,1,0,0,0,191
020112009,85,94,15,58,0,0,0,8,260
020112010,147,135,7,2,0,0,0,1,292
020112011,72,155,15,7,2,0,0,1,252
020112101,112,186,5,18,1,0,0,1,323
020112102,109,141,10,8,1,1,0,1,271
020112103,191,218,5,3,2,0,0,4,423
020112104,110,195,2,10,0,0,0,1,318
020112105,186,189,5,7,1,0,0,3,391
020112106,169,166,8,30,5,0,0,7,385
020112107,120,132,7,9,1,0,0,1,270
020112108,106,119,10,19,1,0,0,1,256
020112109,42,166,2,7,0,0,0,1,218
020112110,74,156,31,26,5,0,0,0,292
020112111,148,208,2,14,0,1,0,1,374
020112201,135,175,14,20,0,0,0,1,345
020112202,101,222,15,16,2,1,0,1,358
020112203,140,187,21,8,1,0,0,3,360
020112204,66,154,8,13,2,0,0,22,265
020112205,74,180,33,17,0,0,2,4,310
020112206,143,228,24,11,0,0,0,3,409
020112207,218,116,5,0,2,0,0,4,345
020112208,145,102,12,7,2,0,0,1,269
020112209,118,115,18,14,4,0,0,0,269
020112210,101,173,9,20,1,0,0,3,307
020112211,108,110,12,16,1,0,0,1,248
020120101,2,2,185,1,0,0,0,1,191
020120102,3,14,177,2,0,0,0,0,196
020120103,23,12,145,5,2,0,0,0,187
020120104,68,162,58,23,1,0,0,1,313
020120105,42,115,35,21,4,0,0,0,217
020120106,44,175,53,12,1,0,0,1,286
020120107,103,208,23,23,2,0,0,1,360
020120108,94,63,8,14,0,0,0,3,182
020120109,100,183,58,10,1,0,0,4,356
020120110,110,183,50,13,1,0,0,4,361
020120111,86,207,55,25,0,0,0,1,374
020120201,77,237,37,12,5,1,0,2,371
020120202,119,122,59,14,1,0,0,1,316
020120203,221,156,4,10,1,0,0,2,394
020120204,105,206,48,19,1,0,0,0,379
020120205,126,221,40,10,1,0,0,3,401
020120206,96,183,42,20,2,0,0,1,344
020120207,93,149,52,17,6,0,0,2,319
020120208,115,159,44,23,3,0,0,1,345
020120301,34,69,0,1,0,0,0,0,104
020120302,60,115,60,10,2,0,0,2,249
020120303,52,123,64,29,0,0,0,2,270
020120304,77,119,45,17,1,0,0,9,268
020120305,74,154,36,23,2,0,0,3,292
020120306,261,126,15,42,7,0,0,0,451
020120307,171,199,5,0,0,0,0,3,378
020120308,63,135,31,21,1,0,0,2,253
020120309,64,95,26,30,3,0,0,5,223
020120310,80,126,47,20,4,0,0,28,305
020120311,89,129,45,27,0,0,0,0,290
020120401,73,123,63,16,0,0,0,2,277
020120402,48,171,42,17,9,0,0,0,287
020120403,138,196,66,16,1,0,0,1,418
020120404,31,179,58,19,5,0,0,3,295
020120405,38,177,30,3,1,0,0,0,249
020120406,48,190,47,10,0,0,0,2,297
020120407,153,343,2,1,0,0,0,0,499
020120408,58,164,32,26,5,0,0,4,289
020120409,93,82,32,7,0,0,1,9,224
020120410,110,77,36,15,5,0,0,0,243
020120501,42,96,64,9,0,0,0,1,212
020120502,77,142,43,8,1,0,0,12,283
020120503,127,388,20,6,2,0,0,0,543
020120504,98,144,12,21,0,1,0,1,277
020120505,170,135,5,2,1,0,0,35,348
020120506,107,179,14,1,0,0,0,0,301
020120507,120,197,3,6,1,0,0,0,327
020120508,137,243,2,0,0,0,0,39,421
020120509,62,214,22,7,2,0,0,4,311
020120510,71,170,22,20,1,0,0,0,284
020120511,157,122,25,19,3,0,1,5,332
020120601,121,141,52,5,0,0,0,1,320
020120602,110,198,22,16,1,0,0,6,353
020120603,72,126,47,10,0,0,0,2,257
020120604,77,206,30,32,1,0,0,3,349
020120605,68,242,42,20,10,0,0,5,387
020120606,112,202,48,14,3,0,0,1,380
020120607,155,144,16,16,0,0,0,1,332
020120608,155,123,5,5,0,0,0,0,288
020120609,86,174,33,8,1,0,0,0,302
020120610,115,126,45,29,1,0,0,0,316
020120701,94,163,45,12,0,0,0,4,318
020120702,81,141,63,20,0,0,0,5,310
020120703,111,156,32,22,4,0,0,0,325
020120704,84,175,66,26,1,0,0,7,359
020120705,117,125,38,7,1,0,1,1,290
020120706,149,135,45,16,0,0,0,2,347
020120707,104,139,33,23,2,0,0,0,301
020120708,140,138,67,18,1,0,0,1,365
020120709,211,310,20,9,2,0,0,5,557
020120710,180,250,20,23,2,0,0,1,476
020120801,283,182,47,29,3,0,0,4,548
020120802,70,153,38,10,0,0,0,2,273
020120803,72,143,63,44,1,0,0,2,325
020120804,61,135,41,23,1,0,0,1,262
020120805,136,199,7,2,0,0,0,0,344
020120806,124,190,28,10,0,0,0,0,352
020120807,125,170,50,8,11,0,0,0,364
020120808,155,247,10,1,0,0,0,2,415
020120809,219,153,20,4,0,0,0,0,396
020120810,90,171,15,5,5,0,0,4,290
020120811,127,119,9,2,0,0,0,5,262
020120901,101,177,31,17,2,1,1,1,331
020120902,109,209,78,21,1,0,0,2,420
020120903,78,232,50,14,7,0,0,4,385
020120904,106,203,47,28,3,0,0,5,392
020120905,78,189,57,32,2,0,0,0,358
020120906,104,188,32,48,1,3,0,1,377
020120907,65,159,54,23,3,0,0,3,307
020121001,83,168,55,46,7,0,0,7,366
020121002,93,215,49,23,4,0,0,6,390
020121003,58,132,34,46,7,0,0,10,287
020121004,59,144,30,37,0,0,0,0,270
020121005,136,115,39,4,3,0,0,1,298
020121006,84,228,18,20,2,0,0,1,353
020121007,37,214,22,11,0,0,0,11,295
020121008,168,272,18,18,1,0,0,0,477
020121009,102,154,39,22,0,0,0,1,318
020121010,98,135,30,25,0,0,0,11,299
020121011,151,119,33,39,1,0,0,2,345
020121101,187,108,25,5,2,0,0,1,328
020121102,51,179,16,20,0,1,0,0,267
020121103,58,162,21,12,0,0,0,1,254
020121104,159,138,24,19,2,1,0,0,343
020121105,89,157,12,39,4,2,0,4,307
020121106,148,117,36,15,2,1,0,0,319
020121107,158,115,33,21,2,0,0,1,330
020121108,156,140,43,4,0,0,0,1,344
020121109,162,177,30,3,0,0,0,1,373
020121110,82,89,91,17,1,0,0,3,283
020121111,69,125,57,15,0,0,0,12,278
020121201,149,115,4,4,0,0,0,0,272
020121202,215,266,10,2,2,0,0,6,501
020121203,186,286,15,18,0,0,0,4,509
020121204,98,189,55,14,0,0,0,0,356
020121205,110,169,40,8,1,0,0,0,328
020121206,34,197,13,4,1,0,0,11,260
020121207,208,161,10,5,0,0,0,2,386
020121208,64,158,31,12,1,0,0,1,267
020121301,113,283,1,4,2,0,0,4,407
020121302,111,246,10,18,0,0,0,4,389
020121303,314,390,11,4,1,0,0,1,721
020121304,58,458,5,2,0,0,0,3,526
020121305,245,222,5,3,0,0,0,0,475
020121306,216,174,0,1,0,0,0,4,395
020121307,102,141,2,0,0,0,0,4,249
020121401,171,198,2,1,0,0,0,1,373
020121402,166,211,13,1,0,0,0,9,400
020121403,140,162,3,0,0,0,0,3,308
020121404,214,190,2,1,0,0,0,0,407
020121405,116,282,21,2,0,0,0,0,421
020121406,117,184,15,1,1,0,0,0,318
020121407,230,186,13,2,0,0,0,1,432
020121408,140,302,8,3,0,0,0,16,469
020121409,85,218,20,1,0,0,0,0,324
020121410,71,333,25,7,0,0,0,5,441
020121501,161,173,18,25,1,0,0,0,378
020121502,182,209,15,2,0,0,0,14,422
020121503,149,237,26,6,0,0,0,2,420
020121504,223,191,2,1,0,0,0,1,418
020121505,182,202,7,0,0,0,0,2,393
020121506,39,293,1,1,1,0,0,8,343
020121507,109,269,4,1,0,0,0,0,383
020121508,129,204,24,5,1,0,0,1,364
020121509,209,203,11,2,1,0,0,0,426
020121510,84,164,35,10,1,0,0,3,297
020121511,66,127,60,11,3,0,0,5,272
020121512,70,150,53,9,2,0,0,0,284
020121513,157,86,16,2,0,0,0,1,262
020121601,103,197,58,26,5,0,0,6,395
020121602,124,206,26,5,1,0,0,1,363
020121603,153,196,5,2,1,0,0,2,359
020121604,174,318,18,11,0,0,0,0,521
020121605,204,400,5,6,0,0,0,3,618
020121606,264,365,12,1,1,0,0,4,647
020121607,181,134,14,4,0,0,0,5,338
020121608,50,417,13,6,0,0,0,42,528
020121609,122,239,1,0,0,0,0,0,362
020121610,91,203,2,32,0,0,0,2,330
020121611,75,211,40,7,0,0,0,1,334
020121612,84,210,16,6,0,0,0,0,316
020121613,77,73,36,14,0,0,0,2,202
020121614,53,119,3,0,0,0,0,0,175
020121701,78,189,51,31,0,0,0,6,355
020121702,115,167,56,42,0,0,0,0,380
020121703,60,201,47,18,2,0,0,5,333
020121704,74,136,66,29,1,0,0,0,306
020121705,101,245,50,31,1,0,0,9,437
020121706,90,264,38,17,2,0,0,3,414
020121707,122,191,41,16,0,0,0,3,373
020121708,193,336,12,14,0,0,0,2,557
020121801,68,119,27,17,0,0,0,0,231
020121802,75,164,47,32,4,0,0,1,323
020121803,73,196,32,14,0,0,0,3,318
020121804,77,160,41,24,4,0,0,2,308
020121805,48,167,52,29,4,0,0,1,301
020121806,126,115,44,23,1,0,0,3,312
020121807,62,217,37,15,5,0,0,0,336
020121808,126,154,30,15,0,0,0,3,328
020121809,26,188,53,20,0,0,0,3,290
020121810,80,138,48,15,1,0,1,1,284
020121811,80,106,33,17,0,0,0,2,238
020121812,108,262,25,31,6,1,0,3,436
020121813,95,180,4,0,0,0,0,27,306
020121901,315,37,0,0,0,0,0,0,352
020121902,213,10,0,0,0,0,0,2,225
020121903,215,68,0,0,0,0,0,0,283
020121904,191,115,44,11,1,0,0,5,367
020121905,102,190,80,18,4,0,0,12,406
020121906,88,195,44,19,3,1,1,5,356
020121907,82,176,56,28,0,0,0,4,346
020121908,110,172,47,21,1,0,0,0,351
020121909,87,186,23,17,1,0,0,2,316
020121910,109,165,53,32,1,0,0,0,360
020121911,114,165,49,42,2,0,0,0,372
020121912,135,144,24,26,1,0,0,3,333
020121913,106,119,37,23,1,0,0,0,286
020122001,104,164,42,7,0,0,0,0,317
020122002,180,318,40,14,1,0,0,6,559
020122003,149,203,39,17,1,0,0,2,411
020122004,114,185,60,20,5,0,0,7,391
020122005,93,230,27,18,1,0,0,13,382
020122006,159,187,40,18,0,0,0,3,407
020122007,130,164,24,23,2,0,0,3,346
020122008,76,231,33,24,0,0,0,1,365
020122101,113,324,18,11,1,0,0,0,467
020122102,105,326,33,11,0,0,0,1,476
020122103,146,177,26,10,1,0,0,0,360
020122104,97,292,17,13,2,0,0,0,421
020122105,86,146,49,15,1,0,0,0,297
020122106,100,160,48,12,1,0,0,5,326
020122107,56,194,50,37,2,0,0,1,340
020122108,92,170,36,16,3,0,0,2,319
020122109,60,164,45,14,1,0,0,2,286
020122110,68,150,27,5,0,0,0,8,258
020122201,87,135,47,24,1,0,0,0,294
020122202,71,202,57,29,3,0,0,0,362
020122203,61,148,54,33,2,0,0,1,299
020122204,116,109,56,17,0,0,0,1,299
020122205,111,236,70,17,1,0,0,0,435
020122206,129,253,39,15,8,0,0,4,448
020122207,192,220,29,13,1,0,1,3,459
020122208,143,180,24,12,2,0,0,4,365
020122209,133,193,29,4,3,0,0,3,365
020122210,94,204,53,15,2,0,0,2,370
020122211,138,174,40,11,1,0,0,7,371
020130101,88,156,45,4,0,0,0,3,296
020130102,144,158,25,11,0,0,0,5,343
020130103,63,141,53,0,0,0,0,1,258
020130104,122,208,6,5,0,0,0,26,367
020130105,244,177,0,0,0,0,0,0,421
020130106,100,229,18,10,1,0,0,28,386
020130107,51,56,70,7,1,0,0,0,185
020130108,117,111,10,1,0,0,0,2,241
020130109,153,38,19,5,0,0,0,2,217
020130110,209,78,22,2,0,0,0,3,314
020130111,107,168,18,6,0,0,0,1,300
020130112,102,124,17,2,0,0,1,0,246
020130113,111,101,21,6,1,0,0,5,245
020130114,84,187,9,0,1,0,0,2,283
020130201,161,363,6,14,0,0,0,1,545
020130202,148,139,52,16,1,0,0,3,359
020130203,130,76,31,17,1,0,0,4,259
020130204,51,96,64,21,2,0,1,4,239
020130205,97,175,14,9,1,0,0,34,330
020130206,150,295,16,5,0,0,0,4,470
020130207,242,37,12,7,0,0,0,2,300
020130208,47,186,15,4,1,0,0,0,253
020130209,80,298,15,2,1,0,0,0,396
020130210,281,139,13,7,9,0,0,19,468
020130211,115,166,7,4,0,0,0,1,293
020130301,142,218,11,4,0,0,0,2,377
020130302,77,161,18,11,2,0,0,1,270
020130303,67,252,18,15,0,0,0,1,353
020130304,181,205,39,7,0,0,0,1,433
020130305,134,139,25,13,1,0,0,0,312
020130306,112,120,27,7,3,0,0,2,271
020130307,124,133,25,8,0,0,0,0,290
020130308,126,138,5,5,1,0,0,3,278
020130309,136,152,18,33,4,0,0,11,354
020130310,125,312,5,4,0,0,0,2,448
020130401,224,61,4,1,1,0,0,0,291
020130402,182,124,16,8,1,0,0,19,350
020130403,118,152,13,20,0,0,0,1,304
020130404,114,282,21,6,0,0,0,7,430
020130405,207,148,3,1,0,0,0,4,363
020130406,225,167,6,2,0,0,0,0,400
020130407,96,189,9,1,0,0,0,1,296
020130408,54,173,22,13,2,0,0,1,265
020130409,111,215,2,4,0,0,0,9,341
020130410,133,96,0,6,0,0,0,2,237
020130411,113,210,20,18,1,0,0,8,370
020130412,220,364,14,14,0,1,0,0,613
020130413,64,261,3,2,0,0,0,7,337
020130414,89,234,3,1,0,0,0,0,327
020130501,91,165,22,66,0,0,0,0,344
020130502,85,251,30,35,0,0,0,2,403
020130503,243,263,5,3,1,0,0,15,530
020130504,245,225,7,0,0,0,0,1,478
020130505,159,111,56,20,2,0,0,11,359
020130506,210,184,6,5,0,0,0,32,437
020130507,109,200,0,5,0,0,0,13,327
020130508,114,300,1,0,0,0,0,2,417
020130601,111,167,2,1,0,0,0,2,283
020130602,245,103,58,14,5,0,0,0,425
020130603,167,147,16,36,0,0,0,2,368
020130604,204,179,21,6,0,0,0,9,419
020130605,185,243,8,5,0,0,0,13,454
020130606,218,142,1,4,0,0,0,3,368
020130607,103,283,21,14,2,0,0,2,425
020130608,137,147,33,18,1,0,0,3,339
020130701,153,82,24,12,0,0,0,0,271
020130702,162,51,2,6,0,0,0,0,221
020130703,212,230,6,2,0,0,0,7,457
020130704,82,251,9,1,0,0,0,1,344
020130705,215,232,12,17,0,0,0,0,476
020130706,176,195,2,2,0,0,0,6,381
020130707,157,176,6,5,0,0,0,2,346
020130708,175,121,9,3,0,0,0,1,309
020130709,229,135,2,3,0,0,0,4,373
020130801,155,156,0,0,0,0,0,3,314
020130802,163,107,1,2,0,0,0,2,275
020130803,206,200,3,2,0,0,0,0,411
020130804,91,278,2,3,12,0,0,2,388
020130805,196,216,2,2,0,0,0,36,452
020130806,144,148,0,3,0,0,0,0,295
020130807,179,183,0,2,0,0,0,0,364
020130808,279,153,2,1,0,0,0,4,439
020130809,128,196,0,0,1,0,0,1,326
020130810,111,181,0,0,0,0,0,0,292
020130901,137,146,1,2,0,0,0,1,287
020130902,179,119,1,1,0,0,0,3,303
020130903,111,125,0,0,0,0,0,11,247
020130904,101,189,2,1,0,0,0,0,293
020130905,241,243,3,0,1,0,0,0,488
020130906,212,81,5,22,0,0,0,0,320
020130907,114,181,0,0,0,0,0,1,296
020130908,213,130,0,0,0,0,0,1,344
020130909,267,83,0,1,0,0,0,12,363
020130910,116,120,1,0,0,0,0,2,239
020131001,228,168,2,3,0,0,0,14,415
020131002,150,215,18,16,2,0,0,3,404
020131003,228,182,4,10,2,0,0,1,427
020131004,172,226,6,4,0,0,2,7,417
020131005,141,71,13,18,4,0,4,1,252
020131006,214,146,10,15,3,0,0,0,388
020131007,97,198,2,5,0,0,0,19,321
020131008,233,196,0,1,0,0,0,2,432
020131009,117,205,0,3,0,0,0,0,325
020131010,147,237,18,11,0,0,0,11,424
020131011,135,170,1,7,0,0,0,1,314
020131101,29,49,77,10,1,0,0,6,172
020131102,62,77,86,7,1,0,0,8,241
020131103,44,100,57,5,0,0,0,1,207
020131104,121,82,21,2,3,0,0,0,229
020131105,88,75,50,9,0,0,0,0,222
020131106,121,249,15,21,0,0,0,2,408
020131107,120,119,19,18,5,0,0,3,284
020131201,68,191,10,7,1,0,0,0,277
020131202,115,183,11,9,0,0,0,2,320
020131203,136,72,15,14,0,0,0,0,237
020131204,235,98,14,5,0,0,0,0,352
020131205,99,96,11,9,0,0,0,3,218
020131206,68,125,23,16,3,0,0,5,240
020131207,137,167,6,2,0,0,0,29,341
020131208,130,124,13,15,0,0,0,0,282
020131209,153,218,3,8,1,0,0,1,384
020131210,120,118,3,5,1,0,0,2,249
020131301,115,258,0,2,0,0,0,1,376
020131302,108,46,0,1,0,0,0,0,155
020131303,127,180,3,12,0,0,0,0,322
020131304,212,171,5,5,0,1,0,0,394
020131305,206,204,0,0,0,0,0,1,411
020131306,94,34,1,1,0,0,0,2,132
020131307,56,245,2,1,0,0,0,1,305
020131308,195,53,0,0,0,0,0,1,249
020131309,186,100,0,0,0,0,0,1,287
020131310,217,141,0,0,0,0,0,0,358
020131311,137,72,0,0,1,0,0,5,215
020131312,233,92,1,0,0,0,0,1,327
020131313,322,231,0,1,0,0,0,2,556
020131314,206,141,1,0,0,0,0,0,348
020131401,128,210,0,1,0,0,0,2,341
020131402,102,60,0,0,0,0,0,0,162
020131403,225,137,1,3,0,0,0,1,367
020131404,169,112,8,0,0,0,0,2,291
020131405,129,98,0,0,0,1,0,0,228
020131406,231,127,0,0,0,0,0,1,359
020131407,107,56,0,1,0,0,0,1,165
020131408,103,138,0,0,0,0,0,13,254
020131409,79,158,0,0,0,0,0,1,238
020131410,112,185,0,0,0,0,0,1,298
020131411,139,130,0,0,0,0,0,15,284
020131501,246,88,0,0,0,0,0,16,350
020131502,92,268,0,0,0,0,0,0,360
020131503,124,215,0,0,0,0,0,10,349
020131504,54,133,1,3,1,0,0,7,199
020131505,112,271,1,0,0,0,0,7,391
020131506,129,137,10,0,5,0,0,0,281
020131507,290,93,0,0,0,0,0,0,383
020131508,135,235,0,0,0,0,0,2,372
020131509,253,127,1,0,0,0,0,35,416
020131510,113,214,0,0,0,0,0,4,331
020131511,177,145,0,13,2,0,0,32,369
020131512,138,187,1,0,0,0,0,2,328
020131601,171,217,3,1,0,0,0,0,392
020131602,227,198,2,3,0,0,0,0,430
020131603,128,121,0,1,2,0,0,0,252
020131604,47,319,2,0,0,0,0,0,368
020131605,144,97,1,10,0,0,0,0,252
020131606,83,97,3,0,0,0,0,0,183
020131607,156,196,17,0,0,0,0,0,369
020131608,177,174,0,1,0,0,0,0,352
020131609,167,208,3,0,0,0,0,2,380
020131610,223,166,1,0,0,0,0,1,391
020131611,205,162,0,0,0,0,0,14,381
020131612,191,147,0,9,0,0,0,0,347
020131613,57,163,1,2,0,0,0,0,223
020131701,107,328,3,4,2,0,0,32,476
020131702,148,318,1,5,0,0,0,0,472
020131703,139,240,5,2,1,0,0,2,389
020131704,122,121,3,0,1,0,0,0,247
020131705,72,266,0,1,0,0,0,6,345
020131706,155,196,9,0,0,0,0,0,360
020131707,171,209,5,0,0,0,0,1,386
020131708,136,175,5,0,0,0,0,0,316
020131709,129,262,2,9,0,0,0,1,403
020131710,185,204,0,1,0,0,0,8,398
020131711,174,70,1,0,0,0,0,2,247
020131801,118,167,25,2,1,0,0,21,334
020131802,162,227,13,2,0,0,2,1,407
020131803,113,239,41,2,0,0,0,2,397
020131804,99,178,15,1,0,0,0,1,294
020131805,141,115,18,4,0,0,0,4,282
020131806,116,120,60,4,1,0,0,1,302
020131807,231,107,30,4,0,0,0,11,383
020131808,134,99,42,3,0,0,0,2,280
020131809,72,28,64,4,0,0,0,2,170
020131810,174,69,27,2,1,0,0,1,274
020131901,108,213,0,18,1,0,0,0,340
020131902,70,324,0,0,0,0,0,3,397
020131903,153,141,0,0,0,0,1,0,295
020131904,104,123,0,0,0,0,0,0,227
020131905,312,42,6,1,1,0,0,4,366
020131906,148,67,0,0,0,0,0,0,215
020131907,153,65,22,15,0,0,0,2,257
020131908,205,121,2,1,0,0,0,0,329
020131909,104,224,3,0,0,0,0,1,332
020131910,144,152,3,1,0,0,0,12,312
020131911,34,156,1,2,0,0,0,0,193
020131912,96,146,21,4,0,1,0,0,268
020132001,136,164,0,0,0,0,0,1,301
020132002,111,282,0,0,0,0,0,1,394
020132003,159,16,0,0,0,0,0,0,175
020132004,153,163,0,0,0,0,0,0,316
020132005,114,198,0,0,0,0,0,0,312
020132006,144,280,1,0,0,0,0,3,428
020132007,223,145,4,0,0,0,0,0,372
020132008,162,222,1,1,0,0,0,0,386
020132009,98,158,1,1,0,0,0,0,258
020132010,28,242,0,0,0,0,0,2,272
020132011,131,102,0,0,0,0,0,28,261
020132012,174,103,0,0,0,0,0,0,277
020132101,101,143,0,0,0,0,0,0,244
020132102,101,47,0,0,0,0,0,1,149
020132103,148,83,1,0,0,0,0,1,233
020132104,137,182,0,0,0,0,0,0,319
020132105,138,150,1,0,0,0,0,2,291
020132106,155,157,0,0,0,0,0,0,312
020132107,201,247,0,0,0,0,0,2,450
020132108,197,148,0,0,0,0,0,0,345
020132109,204,155,0,0,0,0,0,1,360
020132110,191,133,2,0,0,0,0,16,342
020132201,150,91,8,1,0,0,0,1,251
020132202,159,61,0,1,0,0,0,0,221
020132203,104,112,0,0,0,0,0,6,222
020132204,188,133,6,0,0,0,0,0,327
020132205,184,206,2,1,0,0,0,1,394
020132206,242,147,1,0,0,0,0,1,391
020132207,252,202,1,0,0,0,0,0,455
020132208,121,227,2,0,0,0,0,27,377
020132209,116,104,0,0,0,0,0,0,220
020132301,270,271,2,0,0,0,0,2,545
020132302,156,100,1,11,0,0,0,2,270
020132303,187,327,0,0,0,0,0,24,538
020132304,127,150,0,1,0,0,0,16,294
020132305,109,125,1,1,0,0,0,0,236
020132306,165,200,0,1,0,0,0,2,368
020132307,116,141,0,0,0,0,0,0,257
020132308,152,329,0,3,2,0,0,19,505
020132309,198,207,3,1,0,0,0,20,429
020132310,93,148,1,1,0,0,0,0,243
020132311,262,160,0,0,0,0,0,2,424
020132401,56,119,20,2,0,0,0,1,198
020132402,70,167,11,0,0,0,0,4,252
020132403,127,137,15,4,0,0,0,0,283
020132404,176,183,2,1,1,0,0,1,364
020132405,59,188,24,15,0,0,0,0,286
020132406,158,112,27,8,0,0,0,13,318
020132407,180,155,17,10,2,0,0,3,367
020132408,160,148,20,9,2,0,0,0,339
020132409,75,204,59,27,3,0,0,13,381
020132410,100,130,30,17,0,0,0,6,283
020132501,175,53,28,6,0,0,0,0,262
020132502,89,169,11,9,0,0,0,1,279
020132503,181,135,12,28,0,0,0,36,392
020132504,113,117,9,17,0,0,0,13,269
020132505,63,129,17,9,0,0,0,3,221
020132506,85,154,19,14,2,0,0,0,274
020132507,252,247,1,0,2,0,0,2,504
020132508,149,203,2,8,0,0,0,2,364
020132601,78,170,38,18,1,1,0,10,316
020132602,164,118,15,18,1,1,0,8,325
020132603,21,234,16,15,0,0,0,2,288
020132604,281,108,12,13,0,0,0,5,419
020132605,161,131,17,4,0,0,0,4,317
020132606,121,122,13,9,0,0,0,0,265
020132607,69,113,2,5,0,0,0,0,189
020132608,129,80,4,0,0,0,0,1,214
020132609,102,76,6,13,0,0,0,5,202
020132610,227,188,3,3,0,0,0,15,436
020132611,122,153,2,3,1,0,0,0,281
020132701,59,111,0,1,0,0,0,4,175
020132702,145,252,2,0,0,0,0,0,399
020132703,168,268,0,1,0,0,0,3,440
020132704,211,163,8,2,0,0,0,3,387
020132705,141,165,2,2,0,0,0,1,311
020132706,193,334,0,0,0,0,0,2,529
020132707,195,281,0,6,1,0,0,14,497
020132708,141,206,0,8,0,0,0,13,368
020132709,197,207,2,0,0,0,0,1,407
020132801,111,112,0,0,45,0,0,0,268
020132802,117,94,0,1,0,0,0,1,213
020132803,95,217,0,6,0,0,0,0,318
020132804,109,86,4,0,1,0,0,1,201
020132805,111,103,1,1,0,0,0,1,217
020132806,149,187,3,16,1,0,0,0,356
020132807,124,203,0,0,1,0,0,1,329
020132808,262,185,4,0,0,0,0,0,451
020132809,193,196,1,0,0,0,0,3,393
020132810,102,169,1,0,0,0,0,1,273
020132901,54,172,10,38,0,0,0,0,274
020132902,128,143,4,4,0,0,0,2,281
020132903,125,113,4,4,1,0,0,0,247
020132904,121,240,11,8,0,0,0,2,382
020132905,137,125,9,3,4,0,0,2,280
020132906,139,162,23,1,0,0,1,4,330
020132907,143,149,32,26,4,0,0,1,355
020132908,128,234,27,29,2,0,0,0,420
020132909,183,24,0,0,0,0,0,1,208
020132910,156,101,0,0,0,0,0,1,258
020132911,215,88,2,19,1,0,0,2,327
020140101,103,107,0,0,0,0,0,0,210
020140102,145,107,0,0,1,0,0,2,255
020140103,227,170,0,0,1,0,0,2,400
020140104,125,223,12,1,0,0,0,1,362
020140105,255,323,3,2,0,0,0,2,585
020140106,209,237,0,0,0,0,0,0,446
020140107,177,166,0,0,0,0,0,24,367
020140108,159,118,19,3,0,0,0,0,299
020140109,239,159,0,0,0,0,0,0,398
020140110,283,175,0,1,0,0,0,3,462
020140201,254,222,1,0,0,0,0,28,505
020140202,147,118,5,0,0,1,0,0,271
020140203,221,128,0,0,0,0,0,0,349
020140204,198,116,3,3,0,0,0,0,320
020140205,184,138,0,0,0,0,0,18,340
020140206,129,133,0,0,0,0,0,6,268
020140207,157,159,0,0,0,0,0,1,317
020140208,191,205,1,5,0,0,0,0,402
020140209,177,203,0,0,0,0,0,0,380
020140210,214,255,3,0,0,0,1,1,474
020140301,224,531,1,0,0,0,0,2,758
020140302,101,123,2,0,0,0,0,0,226
020140303,97,116,0,1,0,0,0,12,226
020140304,179,116,0,0,1,0,0,1,297
020140305,175,230,1,0,0,0,0,1,407
020140306,97,67,0,0,0,0,0,0,164
020140307,87,210,0,0,0,0,0,0,297
020140308,134,283,2,1,0,0,0,10,430
020140309,222,232,0,0,0,0,0,2,456
020140310,155,151,1,0,0,0,0,1,308
020140311,137,189,0,0,0,0,0,21,347
020140312,129,171,2,0,0,0,0,3,305
020140401,207,197,1,3,2,0,0,3,413
020140402,95,114,10,1,0,0,0,0,220
020140403,62,114,18,3,0,0,0,21,218
020140404,160,117,0,0,0,0,0,16,293
020140405,164,216,3,0,1,0,0,0,384
020140406,196,254,0,2,0,1,0,1,454
020140407,106,325,0,1,0,0,0,0,432
020140408,299,150,2,1,0,0,0,30,482
020140409,199,218,8,0,0,0,0,8,433
020140410,271,404,0,4,0,0,0,18,697
020140501,248,89,1,0,0,0,0,19,357
020140502,273,96,0,0,0,0,0,1,370
020140503,219,172,2,15,2,0,0,2,412
020140504,222,60,0,0,0,0,0,2,284
020140505,299,205,1,1,0,0,0,1,507
020140506,136,134,2,1,1,0,0,3,277
020140507,82,148,2,4,0,0,0,0,236
020140508,65,85,4,31,3,0,0,2,190
020140509,278,220,0,1,2,0,0,1,502
020140510,180,359,1,2,1,0,0,3,546
020140601,234,271,1,4,0,0,0,2,512
020140602,221,170,1,2,0,0,0,7,401
020140603,121,207,7,40,4,0,0,1,380
020140604,152,198,2,6,0,0,0,3,361
020140605,214,139,1,17,2,1,0,13,387
020140606,265,224,4,6,0,0,0,12,511
020140607,120,231,0,4,0,0,0,4,359
020140608,73,165,1,2,0,0,0,12,253
020140609,154,222,1,24,0,0,0,1,402
020140610,138,73,0,1,0,0,0,1,213
020140701,83,256,5,23,2,0,0,6,375
020140702,259,136,1,10,2,0,0,3,411
020140703,83,163,8,31,3,0,0,1,289
020140704,210,174,1,10,0,0,0,7,402
020140705,93,133,2,29,0,0,0,3,260
020140706,153,133,8,6,0,0,0,1,301
020140707,87,123,12,16,2,0,0,0,240
020140708,114,96,7,14,2,0,4,2,239
020140709,117,133,6,16,3,0,0,0,275
020140801,91,243,6,19,0,0,0,7,366
020140802,85,186,2,14,1,0,0,2,290
020140803,90,68,3,7,1,0,0,0,169
020140804,170,72,0,1,0,0,0,2,245
020140805,135,342,1,3,0,0,0,1,482
020140806,132,301,13,5,1,0,0,17,469
020140807,116,178,3,3,1,0,0,0,301
020140808,87,202,4,6,0,1,0,6,306
020140809,193,258,3,15,0,0,0,7,476
020140901,301,185,0,3,0,0,0,2,491
020140902,155,123,0,4,0,0,0,21,303
020140903,251,264,3,5,1,0,0,1,525
020140904,248,284,1,0,0,0,0,4,537
020140905,111,57,0,0,0,0,0,30,198
020140906,89,191,2,1,0,0,0,13,296
020140907,66,198,0,0,0,0,0,0,264
020140908,186,176,1,0,0,0,0,28,391
020140909,208,142,6,6,1,0,0,0,363
020140910,163,298,0,1,0,0,0,0,462
020140911,265,125,1,3,0,0,0,1,395
020140912,247,146,1,18,2,0,0,4,418
020140913,122,185,4,5,0,0,0,33,349
020141001,4,2,0,0,0,0,0,0,6
020141101,140,137,6,1,0,0,0,0,284
020141102,259,192,2,14,0,0,0,1,468
020141103,142,65,1,0,0,0,0,29,237
020141104,156,118,1,1,0,0,0,3,279
020141105,156,218,0,3,0,0,0,2,379
020141106,241,110,0,0,0,0,0,2,353
020141107,166,37,61,2,1,0,0,0,267
020141108,341,159,0,4,1,0,0,24,529
020141109,222,189,1,0,0,0,0,0,412
020141110,100,100,2,0,0,0,0,6,208
020141111,112,190,0,0,0,0,0,14,316
020141112,181,173,0,2,0,0,0,6,362
020141113,143,255,0,1,0,0,0,0,399
020141114,137,91,0,0,0,0,0,3,231
020141201,85,143,0,1,0,0,0,1,230
020141202,145,229,2,0,0,0,0,6,382
020141203,177,149,2,1,0,0,0,0,329
020141204,214,123,2,2,1,0,0,2,344
020141205,217,156,5,1,0,0,0,1,380
020141206,74,183,1,3,0,0,0,3,264
020141207,69,55,1,1,0,0,0,19,145
020141208,41,136,0,1,0,0,0,10,188
020141209,206,106,0,15,0,0,0,0,327
020141210,161,190,0,1,0,0,0,0,352
020141211,170,91,0,11,0,0,0,2,274
020141301,76,136,11,39,3,0,0,2,267
020141302,127,136,4,23,6,5,1,11,313
020141303,150,237,2,7,0,0,0,10,406
020141304,87,132,6,9,2,0,0,6,242
020141305,139,146,9,7,0,0,0,0,301
020141306,92,164,4,14,0,0,0,4,278
020141307,58,76,1,6,0,1,0,5,147
020141308,118,124,9,15,3,0,0,6,275
020141309,147,167,5,13,2,0,0,3,337
020141310,79,186,13,9,6,0,0,1,294
020141311,80,166,3,8,1,0,0,2,260
020141312,109,117,2,13,1,1,0,4,247
020141401,281,178,0,0,0,0,0,1,460
020141402,120,168,0,2,0,0,0,0,290
020141403,128,228,2,0,0,0,0,0,358
020141404,78,107,1,5,0,0,0,3,194
020141405,84,79,2,32,0,0,0,0,197
020141406,71,128,0,3,0,0,0,0,202
020141407,92,91,11,10,6,0,0,0,210
020141408,243,214,2,1,0,0,0,2,462
020141409,222,237,1,19,1,0,0,3,483
020141410,198,136,0,7,0,0,0,8,349
020141411,247,162,0,0,1,0,0,1,411
020141501,183,123,3,0,9,0,0,1,319
020141502,194,153,0,1,1,0,0,2,351
020141503,154,196,0,0,0,0,0,0,350
020141504,169,195,13,0,0,0,0,2,379
020141505,225,218,0,0,0,0,0,0,443
020141506,136,269,18,1,0,0,0,16,440
020141507,150,196,2,0,0,0,0,0,348
020141508,369,510,2,2,0,0,0,3,886
020141601,345,244,0,0,0,0,0,2,591
020141602,155,174,1,1,0,0,0,0,331
020141603,274,245,2,0,0,0,0,3,524
020141604,163,229,4,0,0,0,0,1,397
020141605,190,180,0,1,0,0,0,3,374
020141606,23,99,0,0,0,0,0,0,122
020141607,154,136,1,0,0,0,0,33,324
020141701,203,144,1,0,0,0,0,4,352
020141702,134,241,1,1,0,0,0,13,390
020141703,125,209,0,0,0,0,0,4,338
020141704,119,87,1,0,0,0,0,1,208
020141705,161,160,0,7,0,0,0,0,328
020141706,196,77,0,0,0,0,0,1,274
020141707,209,106,0,1,0,0,0,0,316
020141708,352,268,0,1,1,0,0,1,623
020141801,210,144,0,0,0,0,0,1,355
020141802,122,191,1,0,0,0,0,0,314
020141803,253,213,0,0,0,0,0,10,476
020141804,190,170,15,0,0,0,0,16,391
020141805,175,286,0,1,0,0,0,4,466
020141806,184,170,0,0,0,0,0,0,354
020141807,156,122,0,0,0,0,0,4,282
020141808,210,266,0,1,0,0,0,12,489
020141901,143,98,1,2,0,0,0,32,276
020141902,197,322,4,2,0,0,0,4,529
020141903,279,237,9,0,0,0,0,21,546
020141904,371,238,0,0,0,0,0,19,628
020141905,343,304,4,0,0,0,0,1,652
020142001,221,381,1,0,0,0,0,1,604
020142002,292,356,2,2,0,0,0,9,661
020142003,326,140,1,0,1,0,0,2,470
020142004,159,213,0,0,0,0,0,2,374
020142005,204,167,1,0,0,0,0,3,375
020142006,117,157,0,0,0,0,0,1,275
020142007,43,125,0,0,0,0,0,0,168
020142101,198,183,10,4,3,0,0,1,399
020142102,135,127,17,19,2,0,0,3,303
020142103,69,64,5,5,2,0,0,0,145
020142104,79,157,7,9,1,0,0,1,254
020142105,68,69,2,16,0,0,0,3,158
020142106,73,159,5,8,1,0,0,0,246
020142107,172,124,0,10,3,0,0,0,309
020142108,103,217,3,0,0,0,0,0,323
020142109,146,102,3,12,3,0,0,0,266
020142110,119,118,5,9,0,0,0,1,252
020142111,88,168,2,14,4,0,0,8,284
020142201,179,147,8,33,1,0,0,0,368
020142202,165,212,14,15,1,0,0,0,407
020142203,139,78,9,6,1,0,0,0,233
020142204,42,180,8,9,0,0,0,1,240
020142205,230,151,10,30,1,0,0,1,423
020142206,212,176,6,17,1,0,0,3,415
020142207,122,169,6,25,0,0,0,0,322
020142208,115,190,6,20,2,0,0,7,340
020142209,274,218,2,2,2,0,0,2,500
020142210,144,171,3,5,1,0,0,12,336
020142301,100,151,6,14,1,0,0,9,281
020142302,94,115,3,4,0,0,0,2,218
020142303,95,121,7,5,7,0,0,8,243
020142304,122,244,0,1,0,0,0,1,368
020142305,240,224,5,7,0,0,0,40,516
020142306,108,96,2,5,0,1,0,0,212
020142307,193,119,3,13,4,0,0,9,341
020142308,222,235,3,21,0,0,0,1,482
020142309,194,282,6,5,0,0,0,5,492
020142310,174,178,3,5,0,0,0,18,378
020142311,294,160,0,5,1,0,0,2,462
020142401,150,150,1,0,0,0,0,0,301
020142402,116,115,0,0,0,0,0,1,232
020142403,135,127,0,1,0,0,0,6,269
020142404,175,34,0,0,0,0,0,1,210
020142405,176,253,0,2,0,0,0,5,436
020142406,156,186,0,1,0,0,0,0,343
020142407,170,160,0,0,0,0,0,1,331
020142408,154,113,0,0,0,0,0,0,267
020142409,118,223,0,3,0,0,0,4,348
020142501,245,135,1,1,0,0,0,1,383
020142502,73,140,0,1,2,0,0,0,216
020142503,141,212,0,0,0,0,0,0,353
020142504,143,140,0,1,0,0,0,1,285
020142505,77,162,0,0,0,0,0,0,239
020142506,161,107,2,5,2,0,0,0,277
020142507,211,159,0,2,0,0,0,1,373
020142508,183,167,0,0,0,0,0,5,355
020142509,183,216,2,3,1,0,0,0,405
020142601,357,168,1,0,0,0,0,0,526
020142602,155,195,0,1,0,0,0,6,357
020142603,76,107,0,0,0,0,0,1,184
020142604,334,508,0,2,1,0,0,5,850
020142605,244,207,0,1,0,0,0,6,458
020142606,178,208,0,1,0,0,0,0,387
020142607,344,170,17,0,0,0,0,1,532
020142701,409,156,3,0,1,0,0,47,616
020142702,442,125,1,1,0,0,0,1,570
020142703,181,103,0,0,0,0,0,0,284
020142704,170,212,0,0,0,0,0,14,396
020142705,178,273,0,0,0,0,0,36,487
020142706,93,118,0,0,0,0,0,1,212
020142707,140,76,0,1,0,0,0,0,217
020142801,172,126,0,0,0,0,0,1,299
020142802,137,127,0,0,0,0,0,2,266
020142803,181,106,1,0,0,0,0,0,288
020142804,124,190,0,0,0,0,0,0,314
020142805,97,131,0,0,0,0,0,0,228
020142806,185,227,0,0,0,0,0,1,413
020142807,224,150,0,0,0,0,0,0,374
020142808,128,170,1,1,0,0,0,2,302
020142809,141,122,0,0,0,0,0,0,263
020142810,160,212,0,0,0,0,0,9,381
020142811,79,285,0,0,0,0,0,28,392
020142812,105,106,0,0,0,0,0,59,270
020142901,70,201,2,0,1,0,0,3,277
020142902,109,150,8,0,0,0,0,13,280
020142903,70,199,0,0,0,0,0,1,270
020142904,179,150,0,2,0,0,0,27,358
020142905,93,180,3,0,0,0,0,4,280
020142906,119,321,0,4,0,0,0,4,448
020142907,172,153,0,2,12,0,0,40,379
020142908,117,149,0,0,0,0,0,1,267
020142909,114,201,0,0,1,0,0,20,336
020142910,150,205,1,8,1,0,0,1,366
020142911,128,132,4,0,0,0,0,17,281
020143001,183,142,0,0,0,0,0,2,327
020143002,197,207,0,0,0,0,0,25,429
020143003,191,214,0,1,0,0,0,1,407
020143004,86,210,1,1,0,0,0,7,305
020143005,207,162,1,0,0,0,0,8,378
020143006,132,98,3,0,0,0,0,0,233
020143007,102,98,1,0,1,0,0,2,204
020143008,376,291,1,1,0,0,0,6,675
020143009,408,169,1,0,0,0,0,1,579
020143101,92,116,2,0,0,0,0,7,217
020143102,145,153,0,0,0,0,0,29,327
020143103,167,112,0,0,0,0,0,0,279
020143104,104,144,0,1,0,0,0,1,250
020143105,152,96,0,1,0,0,0,2,251
020143106,142,261,0,0,0,0,0,3,406
020143107,148,158,3,1,0,0,0,5,315
020143108,118,105,17,26,0,0,0,3,269
020143109,103,105,16,1,0,0,0,0,225
020143110,90,79,3,1,0,0,0,22,195
020143111,73,140,0,1,0,0,0,0,214
020143112,137,100,0,0,4,0,0,19,260
020150101,141,205,34,16,5,0,0,16,417
020150102,130,161,36,17,0,0,0,0,344
020150103,87,156,15,10,0,0,0,0,268
020150104,100,103,20,9,2,0,1,2,237
020150105,89,133,24,20,1,0,0,1,268
020150106,82,118,49,7,0,0,0,1,257
020150107,88,161,26,14,1,0,0,0,290
020150108,82,157,22,11,0,1,0,3,276
020150109,93,175,53,13,2,0,0,6,342
020150110,123,162,36,14,4,0,0,1,340
020150111,73,130,10,6,0,0,0,1,220
020150112,101,129,27,22,1,0,0,3,283
020150201,96,136,36,11,0,0,0,1,280
020150202,99,142,39,20,0,0,0,0,300
020150203,56,156,57,15,7,0,0,1,292
020150204,48,116,38,6,0,0,0,0,208
020150205,82,104,18,4,0,0,0,0,208
020150206,56,176,27,9,0,0,0,0,268
020150207,82,160,25,9,1,0,0,2,279
020150208,61,134,30,11,0,0,0,0,236
020150209,102,90,14,4,0,0,0,2,212
020150210,84,120,17,12,0,0,0,0,233
020150301,84,171,25,6,2,0,0,1,289
020150302,171,197,19,10,0,0,0,2,399
020150303,136,219,12,12,3,0,0,0,382
020150304,83,108,36,38,2,0,0,2,269
020150305,77,98,29,32,5,0,0,1,242
020150306,90,106,67,6,0,0,0,3,272
020150307,77,83,85,5,1,0,0,0,251
020150308,142,157,19,9,0,0,0,2,329
020150309,126,188,16,18,0,0,0,1,349
020150310,125,202,8,4,1,0,0,0,340
020150311,170,158,8,3,0,1,0,0,340
020150312,115,222,20,47,1,0,4,2,411
020150313,96,151,27,9,2,0,0,6,291
020150401,109,189,15,15,3,0,1,5,337
020150402,101,123,19,9,2,0,0,2,256
020150403,134,215,29,16,2,0,0,5,401
020150404,40,136,19,11,0,0,0,0,206
020150405,58,133,10,27,1,0,0,1,230
020150406,91,144,11,21,3,0,0,0,270
020150407,93,171,15,26,2,0,0,1,308
020150408,139,127,10,16,4,0,0,1,297
020150409,94,152,5,12,0,0,0,1,264
020150410,87,142,5,21,1,0,0,1,257
020150411,87,179,8,20,2,0,0,0,296
020150412,148,182,3,12,0,0,5,3,353
020150413,92,188,7,16,1,0,1,23,328
020150414,82,185,18,28,4,0,0,1,318
020150501,118,170,10,3,0,0,0,2,303
020150502,127,203,17,6,3,0,0,2,358
020150503,75,178,17,7,1,0,0,0,278
020150504,65,148,12,7,2,0,0,1,235
020150505,69,176,29,23,1,0,0,3,301
020150506,96,137,18,26,2,0,0,3,282
020150507,101,147,12,8,2,0,0,11,281
020150508,79,183,41,29,1,1,0,0,334
020150509,68,158,17,15,0,0,0,0,258
020150510,80,110,17,16,0,0,0,1,224
020150511,82,151,20,18,3,0,0,0,274
020150512,71,171,16,11,0,0,0,3,272
020150513,153,108,19,5,2,0,0,2,289
020150514,68,153,26,11,0,0,0,3,261
020150601,132,139,14,5,0,0,0,1,291
020150602,109,145,27,4,0,0,0,0,285
020150603,113,129,28,12,1,0,0,3,286
020150604,54,163,25,7,0,0,0,1,250
020150605,79,86,16,5,1,0,0,5,192
020150606,6,26,147,3,1,0,0,0,183
020150607,91,132,18,13,1,0,0,0,255
020150701,108,152,12,24,3,0,0,1,300
020150702,91,118,11,22,2,0,0,0,244
020150703,67,132,5,18,6,0,0,2,230
020150704,62,123,6,22,1,0,0,2,216
020150705,102,160,6,19,3,0,0,3,293
020150706,68,109,2,113,10,12,2,5,321
020150707,155,169,7,16,2,0,0,2,351
020150708,97,168,9,13,0,0,0,41,328
020150709,80,160,14,24,5,0,0,0,283
020150710,99,235,17,16,6,1,0,5,379
020150711,102,199,12,11,2,0,0,3,329
020150712,92,201,22,28,3,0,0,2,348
020150801,99,183,16,37,0,0,0,1,336
020150802,55,156,4,17,2,1,0,2,237
020150803,103,216,23,24,5,0,0,2,373
020150804,115,179,10,25,1,0,0,0,330
020150805,84,176,4,14,4,0,0,3,285
020150806,111,136,2,8,1,0,0,2,260
020150807,137,193,9,15,1,0,0,2,357
020150808,150,142,6,17,7,0,1,0,323
020150809,193,206,3,25,1,0,0,5,433
020150810,145,230,3,4,0,0,0,0,382
020150901,109,112,0,7,0,0,0,0,228
020150902,40,164,2,2,0,0,0,1,209
020150903,50,59,112,3,0,0,0,6,230
020150904,90,91,3,58,7,0,0,4,253
020150905,73,139,5,29,1,1,0,1,249
020150906,48,99,11,51,4,0,0,0,213
020150907,74,137,2,47,4,1,0,5,270
020150908,74,390,9,210,9,7,4,24,727
020151001,141,185,11,6,2,0,0,3,348
020151002,158,159,6,14,1,0,0,3,341
020151003,136,233,20,17,1,0,0,2,409
020151004,100,206,7,20,1,0,1,2,337
020151005,76,165,5,22,3,0,0,6,277
020151006,84,119,7,3,0,0,0,3,216
020151007,240,154,3,1,0,0,0,4,402
020151008,121,193,1,9,0,0,0,0,324
020151009,129,155,4,8,0,0,0,1,297
020151010,85,153,2,8,0,0,0,9,257
020151011,81,147,6,14,3,0,0,2,253
020151012,145,176,5,11,0,0,0,1,338
020151013,46,306,4,7,0,0,0,1,364
020151101,106,180,7,9,1,0,0,5,308
020151102,112,209,4,18,2,0,0,13,358
020151103,88,185,12,16,2,0,0,2,305
020151104,133,134,9,26,1,0,0,5,308
020151105,91,102,7,33,8,0,0,4,245
020151106,67,128,16,52,2,0,0,1,266
020151107,112,127,6,12,1,0,0,0,258
020151108,124,116,7,29,0,0,0,0,276
020151109,89,273,7,3,9,0,0,1,382
020151110,89,152,6,20,1,0,0,0,268
020151111,210,308,1,10,0,0,0,2,531
020151112,255,113,1,4,0,0,0,3,376
020151113,75,244,3,33,2,0,0,7,364
020151201,74,149,2,49,2,0,0,1,277
020151202,108,142,9,13,8,0,0,3,283
020151203,99,178,4,28,0,0,0,0,309
020151204,122,178,3,18,1,0,0,2,324
020151205,91,216,5,15,4,0,0,2,333
020151206,127,133,32,13,2,0,0,1,308
020151207,116,90,5,0,0,0,0,24,235
020151208,151,213,8,1,0,0,0,0,373
020151209,70,167,2,3,0,0,0,3,245
020151301,96,167,10,28,1,0,0,2,304
020151302,74,161,8,12,0,0,0,2,257
020151303,179,102,1,3,0,0,0,13,298
020151304,104,129,12,15,0,0,0,2,262
020151305,130,74,7,1,0,0,0,0,212
020151306,74,159,2,2,1,0,0,0,238
020151307,187,96,1,3,0,0,0,5,292
020151308,110,77,1,6,0,0,0,0,194
020151309,341,116,1,0,0,0,0,4,462
020151310,190,106,0,1,0,0,0,0,297
020151401,264,87,10,2,0,0,0,1,364
020151402,289,96,0,0,0,0,0,1,386
020151403,203,90,0,8,0,0,0,1,302
020151404,154,141,0,9,1,0,0,3,308
020151405,130,277,0,12,0,0,0,2,421
020151406,94,176,0,3,0,0,0,13,286
020151407,246,145,0,0,0,0,0,1,392
020151408,145,140,8,26,3,0,0,4,326
020151409,146,178,0,23,0,0,0,0,347
020151410,118,139,2,9,1,0,0,3,272
020151411,200,135,9,20,1,0,1,10,376
020151501,149,140,1,2,0,0,0,1,293
020151502,57,156,3,14,4,0,0,1,235
020151503,278,123,0,0,0,0,0,0,401
020151504,134,173,5,39,1,0,0,0,352
020151505,77,182,3,33,0,0,0,2,297
020151506,93,197,5,16,0,0,0,0,311
020151507,39,272,4,17,28,0,0,1,361
020151508,76,170,3,9,1,0,0,1,260
020151509,169,229,1,8,0,0,0,23,430
020151510,182,218,5,8,0,0,0,0,413
020151601,92,255,1,6,0,0,0,1,355
020151602,115,184,13,10,3,0,0,2,327
020151603,136,221,24,6,1,0,0,0,388
020151604,127,138,12,14,0,0,0,2,293
020151605,132,139,1,3,1,0,0,0,276
020151606,116,174,5,13,0,0,0,0,308
020151607,54,233,16,10,1,0,0,2,316
020151608,159,178,7,6,1,0,0,3,354
020151609,119,179,2,1,0,0,0,5,306
020151610,65,240,15,14,1,0,0,2,337
020151611,46,254,3,1,1,0,0,2,307
020151701,165,126,0,7,0,0,0,25,323
020151702,118,148,1,1,0,0,0,3,271
020151703,200,157,4,6,1,0,0,0,368
020151704,157,237,5,9,1,0,0,0,409
020151705,196,134,1,15,0,0,0,3,349
020151706,148,153,5,1,0,0,0,1,308
020151707,50,270,6,4,1,0,0,2,333
020151708,70,195,1,4,0,0,0,0,270
020151709,118,131,7,7,0,0,0,3,266
020151710,194,143,1,3,0,0,0,1,342
020151711,160,177,10,8,1,0,0,0,356
020151712,203,87,5,5,1,0,0,1,302
020151801,118,139,0,0,0,0,0,0,257
020151802,110,103,0,0,0,0,0,0,213
020151803,155,152,0,2,0,0,0,1,310
020151804,105,103,0,0,1,0,0,0,209
020151805,122,89,1,0,0,0,0,3,215
020151806,101,103,2,3,0,0,0,1,210
020151807,134,179,1,1,0,0,0,1,316
020151808,109,108,0,0,0,0,0,1,218
020151809,222,0,0,0,0,0,0,0,222
020151810,150,83,2,5,0,0,0,0,240
020151811,136,149,2,2,0,0,0,5,294
020151812,147,91,3,2,0,0,0,1,244
020151813,86,162,0,0,0,0,0,6,254
020151901,79,151,0,0,0,0,0,0,230
020151902,195,137,1,0,0,0,0,2,335
020151903,144,157,4,2,0,0,0,3,310
020151904,184,149,7,2,0,0,0,1,343
020151905,129,251,1,1,0,0,0,1,383
020151906,147,186,0,0,0,0,0,5,338
020151907,181,190,1,2,0,0,0,0,374
020151908,121,172,0,0,0,0,0,1,294
020151909,116,163,0,0,0,0,0,7,286
020151910,217,192,0,0,0,0,0,3,412
020151911,199,168,1,5,0,0,0,10,383
020152001,104,236,0,1,4,0,0,2,347
020152002,132,224,0,0,0,0,0,10,366
020152003,158,185,0,3,0,0,0,0,346
020152004,81,189,2,4,0,0,0,2,278
020152005,194,78,1,1,0,0,0,0,274
020152006,121,193,1,4,0,0,0,2,321
020152007,98,165,7,3,1,0,0,15,289
020152008,114,130,15,6,2,0,0,1,268
020152009,75,145,1,3,0,0,0,1,225
020152010,127,157,7,25,2,0,0,1,319
020152011,150,177,5,12,0,0,0,0,344
020152012,171,141,2,11,4,0,0,13,342
020152101,131,151,0,36,0,0,0,2,320
020152102,211,151,4,6,1,0,0,1,374
020152103,108,159,4,11,8,0,0,3,293
020152104,172,145,13,11,1,0,0,1,343
020152105,26,156,4,12,1,0,0,2,201
020152106,61,331,14,6,1,0,0,5,418
020152107,87,79,8,1,0,0,0,0,175
020152108,119,139,0,0,0,0,0,3,261
020152109,132,252,4,3,0,0,0,1,392
020152110,97,165,0,16,0,0,0,0,278
020152111,202,124,3,4,2,0,0,0,335
020152112,63,133,4,2,15,0,0,0,217
020152113,159,199,4,3,0,0,0,24,389
060280101,38,136,17,155,13,0,0,1,360
060280102,16,104,16,144,6,4,0,0,290
060280103,24,130,19,129,23,0,0,1,326
060280104,5,93,2,188,3,1,3,0,295
060280105,2,34,0,162,3,0,0,0,201
060280106,27,102,32,86,12,0,0,7,266
060280107,3,143,32,141,5,1,0,1,326
060280108,25,159,29,176,37,1,0,1,428
060280109,57,199,46,164,15,1,0,3,485
060280110,52,79,44,44,7,0,0,3,229
060280111,47,175,60,97,15,1,0,0,395
060280112,30,136,28,83,21,1,0,2,301
060280113,36,86,27,112,10,0,0,6,277
060280114,34,121,13,115,7,0,0,4,294
060280115,49,204,45,96,25,2,0,5,426
060280201,12,155,19,238,21,8,0,3,456
060280202,33,126,19,171,17,2,1,0,369
060280203,26,172,14,205,14,1,0,5,437
060280204,13,181,22,202,6,3,0,2,429
060280205,25,45,5,166,46,3,0,2,292
060280206,10,33,9,130,153,2,0,0,337
060280207,20,126,14,137,12,0,1,0,310
060280208,9,125,10,138,37,1,0,4,324
060280301,115,155,42,137,21,0,0,3,473
060280302,29,160,22,206,11,2,0,0,430
060280303,18,82,21,350,18,2,3,2,496
060280304,11,53,8,130,11,2,0,1,216
060280305,16,63,7,301,14,4,0,1,406
060280306,2,47,4,130,5,2,0,4,194
060280307,9,68,8,245,8,6,0,2,346
060280308,44,214,20,232,8,2,1,4,525
060280309,85,55,10,120,5,0,0,2,277
060280310,46,122,23,117,8,2,0,0,318
060280311,20,107,12,105,7,0,0,0,251
060280312,29,82,7,133,14,1,0,0,266
060280401,10,192,15,228,6,6,0,2,459
060280402,10,105,4,223,12,8,0,5,367
060280403,24,113,7,226,13,4,0,3,390
060280404,10,85,9,214,8,4,1,0,331
060280405,11,71,4,235,10,7,0,1,339
060280406,15,114,4,231,8,4,0,3,379
060280407,31,143,9,227,10,1,0,1,422
060280408,11,85,14,279,9,3,0,0,401
060280409,19,87,14,310,7,8,0,0,445
060280410,27,137,11,165,14,1,0,6,361
060280411,34,115,21,190,17,2,0,1,380
060280412,64,198,27,175,8,1,0,1,474
060280501,0,11,0,10,0,0,0,0,21
060280502,0,11,0,13,1,0,0,0,25
060280503,0,4,0,7,0,0,0,0,11
060280504,36,107,15,133,13,1,1,0,306
060280505,1,12,0,10,1,0,0,0,24
060280506,11,107,7,70,2,0,0,1,198
060280507,1,31,4,61,1,1,0,2,101
060280508,3,25,3,43,1,0,0,0,75
060280509,3,26,2,25,5,0,1,0,62
060280510,3,29,3,30,1,0,0,0,66
060280511,25,123,17,146,7,4,0,2,324
060280512,0,14,1,21,0,0,0,0,36
060280513,53,148,10,125,17,6,0,0,359
060280601,68,197,37,72,10,4,0,1,389
060280602,75,333,48,187,17,4,1,2,667
060280603,22,220,20,162,15,2,0,2,443
060280604,89,513,49,458,31,8,1,16,1165
060280605,37,248,33,204,9,0,0,5,536
060280606,76,216,27,196,13,3,0,0,531
060280607,47,192,19,134,4,2,0,2,400
060280608,24,96,10,89,6,0,0,1,226
060280609,64,268,0,1,1,0,0,0,334
060280610,84,378,29,466,27,8,0,9,1001
060280611,21,81,13,122,13,2,0,2,254
060280612,16,95,11,116,9,6,0,3,256
060280613,69,175,0,0,0,0,0,0,244
060280614,42,257,103,318,31,7,1,3,762
060280615,96,374,56,460,30,6,3,7,1032
060280701,34,182,22,345,19,5,1,0,608
060280702,34,183,19,279,14,4,0,13,546
060280703,44,203,35,268,15,3,0,5,573
060280704,42,145,48,168,12,2,0,0,417
060280705,33,108,35,217,13,1,0,4,411
060280706,78,132,103,119,14,1,1,1,449
060280707,64,236,77,255,26,2,0,6,666
060280708,31,138,5,114,15,1,0,3,307
060280709,35,156,16,134,13,1,0,6,361
060280710,57,124,93,54,11,1,0,2,342
060280711,35,185,70,122,16,1,0,4,433
060280801,4,23,4,50,1,0,0,0,82
060280802,9,27,3,32,2,0,0,0,73
060280803,1,6,1,10,2,0,0,0,20
060280804,0,19,6,34,1,0,0,0,60
060280805,31,112,22,152,5,1,0,1,324
060280806,69,73,23,90,12,0,0,0,267
060280807,31,100,22,100,6,0,0,1,260
060280808,66,104,36,101,26,4,0,0,337
060280809,1,14,1,12,4,0,0,0,32
060280810,62,169,73,161,24,0,0,1,490
060280811,50,187,104,105,16,0,1,1,464
060280812,46,144,106,58,4,0,0,1,359
060280813,72,114,143,43,4,0,0,1,377
060280901,26,173,26,224,10,1,2,1,463
060280902,27,134,26,143,14,1,0,4,349
060280903,19,119,13,120,8,2,0,0,281
060280904,71,140,23,282,8,1,0,8,533
060280905,108,143,12,32,3,0,0,2,300
060280906,76,131,99,75,8,2,3,1,395
060280907,27,113,33,130,7,3,1,2,316
060280908,37,106,39,165,10,0,1,6,364
060280909,71,174,90,135,16,1,0,3,490
060281001,62,99,25,56,6,0,0,0,248
060281002,21,153,14,33,7,0,0,1,229
060281003,51,182,49,83,4,0,0,0,369
060281004,29,126,19,66,7,0,1,1,249
060281005,41,123,25,84,9,0,0,1,283
060281006,19,138,10,105,7,0,0,2,281
060281007,26,188,12,105,16,3,0,4,354
060281008,49,198,40,144,9,1,0,1,442
060281009,43,120,13,93,11,0,0,0,280
060281010,36,117,18,122,8,7,0,3,311
060281011,38,112,22,121,8,0,0,1,302
060281012,38,129,15,119,16,1,0,2,320
060281013,63,172,34,231,21,0,2,5,528
060281014,41,115,35,148,8,0,0,0,347
060281015,30,113,43,74,24,1,0,1,286
060281016,50,107,47,90,15,0,0,0,309
060281017,15,90,36,99,5,0,0,0,245
060281101,36,104,35,113,7,0,0,3,298
060281102,36,110,41,89,5,0,0,3,284
060281103,50,62,76,79,9,0,0,0,276
060281104,23,67,101,21,10,0,0,3,225
060281105,47,65,84,38,4,0,0,0,238
060281106,48,65,65,33,4,0,0,0,215
060281107,29,39,119,19,2,0,0,0,208
060281108,15,29,69,16,1,1,0,0,131
060281109,75,106,148,135,6,0,0,2,472
060281110,77,156,108,123,8,0,0,3,475
060281111,89,148,92,185,11,0,0,1,526
060281112,35,72,60,78,8,0,0,1,254
060281113,22,90,59,51,5,0,0,0,227
060281201,65,80,198,63,9,0,0,1,416
060281202,51,43,191,45,5,0,0,0,335
060281203,45,99,181,74,4,0,0,5,408
060281204,53,97,118,47,6,0,0,0,321
060281205,23,54,180,54,3,0,0,0,314
060281206,22,68,71,28,1,0,0,0,190
060281207,36,97,100,39,1,0,0,0,273
060281208,46,44,170,55,2,0,0,1,318
060281209,32,68,163,67,4,0,0,0,334
060281210,93,81,133,113,6,1,1,1,429
060281211,64,87,129,89,3,0,0,0,372
060281301,34,148,125,115,11,0,0,1,434
060281302,45,54,71,61,4,0,0,0,235
060281303,22,69,29,110,3,0,0,3,236
060281304,71,154,36,172,30,0,0,2,465
060281305,55,129,54,86,12,0,1,2,339
060281306,42,115,41,102,9,0,1,2,312
060281307,9,90,19,124,9,1,0,3,255
060281308,28,104,25,158,16,0,0,1,332
060281309,20,105,52,148,14,0,0,1,340
060281310,64,156,65,91,13,0,0,3,392
060281311,66,127,35,121,17,0,0,1,367
060281312,57,76,80,58,14,0,0,5,290
060281313,40,69,37,52,19,0,1,0,218
060281401,34,160,26,174,11,4,0,1,410
060281402,26,101,22,135,19,2,0,2,307
060281403,25,183,26,215,11,0,0,12,472
060281404,29,173,27,177,25,3,0,0,434
060281405,27,134,35,160,15,1,0,0,372
060281406,41,196,24,187,11,6,0,0,465
060281407,53,163,31,179,25,0,0,3,454
060281408,23,110,19,140,6,2,0,6,306
060281409,27,127,15,91,10,0,0,1,271
060281410,38,101,11,133,15,4,0,2,304
060281501,24,77,5,117,22,4,0,1,250
060281502,51,82,18,90,14,0,0,1,256
060281503,32,100,29,101,12,3,0,2,279
060281504,38,75,5,128,16,2,0,5,269
060281505,24,123,15,119,18,0,0,1,300
060281506,40,84,58,62,12,1,0,2,259
060281507,54,133,148,96,13,0,0,1,445
060281508,30,78,63,53,6,0,0,2,232
060281509,57,193,119,160,17,0,0,0,546
060281510,36,112,41,143,19,1,0,1,353
060281511,35,54,19,98,7,2,0,5,220
060281512,46,86,40,105,15,0,0,0,292
060281601,28,246,0,0,0,0,0,0,274
060281602,132,230,0,0,0,0,0,0,362
060281603,495,64,0,0,0,0,0,0,559
060281604,212,96,1,0,0,0,0,0,309
060281605,291,32,0,0,0,0,0,0,323
060281606,176,264,0,0,1,0,0,0,441
060281607,44,190,0,0,0,0,0,0,234
060281608,91,186,0,0,0,0,0,0,277
060281701,49,195,0,2,1,0,0,0,247
060281702,195,145,0,1,0,0,0,0,341
060281703,73,113,0,0,0,0,0,0,186
060281704,29,195,20,2,0,0,0,0,246
060281705,130,124,0,0,2,0,0,1,257
060281706,189,238,0,0,0,0,0,29,456
060281707,217,85,0,0,0,0,0,30,332
060281708,39,252,91,1,0,1,0,13,397
060281709,148,140,0,0,0,0,0,0,288
060281801,127,290,1,5,0,0,0,1,424
060281802,112,182,0,4,2,0,0,1,301
060281803,31,172,32,188,10,3,0,4,440
060281804,22,109,10,79,8,2,1,0,231
060281805,12,95,18,103,8,3,0,1,240
060281806,76,145,31,192,16,2,0,4,466
060281807,8,62,12,205,9,5,0,1,302
060281808,14,106,61,243,8,0,1,5,438
060281809,10,63,96,121,3,1,0,1,295
060281810,28,115,23,126,19,1,0,3,315
060281811,7,24,194,11,1,0,0,0,237
060281901,124,231,1,6,2,0,0,0,364
060281902,210,124,0,0,0,0,0,0,334
060281903,166,209,0,2,0,0,0,0,377
060281904,65,199,12,88,9,3,0,2,378
060281905,3,25,5,121,10,5,0,1,170
060281906,0,5,51,29,0,7,0,0,92
060281907,8,15,9,206,13,26,0,5,282
060281908,33,16,195,101,8,2,0,6,361
060281909,200,207,0,0,0,0,0,0,407
060281910,48,72,128,6,1,0,0,0,255
060281911,27,152,9,157,14,2,0,1,362
060281912,8,111,13,139,17,3,0,7,298
060281913,18,13,0,149,5,7,0,0,192
060282001,48,126,83,122,15,1,0,2,397
060282002,4,10,172,132,11,0,0,1,330
060282003,2,46,18,121,6,0,1,0,194
060282004,26,45,14,369,26,6,0,4,490
060282005,23,87,16,276,6,7,0,3,418
060282006,46,92,96,140,7,1,0,0,382
060282007,18,59,6,190,10,6,0,4,293
060282008,14,90,20,177,10,1,0,0,312
060282009,10,76,8,176,10,2,0,1,283
060282010,21,49,11,209,18,2,1,8,319
060282011,6,67,3,174,4,7,0,1,262
060282012,11,22,11,133,9,5,0,4,195
060282013,33,111,5,234,9,9,1,4,406
060282014,34,147,12,155,2,2,0,0,352
060282015,39,90,9,190,33,10,0,6,377
060282101,34,76,33,61,6,1,0,2,213
060282102,31,94,34,74,13,1,0,2,249
060282103,42,146,54,155,8,0,0,3,408
060282104,24,105,55,53,5,1,0,1,244
060282105,56,77,41,110,5,0,0,0,289
060282106,16,19,161,13,1,1,0,1,212
060282107,16,72,130,84,2,1,0,2,307
060282108,8,60,127,98,13,0,0,0,306
060282109,10,92,15,196,11,2,0,1,327
060282110,18,86,20,113,6,1,0,3,247
060282111,26,89,46,164,5,0,0,0,330
060282112,8,63,48,168,2,0,0,3,292
060282113,11,90,64,84,3,2,0,0,254
060282201,17,39,56,33,2,0,0,0,147
060282202,54,28,137,66,4,0,0,3,292
060282203,32,141,58,98,12,2,0,2,345
060282204,18,113,40,79,12,0,0,1,263
060282205,45,141,42,193,13,1,0,3,438
060282206,45,112,52,178,15,1,0,3,406
060282207,15,37,25,97,10,0,0,1,185
060282208,16,129,17,90,9,1,0,0,262
060282209,24,171,28,142,19,0,0,1,385
060282210,67,194,45,159,26,2,0,2,495
060282211,42,120,33,79,11,0,0,1,286
060282212,26,113,36,64,7,0,0,0,246
060282213,31,116,31,84,5,0,0,0,267
060282214,50,81,25,85,1,1,1,2,246
060282215,28,76,21,76,14,0,0,2,217
060282216,46,214,43,213,23,1,1,3,544
060282217,32,66,26,67,16,0,0,1,208
060282218,34,79,31,88,4,1,0,0,237
060282301,34,211,62,136,9,1,0,0,453
060282302,72,187,60,123,9,1,0,1,453
060282303,43,99,53,62,6,0,1,1,265
060282304,89,146,91,41,9,0,0,3,379
060282305,77,38,78,46,2,0,0,0,241
060282306,46,86,125,58,3,0,0,0,318
060282307,53,99,120,59,2,0,0,0,333
060282308,39,72,71,24,5,0,1,1,213
060282309,52,85,54,83,9,0,0,1,284
060282310,34,84,92,51,3,0,2,2,268
060282311,44,65,122,29,2,0,0,0,262
060282312,29,58,87,33,2,1,0,3,213
060282313,24,58,88,27,2,1,0,3,203
060282401,50,126,128,82,4,0,0,0,390
060282402,20,141,55,189,13,0,0,0,418
060282403,53,87,92,54,5,0,0,0,291
060282404,200,168,22,6,0,0,0,1,397
060282405,59,85,176,131,2,0,0,0,453
060282406,60,62,154,56,2,0,0,1,335
060282407,53,121,103,92,11,0,0,1,381
060282408,64,58,130,67,4,1,0,0,324
060282409,68,75,120,77,1,0,0,0,341
060282501,12,38,171,38,3,0,0,0,262
060282502,28,62,215,20,4,0,0,0,329
060282503,67,85,36,1,0,0,0,0,189
060282504,43,100,27,13,0,0,0,0,183
060282505,72,42,217,24,1,0,0,0,356
060282506,41,66,214,47,7,0,0,0,375
060282507,43,42,106,27,0,0,0,0,218
060282508,41,55,63,37,2,0,0,1,199
060282509,16,39,104,35,3,0,0,0,197
060282510,51,73,158,88,3,1,0,2,376
060282511,47,38,221,88,4,1,0,0,399
060282512,59,47,115,58,5,1,0,1,286
060282513,43,74,158,27,5,0,0,0,307
060282601,14,22,96,22,3,0,0,0,157
060282602,6,23,80,15,2,0,0,0,126
060282603,25,86,92,70,8,2,0,1,284
060282604,15,41,134,45,6,0,0,0,241
060282605,7,41,138,36,2,0,0,0,224
060282606,18,76,56,69,6,0,0,2,227
060282607,10,46,21,83,2,1,0,1,164
060282608,20,19,109,20,3,0,0,0,171
060282609,8,38,202,30,2,0,0,0,280
060282610,11,33,37,85,4,0,0,1,171
060282611,21,38,50,40,0,0,0,0,149
060282612,8,19,45,49,1,0,0,1,123
060282701,32,19,137,17,2,0,0,3,210
060282702,26,75,121,65,2,0,0,0,289
060282703,34,98,34,198,7,2,0,0,373
060282704,35,96,104,71,6,0,0,4,316
060282705,29,78,78,56,6,1,0,0,248
060282706,13,96,12,212,12,2,0,0,347
060282707,11,44,4,84,7,1,0,1,152
060282708,61,129,96,144,12,0,0,1,443
060282709,11,17,88,24,1,0,0,0,141
060282710,14,24,92,27,1,0,0,0,158
060282711,49,74,76,34,3,1,0,1,238
060282712,47,102,108,46,2,1,0,0,306
060282713,58,91,141,45,4,0,1,4,344
060282801,60,174,51,67,2,0,0,0,354
060282802,34,97,46,77,12,0,0,0,266
060282803,43,122,42,161,9,1,1,1,380
060282804,7,88,35,165,10,0,0,2,307
060282805,47,166,35,187,4,0,0,2,441
060282806,69,207,49,189,9,0,0,0,523
060282807,74,163,38,92,7,0,0,0,374
060282808,22,121,10,90,8,0,0,2,253
060282809,58,124,33,114,8,0,1,1,339
060282810,18,120,12,160,6,0,0,0,316
060282811,7,58,56,58,3,1,0,0,183
060282901,29,129,41,131,2,0,0,0,332
060282902,43,62,72,50,1,1,0,0,229
060282903,43,106,42,94,13,1,0,3,302
060282904,33,107,52,93,4,1,0,0,290
060282905,26,93,20,106,7,0,0,4,256
060282906,24,70,9,114,5,0,0,0,222
060282907,38,94,15,147,6,2,0,1,303
060282908,14,121,17,122,6,2,0,1,283
060282909,34,133,16,108,8,1,1,0,301
060282910,49,81,26,81,6,3,0,0,246
060282911,29,127,24,122,2,3,0,1,308
060282912,32,112,13,140,3,1,0,0,301
060282913,17,78,40,130,7,2,0,0,274
060283001,19,105,35,99,2,0,0,3,263
060283002,28,102,18,78,6,0,0,0,232
060283003,17,54,34,116,11,1,1,2,236
060283004,10,141,18,148,15,2,0,0,334
060283005,35,115,21,107,4,0,0,2,284
060283006,20,125,28,93,15,3,0,4,288
060283007,20,67,27,232,12,2,0,0,360
060283008,26,116,10,321,16,0,0,1,490
060283009,21,63,10,214,11,3,1,2,325
060283010,18,71,8,272,13,0,1,2,385
060283011,12,94,10,165,4,2,1,2,290
060283012,6,82,15,118,19,1,0,3,244
060283013,30,99,20,82,4,1,0,1,237
060283014,21,119,24,133,5,0,0,2,304
060283015,38,125,32,93,4,1,0,2,295
060283016,42,90,17,123,9,1,0,2,284
060283017,0,1,2,7,0,0,0,1,11
060283101,56,82,75,68,7,0,0,0,288
060283102,52,52,80,65,4,0,0,1,254
060283103,46,68,97,71,6,0,0,0,288
060283104,37,35,81,37,3,0,0,0,193
060283105,44,81,76,56,1,0,0,0,258
060283106,81,123,122,77,3,0,1,0,407
060283107,27,93,37,201,18,7,0,4,387
060283108,12,90,3,108,2,0,0,0,215
060283109,33,88,16,132,7,3,0,0,279
060283110,51,161,48,147,9,1,2,1,420
060283111,69,144,46,92,8,0,0,0,359
060283112,56,72,102,67,1,2,0,0,300
060283201,81,79,29,55,3,0,0,0,247
060283202,186,73,0,0,0,0,0,0,259
060283203,114,110,37,60,1,0,0,0,322
060283204,39,78,126,38,10,0,0,5,296
060283205,19,58,125,22,1,0,0,0,225
060283206,21,77,73,57,9,0,0,1,238
060283207,45,76,68,107,13,0,0,0,309
060283208,27,107,61,181,8,1,0,1,386
060283209,46,134,119,146,8,0,0,0,453
060283301,30,94,104,324,15,47,5,8,627
060283302,43,95,181,86,23,0,0,0,428
060283303,12,79,123,29,4,0,0,3,250
060283304,9,66,145,45,1,2,0,2,270
060283305,26,90,171,0,0,0,0,1,288
060283306,0,0,0,1,0,0,0,0,1
060283307,10,151,63,169,7,2,0,1,403
060283308,28,116,106,145,6,3,0,1,405
060283309,40,107,145,76,3,2,0,0,373
060283310,42,95,127,30,3,0,0,0,297
060283311,43,97,154,55,2,1,0,2,354
060283312,40,145,30,140,6,0,0,0,361
060283313,22,164,33,166,7,1,1,2,396
060283314,14,117,26,305,7,12,0,1,482
060283401,29,88,36,108,9,2,1,2,275
060283402,46,124,70,136,10,3,0,0,389
060283403,77,149,60,121,7,0,0,2,416
060283404,29,97,42,184,11,2,2,0,367
060283405,35,74,38,125,3,0,0,0,275
060283406,61,103,119,83,8,0,0,1,375
060283407,35,49,68,62,6,1,0,2,223
060283408,7,61,235,30,2,0,0,0,335
060283409,51,113,89,125,11,0,0,3,392
060283410,33,69,176,70,2,0,0,5,355
060283411,14,96,107,69,5,0,0,2,293
060283412,34,41,235,51,3,1,0,3,368
060283501,31,77,35,225,11,2,0,5,386
060283502,28,56,6,235,8,5,1,12,351
060283503,26,92,45,170,9,1,0,5,348
060283504,42,112,48,102,11,0,0,0,315
060283505,48,139,14,232,13,2,0,1,449
060283506,22,132,21,184,11,1,1,1,373
060283507,24,135,74,190,10,1,1,3,438
060283508,25,88,82,107,6,0,1,0,309
060283509,19,134,12,234,13,1,0,2,415
060283601,6,40,60,83,8,2,0,0,199
060283602,2,52,132,0,0,0,0,0,186
060283603,5,62,211,2,0,0,0,0,280
060283604,39,173,88,133,8,0,0,0,441
060283605,38,85,19,263,13,1,0,1,420
060283606,21,149,15,202,13,1,2,1,404
060283607,77,150,124,78,7,1,0,1,438
060283608,11,100,135,31,2,0,0,5,284
060283609,25,76,46,112,4,1,1,3,268
060283610,41,118,11,127,15,0,0,4,316
060283611,17,100,1,170,10,2,0,4,304
060283612,46,67,1,255,6,5,0,1,381
060283613,9,14,2,232,32,51,12,12,364
060283614,22,115,19,230,26,8,0,2,422
060283615,38,114,22,255,15,2,0,2,448
060283701,47,99,77,120,8,1,0,0,352
060283702,39,89,30,107,7,1,1,2,276
060283703,25,82,26,141,10,1,0,1,286
060283704,23,121,35,128,7,0,0,3,317
060283705,24,120,23,186,18,0,0,0,371
060283706,30,105,20,193,17,2,0,1,368
060283707,22,75,25,111,12,0,0,0,245
060283708,25,69,24,122,16,0,0,3,259
060283709,28,74,67,98,9,2,0,1,279
060283710,33,80,61,167,9,3,0,3,356
060283711,27,105,43,163,24,5,0,13,380
060283712,23,110,66,179,11,0,0,5,394
060283713,18,28,121,106,2,0,0,0,275
060283714,25,77,34,140,7,1,0,5,289
060283801,12,133,27,321,13,4,0,4,514
060283802,16,110,9,197,9,2,4,0,347
060283803,18,126,22,163,16,0,0,2,347
060283804,34,171,59,164,7,0,1,0,436
060283805,97,135,65,88,6,1,0,0,392
060283806,30,86,37,102,10,0,0,7,272
060283807,31,47,47,96,8,0,0,0,229
060283808,44,110,61,141,27,0,1,2,386
060283809,16,60,45,147,18,0,1,0,287
060283810,19,77,32,138,7,1,0,7,281
060283811,18,83,38,121,7,1,0,1,269
060283812,57,80,56,100,10,0,0,1,304
060283901,11,117,11,171,4,2,0,1,317
060283902,12,160,19,174,10,3,0,2,380
060283903,14,174,6,97,5,1,0,2,299
060283904,26,183,16,129,6,0,0,0,360
060283905,21,108,23,153,6,0,0,6,317
060283906,12,21,58,147,8,4,0,1,251
060283907,33,50,7,154,12,8,3,6,273
060283908,10,104,10,137,6,0,0,2,269
060283909,30,144,32,235,11,1,0,1,454
060283910,43,128,23,242,7,1,2,6,452
060283911,57,83,32,204,16,7,2,7,408
060283912,25,106,21,252,11,3,1,3,422
060283913,42,123,45,263,12,2,1,7,495
060283914,12,70,16,120,7,1,1,0,227
060283915,20,80,24,129,8,0,0,8,269
060350101,51,83,6,546,35,8,0,2,731
060350102,47,91,169,92,16,0,0,3,418
060350103,89,81,16,40,7,0,0,6,239
060350104,62,70,11,66,6,1,0,1,217
060350105,23,52,9,46,6,0,0,13,149
060350106,31,63,9,93,18,0,0,11,225
060350107,52,74,13,100,3,3,0,0,245
060350108,37,45,7,71,5,0,0,10,175
060350109,30,34,6,58,1,0,2,11,142
060350110,24,91,24,129,8,4,0,6,286
060350111,19,14,3,195,14,7,0,4,256
060350201,31,31,1,221,25,7,3,2,321
060350202,1,102,1,168,5,0,0,1,278
060350203,18,102,7,145,19,1,0,7,299
060350301,50,109,32,99,11,1,1,5,308
060350302,13,144,12,162,8,1,0,1,341
060350303,27,127,32,83,16,0,0,2,287
060350304,84,266,1,0,0,0,0,6,357
060350305,250,2,0,0,0,0,0,0,252
060350306,349,14,0,0,0,0,0,0,363
060350307,160,157,0,0,0,0,0,0,317
060350308,177,114,0,0,0,0,0,0,291
060350309,38,142,0,0,0,0,0,0,180
060350310,119,103,0,0,0,0,0,1,223
060350311,77,81,150,22,4,0,0,0,334
060350312,13,69,139,24,2,0,0,1,248
060350313,77,162,29,59,6,0,0,1,334
060350314,61,90,79,45,2,0,0,0,277
060350315,50,118,98,48,13,0,0,3,330
060350401,27,189,23,142,23,1,1,0,406
060350402,33,131,29,66,9,0,0,5,273
060350403,41,183,21,70,10,0,0,0,325
060350404,40,166,31,119,7,2,0,0,365
060350405,89,144,47,69,6,0,0,1,356
060350406,82,140,43,66,4,1,0,6,342
060350407,91,111,31,105,9,1,0,0,348
060350408,33,99,26,76,16,0,0,0,250
060350409,50,186,82,91,17,0,0,9,435
060350410,52,107,28,51,9,0,0,1,248
060350411,74,166,80,95,14,0,0,1,430
060350412,67,99,61,34,11,0,0,1,273
060350413,43,151,109,21,2,1,0,0,327
060350414,64,192,0,0,1,0,0,1,258
060350415,76,168,3,5,1,0,0,0,253
060350501,32,100,15,45,1,0,0,0,193
060350502,151,217,49,35,8,0,0,5,465
060350503,180,89,0,0,0,0,0,22,291
060350504,93,140,45,86,8,0,0,3,375
060350505,50,425,29,295,18,4,1,8,830
060350506,29,224,16,158,14,2,0,2,445
060350507,37,207,40,120,13,19,0,2,438
060350508,77,147,40,70,5,0,0,4,343
060350509,66,143,74,30,6,0,0,0,319
060350510,66,151,36,33,3,1,0,5,295
060350511,81,103,52,26,6,0,0,1,269
060350512,69,98,49,43,11,0,0,1,271
060350601,36,137,50,98,14,0,0,1,336
060350602,91,203,39,50,2,0,0,0,385
060350603,85,173,22,46,4,0,0,7,337
060350604,45,137,56,24,7,0,0,0,269
060350605,58,180,42,35,1,0,0,0,316
060350606,46,183,24,60,6,1,0,1,321
060350607,52,115,20,11,6,1,0,2,207
060350608,177,99,20,6,0,0,0,1,303
060350609,140,172,0,2,0,0,0,1,315
060350610,144,109,3,8,0,0,0,2,266
060350611,22,31,95,63,5,1,0,1,218
060350612,63,151,27,49,4,4,0,1,299
060350701,34,67,16,89,8,4,0,7,225
060350702,66,116,20,132,11,0,0,2,347
060350703,46,133,14,62,3,1,3,2,264
060350704,38,120,15,88,5,0,0,1,267
060350705,84,97,20,77,6,0,0,2,286
060350706,45,165,39,104,7,0,0,3,363
060350707,32,81,21,63,2,0,0,0,199
060350708,24,35,17,40,0,0,0,1,117
060350709,38,54,3,26,2,0,0,1,124
060350710,26,68,10,31,2,0,0,1,138
060350711,39,82,30,35,5,0,0,0,191
060350712,31,55,6,5,1,0,0,0,98
060350801,31,221,1,20,0,0,0,1,274
060350802,96,75,1,0,1,0,0,1,174
060350803,129,211,1,0,0,0,0,3,344
060350804,115,205,0,0,0,0,0,1,321
060350805,59,43,0,8,2,0,0,0,112
060350806,55,61,9,98,3,0,0,7,233
060350807,42,63,7,93,16,0,0,6,227
060350808,43,74,15,75,3,1,0,4,215
060350809,51,65,14,111,12,3,0,11,267
060350810,34,34,7,99,5,0,0,1,180
060350811,33,66,14,118,4,2,1,0,238
060350812,786,312,0,0,0,0,0,18,1116
060350813,20,39,8,268,4,3,0,2,344
060350814,35,56,22,96,5,0,0,8,222
060350815,65,174,12,239,8,3,0,0,501
060350901,65,39,1,111,2,5,0,6,229
060350902,42,43,5,72,4,0,0,13,179
060350903,4,44,2,97,10,0,2,0,159
060350904,19,61,77,515,28,4,0,7,711
060350905,26,35,0,161,9,0,0,0,231
060350906,15,15,1,149,2,3,0,5,190
060350907,20,1,1,253,9,1,0,0,285
060350908,39,29,0,253,10,6,0,5,342
060350909,10,12,0,168,3,0,0,0,193
060350910,41,50,4,288,11,1,0,7,402
060350911,13,7,0,302,9,2,2,1,336
060350912,17,73,5,81,6,0,0,9,191
060350913,51,80,13,141,3,1,1,4,294
060350914,37,92,10,102,7,0,1,5,254
060351001,59,93,1,87,10,3,3,0,256
060351002,218,687,0,0,0,0,0,0,905
060351003,57,139,0,92,4,4,1,0,297
060351004,70,138,4,80,11,0,1,6,310
060351005,41,113,6,32,0,0,0,3,195
060351006,153,133,8,15,0,0,0,1,310
060351007,108,209,10,16,2,0,0,0,345
060351008,92,136,1,0,0,0,0,1,230
060351009,66,54,14,0,6,0,0,0,140
060351010,135,163,0,1,0,0,0,0,299
060351011,48,157,11,27,3,1,0,2,249
060351012,239,30,0,13,1,0,0,0,283
060351101,62,67,4,65,2,0,0,3,203
060351102,54,113,6,78,2,0,0,6,259
060351103,29,103,3,20,0,0,0,2,157
060351104,111,183,3,18,2,0,0,3,320
060351105,119,340,42,37,6,0,0,3,547
060351106,117,216,6,9,1,0,0,1,350
060351107,36,58,7,4,2,0,0,0,107
060351108,101,180,10,71,1,0,0,2,365
060351109,87,185,0,2,0,0,0,1,275
060351110,139,200,3,0,0,0,0,8,350
060351201,46,183,16,3,2,0,0,0,250
060351202,167,156,1,5,0,0,0,1,330
060351203,109,56,1,0,0,0,0,0,166
060351204,96,50,0,0,0,0,0,0,146
060351205,55,134,11,46,5,0,3,7,261
060351206,90,129,4,4,0,0,0,0,227
060351207,77,83,0,0,0,0,0,0,160
060351208,122,206,2,12,0,0,0,0,342
060351209,45,52,2,5,0,0,0,2,106
060351210,224,170,1,2,0,0,0,0,397
060351211,88,219,4,7,10,1,0,0,329
060351212,83,124,6,5,0,0,0,0,218
060351301,55,130,28,78,13,0,0,2,306
060351302,106,185,7,39,0,0,0,1,338
060351303,76,162,15,36,1,0,0,1,291
060351304,61,175,18,40,3,2,0,3,302
060351305,41,112,15,70,4,0,0,3,245
060351306,66,80,36,28,2,0,0,23,235
060351307,61,120,21,11,1,0,0,5,219
060351308,82,135,10,15,2,0,0,1,245
060351309,68,93,17,12,2,0,0,0,192
060351310,83,131,8,17,2,1,0,1,243
060351401,111,108,18,20,4,0,0,1,262
060351402,126,89,3,7,0,0,0,0,225
060351403,71,154,41,64,4,0,0,1,335
060351404,76,172,23,29,2,0,0,0,302
060351405,99,111,30,6,0,0,0,0,246
060351406,63,134,22,5,0,0,0,1,225
060351407,23,90,44,13,4,0,0,0,174
060351408,46,115,39,87,5,1,0,1,294
060351409,52,165,33,10,1,0,0,24,285
060351410,105,156,46,24,1,0,0,1,333
060351411,40,83,16,7,0,0,0,4,150
060351412,41,89,42,43,0,1,0,0,216
060351413,15,167,9,18,1,0,0,0,210
060351501,19,4,168,14,1,0,0,1,207
060351502,168,144,0,0,0,0,0,0,312
060351503,140,166,0,0,0,0,0,34,340
060351504,64,117,51,40,2,0,0,3,277
060351505,6,40,5,195,2,0,0,8,256
060351506,127,184,56,103,8,1,0,1,480
060351507,63,164,41,19,3,1,0,0,291
060351508,73,146,35,52,8,0,0,10,324
060351509,54,112,32,53,6,0,0,4,261
060351510,55,84,57,37,5,0,0,2,240
060351511,70,99,31,54,3,1,0,6,264
060351512,62,123,26,22,3,0,0,3,239
060351601,51,104,19,11,0,0,0,2,187
060351602,62,151,50,63,6,0,0,1,333
060351603,59,131,37,56,5,0,0,0,288
060351604,39,46,14,26,7,1,0,3,136
060351605,68,103,27,58,4,0,0,4,264
060351606,85,106,32,34,8,0,0,2,267
060351607,37,85,23,57,4,0,0,0,206
060351608,52,170,37,90,6,0,0,2,357
060351609,76,171,25,49,2,0,0,2,325
060351610,71,165,28,63,5,2,0,0,334
060351611,26,105,29,78,3,0,0,4,245
060351701,69,119,65,34,6,0,0,3,296
060351702,86,117,34,23,0,0,0,2,262
060351703,60,123,43,65,5,0,0,3,299
060351704,91,151,37,39,4,0,0,1,323
060351705,76,162,78,32,3,0,0,1,352
060351706,79,99,41,42,4,0,0,1,266
060351707,83,114,45,50,5,0,0,5,302
060351708,71,116,38,59,3,0,0,1,288
060351709,74,91,27,68,13,0,0,0,273
060351710,78,163,44,57,8,1,0,0,351
060351711,31,128,28,44,0,0,0,1,232
060351801,82,90,70,36,2,0,0,6,286
060351802,78,117,51,51,10,0,0,2,309
060351803,97,100,33,29,5,0,0,0,264
060351804,68,114,45,33,8,0,0,0,268
060351805,73,125,31,39,9,0,0,0,277
060351806,57,150,53,49,7,3,0,2,321
060351807,73,98,49,26,2,0,0,0,248
060351808,26,117,48,38,0,0,0,0,229
060351809,102,111,27,56,7,0,1,2,306
060351810,53,104,37,57,2,0,0,1,254
060351811,73,132,45,54,15,0,0,1,320
060351901,65,126,44,47,5,0,0,5,292
060351902,72,131,52,62,11,0,0,5,333
060351903,69,172,35,36,8,3,0,2,325
060351904,77,131,32,30,2,0,0,0,272
060351905,94,118,62,45,5,0,0,0,324
060351906,67,116,41,77,17,0,0,1,319
060351907,86,99,21,76,7,0,0,0,289
060351908,73,97,39,52,12,0,0,0,273
060351909,79,109,47,52,6,0,0,3,296
060351910,92,153,42,79,23,0,0,0,389
060351911,61,146,42,67,24,0,1,2,343
060352001,94,146,69,49,5,0,0,2,365
060352002,108,281,2,0,0,0,0,0,391
060352003,144,214,45,27,6,0,0,2,438
060352004,35,114,32,56,3,0,0,2,242
060352005,67,138,32,51,7,0,0,9,304
060352006,81,106,39,55,5,0,0,1,287
060352007,79,178,45,52,1,0,0,3,358
060352008,84,136,50,48,23,0,1,1,343
060352009,72,154,30,42,11,0,0,3,312
060352010,74,146,38,50,6,0,0,0,314
060352011,97,110,30,38,6,0,0,0,281
060352101,110,157,87,41,8,0,0,1,404
060352102,107,180,62,42,0,0,0,0,391
060352103,66,56,59,24,0,0,0,0,205
060352104,62,109,20,11,1,0,0,1,204
060352105,50,117,10,7,0,0,0,0,184
060352106,19,112,30,16,3,0,0,0,180
060352107,71,67,47,23,4,0,0,0,212
060352108,37,211,16,14,2,0,0,0,280
060352109,48,109,60,21,8,0,0,3,249
060352110,61,152,52,32,1,0,0,1,299
060352201,53,72,26,249,19,1,1,0,421
060352202,90,90,44,31,5,0,0,2,262
060352203,84,85,25,4,2,0,0,0,200
060352204,47,111,20,13,0,0,0,1,192
060352205,76,75,36,13,1,0,0,0,201
060352206,73,136,48,17,1,0,0,0,275
060352207,97,127,36,12,2,0,0,0,274
060352208,14,160,22,19,0,0,0,0,215
060352209,45,135,27,13,0,0,0,7,227
060352210,54,94,87,20,5,0,0,0,260
060352211,25,89,61,11,0,0,0,0,186
060352212,8,22,8,10,1,0,0,0,49
060352301,31,92,29,8,5,0,0,0,165
060352302,55,70,33,13,2,0,0,0,173
060352303,60,151,30,7,4,0,0,3,255
060352304,46,43,33,5,4,0,0,0,131
060352305,72,195,61,38,12,0,0,3,381
060352306,69,172,42,68,5,1,1,5,363
060352307,39,99,56,110,15,1,0,6,326
060352308,11,34,37,126,3,1,0,0,212
060352309,66,138,29,42,5,0,0,0,280
060352310,75,168,46,29,3,0,0,4,325
060352311,57,142,37,78,8,0,0,1,323
060352312,25,114,90,92,38,0,0,4,363
060352401,105,135,47,32,11,0,0,1,331
060352402,76,113,50,65,10,0,1,0,315
060352403,50,207,38,99,8,0,0,4,406
060352404,59,168,32,69,10,0,0,9,347
060352405,53,134,35,16,9,0,0,1,248
060352406,110,109,48,30,3,0,1,6,307
060352407,59,175,27,50,5,0,0,1,317
060352408,31,206,45,55,13,0,0,0,350
060352409,61,161,37,77,12,1,0,3,352
060352410,71,164,67,41,3,0,0,1,347
060352411,18,178,33,115,16,1,0,2,363
060352501,23,106,18,38,6,1,0,2,194
060352502,33,143,35,37,17,0,0,1,266
060352503,57,207,49,120,14,0,0,0,447
060352504,49,115,33,66,11,0,0,3,277
060352505,79,150,22,81,4,0,0,4,340
060352506,87,143,62,28,5,2,0,3,330
060352507,61,148,14,70,5,0,0,3,301
060352508,57,141,39,51,17,0,0,2,307
060352509,78,152,43,32,10,1,0,0,316
060352510,86,243,81,122,21,1,0,1,555
060352511,15,17,349,2,0,0,0,2,385
060352601,37,95,156,108,9,0,0,5,410
060352602,79,216,0,102,5,2,0,10,414
060352603,61,141,6,0,0,0,0,0,208
060352604,11,65,7,7,0,0,0,0,90
060352605,222,360,0,0,0,0,0,11,593
060352606,132,89,0,0,0,0,0,2,223
060352607,104,173,0,0,0,0,0,0,277
060352608,25,91,3,97,13,2,1,3,235
060352609,25,62,1,188,17,3,0,7,303
060352610,37,155,14,248,28,0,1,1,484
060352611,55,130,21,213,14,0,0,3,436
060352612,57,89,8,64,10,0,0,0,228
060352613,21,62,8,104,12,0,0,0,207
060352614,21,39,3,166,24,3,0,11,267
060352615,26,137,19,140,9,1,0,0,332
060352701,1,8,1,58,0,0,0,1,69
060352702,47,127,31,46,7,0,0,3,261
060352703,32,117,24,99,11,0,0,2,285
060352704,43,208,7,330,15,2,0,6,611
060352705,45,80,27,77,13,1,0,3,246
060352706,73,152,19,216,19,3,0,0,482
060352707,11,81,7,237,31,5,0,2,374
060352708,22,69,5,25,4,0,0,3,128
060352709,72,149,20,54,6,0,0,2,303
060352710,46,151,20,52,11,1,0,1,282
060352711,20,150,4,274,10,1,0,10,469
060352712,61,161,18,155,12,0,0,5,412
060352713,38,127,12,44,9,0,0,0,230
060352714,11,206,2,75,3,0,0,0,297
060352801,70,152,34,92,5,1,0,0,354
060352802,51,151,29,95,11,1,2,0,340
060352803,39,168,19,64,8,0,0,0,298
060352804,65,134,31,39,2,0,0,1,272
060352805,47,183,27,33,5,0,0,4,299
060352806,33,177,28,74,6,0,1,2,321
060352807,78,120,31,27,5,0,0,0,261
060352808,99,144,37,52,6,0,0,2,340
060352901,34,115,22,46,6,0,0,0,223
060352902,64,141,36,55,5,2,0,1,304
060352903,79,161,44,50,10,1,0,0,345
060352904,50,119,22,50,7,0,0,19,267
060352905,45,120,32,55,1,0,0,1,254
060352906,47,145,26,74,4,0,0,0,296
060352907,51,124,28,52,6,0,0,2,263
060352908,52,101,26,58,5,0,0,0,242
060352909,19,118,32,40,9,0,0,1,219
060353001,32,142,27,134,8,1,0,3,347
060353002,46,206,19,36,2,0,0,2,311
060353003,61,124,35,73,4,0,1,3,301
060353004,51,162,49,91,5,0,0,1,359
060353005,64,102,47,43,6,0,0,0,262
060353006,79,154,37,58,1,1,0,3,333
060353007,67,145,51,77,1,0,0,0,341
060353008,72,186,25,65,6,0,0,2,356
060353009,54,121,23,77,8,1,0,0,284
060353010,68,141,24,55,3,1,0,8,300
060353101,43,88,9,11,4,0,0,1,156
060353102,38,87,17,18,1,0,0,0,161
060353103,52,171,19,24,1,0,0,4,271
060353104,115,269,6,6,2,0,0,3,401
060353105,63,167,32,98,6,0,0,7,373
060353106,40,114,28,22,0,0,0,3,207
060353107,36,59,20,35,2,0,0,0,152
060353108,41,139,34,31,5,0,0,1,251
060353109,63,94,18,41,0,0,0,3,219
060353201,41,196,49,62,4,0,0,1,353
060353202,53,155,27,23,0,0,0,0,258
060353203,72,156,56,39,1,0,0,1,325
060353204,63,145,41,47,4,1,0,0,301
060353205,37,162,21,22,2,0,0,0,244
060353206,81,149,30,46,1,0,0,3,310
060353207,53,169,80,37,2,0,0,2,343
060353208,63,143,37,38,2,0,0,3,286
060353301,57,132,22,79,23,0,0,7,320
060353302,90,143,29,45,4,0,0,0,311
060353303,82,199,36,75,7,0,0,6,405
060353304,53,150,32,41,4,1,0,8,289
060353305,78,78,14,11,2,0,0,0,183
060353306,43,161,29,42,13,2,0,1,291
060353307,87,127,50,27,2,0,1,1,295
060353308,61,112,36,38,5,0,0,2,254
060353401,74,135,14,33,8,0,0,0,264
060353402,36,109,14,73,7,0,0,1,240
060353403,56,104,23,38,2,0,0,0,223
060353404,50,147,24,36,1,0,0,1,259
060353405,51,123,36,34,0,0,0,0,244
060353406,69,161,48,62,1,0,0,0,341
060353407,34,145,15,38,3,0,0,7,242
060353408,45,130,15,56,1,0,0,4,251
060353409,56,123,16,47,10,0,0,0,252
060353501,78,131,21,93,7,0,0,2,332
060353502,75,116,26,65,4,0,0,2,288
060353503,58,137,20,43,13,2,0,0,273
060353504,44,103,31,56,9,0,0,3,246
060353505,50,213,35,158,6,0,0,1,463
060353506,59,112,19,60,2,0,0,1,253
060353507,43,118,15,63,3,0,0,0,242
060353508,35,132,18,59,1,2,0,0,247
060910101,21,124,15,233,18,5,1,3,420
060910102,16,94,4,281,24,11,0,3,433
060910103,33,118,28,38,6,0,0,3,226
060910104,48,100,39,54,11,1,0,2,255
060910105,31,102,42,46,11,1,0,0,233
060910106,35,63,72,38,16,0,0,0,224
060910107,56,123,102,93,12,0,1,4,391
060910108,71,83,112,60,3,0,0,1,330
060910109,116,153,41,105,25,3,0,6,449
060910110,87,145,19,16,4,0,0,0,271
060910201,100,148,28,70,22,2,0,5,375
060910202,78,87,60,55,14,0,0,3,297
060910203,46,87,37,35,6,1,0,0,212
060910204,119,109,67,26,4,0,0,2,327
060910205,61,108,35,54,11,0,0,0,269
060910206,53,60,37,48,4,0,0,0,202
060910207,48,64,34,74,4,0,0,0,224
060910208,70,130,79,85,7,0,0,1,372
060910209,99,132,46,121,21,1,0,4,424
060910301,144,159,62,25,7,0,0,3,400
060910302,145,181,6,76,2,0,0,4,414
060910303,103,118,0,0,0,0,0,0,221
060910304,31,161,10,82,16,0,0,0,300
060910305,77,89,15,47,7,0,0,1,236
060910306,60,165,35,143,12,3,0,4,422
060910307,55,180,62,91,13,0,1,1,403
060910308,33,94,40,66,8,0,0,0,241
060910309,96,136,95,61,7,0,0,1,396
060910310,77,179,52,83,7,0,1,3,402
060910311,69,118,65,50,2,0,0,3,307
060910312,38,59,13,43,1,0,0,2,156
060910313,92,70,26,30,2,0,0,0,220
060910401,20,50,3,283,22,16,0,2,396
060910402,24,133,18,150,17,8,2,1,353
060910403,16,212,24,165,15,8,3,4,447
060910404,30,184,19,211,9,4,0,2,459
060910405,91,181,40,129,19,4,0,1,465
060910406,15,146,8,192,31,9,0,1,402
060910407,27,155,5,180,21,3,0,0,391
060910408,39,108,8,57,11,0,0,0,223
060910409,34,221,21,197,25,5,0,15,518
060910410,59,194,17,215,31,4,0,0,520
060910411,52,88,18,236,26,9,0,2,431
060910412,29,138,21,185,19,4,0,2,398
060910501,12,59,125,252,15,13,1,2,479
060910502,40,135,50,137,14,0,0,2,378
060910503,31,98,21,287,5,4,1,2,449
060910504,5,23,210,7,0,0,0,0,245
060910505,63,117,109,108,5,0,0,5,407
060910506,1,24,200,23,3,1,0,0,252
060910507,16,114,25,129,13,1,0,1,299
060910508,34,54,11,114,9,1,0,0,223
060910509,19,53,11,75,1,1,0,0,160
060910510,0,1,1,25,0,0,0,0,27
060910601,33,86,48,155,19,1,0,1,343
060910602,39,98,66,101,12,0,0,2,318
060910603,39,74,41,98,5,1,0,0,258
060910604,18,85,50,95,19,0,0,0,267
060910605,17,75,60,76,4,0,0,0,232
060910606,34,95,24,136,13,3,0,2,307
060910607,25,157,19,195,11,2,0,0,409
060910608,29,130,15,258,18,15,0,8,473
060910609,8,104,10,251,18,11,0,3,405
060910610,26,80,9,246,0,8,1,0,370
060910611,27,93,9,180,8,2,0,3,322
060910701,50,138,34,130,20,1,0,1,374
060910702,60,117,40,96,14,0,0,1,328
060910703,30,116,28,66,4,0,0,1,245
060910704,19,132,18,122,13,0,0,1,305
060910705,35,106,21,95,7,2,0,2,268
060910706,30,112,28,109,14,0,0,1,294
060910707,26,174,35,163,19,6,0,1,424
060910708,15,101,10,202,24,7,0,3,362
060910709,25,113,17,141,13,7,0,1,317
060910710,39,86,46,180,28,8,2,1,390
060910801,59,92,49,56,9,1,0,0,266
060910802,22,95,39,53,3,1,0,0,213
060910803,21,114,16,74,19,1,0,3,248
060910804,61,132,18,92,5,0,0,0,308
060910805,47,75,21,87,13,1,0,0,244
060910806,30,128,19,97,20,1,0,4,299
060910807,41,202,29,146,18,1,0,2,439
060910808,64,199,40,122,27,3,0,3,458
060910809,41,157,39,141,22,2,0,3,405
060910810,64,137,51,109,12,2,1,0,376
060910901,50,78,46,47,6,0,0,0,227
060910902,157,100,80,61,4,0,0,0,402
060910903,67,152,63,121,15,0,0,0,418
060910904,99,137,72,87,18,2,0,7,422
060910905,42,81,45,29,12,0,0,1,210
060910906,100,116,59,56,26,0,0,3,360
060910907,59,150,111,115,10,0,0,0,445
060910908,60,83,45,29,7,0,0,0,224
060911001,64,157,61,57,10,1,0,4,354
060911002,38,66,41,46,7,0,0,11,209
060911003,98,167,60,99,22,2,0,0,448
060911004,61,75,59,40,7,0,0,0,242
060911005,107,159,77,97,12,0,0,1,453
060911006,62,194,40,140,22,4,0,0,462
060911007,30,148,23,94,17,2,0,1,315
060911008,22,139,36,68,13,0,0,0,278
060911009,37,181,54,16,2,0,0,0,290
060911010,53,257,66,149,28,2,0,0,555
060911011,50,142,53,147,18,6,0,3,419
060911101,50,211,59,110,22,1,0,1,454
060911102,98,167,42,119,21,1,0,5,453
060911103,37,67,41,47,11,0,0,3,206
060911104,73,93,26,24,7,0,0,1,224
060911105,39,157,56,69,4,1,0,0,326
060911106,80,146,56,47,9,0,0,1,339
060911107,84,195,51,59,16,0,0,1,406
060911108,51,225,48,87,14,0,0,1,426
060911109,131,162,32,78,21,0,0,4,428
060911201,37,202,27,90,14,0,0,0,370
060911202,64,220,42,108,14,0,2,3,453
060911203,63,133,30,108,20,3,0,1,358
060911204,71,149,24,112,22,0,1,2,381
060911205,42,120,39,112,22,0,0,0,335
060911206,40,171,24,179,23,2,0,4,443
060911207,27,118,4,96,30,3,0,0,278
060911208,91,188,32,121,29,8,0,6,475
060911301,22,197,21,105,17,1,0,0,363
060911302,33,174,21,74,24,0,0,1,327
060911303,9,159,15,102,17,0,1,0,303
060911304,8,190,9,128,23,2,0,1,361
060911305,25,191,21,146,32,1,0,2,418
060911306,37,156,23,117,26,0,2,1,362
060911307,20,139,23,92,21,2,0,1,298
060911308,6,130,22,117,27,0,0,6,308
060911309,66,190,75,109,29,0,0,0,469
060911310,63,165,39,126,19,0,0,1,413
060911311,36,107,18,84,24,0,0,1,270
060911312,13,126,18,107,10,0,0,3,277
060911401,24,164,23,234,29,2,0,4,480
060911402,45,183,12,141,17,1,1,0,400
060911403,38,138,16,76,7,0,0,2,277
060911404,18,140,12,142,19,1,0,2,334
060911405,21,129,8,176,16,5,0,9,364
060911406,26,116,19,155,11,9,0,2,338
060911407,36,158,36,155,17,0,0,1,403
060911408,56,134,24,138,29,1,0,3,385
060911409,33,111,19,83,13,0,0,2,261
060911410,58,249,30,151,30,1,0,3,522
060911411,66,193,29,144,16,0,0,0,448
060911412,62,123,27,79,11,2,0,1,305
060911413,33,108,18,106,20,1,2,2,290
060911501,21,96,22,95,11,1,0,1,247
060911502,12,121,17,80,11,0,0,8,249
060911503,28,111,97,51,11,0,0,1,299
060911504,43,137,176,79,11,0,0,0,446
060911505,25,133,35,99,5,0,2,0,299
060911506,14,143,30,93,23,1,1,2,307
060911507,19,139,4,60,15,0,0,8,245
060911508,34,119,14,118,6,4,0,2,297
060911509,41,57,37,92,11,0,0,0,238
060911510,12,130,28,100,12,2,0,1,285
060911511,51,135,21,177,24,1,0,1,410
060911512,44,101,22,104,11,0,0,4,286
060911513,31,108,26,68,10,2,0,1,246
060911601,25,165,48,121,20,1,0,2,382
060911602,3,92,1,329,11,0,0,0,436
060911603,15,99,19,115,6,3,0,2,259
060911604,69,158,39,121,25,3,0,1,416
060911605,70,150,28,165,19,0,0,5,437
060911606,14,98,24,111,10,1,0,3,261
060911607,91,83,0,0,0,0,0,0,174
060911608,52,103,43,67,5,0,0,0,270
060911609,39,74,40,77,25,2,0,1,258
060911610,34,95,27,104,24,0,0,1,285
060911611,53,172,43,219,22,4,0,1,514
060911612,22,85,52,70,1,2,0,2,234
060911613,26,116,145,118,19,1,0,7,432
060911614,28,161,55,105,23,0,0,1,373
060911701,30,143,20,76,12,1,0,0,282
060911702,66,151,19,160,35,2,0,1,434
060911703,69,198,41,111,47,2,0,2,470
060911704,31,88,24,98,14,2,0,3,260
060911705,38,83,20,177,31,7,0,1,357
060911706,28,161,21,125,26,0,0,2,363
060911707,21,130,7,184,25,1,0,11,379
060911708,10,80,14,112,28,4,0,2,250
060911709,15,91,130,101,31,4,0,7,379
060911710,28,150,34,134,16,2,0,5,369
060911711,32,170,14,124,18,1,0,2,361
060911712,19,63,213,53,14,1,0,0,363
060911713,18,92,12,114,16,3,0,1,256
060911714,30,145,23,227,16,10,0,1,452
060911801,33,122,17,49,12,1,0,2,236
060911802,12,74,45,98,11,1,0,3,244
060911803,35,246,35,203,27,2,0,3,551
060911804,55,170,56,107,23,2,0,1,414
060911805,37,100,46,181,17,2,0,2,385
060911806,48,105,45,162,24,4,0,3,391
060911807,26,142,52,166,22,5,1,3,417
060911808,7,130,72,105,26,2,0,1,343
060911809,42,93,49,65,7,1,0,1,258
060911810,31,56,33,86,17,0,0,2,225
060911811,39,147,50,204,38,3,1,3,485
060911812,23,97,101,147,35,5,0,7,415
060911901,23,70,66,53,11,0,0,0,223
060911902,21,96,209,92,18,1,1,2,440
060911903,12,44,148,98,22,24,1,0,349
060911904,43,107,56,139,22,5,1,9,382
060911905,33,61,67,36,9,0,1,1,208
060911906,12,19,125,34,5,0,0,1,196
060911907,5,35,165,26,4,0,0,1,236
060911908,20,130,82,122,11,4,0,4,373
060911909,21,26,157,19,3,0,0,0,226
060911910,17,105,53,109,13,1,0,4,302
060911911,39,81,59,76,23,0,0,2,280
060911912,31,99,107,144,30,1,3,3,418
060912001,22,96,89,121,11,0,1,0,340
060912002,33,57,102,163,8,3,2,2,370
060912003,7,49,20,67,7,0,2,1,153
060912004,10,136,0,65,1,0,0,4,216
060912005,10,63,12,294,17,12,0,10,418
060912006,9,71,1,143,2,0,0,0,226
060912007,11,47,172,117,9,0,0,0,356
060912008,22,35,132,24,2,0,0,0,215
060912009,6,48,72,94,6,0,0,2,228
060912010,12,75,37,172,17,2,0,2,317
060912011,32,66,176,89,8,0,0,2,373
060912012,10,41,29,130,13,2,1,1,227
060912013,12,34,35,99,30,19,0,0,229
060912101,18,60,26,132,14,13,0,3,266
060912102,176,88,44,3,0,0,0,1,312
060912103,11,102,27,109,15,3,2,6,275
060912104,107,81,67,4,1,0,0,2,262
060912105,130,74,42,2,0,0,0,0,248
060912106,21,67,20,130,9,6,0,1,254
060912107,35,85,16,195,15,8,1,5,360
060912108,33,94,15,77,20,2,0,2,243
060912109,182,57,48,0,0,0,0,4,291
060912110,209,84,23,0,0,0,0,0,316
060912111,23,121,17,175,14,5,0,1,356
060912112,28,146,50,170,13,9,0,8,424
060912113,15,85,24,164,11,3,1,0,303
060912114,25,106,44,143,15,12,0,5,350
060912115,32,68,35,125,14,4,1,2,281
060912116,24,70,19,170,13,15,3,0,314
060912117,38,110,40,219,22,13,3,1,446
060912201,23,140,32,152,14,3,0,3,367
060912202,47,94,70,97,8,0,0,1,317
060912203,4,4,73,238,49,1,0,1,370
060912204,26,19,136,120,39,0,0,0,340
060912205,25,24,176,32,4,0,0,4,265
060912206,32,113,26,219,8,6,0,10,414
060912207,28,138,18,111,10,2,0,2,309
060912208,13,68,68,103,8,3,0,2,265
060912209,25,53,52,87,5,1,0,1,224
060912210,20,122,30,258,29,31,2,1,493
060912211,6,16,39,77,5,1,0,0,144
060912212,5,16,72,29,2,0,0,0,124
060912213,26,28,145,52,3,0,0,0,254
060912214,15,13,104,42,0,0,0,1,175
060912215,21,142,40,186,11,7,0,3,410
060912216,46,108,43,171,31,9,1,6,415
060912217,22,41,72,72,1,0,0,3,211
060912301,14,81,27,126,15,2,0,1,266
060912302,25,91,53,86,40,3,0,3,301
060912303,30,94,41,75,7,1,0,0,248
060912304,42,96,96,140,17,7,0,2,400
060912305,22,76,41,69,14,2,0,4,228
060912306,28,121,42,179,14,4,0,0,388
060912307,25,61,35,87,12,1,0,2,223
060912308,16,73,23,102,16,1,0,0,231
060912309,23,64,15,70,2,1,0,4,179
060912310,45,144,50,189,24,1,0,2,455
060912311,23,64,30,169,26,4,0,6,322
060912312,11,33,24,114,8,3,0,0,193
060912313,13,30,24,90,11,3,0,0,171
060912314,4,7,37,22,2,0,0,0,72
060912315,12,20,24,154,6,6,4,6,232
060912316,8,19,24,59,4,1,0,0,115
060912317,7,8,60,62,7,0,0,3,147
060912318,5,5,5,36,7,0,0,0,58
060912319,7,8,16,46,7,0,1,0,85
060912401,15,57,15,90,19,6,0,2,204
060912402,13,31,26,135,9,2,0,7,223
060912403,17,32,11,190,13,5,3,2,273
060912404,29,61,8,247,21,31,4,2,403
060912405,26,8,5,203,15,20,3,1,281
060912406,19,79,28,143,7,3,1,5,285
060912407,8,29,32,77,5,2,0,0,153
060912408,17,13,18,72,16,0,0,0,136
060912409,3,11,25,60,5,0,0,0,104
060912410,7,3,3,227,1,0,0,0,241
060912411,9,12,47,176,5,0,0,1,250
060912412,11,14,12,126,12,3,0,1,179
060912413,8,22,3,142,9,2,0,4,190
062600101,33,140,13,235,22,1,0,2,446
062600102,23,93,37,169,31,2,1,3,359
062600103,9,66,12,162,10,0,1,11,271
062600104,36,76,1,109,11,0,0,2,235
062600105,25,57,1,187,7,17,6,6,306
062600106,45,201,21,219,24,6,0,4,520
062600107,31,165,24,119,24,0,0,5,368
062600108,35,169,32,191,16,1,0,2,446
062600109,29,88,26,212,22,1,0,2,380
062600110,51,173,42,178,23,1,1,0,469
062600111,19,92,2,160,9,1,2,10,295
062600112,42,104,13,236,13,3,0,7,418
062600113,27,78,4,148,12,2,2,5,278
062600114,54,94,22,147,25,3,1,6,352
062600115,18,99,14,170,9,1,0,1,312
062600116,15,102,16,168,16,2,0,5,324
062600117,27,191,27,197,13,0,2,7,464
062600118,11,67,19,75,3,0,1,0,176
062600119,39,194,24,130,15,0,0,4,406
062600201,60,181,35,277,20,3,1,10,587
062600202,50,265,56,113,17,0,0,0,501
062600203,31,199,37,177,24,3,6,4,481
062600204,43,151,12,162,12,3,0,5,388
062600205,22,166,8,246,20,2,0,4,468
062600206,39,100,3,174,8,2,0,2,328
062600207,40,142,11,215,7,2,2,5,424
062600208,9,17,22,18,10,0,1,5,82
062600209,19,227,35,138,16,2,0,6,443
062600210,19,215,25,113,11,0,0,7,390
062600211,17,241,14,101,11,1,0,0,385
062600212,41,142,8,140,9,0,0,8,348
062600213,14,164,18,122,12,0,0,4,334
062600214,18,202,36,87,12,0,0,4,359
062600215,28,196,43,133,7,0,0,4,411
062600216,19,202,21,104,15,0,0,3,364
062600301,84,71,49,458,27,5,1,8,703
062600302,13,97,6,121,9,1,0,0,247
062600303,12,101,5,209,10,0,0,1,338
062600304,36,104,9,360,16,4,2,3,534
062600305,31,116,15,214,13,0,0,4,393
062600306,14,140,14,113,6,3,0,3,293
062600307,20,150,37,147,17,1,1,2,375
062600308,19,109,15,157,19,0,0,1,320
062600309,16,64,10,114,10,2,1,5,222
062600310,18,8,26,417,1,0,0,1,471
062600311,6,5,0,419,2,0,0,0,432
062600312,1,2,0,514,2,0,0,0,519
062600313,4,4,2,451,2,0,0,0,463
062600314,13,66,65,104,6,0,0,5,259
062600315,17,115,56,94,4,0,0,0,286
062600316,25,169,39,156,20,0,0,0,409
062600317,19,143,36,166,12,0,0,1,377
062600318,31,143,17,134,18,0,0,2,345
062600319,17,137,43,112,13,3,0,0,325
062600401,38,105,24,101,7,2,0,0,277
062600402,20,150,29,139,17,3,1,5,364
062600403,33,149,29,112,14,1,0,1,339
062600404,36,147,33,100,16,0,0,4,336
062600405,18,108,58,107,20,0,0,2,313
062600406,29,146,30,102,10,0,5,9,331
062600407,37,85,30,127,8,1,0,1,289
062600408,22,162,76,90,13,1,0,0,364
062600409,31,138,39,86,9,3,1,4,311
062600410,15,48,67,94,1,0,1,9,235
062600411,16,75,78,65,13,0,0,0,247
062600412,40,108,39,132,12,0,0,0,331
062600501,34,72,43,177,22,2,0,1,351
062600502,18,109,29,153,14,1,0,1,325
062600503,16,102,13,88,20,0,0,1,240
062600504,22,127,30,166,24,0,0,2,371
062600505,25,153,18,163,10,2,0,1,372
062600506,31,79,8,285,16,2,2,1,424
062600507,4,101,17,181,15,0,0,3,321
062600508,15,62,17,86,7,0,0,0,187
062600509,34,117,42,161,15,1,0,8,378
062600510,23,74,26,159,15,0,0,0,297
062600511,36,97,19,230,18,2,0,3,405
062600512,14,119,28,138,10,4,0,0,313
062600513,15,64,74,215,22,5,2,2,399
062600514,22,82,35,214,24,3,0,6,386
062600515,22,114,24,182,9,1,2,3,357
062600516,22,78,29,106,10,1,0,0,246
062600517,41,78,63,89,11,0,0,1,283
062600601,26,122,83,140,26,0,1,0,398
062600602,21,106,67,86,11,0,0,4,295
062600603,31,111,60,116,8,0,0,0,326
062600604,58,124,102,136,10,0,0,2,432
062600605,63,176,65,90,6,0,0,0,400
062600606,22,75,54,59,10,0,0,1,221
062600607,15,68,45,108,9,0,0,2,247
062600608,27,69,75,72,3,0,0,0,246
062600609,16,77,88,62,4,0,0,0,247
062600610,25,45,43,74,5,0,1,0,193
062600611,43,56,56,79,5,0,0,0,239
062600612,41,58,165,73,8,0,0,1,346
062600613,30,97,115,82,16,0,0,1,341
062600614,66,103,110,63,11,0,0,0,353
062600615,31,99,105,62,6,0,0,0,303
062600616,50,116,103,108,13,0,0,0,390
062600701,53,111,196,122,5,0,0,1,488
062600702,24,46,255,38,6,0,0,0,369
062600703,31,49,226,105,5,1,0,0,417
062600704,27,53,144,89,6,0,0,0,319
062600705,28,64,57,98,7,0,0,0,254
062600706,12,101,49,152,23,0,0,0,337
062600707,37,82,79,140,13,0,0,0,351
062600708,19,72,43,105,14,1,0,1,255
062600709,27,78,96,84,9,1,1,1,297
062600710,39,109,167,110,7,1,0,1,434
062600711,26,66,152,77,2,0,0,0,323
062600712,15,58,179,49,4,0,0,0,305
062600713,61,121,112,33,4,0,0,1,332
062600801,19,83,6,212,8,1,2,1,332
062600802,32,107,51,224,25,0,0,1,440
062600803,16,82,18,189,8,2,0,2,317
062600804,14,65,22,305,26,1,0,0,433
062600805,5,36,11,230,5,0,0,3,290
062600806,10,86,12,199,10,0,2,1,320
062600807,22,67,18,149,8,1,0,1,266
062600808,10,101,40,206,10,0,0,2,369
062600809,29,120,39,141,23,0,0,0,352
062600810,33,66,34,114,6,1,0,0,254
062600811,17,87,23,233,24,2,0,4,390
062600812,12,158,48,172,6,4,0,2,402
062600813,15,150,36,228,10,0,0,7,446
062600814,36,75,32,134,17,0,0,1,295
062600901,10,141,39,141,11,0,0,2,344
062600902,27,126,26,131,13,2,0,0,325
062600903,25,229,52,184,12,0,0,0,502
062600904,32,143,34,231,11,1,0,3,455
062600905,11,84,37,161,5,0,0,6,304
062600906,2,31,16,51,0,0,0,0,100
062600907,20,141,52,191,13,0,2,1,420
062600908,39,136,82,162,15,1,2,1,438
062600909,29,81,44,86,7,0,0,2,249
062600910,19,100,24,198,25,1,0,5,372
062600911,25,96,87,204,13,2,2,6,435
062600912,6,67,25,199,11,0,1,0,309
062600913,56,80,30,249,8,1,1,0,425
062600914,25,56,74,141,16,1,1,0,314
062601001,15,100,19,186,11,0,0,6,337
062601002,18,82,26,137,11,0,0,1,275
062601003,28,110,120,95,13,1,0,0,367
062601004,37,67,97,95,6,1,0,0,303
062601005,0,23,122,1,0,0,0,0,146
062601006,80,210,818,147,13,2,0,0,1270
062601007,43,120,25,172,9,0,1,6,376
062601008,38,94,47,140,15,2,0,2,338
062601009,33,69,29,94,6,0,0,7,238
062601010,17,76,37,113,15,0,0,2,260
062601011,15,102,26,178,13,1,0,2,337
062601012,14,93,22,153,7,1,0,1,291
062601013,26,100,28,245,10,0,0,3,412
062601014,9,87,16,137,7,1,1,0,258
062601015,4,36,43,53,1,0,0,0,137
062601101,25,89,9,6,1,0,0,0,130
062601102,28,126,23,18,0,0,0,0,195
062601103,53,117,106,82,4,0,0,4,366
062601104,32,56,197,48,3,0,0,0,336
062601105,19,69,137,63,3,1,0,0,292
062601106,12,31,95,46,5,0,0,0,189
062601107,44,102,160,105,7,0,0,1,419
062601108,33,71,170,75,6,3,0,7,365
062601109,15,85,157,87,9,0,0,0,353
062601110,19,92,116,149,11,1,0,1,389
062601201,40,88,154,24,2,0,0,0,308
062601202,16,18,144,5,1,0,0,3,187
062601203,16,52,80,19,2,0,0,1,170
062601204,19,42,212,25,4,0,0,1,303
062601205,32,112,181,71,9,0,0,2,407
062601206,28,89,185,40,10,0,1,0,353
062601207,20,50,63,66,8,0,0,6,213
062601208,21,62,130,95,5,1,0,0,314
062601209,52,62,88,64,8,0,0,0,274
062601210,6,29,74,88,7,0,0,0,204
062601211,18,56,76,119,12,0,0,2,283
062601212,30,60,32,204,13,1,0,1,341
062601301,35,68,94,46,9,0,0,1,253
062601302,57,120,219,71,8,0,0,2,477
062601303,38,78,179,46,18,1,0,0,360
062601304,28,78,167,62,13,0,0,1,349
062601305,46,92,152,125,12,0,0,2,429
062601306,21,110,163,42,7,0,0,1,344
062601307,36,97,146,76,14,1,0,1,371
062601308,43,98,116,79,16,0,0,4,356
062601309,28,95,52,141,13,0,0,0,329
062601310,19,36,131,22,1,0,0,0,209
062601311,29,132,72,32,1,0,0,3,269
062601312,23,79,50,18,1,0,0,0,171
062601313,23,62,107,36,0,0,0,0,228
062601314,86,100,19,12,1,0,0,0,218
062601401,29,97,193,66,6,0,0,0,391
062601402,30,93,94,66,14,0,0,0,297
062601403,53,69,76,82,6,0,0,1,287
062601404,18,31,97,66,2,0,0,0,214
062601405,36,100,112,115,6,0,0,1,370
062601406,43,86,242,75,5,0,0,2,453
062601407,31,95,64,85,3,1,0,2,281
062601408,38,83,102,142,13,3,0,1,382
062601409,34,85,98,150,9,0,0,4,380
062601410,60,140,69,127,2,2,0,1,401
062601411,31,148,49,111,6,0,0,0,345
062601412,28,67,89,57,2,1,0,5,249
062601413,19,131,36,100,3,0,0,2,291
062601501,25,109,27,254,23,4,0,1,443
062601502,15,85,77,150,11,0,0,0,338
062601503,7,49,30,106,3,1,0,4,200
062601504,16,76,28,126,9,0,0,0,255
062601505,23,103,33,173,16,0,0,0,348
062601506,13,68,16,194,23,1,1,1,317
062601507,9,75,17,186,4,0,0,1,292
062601508,16,94,5,143,4,0,1,1,264
062601509,32,97,17,205,12,1,1,3,368
062601510,37,165,13,238,9,4,0,3,469
062601511,31,129,25,245,12,2,4,0,448
062601512,4,122,27,129,6,1,0,5,294
062601513,18,125,28,137,32,0,0,2,342
062601514,15,83,10,121,7,1,0,7,244
062601515,5,71,6,192,9,1,0,1,285
062601516,15,74,7,204,4,3,0,0,307
062601517,10,137,33,281,14,1,1,6,483
062601518,24,123,35,230,24,5,1,12,454
062601519,9,86,53,168,9,1,1,2,329
062601601,38,86,91,176,14,1,0,6,412
062601602,13,73,23,201,5,1,0,1,317
062601603,24,87,26,234,18,0,5,0,394
062601604,11,74,26,188,5,0,0,2,306
062601605,30,78,42,211,6,0,0,3,370
062601606,28,106,33,203,13,1,0,2,386
062601607,20,81,13,248,11,2,0,2,377
062601608,16,18,0,79,0,4,0,8,125
062601609,13,43,4,257,16,2,0,1,336
062601610,18,57,33,163,15,0,0,0,286
062601611,15,28,7,233,12,1,2,5,303
062601612,10,57,23,233,20,1,1,0,345
062601613,34,66,26,176,14,1,0,1,318
062601614,22,124,29,273,16,6,0,2,472
062601615,16,137,17,268,13,0,0,4,455
062601616,24,102,72,149,9,2,0,3,361
062601617,26,124,77,159,18,3,0,9,416
062601701,81,116,9,274,18,7,1,9,515
062601702,1,2,1,15,2,0,0,0,21
062601703,42,101,14,457,87,108,42,372,1223
062601704,25,67,18,142,8,1,1,0,262
062601705,2,14,15,28,2,0,0,1,62
062601706,28,56,172,175,11,1,0,14,457
062601707,15,4,37,2,0,0,0,0,58
062601708,1,4,175,24,0,0,0,2,206
062601709,9,10,55,2,1,0,0,0,77
062601710,5,3,86,12,1,0,0,0,107
062601711,15,27,41,1,0,0,0,1,85
062601712,8,14,70,15,1,0,0,0,108
062601713,6,8,604,16,1,1,0,7,643
062601714,1,2,23,23,3,0,0,0,52
062700101,17,21,84,57,1,0,0,1,181
062700102,4,8,168,5,0,0,0,0,185
062700103,4,9,108,18,5,0,0,0,144
062700104,18,51,5,248,10,3,0,3,338
062700105,0,2,165,2,0,0,0,0,169
062700106,8,23,80,54,4,0,0,0,169
062700201,26,112,18,320,14,5,1,5,501
062700202,12,55,4,170,8,1,0,1,251
062700203,32,72,19,152,5,1,0,0,281
062700204,26,82,48,124,8,0,0,0,288
062700205,24,101,49,124,10,1,0,0,309
062700206,42,129,167,122,7,1,0,4,472
062700207,27,121,85,161,6,0,0,2,402
062700208,24,111,31,292,14,1,1,4,478
062700209,14,88,17,331,6,2,0,6,464
062700210,17,148,33,196,9,1,0,1,405
062700211,9,140,29,242,17,1,0,1,439
062700212,18,133,16,251,8,2,0,1,429
062700213,6,46,9,183,8,1,1,2,256
062700214,22,84,21,129,6,0,0,1,263
062700215,30,62,15,149,11,6,3,1,277
062700216,16,105,18,183,11,2,0,3,338
062700217,25,124,29,190,15,2,0,3,388
062700301,17,49,46,110,7,1,1,1,232
062700302,4,64,48,135,9,0,0,6,266
062700303,17,103,24,272,17,1,0,1,435
062700304,18,108,39,320,10,2,0,9,506
062700305,29,110,28,271,14,0,0,3,455
062700306,25,114,43,180,11,0,0,2,375
062700307,26,87,63,95,14,1,0,1,287
062700308,53,135,49,149,7,2,0,1,396
062700309,34,107,38,217,15,1,0,0,412
062700310,20,101,15,228,13,1,0,5,383
062700311,11,121,47,163,12,0,0,2,356
062700312,59,121,96,170,6,0,0,4,456
062700313,24,92,54,81,3,0,0,4,258
062700314,25,86,48,117,16,0,2,11,305
062700315,25,75,62,85,8,0,0,1,256
062700316,32,79,56,85,10,0,0,0,262
062700401,11,39,27,89,5,0,0,1,172
062700402,12,62,65,123,9,0,0,3,274
062700403,5,89,249,25,2,0,0,2,372
062700404,13,107,103,163,11,1,0,3,401
062700405,15,87,53,236,9,0,0,3,403
062700406,29,116,90,221,21,0,0,3,480
062700407,30,81,150,78,0,0,0,0,339
062700408,28,65,38,37,4,0,0,8,180
062700409,33,114,117,161,6,0,0,2,433
062700410,18,98,44,194,4,0,0,6,364
062700411,25,119,46,276,12,0,0,0,478
062700412,22,111,73,148,15,0,0,1,370
062700413,17,88,79,174,6,1,0,1,366
062700414,19,99,23,184,4,1,1,4,335
062700501,42,64,97,85,6,0,0,0,294
062700502,8,56,126,56,2,0,0,0,248
062700503,1,76,23,172,5,2,0,1,280
062700504,14,121,14,306,4,1,0,5,465
062700505,16,91,23,240,8,1,0,1,380
062700506,11,54,32,257,3,0,0,4,361
062700507,36,80,88,167,9,0,0,4,384
062700508,37,79,32,259,14,2,0,11,434
062700509,0,1,5,4,1,0,0,0,11
062700510,10,85,23,294,4,0,0,2,418
062700511,10,51,31,118,12,0,0,0,222
062700512,15,14,109,78,17,2,0,0,235
062700601,18,97,36,129,9,1,0,1,291
062700602,9,18,145,13,1,0,0,0,186
062700603,6,3,94,8,0,0,0,0,111
062700604,6,14,79,43,3,0,0,0,145
062700605,19,67,64,197,9,1,2,2,361
062700606,60,80,27,257,8,2,2,6,442
062700607,36,71,59,230,16,3,1,4,420
062700608,42,75,39,242,18,4,0,4,424
062700609,21,70,81,179,10,2,0,0,363
062700610,35,93,18,391,13,3,2,4,559
062700611,40,74,29,254,7,12,1,3,420
062700612,6,18,57,28,6,0,0,2,117
062700613,2,17,66,22,1,0,0,0,108
062700614,13,64,26,122,7,0,0,3,235
062700615,9,45,43,98,4,2,0,0,201
062700616,20,71,10,221,7,3,4,10,346
062700617,54,83,8,324,15,3,1,7,495
062700701,9,43,12,195,4,2,0,1,266
062700702,19,70,4,118,5,2,0,0,218
062700703,8,106,14,176,10,2,0,4,320
062700704,12,53,18,100,6,1,0,1,191
062700705,11,72,27,218,7,1,0,1,337
062700706,16,74,4,137,2,2,0,2,237
062700707,33,125,80,180,7,0,2,4,431
062700708,17,71,66,91,1,0,0,0,246
062700709,18,55,41,99,6,0,0,1,220
062700710,15,66,55,66,5,0,0,0,207
062700711,22,114,25,188,13,0,0,5,367
062700712,30,157,27,243,8,1,1,9,476
062700713,13,73,17,165,1,2,0,2,273
062700714,20,113,29,141,24,1,0,3,331
062700715,9,100,19,139,8,0,0,3,278
062700716,32,67,6,234,14,7,1,6,367
062700717,24,69,14,264,4,1,9,4,389
062700718,47,151,18,286,13,4,0,3,522
062700719,64,96,12,253,9,2,6,3,445
062700801,4,10,18,38,5,0,0,0,75
062700802,1,5,13,24,0,0,0,0,43
062700803,9,1,18,47,0,0,0,0,75
062700804,0,2,6,11,0,0,0,0,19
062700805,0,4,22,16,4,0,0,0,46
062700806,1,12,11,7,1,0,0,0,32
062700807,0,11,21,33,6,0,0,1,72
062700808,20,101,39,211,8,0,0,1,380
062700809,17,55,23,159,1,0,0,8,263
062700810,27,45,9,141,11,0,1,4,238
062700811,20,6,80,224,3,0,0,1,334
062700812,1,6,5,15,1,0,0,0,28
062700813,0,7,49,5,0,0,1,1,63
062700814,10,27,9,61,6,0,0,3,116
062700815,5,19,8,134,2,1,1,0,170
062700816,14,21,5,133,11,1,0,3,188
062700817,4,6,7,18,1,0,0,1,37
062700901,33,192,10,407,16,5,0,11,674
062700902,22,77,14,253,9,5,2,3,385
062700903,17,61,16,186,6,0,4,5,295
062700904,31,106,35,108,13,0,0,3,296
062700905,23,86,10,174,5,1,0,3,302
062700906,6,119,29,198,7,1,1,8,369
062700907,16,113,35,75,7,0,0,0,246
062700908,13,90,26,72,7,0,0,0,208
062700909,24,90,6,256,8,1,4,3,392
062700910,7,134,23,196,6,0,0,1,367
062700911,13,100,41,87,4,0,0,6,251
062700912,9,99,22,144,4,0,1,1,280
062700913,20,95,19,153,5,1,0,4,297
062701001,30,68,99,149,17,1,0,6,370
062701002,43,125,32,367,18,10,5,9,609
062701003,40,171,26,373,26,4,1,3,644
062701004,9,138,44,269,9,1,0,0,470
062701005,12,178,24,144,6,2,0,2,368
062701006,24,86,28,233,11,1,0,2,385
062701007,12,163,21,177,3,0,0,1,377
062701008,14,118,8,195,8,2,0,0,345
062701009,16,114,8,219,12,0,0,2,371
062701010,28,75,9,210,13,2,0,1,338
062701101,16,6,10,362,2,0,0,6,402
062701102,1,1,1,6,1,0,1,0,11
062701103,0,0,3,17,1,0,0,0,21
062701104,3,18,32,51,5,0,0,2,111
062701105,1,0,2,9,1,0,0,0,13
062740101,48,128,74,110,12,0,0,2,374
062740102,97,150,80,60,10,0,0,2,399
062740103,33,88,59,37,9,0,0,1,227
062740104,37,85,46,42,5,0,0,0,215
062740105,56,160,53,174,48,2,0,0,493
062740106,47,105,31,78,21,0,0,0,282
062740107,43,98,43,61,6,2,0,0,253
062740108,32,72,41,25,6,0,0,1,177
062740109,25,87,56,69,20,0,0,4,261
062740110,31,95,96,24,15,1,1,1,264
062740111,45,132,23,81,9,0,0,4,294
062740112,10,117,13,99,10,0,0,4,253
062740113,49,208,27,162,12,0,0,5,463
062740114,35,118,17,57,13,1,0,2,243
062740115,72,249,20,167,20,2,0,0,530
062740201,38,220,59,72,17,3,0,4,413
062740202,45,136,71,107,14,0,1,2,376
062740203,42,183,34,133,22,0,0,0,414
062740204,43,104,68,60,9,2,0,2,288
062740205,35,149,45,83,17,0,0,2,331
062740206,24,257,33,140,31,2,0,9,496
062740207,16,129,26,132,16,0,0,2,321
062740208,14,102,16,147,17,2,1,2,301
062740209,18,118,14,114,6,0,0,3,273
062740210,18,121,7,138,7,4,0,3,298
062740211,18,210,22,170,20,1,0,1,442
062740212,25,129,30,128,15,1,0,0,328
062740213,41,138,18,120,6,0,0,0,323
062740214,69,174,69,72,19,1,0,1,405
062740215,44,196,34,121,7,3,0,3,408
062740301,39,106,39,155,34,2,1,7,383
062740302,42,82,27,116,21,3,0,0,291
062740303,37,74,9,88,15,4,0,1,228
062740304,33,172,15,199,29,3,0,1,452
062740305,19,156,20,168,29,4,1,2,399
062740306,12,86,23,79,10,0,0,1,211
062740307,40,208,29,141,34,3,0,3,458
062740308,17,148,17,94,20,1,0,4,301
062740309,29,108,11,98,19,1,0,3,269
062740310,35,144,23,176,21,0,0,4,403
062740311,32,127,29,139,18,3,0,2,350
062740312,20,134,20,185,26,3,0,6,394
062740313,13,131,19,185,26,2,0,1,377
062740314,22,129,11,162,14,1,0,1,340
062740315,21,110,13,102,25,0,0,1,272
062740316,18,128,20,112,25,1,0,3,307
062740401,33,133,15,158,18,2,0,3,362
062740402,32,168,23,181,4,0,0,2,410
062740403,33,155,16,139,22,1,0,5,371
062740404,17,127,8,194,17,3,0,2,368
062740405,12,57,6,200,31,9,0,14,329
062740406,46,110,12,111,20,3,0,1,303
062740407,23,75,15,143,10,0,0,0,266
062740408,22,78,34,105,4,0,0,0,243
062740409,25,135,16,202,16,7,0,0,401
062740410,62,107,15,134,21,2,0,1,342
062740411,22,109,6,117,28,1,0,0,283
062740412,18,63,5,342,28,17,2,15,490
062740413,7,131,6,154,15,2,0,3,318
062740414,10,52,3,216,7,7,1,4,300
062740415,20,120,7,181,11,4,2,3,348
062740416,19,72,11,174,16,2,0,4,298
062740417,21,69,19,178,11,2,0,3,303
062740501,12,95,20,126,15,1,0,6,275
062740502,26,96,22,110,13,2,0,0,269
062740503,21,97,20,116,16,0,0,2,272
062740504,17,124,30,159,14,2,0,1,347
062740505,15,72,6,140,6,2,0,0,241
062740506,7,72,12,114,17,3,0,0,225
062740507,11,67,9,200,22,11,0,2,322
062740508,33,134,48,132,50,2,0,2,401
062740509,21,86,21,121,13,4,0,2,268
062740510,19,114,23,137,24,0,0,1,318
062740511,33,128,29,125,36,1,0,14,366
062740512,18,134,25,155,20,3,0,4,359
062740513,25,97,9,140,22,5,0,5,303
062740514,27,73,15,221,35,2,0,1,374
062740515,24,89,16,192,24,7,0,3,355
062740516,17,59,6,204,14,8,0,7,315
062740601,20,152,20,185,23,3,0,2,405
062740602,13,114,39,119,16,1,1,3,306
062740603,16,78,20,169,16,5,0,0,304
062740604,14,79,144,43,8,3,0,2,293
062740605,29,172,35,141,15,2,2,0,396
062740606,27,144,22,180,21,2,0,0,396
062740607,17,94,3,115,14,5,2,5,255
062740608,12,106,15,93,18,0,0,1,245
062740609,20,80,17,97,34,2,0,2,252
062740610,30,85,87,60,10,0,0,7,279
062740611,29,53,15,152,11,0,2,0,262
062740612,18,109,17,112,12,2,0,4,274
062740613,23,67,8,122,9,3,0,6,238
062740614,15,79,2,144,17,3,2,2,264
062740615,23,97,10,192,13,4,0,6,345
062740616,29,40,0,132,7,5,0,7,220
062740617,8,29,1,226,3,2,0,5,274
062740618,14,70,4,127,10,2,0,2,229
062740619,9,62,2,114,7,2,0,2,198
062740620,22,94,10,216,19,3,0,0,364
062740701,19,35,51,74,9,0,0,1,189
062740702,22,58,43,105,22,1,0,1,252
062740703,16,56,57,144,12,7,2,8,302
062740704,31,51,4,176,18,6,0,1,287
062740705,20,98,12,169,17,6,0,2,324
062740706,31,114,27,168,29,4,0,2,375
062740707,14,95,15,205,18,9,0,4,360
062740708,31,126,26,192,30,8,0,4,417
062740709,25,95,25,157,35,0,0,2,339
062740710,14,74,12,181,17,4,0,1,303
062740711,7,61,6,140,20,4,0,1,239
062740712,11,80,20,146,13,7,0,0,277
062740713,22,67,4,238,10,12,0,4,357
062740801,17,44,24,94,6,3,0,1,189
062740802,123,41,23,73,8,0,0,1,269
062740803,223,13,7,18,0,0,0,1,262
062740804,56,200,0,0,0,0,0,1,257
062740805,149,94,0,0,0,0,0,0,243
062740806,64,125,0,0,0,0,0,0,189
062740807,209,165,0,0,0,0,0,2,376
062740808,12,27,112,91,12,6,0,1,261
062740809,14,41,2,164,17,12,0,1,251
062740810,19,36,4,193,30,11,0,8,301
062740811,12,31,1,166,24,7,1,0,242
062740812,12,43,6,165,18,7,2,1,254
062740813,14,39,1,313,25,19,3,2,416
062740814,20,135,12,137,16,1,0,2,323
062740815,29,145,12,116,21,1,1,4,329
062740816,33,104,11,109,17,2,0,7,283
062740817,28,88,6,109,11,0,1,4,247
062740818,28,88,9,134,28,5,2,6,300
062740819,32,119,5,144,16,4,2,3,325
062740820,25,103,9,172,22,7,0,2,340
062740901,26,53,7,204,22,23,1,8,344
062740902,28,32,10,200,18,18,2,4,312
062740903,19,40,5,230,13,15,3,2,327
062740904,27,65,7,165,12,14,0,2,292
062740905,23,39,6,157,20,7,0,4,256
062740906,47,59,6,270,16,18,0,4,420
062740907,33,55,5,119,12,6,1,0,231
062740908,12,65,16,98,15,2,0,0,208
062740909,43,138,2,19,2,0,0,0,204
062740910,125,170,5,37,2,2,0,0,341
062740911,18,59,5,132,5,3,0,4,226
062740912,15,62,9,134,17,1,0,9,247
062740913,19,98,11,115,7,4,0,3,257
062740914,20,23,3,168,24,9,1,0,248
062740915,29,95,13,234,19,9,0,3,402
062740916,16,70,11,133,8,2,0,5,245
062740917,37,75,8,158,11,7,0,1,297
062740918,29,60,8,170,10,7,0,3,287
062740919,21,44,4,238,24,18,2,4,355
062740920,24,56,8,249,7,13,0,7,364
062740921,30,100,17,172,16,7,0,2,344
062740922,23,69,11,160,10,4,0,5,282
062741001,15,50,26,219,15,5,2,4,336
062741002,8,53,9,190,21,12,0,9,302
062741003,16,202,13,147,18,4,0,0,400
062741004,14,94,6,145,10,3,0,0,272
062741005,24,96,11,87,17,2,0,0,237
062741006,8,45,46,122,5,0,1,2,229
062741007,21,99,2,211,18,12,0,3,366
062741008,10,135,13,163,20,5,3,0,349
062741009,4,36,98,89,5,2,1,0,235
062741010,8,58,17,179,10,2,2,2,278
062741011,13,45,32,90,21,8,1,0,210
062741012,31,48,24,186,9,6,0,4,308
062741013,8,19,2,122,10,3,1,0,165
062741014,18,14,2,184,14,12,1,4,249
062741015,5,47,28,146,23,16,8,5,278
062741101,24,129,20,106,12,1,0,1,293
062741102,7,164,29,131,7,0,0,4,342
062741103,21,153,19,95,9,2,0,5,304
062741104,30,123,15,136,11,0,0,1,316
062741105,24,204,19,180,7,3,0,0,437
062741106,40,232,26,264,37,1,0,2,602
062741107,23,121,10,159,7,4,0,0,324
062741108,35,147,23,99,8,0,1,1,314
062741109,34,177,20,258,25,11,0,0,525
062741110,33,243,28,209,21,1,0,4,539
062741111,21,87,19,130,12,1,1,0,271
062741112,24,65,1,185,18,6,0,2,301
062741113,27,61,7,155,17,6,1,0,274
062741114,36,74,8,172,4,3,0,2,299
062741115,25,83,16,166,12,3,0,3,308
062741116,23,82,6,155,6,5,0,1,278
062741117,21,122,7,205,34,8,0,4,401
062741118,17,120,14,134,7,1,0,2,295
062741201,40,193,48,151,21,0,0,2,455
062741202,23,102,26,83,10,1,0,0,245
062741203,22,111,36,135,7,1,0,0,312
062741204,8,81,48,47,2,0,0,0,186
062741205,12,69,76,46,4,0,0,4,211
062741206,17,86,36,74,6,2,0,1,222
062741207,11,108,22,85,6,0,0,0,232
062741208,25,166,39,202,12,3,0,0,447
062741209,34,143,10,188,22,5,0,1,403
062741210,12,86,96,125,11,1,0,0,331
062741211,23,144,16,166,13,3,0,0,365
062741212,19,131,15,202,24,3,2,2,398
062741213,17,85,4,114,8,0,0,4,232
062741214,28,106,15,84,9,0,0,1,243
062741215,16,110,8,198,10,2,2,3,349
062741216,9,94,18,200,8,1,0,1,331
062741217,28,145,21,139,4,2,0,3,342
062741301,57,138,32,142,18,4,1,1,393
062741302,33,68,36,48,12,1,0,1,199
062741303,28,80,30,87,12,1,0,2,240
062741304,24,112,28,71,13,1,0,1,250
062741305,20,88,13,114,11,0,0,0,246
062741306,14,14,93,184,5,1,0,0,311
062741307,11,110,21,115,14,3,0,2,276
062741308,23,94,22,87,14,1,0,1,242
062741309,14,87,16,153,16,1,0,0,287
062741310,12,130,11,79,9,1,0,0,242
062741311,17,129,44,70,12,0,0,1,273
062741312,56,167,53,92,18,0,0,1,387
062741313,20,90,32,26,6,0,0,3,177
062741314,14,88,58,26,3,0,0,2,191
062741315,60,108,33,33,5,0,0,0,239
062741316,60,96,48,60,7,0,0,0,271
062741317,39,272,29,96,3,0,0,1,440
062741401,62,173,45,112,22,0,0,2,416
062741402,58,168,68,54,11,1,0,2,362
062741403,49,65,46,50,10,0,0,0,220
062741404,70,119,48,56,5,0,0,0,298
062741405,58,165,87,59,7,0,0,0,376
062741406,26,86,40,50,3,0,0,0,205
062741407,31,138,38,33,1,0,0,0,241
062741408,38,100,92,80,3,0,0,0,313
062741409,57,154,63,88,6,1,0,1,370
062741410,50,113,70,54,1,1,0,4,293
062741411,56,145,98,60,4,0,0,0,363
062741501,30,97,4,181,14,10,0,0,336
062741502,17,100,10,166,24,6,0,5,328
062741503,7,122,19,97,11,1,1,4,262
062741504,32,200,34,145,11,3,0,15,440
062741505,40,78,11,83,17,1,0,0,230
062741506,23,125,21,58,5,0,0,4,236
062741507,22,143,14,101,17,5,0,2,304
062741508,4,128,21,111,20,2,1,0,287
062741509,21,127,20,86,10,1,0,1,266
062741510,35,159,15,188,17,5,1,8,428
062741511,13,117,15,89,7,1,0,3,245
062741512,4,115,9,102,8,0,0,10,248
062741513,11,168,10,89,16,1,0,10,305
062741514,18,118,12,98,13,5,0,2,266
062741515,19,132,15,78,8,2,0,0,254
062741516,17,150,35,120,19,2,0,0,343
062741517,16,128,6,188,16,9,1,2,366
062741518,64,151,25,176,9,3,0,0,428
062741601,15,90,5,242,9,7,0,5,373
062741602,11,135,6,223,14,4,0,3,396
062741603,8,168,3,174,11,4,3,3,374
062741604,27,135,17,271,15,1,1,2,469
062741605,18,115,18,102,14,2,0,0,269
062741606,36,121,21,133,19,0,0,5,335
062741607,21,120,13,103,11,4,0,2,274
062741608,20,148,17,92,6,0,0,7,290
062741609,21,98,4,95,7,1,0,12,238
062741610,29,129,5,145,9,6,0,8,331
062741611,7,118,4,94,7,0,0,3,233
062741612,12,160,18,101,5,1,0,1,298
062741613,6,228,13,128,5,0,0,4,384
062741614,28,146,5,100,20,0,0,0,299
062741701,24,85,36,65,15,0,0,3,228
062741702,26,90,36,81,7,1,0,3,244
062741703,27,143,22,96,10,1,0,0,299
062741704,16,161,18,110,11,1,0,3,320
062741705,7,143,7,127,7,1,0,2,294
062741706,18,115,11,161,15,1,1,0,322
062741707,30,96,24,83,11,0,0,1,245
062741708,38,79,46,61,5,1,0,5,235
062741709,38,149,23,102,13,2,0,2,329
062741710,21,116,11,151,23,1,0,8,331
062741711,19,103,7,92,15,2,0,0,238
062741712,29,83,7,120,13,1,0,5,258
062741713,47,149,19,130,7,1,0,0,353
062741714,57,187,34,103,11,1,0,1,394
062741801,34,202,13,202,13,2,2,2,470
062741802,11,59,3,196,13,4,0,2,288
062741803,9,126,19,112,8,4,1,1,280
062741804,9,57,2,166,6,3,0,0,243
062741805,3,46,2,185,6,5,0,5,252
062741806,24,31,4,333,10,3,0,3,408
062741807,5,73,9,286,7,4,1,5,390
062741808,9,44,27,140,11,3,0,2,236
062741809,3,57,4,227,8,4,3,0,306
062741810,20,59,5,230,7,3,1,0,325
062741811,22,74,2,290,4,16,0,3,411
062741812,7,40,1,139,6,9,0,0,202
062741813,22,97,1,164,13,6,0,0,303
062741814,22,68,8,131,9,5,0,0,243
062741815,19,83,5,107,10,5,0,1,230
062741816,49,119,9,190,18,13,0,7,405
062741817,15,205,18,127,7,0,0,1,373
062741818,33,174,18,205,12,2,0,3,447
062741901,24,83,23,169,12,4,0,2,317
062741902,15,152,14,192,24,11,0,6,414
062741903,17,69,7,182,19,4,1,1,300
062741904,14,144,12,233,19,8,0,0,430
062741905,22,97,11,327,19,10,1,2,489
062741906,8,113,7,257,16,7,0,5,413
062741907,27,113,10,221,34,7,1,4,417
062741908,6,66,0,136,4,2,0,3,217
062741909,3,82,7,121,6,0,0,4,223
062741910,26,238,17,151,24,3,0,2,461
062741911,13,210,19,207,9,1,0,4,463
062741912,26,110,8,237,4,2,1,8,396
062741913,22,50,3,173,24,9,0,1,282
062742001,14,186,12,186,13,3,0,3,417
062742002,21,163,7,183,13,6,0,3,396
062742003,24,154,12,136,20,0,0,0,346
062742004,54,171,17,339,19,10,3,5,618
062742005,30,154,12,274,15,6,0,3,494
062742006,11,135,12,236,11,1,3,2,411
062742007,35,112,8,300,21,7,1,2,486
062742008,17,135,9,145,10,0,1,6,323
062742009,22,154,10,116,11,3,0,4,320
062742010,17,148,3,117,11,0,0,1,297
062742011,38,145,11,112,16,4,0,6,332
062742012,24,186,10,112,5,1,0,5,343
062742013,16,137,16,191,17,6,0,1,384
062742014,3,13,2,40,3,1,0,1,63
062742015,1,1,2,4,2,0,0,0,10
062742016,13,35,8,214,8,1,0,1,280
062742101,44,66,19,79,4,0,0,1,213
062742102,20,61,26,112,9,3,0,1,232
062742103,29,155,22,201,13,2,0,0,422
062742104,28,103,11,208,10,3,0,0,363
062742105,9,21,16,299,17,10,0,3,375
062742106,2,0,1,402,6,0,0,1,412
062742107,0,1,0,405,2,2,0,0,410
062742108,2,0,0,390,7,1,0,1,401
062742109,7,86,2,146,15,5,0,2,263
062742110,24,102,6,114,16,1,0,2,265
062742111,12,73,11,146,15,3,0,0,260
062742112,26,60,10,113,23,2,0,0,234
062742113,12,110,18,223,12,3,0,2,380
062742114,15,126,17,149,7,0,0,0,314
062742115,24,176,18,193,19,2,0,0,432
062742116,10,106,4,114,15,0,0,0,249
062742117,10,105,61,203,7,6,1,1,394
062742118,20,104,14,201,12,2,0,2,355
062742119,25,106,9,179,8,0,0,0,327
062742120,24,105,5,88,11,1,0,0,234
062742121,28,86,6,92,7,0,0,6,225
062742122,23,76,68,88,5,0,0,1,261
062742123,25,67,73,130,7,2,0,2,306
062742201,9,31,11,161,12,24,0,5,253
062742202,9,83,5,155,4,10,0,0,266
062742203,33,141,19,234,12,1,1,6,447
062742204,15,95,12,125,9,0,0,1,257
062742205,9,76,13,147,12,0,0,2,259
062742206,24,86,5,186,10,2,0,2,315
062742207,1,7,11,26,1,1,0,0,47
062742208,3,20,6,61,2,1,0,0,93
062742209,1,47,6,87,3,2,1,1,148
062742210,13,43,16,223,36,5,2,7,345
062742211,22,37,6,301,17,18,0,1,402
062742212,10,44,6,167,15,2,0,0,244
063710101,20,157,12,134,19,0,0,1,343
063710102,44,135,34,52,17,0,0,6,288
063710103,71,130,16,167,20,0,0,1,405
063710104,41,120,29,39,3,0,0,2,234
063710105,9,15,0,145,18,0,0,2,189
063710106,1,24,4,125,8,0,0,0,162
063710107,2,7,4,84,5,0,0,0,102
063710108,1,13,0,85,6,2,0,4,111
063710109,25,138,9,142,9,0,0,0,323
063710110,11,109,2,325,34,2,0,0,483
063710111,2,6,0,10,0,0,0,3,21
063710201,57,200,30,86,29,0,0,1,403
063710202,63,211,40,67,7,0,0,5,393
063710203,82,247,51,43,3,0,0,0,426
063710204,67,145,25,138,12,0,0,0,387
063710205,41,209,32,200,28,7,1,6,524
063710206,72,161,31,53,12,0,0,4,333
063710207,50,137,25,22,11,1,0,10,256
063710208,47,181,25,31,5,0,0,0,289
063710209,54,228,55,42,15,0,0,4,398
063710210,64,210,40,79,18,0,0,5,416
063710211,36,134,34,51,6,0,0,0,261
063710212,53,116,35,52,6,2,2,2,268
063710301,118,196,45,47,3,0,0,9,418
063710302,70,121,36,26,10,0,0,2,265
063710303,20,69,64,16,3,0,0,4,176
063710304,100,149,170,60,12,0,0,10,501
063710305,67,103,139,34,8,0,0,10,361
063710306,96,145,48,45,14,0,0,1,349
063710307,71,177,42,25,20,0,0,1,336
063710308,109,169,56,51,9,2,0,4,400
063710309,0,172,22,98,0,0,0,0,292
063710310,44,122,13,58,1,0,0,0,238
063710311,71,183,18,71,6,0,0,0,349
063710312,17,56,8,32,2,0,0,0,115
063710313,54,95,11,38,6,0,0,0,204
063710314,70,100,30,23,7,0,0,0,230
063710315,105,139,60,45,11,0,0,0,360
063710401,134,223,69,41,6,0,0,5,478
063710402,68,220,42,35,18,0,0,3,386
063710403,55,113,24,49,8,0,0,0,249
063710404,53,102,25,25,5,0,0,1,211
063710405,102,138,58,54,4,0,0,0,356
063710406,100,176,79,64,4,1,0,4,428
063710407,119,154,57,48,3,0,0,3,384
063710408,52,97,32,23,3,0,0,2,209
063710501,115,140,27,41,7,0,0,1,331
063710502,87,158,52,49,6,2,0,6,360
063710503,71,55,34,21,5,0,0,0,186
063710504,41,87,57,37,7,0,1,15,245
063710505,69,63,89,34,3,0,2,3,263
063710506,49,142,95,79,10,1,0,3,379
063710507,50,150,31,15,10,4,0,5,265
063710508,50,92,21,25,5,0,0,1,194
063710509,141,122,57,57,9,0,0,8,394
063710510,56,181,40,92,6,0,0,7,382
063710601,48,138,33,13,1,0,0,0,233
063710602,16,81,31,15,117,0,0,0,260
063710603,49,130,25,42,55,0,0,1,302
063710604,44,119,21,11,40,0,0,0,235
063710605,51,79,9,16,93,0,0,2,250
063710606,50,168,47,22,12,0,0,2,301
063710607,40,183,17,46,13,1,0,3,303
063710608,23,120,5,92,6,0,0,0,246
063710609,31,46,1,261,10,0,0,23,372
063710610,41,137,4,229,22,0,0,1,434
063710611,32,77,2,290,21,1,0,11,434
063710612,85,141,65,25,5,0,1,2,324
063710701,35,94,15,26,112,1,0,0,283
063710702,189,207,11,46,1,0,0,7,461
063710703,128,193,11,2,1,0,0,0,335
063710704,35,45,1,266,8,1,0,4,360
063710705,28,69,62,116,6,0,0,6,287
063710706,193,223,2,0,0,0,0,8,426
063710707,49,241,12,181,38,0,4,9,534
063710708,18,78,38,86,4,0,0,2,226
063710709,83,148,53,34,84,0,0,0,402
063710710,61,99,30,22,6,0,0,4,222
063710711,56,108,30,21,13,0,0,0,228
063710712,103,144,33,33,3,0,0,1,317
063710713,75,133,37,26,2,0,0,3,276
063710801,87,141,18,176,17,0,0,1,440
063710802,61,152,98,50,3,0,0,7,371
063710803,50,154,99,10,2,0,0,4,319
063710804,95,159,25,29,3,0,0,6,317
063710805,66,179,49,7,0,0,0,2,303
063710806,121,155,13,99,9,0,0,9,406
063710807,62,166,23,17,4,0,0,4,276
063710808,114,191,31,20,1,0,0,2,359
063710809,86,214,33,25,4,0,0,3,365
063710810,123,172,30,11,3,0,0,1,340
063710811,112,165,34,12,2,0,0,1,326
063710812,108,181,30,32,3,0,0,0,354
063710901,129,205,32,22,1,0,0,2,391
063710902,82,224,39,37,7,0,0,9,398
063710903,68,111,40,34,5,0,0,0,258
063710904,53,88,41,32,1,3,0,1,219
063710905,66,157,30,48,2,1,0,13,317
063710906,117,267,62,44,4,0,0,10,504
063710907,113,123,31,33,3,0,0,5,308
063710908,108,200,31,21,10,0,0,1,371
063710909,113,218,27,22,4,0,0,5,389
063710910,126,187,30,29,6,0,0,0,378
063710911,52,84,18,30,5,0,1,0,190
063710912,80,88,23,37,4,0,0,1,233
063710913,55,135,27,16,5,0,0,0,238
063710914,155,146,23,18,2,0,0,1,345
063710915,45,93,25,35,1,1,0,1,201
063710916,70,101,21,29,0,0,1,1,223
063710917,72,173,32,52,1,0,0,2,332
063711001,89,96,100,16,1,0,0,0,302
063711002,99,135,94,43,8,1,0,2,382
063711003,108,116,94,31,2,0,0,1,352
063711004,71,71,48,28,1,0,0,1,220
063711005,64,102,29,32,1,0,0,0,228
063711006,118,152,65,23,2,0,0,1,361
063711007,154,199,75,20,5,0,0,0,453
063711008,95,119,55,28,3,0,0,1,301
063711009,59,169,50,26,2,0,1,2,309
063711010,75,137,113,30,2,0,0,0,357
063711011,141,152,0,0,0,0,0,0,293
063711012,23,39,2,32,11,0,0,1,108
063711013,79,203,69,53,10,1,0,1,416
063711014,64,150,59,20,2,0,0,9,304
063711015,71,122,114,24,8,0,0,0,339
063711016,28,40,119,3,0,0,0,3,193
063711101,96,96,51,27,1,0,0,3,274
063711102,50,134,34,17,1,1,0,0,237
063711103,122,149,25,8,3,0,0,8,315
063711104,150,177,7,3,0,0,0,0,337
063711105,149,90,32,1,2,0,0,6,280
063711106,105,84,34,7,1,0,0,0,231
063711107,78,126,118,31,3,0,0,0,356
063711108,126,82,28,8,1,0,0,0,245
063711109,32,61,68,19,1,0,0,0,181
063711110,98,137,96,57,7,1,0,6,402
063711201,98,132,99,43,2,4,0,6,384
063711202,48,96,91,57,1,0,1,2,296
063711203,36,116,51,16,3,0,0,1,223
063711204,87,111,120,50,9,0,0,1,378
063711205,56,65,78,23,3,0,0,2,227
063711206,38,75,59,14,5,0,0,5,196
063711207,78,125,65,50,4,0,0,0,322
063711208,108,90,179,50,2,0,0,3,432
063711209,27,136,74,28,7,1,0,0,273
063711210,154,92,36,15,0,0,0,0,297
063711301,78,149,55,45,8,1,0,1,337
063711302,49,119,104,35,8,0,0,4,319
063711303,101,85,136,82,7,0,0,0,411
063711304,53,103,133,56,2,0,0,2,349
063711305,44,138,84,48,6,1,0,0,321
063711306,81,131,84,62,11,0,0,1,370
063711307,113,171,73,31,4,0,0,1,393
063711308,59,161,65,27,9,0,0,8,329
063711309,113,197,74,36,8,0,0,1,429
063711310,88,142,98,64,3,0,0,1,396
063711311,43,90,119,66,7,0,0,4,329
063711312,35,130,163,41,4,0,0,0,373
063711401,73,180,33,96,14,1,1,5,403
063711402,63,164,36,20,4,0,0,1,288
063711403,55,94,20,18,5,0,0,0,192
063711404,15,19,3,185,24,1,0,1,248
063711405,32,31,1,130,7,0,0,1,202
063711406,13,33,1,307,22,4,1,4,385
063711407,10,5,0,156,16,6,0,4,197
063711408,9,9,2,201,14,6,4,9,254
063711409,17,25,0,187,12,1,1,3,246
063711410,17,48,6,167,12,0,0,2,252
063711411,63,136,33,39,6,0,0,1,278
063711412,58,139,55,18,4,0,0,7,281
063711413,92,100,51,19,5,0,0,1,268
063711414,17,57,9,191,14,2,2,8,300
063711501,2,36,2,28,1,0,0,1,70
063711502,17,82,2,132,2,1,0,0,236
063711503,16,159,7,189,7,1,0,3,382
063711504,0,85,0,60,0,0,0,0,145
063711505,75,321,47,195,14,1,0,1,654
063711506,72,159,2,214,6,0,0,7,460
063711507,20,84,1,84,13,0,0,1,203
063711508,11,104,3,59,5,0,0,0,182
063711509,45,57,3,80,11,0,0,2,198
063711510,14,41,2,56,10,0,0,1,124
063711511,87,148,32,96,11,1,0,6,381
063711512,24,159,24,78,5,0,0,1,291
063711513,19,104,18,105,5,0,0,0,251
063711514,31,124,17,108,9,0,0,0,289
063711601,12,42,3,140,4,2,2,7,212
063711602,7,53,1,108,4,6,1,5,185
063711603,17,57,2,90,2,0,0,6,174
063711604,12,114,4,198,4,2,0,2,336
063711605,10,62,3,36,0,0,0,0,111
063711606,7,87,27,57,6,0,0,6,190
063711607,38,122,47,30,5,2,0,6,250
063711608,56,155,84,38,8,0,0,0,341
063711609,87,168,69,28,22,0,0,0,374
063711610,35,149,22,31,24,0,0,0,261
063711611,40,131,16,76,17,2,0,3,285
063711612,28,32,1,46,15,6,0,0,128
063711613,73,148,70,30,15,0,0,9,345
063711614,32,130,36,50,12,1,0,4,265
063711701,100,143,86,22,8,0,0,3,362
063711702,99,140,55,32,3,1,0,1,331
063711703,92,125,63,34,7,1,0,1,323
063711704,44,145,72,55,5,0,0,0,321
063711705,64,111,65,44,4,0,0,0,288
063711706,83,131,74,39,4,0,0,2,333
063711707,76,129,78,17,4,0,0,1,305
063711708,67,132,63,36,4,2,0,0,304
063711709,75,155,36,36,7,0,0,0,309
063711710,65,205,85,47,9,0,0,1,412
063711711,79,157,69,27,11,0,0,3,346
063711712,45,112,81,17,3,0,0,0,258
063711713,93,148,67,53,5,0,0,2,368
063711714,64,181,66,22,4,0,0,6,343
063711801,80,123,100,83,7,1,0,5,399
063711802,49,100,56,28,9,1,0,1,244
063711803,165,102,74,40,0,0,0,1,382
063711804,60,172,80,46,6,0,0,6,370
063711805,56,107,104,68,3,0,0,2,340
063711806,46,162,57,98,7,0,0,0,370
063711807,92,147,78,49,1,0,0,5,372
063711808,59,120,43,47,3,0,0,3,275
063711809,43,139,44,44,8,0,0,1,279
063711810,57,106,38,26,8,0,0,1,236
063711811,114,159,83,61,14,0,0,3,434
063711812,39,96,43,41,8,0,0,0,227
063711813,82,217,47,69,16,1,0,2,434
063711814,144,165,72,69,7,0,0,3,460
063711815,80,202,71,82,13,0,0,3,451
063711901,74,81,35,18,0,0,0,2,210
063711902,67,157,76,21,2,0,0,0,323
063711903,72,81,131,21,4,0,0,0,309
063711904,50,68,164,24,2,0,0,0,308
063711905,67,57,178,26,1,0,0,1,330
063711906,65,66,84,15,11,0,0,1,242
063711907,88,60,179,38,3,0,0,2,370
063711908,64,94,144,30,4,0,0,3,339
063711909,117,85,121,52,2,0,0,17,394
063712001,76,131,68,86,7,0,0,4,372
063712002,96,133,65,65,14,0,0,0,373
063712003,89,128,55,28,2,0,0,0,302
063712004,78,131,101,81,8,1,0,4,404
063712005,83,126,63,14,0,0,0,0,286
063712006,85,175,89,20,6,0,0,0,375
063712007,34,109,57,161,41,0,0,3,405
063712008,72,80,67,4,2,0,0,0,225
063712101,54,140,66,47,1,0,0,4,312
063712102,81,147,80,54,0,0,0,6,368
063712103,84,85,53,22,4,0,0,3,251
063712104,36,82,36,22,0,0,0,0,176
063712105,94,151,106,64,3,0,0,3,421
063712106,29,40,41,8,1,0,0,0,119
063712107,68,96,87,22,1,0,0,0,274
063712108,74,133,109,46,4,0,0,9,375
063712109,90,107,91,44,3,0,0,1,336
063712110,77,121,77,43,1,1,0,4,324
063712111,100,163,89,46,4,0,1,1,404
063712112,40,31,126,3,0,0,0,0,200
063712113,73,133,42,34,2,0,0,8,292
063712114,72,133,53,32,2,0,0,0,292
063712115,77,138,101,20,3,0,0,4,343
063712201,87,93,55,69,7,0,0,3,314
063712202,33,121,48,54,2,0,0,1,259
063712203,38,171,18,45,3,0,0,1,276
063712204,138,101,61,24,3,0,0,1,328
063712205,61,117,16,16,1,0,0,0,211
063712206,41,113,17,16,3,0,0,0,190
063712207,111,140,21,56,4,0,0,3,335
063712208,54,153,9,9,0,5,0,0,230
063712209,66,106,13,3,0,0,0,0,188
063712210,81,102,1,1,0,0,0,4,189
063712211,36,75,20,2,1,0,0,0,134
063712212,59,115,5,2,0,0,0,27,208
063712213,125,50,27,4,0,0,0,7,213
063712214,100,110,20,11,0,0,0,0,241
063712301,67,176,27,22,5,0,0,0,297
063712302,115,173,43,75,2,0,0,6,414
063712303,51,79,14,6,0,0,0,0,150
063712304,108,75,15,19,2,0,0,1,220
063712305,67,150,10,3,0,0,0,9,239
063712306,83,126,21,27,2,0,0,1,260
063712307,49,162,32,24,2,0,0,5,274
063712308,77,148,35,33,0,0,0,3,296
063712309,181,83,2,5,0,0,0,0,271
063712310,61,117,13,4,3,0,1,1,200
063712311,40,91,62,52,8,0,0,0,253
063712312,50,90,50,37,6,0,0,0,233
063712313,109,77,31,27,5,0,0,0,249
063712314,105,139,36,29,4,1,0,0,314
063712315,169,176,33,44,11,0,0,0,433
063712316,107,216,30,56,6,0,0,11,426
063712317,79,135,23,26,3,0,0,12,278
063712401,62,177,28,81,17,1,0,5,371
063712402,49,138,17,20,3,0,0,0,227
063712403,147,172,42,41,4,0,0,5,411
063712404,55,87,7,24,3,0,0,0,176
063712405,55,85,5,58,2,0,0,0,205
063712406,75,109,16,18,4,0,0,0,222
063712407,38,148,17,28,4,0,0,0,235
063712408,85,107,12,10,0,0,0,3,217
063712501,66,164,5,25,3,0,0,8,271
063712502,116,128,15,31,3,1,0,2,296
063712503,51,95,17,25,4,1,0,7,200
063712504,116,120,6,47,7,0,0,1,297
063712505,91,184,31,26,2,0,0,6,340
063712506,96,141,22,22,4,0,0,14,299
063712507,91,190,23,21,1,0,0,1,327
063712508,84,157,24,20,3,0,0,4,292
063712601,113,160,22,62,9,2,0,3,371
063712602,90,96,24,22,2,0,0,2,236
063712603,85,162,31,36,4,1,0,3,322
063712604,91,167,27,41,2,1,0,5,334
063712605,69,85,28,39,2,0,0,0,223
063712606,81,156,25,45,10,0,0,4,321
063712607,64,148,16,23,0,0,0,1,252
063712608,77,106,27,26,2,0,0,10,248
063712701,69,129,27,20,0,0,0,0,245
063712702,103,167,24,41,3,0,0,1,339
063712703,127,201,21,163,5,1,1,5,524
063712704,80,218,34,40,1,0,0,6,379
063712705,80,170,30,22,2,0,0,2,306
063712706,63,75,20,15,5,0,0,1,179
063712707,63,94,21,12,3,0,0,4,197
063712708,84,93,25,12,1,0,0,0,215
063712801,26,15,1,119,8,0,1,2,172
063712802,6,22,5,13,0,0,0,1,47
063712803,9,17,3,2,1,0,0,0,32
063712804,12,71,10,9,0,0,0,2,104
063712805,12,36,7,11,1,0,0,0,67
063712806,55,94,3,132,0,0,0,0,284
063712807,7,53,10,11,2,0,0,0,83
063712808,84,158,31,35,8,0,0,5,321
063712901,75,168,37,23,4,0,0,0,307
063712902,51,128,22,3,0,0,0,1,205
063712903,61,87,20,35,1,0,0,0,204
063712904,119,131,45,28,0,0,0,3,326
063712905,122,188,36,41,11,0,0,6,404
063712906,31,114,12,18,3,0,0,0,178
063712907,126,243,41,75,8,0,0,8,501
063712908,147,330,68,88,8,1,0,12,654
063712909,35,180,1,133,2,0,0,4,355
063713001,99,137,23,24,9,0,0,0,292
063713002,144,160,30,45,8,2,1,4,394
063713003,93,188,28,34,3,0,0,2,348
063713004,93,97,24,36,1,0,0,0,251
063713005,88,128,35,42,3,0,0,1,297
063713006,83,145,33,29,3,0,0,4,297
063713007,56,110,23,25,6,0,0,2,222
063713008,70,115,45,23,2,0,0,1,256
063713009,63,128,20,16,3,0,0,4,234
063713010,15,5,0,84,28,0,0,0,132
063713011,84,155,35,31,4,0,0,1,310
063713101,115,123,47,30,14,0,0,2,331
063713102,76,84,30,16,10,0,0,2,218
063713103,134,148,57,38,18,0,0,3,398
063713104,67,62,14,22,3,0,0,3,171
063713105,115,113,33,29,9,0,0,2,301
063713106,111,249,58,33,2,0,0,0,453
063713107,101,126,41,20,0,0,0,0,288
063713108,144,115,18,27,0,0,0,0,304
063713201,0,0,48,18,0,0,0,0,66
063713202,53,239,41,91,17,1,0,0,442
063713203,70,188,37,61,24,1,0,5,386
063713204,60,205,22,64,7,0,0,0,358
063713205,57,149,14,88,11,1,0,1,321
063713206,51,220,18,104,8,0,0,2,403
063713207,45,145,34,54,8,0,0,5,291
063713208,67,216,30,116,20,2,0,5,456
063713209,53,148,12,22,3,0,0,2,240
063713210,147,200,36,48,7,0,0,2,440
063713211,73,227,25,81,4,0,0,2,412
063713212,83,184,10,82,6,1,0,4,370
063713213,62,219,25,55,7,0,0,4,372
063713214,54,220,19,161,8,0,0,1,463
063713215,64,116,20,70,14,0,0,6,290
063713301,17,23,8,199,20,0,0,0,267
063713302,18,42,104,237,13,3,1,2,420
063713303,70,244,45,49,7,0,0,0,415
063713304,42,189,19,46,10,0,0,1,307
063713305,78,253,40,42,9,0,0,2,424
063713306,86,256,32,34,7,0,0,0,415
063713307,53,179,33,47,2,0,0,3,317
063713308,65,86,82,20,4,0,0,0,257
063713309,62,219,42,17,9,0,0,0,349
063713310,66,110,11,6,3,0,0,3,199
063713401,50,132,28,36,4,0,0,1,251
063713402,73,204,45,55,12,2,0,1,392
063713403,53,76,14,11,4,0,0,2,160
063713404,67,121,24,29,1,0,0,0,242
063713405,104,103,8,223,19,1,0,2,460
063713406,52,156,40,32,3,0,0,1,284
063713407,94,145,36,39,11,1,0,4,330
063713408,40,123,164,14,5,0,0,3,349
063713409,51,157,26,10,3,0,0,0,247
063713501,73,167,72,48,12,0,0,1,373
063713502,42,117,21,37,2,0,0,2,221
063713503,37,140,36,34,3,0,0,5,255
063713504,38,112,29,46,7,0,0,3,235
063713505,41,125,39,32,3,2,0,2,244
063713506,86,184,37,44,11,1,0,7,370
063713507,3,13,0,18,1,0,0,0,35
063713508,2,8,0,44,0,0,0,0,54
063713509,4,15,6,15,0,0,0,0,40
063713510,15,140,13,112,9,0,0,1,290
063713511,26,126,8,250,5,0,1,2,418
063713512,8,167,76,35,2,1,0,3,292
063713513,62,188,29,31,7,0,0,11,328
063713514,68,96,25,34,4,0,0,0,227
063713601,68,270,23,215,19,1,0,7,603
063713602,29,194,21,79,16,2,1,3,345
063713603,45,178,83,80,11,2,0,3,402
063713604,33,314,38,144,25,2,0,2,558
063713605,39,161,24,63,6,0,0,3,296
063713606,18,181,24,64,9,0,0,3,299
063713607,28,226,43,94,8,1,1,0,401
063713608,74,189,43,26,12,0,0,3,347
063713609,95,256,41,83,17,0,0,4,496
063713610,88,182,42,32,7,0,0,2,353
063713611,118,160,108,20,3,0,0,6,415
063713701,22,94,4,139,16,2,1,24,302
063713702,34,112,1,191,12,2,0,11,363
063713703,14,109,1,70,3,0,0,1,198
063713704,18,56,2,52,8,5,0,2,143
063713705,20,81,4,69,6,0,1,1,182
063713706,5,117,3,74,5,3,0,0,207
063713707,26,274,12,120,9,0,5,4,450
063713708,51,333,8,223,18,2,0,6,641
063713709,80,245,65,86,18,3,0,4,501
063713710,34,195,4,199,6,2,2,6,448
063713711,34,159,9,193,12,0,0,3,410
063713712,32,169,5,155,8,0,1,1,371
063713713,21,179,132,86,25,2,1,1,447
063713714,38,156,82,77,15,0,0,9,377
063713715,54,229,48,68,11,0,0,1,411
063713716,84,271,60,49,12,0,0,4,480
064080101,66,147,91,60,9,0,0,0,373
064080102,60,52,145,31,0,0,0,0,288
064080103,72,96,98,70,14,1,0,0,351
064080104,95,66,150,74,9,0,0,0,394
064080105,69,137,39,103,17,1,0,1,367
064080106,29,63,97,25,2,1,0,0,217
064080107,108,73,176,36,6,0,0,0,399
064080108,62,155,100,96,10,2,0,0,425
064080109,113,179,70,69,9,0,0,2,442
064080110,74,94,45,16,10,0,0,0,239
064080111,158,157,126,104,33,0,0,6,584
064080112,83,195,76,44,17,0,0,1,416
064080113,103,203,44,48,10,1,0,2,411
064080114,6,9,6,10,2,0,0,1,34
064080115,43,29,27,6,2,0,0,0,107
064080116,20,34,116,23,1,0,0,1,195
064080117,40,53,116,93,0,0,0,3,305
064080201,58,118,31,85,22,3,1,0,318
064080202,82,203,43,32,8,1,0,4,373
064080203,119,138,70,47,14,0,0,1,389
064080204,85,150,63,65,24,1,0,0,388
064080205,65,87,79,7,4,0,0,1,243
064080206,81,92,90,58,8,0,0,2,331
064080207,85,131,81,124,13,1,0,2,437
064080208,95,166,75,124,24,0,0,4,488
064080209,94,250,40,103,16,1,0,6,510
064080210,121,157,62,78,24,0,0,5,447
064080211,72,166,48,31,11,0,0,4,332
064080301,0,14,5,85,0,1,0,0,105
064080302,12,51,9,23,5,0,0,0,100
064080303,42,191,20,106,20,0,0,2,381
064080304,52,168,27,43,11,1,0,5,307
064080305,60,116,51,55,12,0,0,0,294
064080306,36,140,77,63,18,0,0,1,335
064080307,67,252,71,99,13,0,1,2,505
064080308,84,263,25,208,32,0,1,8,621
064080309,136,105,33,45,8,0,0,0,327
064080310,41,107,34,36,3,0,0,0,221
064080401,33,166,13,169,10,0,0,4,395
064080402,52,294,28,230,13,1,0,8,626
064080403,12,173,13,62,4,0,0,0,264
064080404,35,267,22,161,15,0,0,8,508
064080405,21,224,8,84,12,0,0,11,360
064080406,25,124,36,62,14,0,1,22,284
064080407,24,141,110,103,10,0,0,0,388
064080408,88,251,49,151,15,2,0,7,563
064080409,54,146,89,113,11,0,0,4,417
064080410,111,177,165,115,12,0,0,2,582
064080411,33,170,38,69,10,0,1,1,322
064080412,60,175,52,64,5,0,0,3,359
064080501,44,125,25,56,5,0,0,7,262
064080502,31,142,21,110,6,0,0,2,312
064080503,57,158,24,105,9,0,0,3,356
064080504,46,155,15,84,10,1,0,2,313
064080505,26,50,7,36,9,1,0,6,135
064080506,40,99,21,70,8,0,0,2,240
064080507,41,125,24,74,6,0,0,0,270
064080508,79,135,15,48,4,0,0,0,281
064080509,40,164,31,64,4,0,0,1,304
064080510,76,97,41,33,6,0,0,0,253
064080511,75,67,83,42,3,1,0,0,271
064080512,51,104,39,41,6,0,0,0,241
064080601,69,58,265,33,3,0,0,1,429
064080602,17,15,126,17,1,0,0,1,177
064080603,24,36,284,8,0,0,0,0,352
064080604,25,20,224,5,0,0,0,0,274
064080605,66,63,207,27,6,0,0,3,372
064080606,18,26,49,9,0,0,0,1,103
064080607,86,85,150,21,2,0,0,0,344
064080608,60,60,138,20,6,0,0,0,284
064080609,90,40,186,15,5,0,0,15,351
064080701,73,77,125,51,4,0,0,3,333
064080702,59,107,15,71,8,0,0,7,267
064080703,28,71,25,125,12,0,0,2,263
064080704,100,145,79,87,10,2,0,1,424
064080705,78,93,151,25,2,0,0,2,351
064080706,51,50,209,10,3,0,0,0,323
064080707,21,13,59,1,0,0,0,0,94
064080708,99,76,150,9,2,0,0,1,337
064080709,80,62,40,32,3,0,0,1,218
064080710,81,77,45,53,4,0,0,0,260
064080801,34,157,12,95,24,0,0,6,328
064080802,53,144,8,99,17,3,0,0,324
064080803,59,84,26,27,10,0,0,0,206
064080804,51,86,42,21,3,0,0,2,205
064080805,66,119,30,21,5,0,0,0,241
064080806,70,95,38,91,10,3,1,2,310
064080807,54,131,49,28,5,0,0,0,267
064080808,121,123,56,28,6,0,0,2,336
064080809,60,125,38,19,5,2,0,4,253
064080810,140,147,21,20,3,0,0,4,335
064080811,142,137,21,44,7,0,0,3,354
064080812,56,90,20,27,7,0,0,2,202
064080813,77,63,7,92,11,0,0,5,255
064080814,95,207,34,87,24,1,0,4,452
064080901,144,112,89,39,5,0,0,3,392
064080902,94,53,46,27,5,0,0,0,225
064080903,99,82,60,35,5,0,0,1,282
064080904,81,90,70,14,6,0,0,0,261
064080905,139,98,74,35,4,0,0,1,351
064080906,51,113,167,30,2,0,0,0,363
064080907,80,240,49,56,7,0,0,2,434
064080908,99,156,67,44,3,0,2,3,374
064081001,80,94,117,30,1,1,0,2,325
064081002,58,129,45,47,19,0,0,5,303
064081003,130,171,72,53,9,0,0,1,436
064081004,86,124,106,46,5,0,1,0,368
064081005,91,208,66,59,8,1,0,9,442
064081006,76,147,36,37,11,1,0,1,309
064081007,55,225,64,60,8,0,0,3,415
064081008,79,93,39,30,1,1,1,0,244
064081101,35,122,52,56,7,0,0,2,274
064081102,90,130,35,64,10,0,0,2,331
064081103,303,35,2,2,0,0,0,0,342
064081104,50,163,46,65,8,0,0,5,337
064081105,90,190,74,114,8,0,0,6,482
064081106,24,49,207,38,2,0,0,1,321
064081107,10,42,10,18,3,0,0,0,83
064081108,33,197,37,60,5,0,0,2,334
064081109,16,31,7,18,0,1,0,0,73
064081110,12,79,12,74,5,0,0,2,184
064081111,11,26,13,22,2,0,0,0,74
064081201,86,150,226,150,57,5,0,1,675
064081202,9,20,12,205,3,0,0,1,250
064081203,32,103,46,117,28,0,0,0,326
064081204,48,78,66,142,15,2,1,0,352
064081205,75,156,100,125,23,1,0,8,488
064081206,144,193,81,159,40,2,0,4,623
064081207,83,83,88,90,24,1,0,1,370
064081208,122,152,100,76,21,1,0,2,474
064081209,35,100,90,56,12,0,0,4,297
064081301,143,162,56,84,5,1,0,1,452
064081302,55,105,12,103,16,0,0,3,294
064081303,45,135,24,89,22,1,0,4,320
064081304,66,132,12,56,19,0,0,4,289
064081305,60,95,51,51,6,0,0,1,264
064081306,95,103,126,45,14,0,1,1,385
064081307,48,120,121,60,8,1,0,1,359
064081308,75,126,16,79,16,0,0,2,314
064081309,55,99,12,79,26,1,1,6,279
064081310,45,165,12,120,28,1,0,4,375
064081311,70,154,41,85,12,0,1,0,363
064081312,103,131,47,52,10,0,0,1,344
064081313,58,147,6,12,1,0,0,2,226
064081401,171,132,48,42,8,0,0,5,406
064081402,117,175,31,55,13,0,0,8,399
064081403,102,186,28,71,14,0,0,2,403
064081404,145,195,35,57,8,0,0,5,445
064081405,49,83,13,36,6,0,0,3,190
064081406,77,90,24,38,16,0,0,1,246
064081407,47,78,95,21,4,0,0,3,248
064081408,79,78,23,42,11,1,0,1,235
064081409,67,119,26,35,14,1,0,0,262
064081410,83,107,20,49,8,0,2,4,273
064081411,51,99,87,58,3,2,0,0,300
064081412,52,98,88,57,15,0,0,2,312
064081413,112,113,63,24,12,0,0,4,328
064081501,151,158,48,34,12,0,0,2,405
064081502,138,172,47,64,16,1,0,4,442
064081503,11,27,4,7,1,0,0,1,51
064081504,54,147,26,101,14,0,0,0,342
064081505,265,216,4,4,3,0,0,0,492
064081506,37,68,0,0,1,0,0,0,106
064081507,2,41,221,9,1,0,0,0,274
064081508,105,66,26,32,3,1,0,2,235
064081509,157,115,27,42,10,0,0,1,352
064081510,106,56,29,18,3,0,0,0,212
064081511,74,91,1,97,5,1,0,1,270
064081512,39,44,22,32,2,0,0,1,140
064081513,87,149,81,23,7,0,0,0,347
064100101,36,81,57,208,14,1,0,0,397
064100102,36,172,32,131,9,0,0,1,381
064100103,47,161,34,129,11,1,1,0,384
064100104,36,124,91,164,20,1,1,10,447
064100105,20,81,55,92,9,0,0,1,258
064100106,23,19,129,56,3,0,1,0,231
064100107,8,29,121,56,2,0,0,11,227
064100108,53,68,159,121,9,1,0,10,421
064100109,12,28,99,81,44,0,0,1,265
064100110,34,59,119,80,47,0,0,0,339
064100111,79,191,195,298,35,1,5,13,817
064100112,38,72,123,97,15,1,0,3,349
064100113,16,10,119,34,4,0,0,0,183
064100201,30,35,142,73,9,0,0,0,289
064100202,38,62,96,86,12,1,0,2,297
064100203,13,26,137,44,3,0,0,3,226
064100204,9,22,16,10,4,0,0,0,61
064100205,73,117,56,110,32,1,1,7,397
064100206,0,42,14,22,7,1,0,2,88
064100207,49,61,58,60,11,2,0,1,242
064100208,75,190,53,83,35,1,0,1,438
064100209,53,78,147,44,17,1,1,3,344
064100210,75,80,83,41,7,0,0,1,287
064100301,62,104,73,115,28,0,1,2,385
064100302,56,93,87,86,22,1,0,2,347
064100303,15,52,124,54,5,0,1,0,251
064100304,50,115,46,114,15,0,0,2,342
064100305,63,129,53,92,24,4,0,0,365
064100306,43,79,51,104,16,1,1,2,297
064100307,51,92,29,93,10,1,0,0,276
064100308,43,116,47,56,23,0,0,2,287
064100309,64,198,68,110,23,1,1,0,465
064100310,43,108,63,66,16,0,1,4,301
064100311,26,47,55,94,21,1,0,0,244
064100312,12,11,72,55,5,0,0,0,155
064100401,64,132,87,83,14,0,0,1,381
064100402,63,106,52,83,28,0,0,4,336
064100403,103,156,53,66,27,1,0,1,407
064100404,46,94,56,34,24,0,0,0,254
064100405,39,73,65,40,16,0,0,0,233
064100406,89,110,93,55,12,2,0,3,364
064100407,50,79,49,60,8,0,0,5,251
064100408,83,97,23,73,14,1,0,0,291
064100409,49,201,26,136,34,2,21,7,476
064100410,71,77,21,55,19,1,1,1,246
064100411,39,85,25,63,18,1,0,2,233
064100412,74,88,41,127,26,1,0,12,369
064100413,42,99,22,99,23,0,0,1,286
064100414,58,131,73,92,16,3,1,1,375
064100415,14,30,7,31,5,0,0,0,87
064100416,12,59,55,50,5,0,0,0,181
064100501,42,129,18,49,13,0,0,0,251
064100502,46,120,31,80,19,1,0,0,297
064100503,89,192,34,73,22,0,0,2,412
064100504,44,87,50,51,15,2,0,0,249
064100505,56,117,24,77,10,0,0,5,289
064100506,16,89,9,85,17,1,1,1,219
064100507,13,73,9,79,25,0,0,1,200
064100508,70,168,13,79,23,1,0,4,358
064100509,62,185,29,86,20,1,1,1,385
064100510,61,158,29,104,15,0,0,5,372
064100511,24,131,16,80,29,2,0,0,282
064100512,58,121,20,94,22,1,1,2,319
064100513,51,202,28,89,19,1,1,3,394
064100514,21,84,36,76,59,0,0,5,281
064100515,21,94,14,257,96,0,1,4,487
064100601,43,120,30,122,39,0,0,2,356
064100602,37,124,33,110,21,0,0,6,331
064100603,108,119,53,83,13,0,0,4,380
064100604,76,119,104,46,13,0,0,0,358
064100605,51,62,184,21,5,0,0,0,323
064100606,75,71,118,34,7,1,0,0,306
064100607,48,92,135,43,7,0,0,2,327
064100608,80,151,151,37,21,0,0,0,440
064100609,17,41,211,12,5,0,0,0,286
064100610,50,120,33,51,20,0,0,3,277
064100611,34,125,15,34,13,0,0,2,223
064100612,65,152,75,113,33,0,0,0,438
064100613,113,120,117,65,25,0,0,0,440
064100614,91,110,148,30,11,1,0,0,391
064100615,102,91,116,16,9,0,0,0,334
064100701,4,8,205,4,1,0,0,0,222
064100702,10,18,163,2,2,0,0,0,195
064100703,7,7,294,5,0,0,0,0,313
064100704,125,136,119,45,13,0,0,2,440
064100705,89,156,93,26,14,1,0,0,379
064100706,95,60,94,42,3,0,0,1,295
064100707,97,149,96,78,39,3,0,2,464
064100708,78,103,34,63,22,2,0,1,303
064100709,93,87,60,40,23,0,0,2,305
064100710,88,172,69,64,23,0,1,0,417
064100711,60,76,117,35,12,0,0,1,301
064100712,40,81,97,49,13,2,0,0,282
064100713,67,120,120,66,19,0,0,2,394
064100714,47,76,29,101,46,2,1,4,306
064100715,50,95,16,55,33,2,0,1,252
064100716,111,157,44,105,28,2,0,10,457
064100801,56,73,66,26,6,0,0,0,227
064100802,45,58,87,51,7,1,0,3,252
064100803,71,120,114,78,14,0,2,3,402
064100804,47,77,101,26,8,0,0,0,259
064100805,28,106,47,79,18,0,0,11,289
064100806,56,173,124,48,19,0,0,0,420
064100807,74,108,142,49,12,1,0,1,387
064100808,84,79,122,24,5,0,0,2,316
064100809,106,114,121,85,30,0,0,8,464
064100901,81,103,163,32,17,0,0,2,398
064100902,54,70,129,13,5,0,0,0,271
064100903,120,127,121,61,10,0,0,1,440
064100904,56,54,236,18,10,0,0,2,376
064100905,107,76,200,26,7,1,0,0,417
064100906,67,87,102,42,16,0,0,0,314
064100907,86,69,114,31,5,0,0,1,306
064100908,61,57,141,19,4,0,0,0,282
064100909,52,64,144,19,5,0,0,0,284
064101001,96,102,164,44,13,1,0,0,420
064101002,127,90,152,43,15,0,0,3,430
064101003,89,63,156,40,8,0,0,1,357
064101004,127,80,177,24,3,0,0,1,412
064101005,88,77,121,26,5,0,0,0,317
064101006,68,82,130,23,5,0,0,2,310
064101007,113,141,112,62,28,5,1,4,466
064101008,56,101,82,50,17,2,0,0,308
064101009,94,126,78,39,11,1,0,1,350
064101010,108,82,113,46,6,0,0,1,356
064101101,80,74,182,22,2,0,0,0,360
064101102,58,57,196,37,4,0,0,0,352
064101103,78,44,154,16,2,0,0,0,294
064101104,81,57,130,19,4,0,0,0,291
064101105,42,47,92,17,2,0,0,0,200
064101106,18,46,125,18,2,0,0,0,209
064101107,52,64,151,22,8,0,0,0,297
064101108,61,42,176,11,9,0,0,0,299
064101109,102,85,152,48,6,0,0,0,393
064101110,41,115,163,22,7,0,0,0,348
064101111,64,84,135,38,7,0,0,0,328
064101201,60,81,149,36,5,0,0,0,331
064101202,110,98,104,39,3,0,0,6,360
064101203,45,67,64,31,5,0,0,0,212
064101204,57,52,76,50,7,0,0,0,242
064101205,57,61,59,60,8,0,0,0,245
064101206,88,67,74,44,11,0,0,2,286
064101207,64,78,97,24,7,0,0,1,271
064101208,42,54,36,43,2,0,0,1,178
064101209,57,79,57,25,5,0,0,1,224
064101210,60,50,68,39,4,0,0,5,226
064101211,38,105,65,61,23,0,0,1,293
064101212,59,130,26,66,17,1,0,1,300
064101213,113,215,73,55,16,0,0,0,472
064101301,79,114,136,57,17,0,0,1,404
064101302,69,77,76,19,13,0,0,2,256
064101303,72,74,44,33,8,0,0,1,232
064101304,59,84,52,23,5,0,0,0,223
064101305,48,97,44,45,22,0,0,0,256
064101306,143,136,94,58,22,0,0,3,456
064101307,128,165,82,79,36,1,0,4,495
064101308,59,91,51,61,11,0,0,0,273
064101309,70,78,73,33,16,0,0,1,271
064101310,42,99,60,37,12,0,0,0,250
064101311,67,118,29,65,19,1,0,5,304
064120101,9,30,100,53,13,0,2,5,212
064120102,5,18,99,44,9,0,2,0,177
064120103,13,4,35,7,0,1,3,0,63
064120104,30,19,35,76,1,3,0,0,164
064120105,15,7,51,26,0,0,0,0,99
064120106,26,31,146,79,14,1,1,1,299
064120107,11,10,33,41,5,0,0,3,103
064120108,17,26,50,34,4,2,0,1,134
064120109,36,45,128,97,20,1,0,2,329
064120110,30,103,93,137,29,0,3,11,406
064120111,25,29,33,102,15,1,0,1,206
064120112,18,17,223,44,9,0,2,4,317
064120113,37,55,47,139,14,5,0,3,300
064120114,32,44,105,124,17,4,2,4,332
064120115,41,112,10,124,20,4,2,0,313
064120116,40,153,15,231,23,2,0,2,466
064120117,40,108,14,248,14,1,1,7,433
064120118,33,133,22,225,21,1,0,10,445
064120201,9,21,36,55,8,1,1,5,136
064120202,22,89,64,136,16,1,4,3,335
064120203,31,109,52,133,16,0,0,3,344
064120204,36,127,30,180,20,2,0,6,401
064120205,85,129,102,87,14,1,0,3,421
064120206,65,83,11,75,31,0,0,7,272
064120207,60,140,20,87,18,2,1,3,331
064120208,165,116,23,65,11,0,0,5,385
064120209,69,195,25,109,14,0,1,3,416
064120210,53,173,50,46,9,0,0,3,334
064120211,63,138,30,57,6,0,0,5,299
064120301,46,119,41,140,31,1,0,2,380
064120302,57,136,45,163,39,0,0,8,448
064120303,115,201,40,76,9,0,0,0,441
064120304,58,159,56,106,22,0,1,3,405
064120305,84,180,77,74,9,1,1,0,426
064120306,49,135,83,56,7,1,0,1,332
064120307,53,177,124,49,15,0,0,1,419
064120308,40,107,72,80,11,0,0,1,311
064120309,14,110,82,62,15,1,0,7,291
064120310,4,20,2,76,232,0,0,0,334
064120311,45,100,128,60,14,1,0,0,348
064120312,23,48,52,32,4,0,0,0,159
064120313,34,96,43,25,8,0,0,2,208
064120401,104,132,45,101,16,0,0,9,407
064120402,81,124,55,83,32,0,1,1,377
064120403,50,152,29,147,26,0,0,5,409
064120404,107,164,63,122,20,1,0,1,478
064120405,59,123,8,59,24,1,0,0,274
064120406,42,141,14,75,13,0,0,1,286
064120407,54,136,16,115,26,0,1,6,354
064120408,22,98,13,55,16,0,0,1,205
064120409,49,83,28,54,10,0,0,6,230
064120410,65,191,28,77,17,1,1,4,384
064120411,87,155,37,77,8,0,0,0,364
064120412,104,229,35,95,29,0,2,12,506
064120501,30,108,44,44,9,2,0,1,238
064120502,57,162,69,52,15,0,0,1,356
064120503,78,167,86,35,9,0,0,0,375
064120504,20,85,93,38,5,0,0,1,242
064120505,73,79,37,20,5,0,0,1,215
064120506,33,81,64,29,5,0,0,0,212
064120507,107,132,43,48,7,0,1,0,338
064120508,82,183,19,61,26,0,0,0,371
064120509,49,119,34,168,22,2,0,7,401
064120510,48,141,36,138,34,0,1,1,399
064120511,45,91,64,82,19,1,3,8,313
064120512,28,147,63,76,9,0,1,1,325
064120513,69,173,73,64,21,0,3,0,403
064120514,73,109,60,43,10,0,0,2,297
064120601,46,58,34,28,2,2,0,1,171
064120602,48,110,36,80,4,3,0,2,283
064120603,99,91,46,51,5,0,0,0,292
064120604,76,94,66,27,1,0,0,1,265
064120605,88,116,59,17,1,0,1,0,282
064120606,103,179,59,52,11,1,0,5,410
064120607,63,186,23,90,22,0,1,10,395
064120608,76,202,12,134,35,0,0,2,461
064120609,42,118,14,81,17,0,1,0,273
064120610,51,121,15,66,16,0,0,0,269
064120611,93,189,53,108,24,1,3,4,475
064120612,74,192,49,56,7,0,1,3,382
064120613,43,189,42,44,18,0,0,6,342
064120701,60,143,18,124,22,0,2,1,370
064120702,41,174,15,112,28,0,0,2,372
064120703,26,201,20,118,35,3,0,9,412
064120704,34,149,8,75,20,5,1,2,294
064120705,33,143,9,74,14,1,0,0,274
064120706,25,99,24,82,11,0,0,2,243
064120707,10,119,6,70,15,1,0,3,224
064120708,50,136,30,67,9,0,0,2,294
064120709,41,116,31,18,8,0,0,1,215
064120710,88,192,38,81,14,2,1,0,416
064120711,55,213,17,89,19,1,1,1,396
064120712,43,173,22,97,16,3,1,4,359
064120713,41,165,34,109,21,0,1,3,374
064120714,27,135,20,105,13,0,0,5,305
064120715,35,132,8,69,12,0,0,1,257
064120716,43,127,13,83,15,0,0,4,285
064120717,16,142,31,81,14,0,0,6,290
064120801,77,196,34,108,36,0,3,10,464
064120802,86,162,44,83,22,2,0,1,400
064120803,35,97,31,42,12,0,1,2,220
064120804,23,94,43,63,9,0,0,0,232
064120805,38,123,32,66,7,1,0,0,267
064120806,45,144,11,95,15,0,0,6,316
064120807,58,82,20,91,13,1,1,9,275
064120808,5,103,13,106,25,1,0,5,258
064120809,32,157,23,102,29,0,1,3,347
064120810,21,81,18,144,30,3,0,6,303
064120811,19,129,6,118,16,2,2,1,293
064120812,22,139,13,98,8,1,1,2,284
064120813,59,64,37,164,29,9,1,9,372
064120814,30,78,11,158,28,2,1,3,311
064120815,16,134,15,110,9,1,5,1,291
064120901,38,19,3,124,10,3,5,16,218
064120902,58,38,14,131,9,8,0,11,269
064120903,62,81,20,188,7,0,3,16,377
064120904,53,83,30,168,19,1,2,1,357
064120905,56,87,31,160,13,0,1,1,349
064120906,5,11,45,17,4,1,1,2,86
064120907,22,21,35,45,9,2,1,2,137
064120908,41,93,33,173,14,4,1,7,366
064120909,50,79,26,168,15,3,5,8,354
064120910,46,145,12,146,18,2,1,9,379
064120911,74,94,7,179,10,6,2,9,381
064120912,22,28,5,158,8,1,0,4,226
064120913,32,44,2,136,18,1,7,0,240
064120914,88,104,7,198,17,7,0,5,426
064120915,25,102,13,195,24,6,2,5,372
064120916,17,60,6,101,18,0,0,1,203
064120917,38,36,5,118,9,13,3,4,226
064120918,41,114,14,202,24,4,1,7,407
064121001,56,130,7,173,22,4,2,7,401
064121002,28,159,21,132,28,2,0,4,374
064121003,37,176,19,159,14,3,2,8,418
064121004,48,148,19,198,26,2,0,7,448
064121005,54,139,10,143,21,2,0,2,371
064121006,53,116,6,151,12,2,1,4,345
064121007,31,155,19,113,18,3,0,0,339
064121008,33,131,13,148,22,4,1,24,376
064121009,11,19,3,244,1,0,2,0,280
064121010,56,73,2,146,17,1,2,5,302
064121011,30,132,9,143,12,3,1,1,331
064121012,36,92,11,92,2,0,0,3,236
064121013,40,65,11,100,24,2,0,17,259
064121014,61,103,5,195,22,0,0,11,397
064121015,27,15,230,21,5,1,4,3,306
064121016,2,3,328,2,0,0,0,0,335
064121017,47,122,184,142,15,1,0,5,516
064121018,3,1,367,1,0,0,0,0,372
064121019,2,2,404,2,0,1,0,1,412
064121020,2,1,391,1,0,0,3,1,399
064121021,3,9,299,2,0,0,0,17,330
064121101,28,43,199,78,3,2,0,6,359
064121102,64,82,6,156,5,1,0,9,323
064121103,35,234,21,173,23,3,3,4,496
064121104,15,89,2,120,10,0,2,0,238
064121105,36,132,10,193,23,1,3,4,402
064121106,27,148,19,134,6,0,0,3,337
064121107,41,118,13,75,13,0,0,9,269
064121108,43,123,10,94,3,1,0,0,274
064121109,43,91,5,103,13,0,0,0,255
064121110,21,123,12,69,12,0,1,4,242
064121111,34,121,5,101,13,0,0,5,279
064121112,11,110,5,86,12,2,0,10,236
064121113,40,125,3,69,12,2,0,4,255
064121114,21,140,6,73,11,0,0,1,252
064121115,41,153,18,113,27,2,4,4,362
064121116,59,51,4,160,5,4,3,3,289
064121117,20,101,5,73,10,0,2,0,211
064121118,30,156,7,125,11,1,0,2,332
064121119,44,147,14,169,25,0,1,11,411
064121120,53,222,16,185,12,2,2,11,503
064121201,31,146,12,98,21,2,3,9,322
064121202,31,153,14,125,18,0,2,0,343
064121203,29,196,35,109,12,0,4,1,386
064121204,54,213,16,147,21,2,1,4,458
064121205,34,222,20,146,16,1,0,2,441
064121206,55,54,42,171,16,1,0,2,341
064121207,54,128,16,220,21,1,2,6,448
064121208,57,141,13,155,19,1,0,5,391
064121209,55,110,16,204,20,2,1,6,414
064121301,32,152,17,123,19,1,0,4,348
064121302,30,175,14,142,15,4,1,0,381
064121303,28,88,4,60,22,0,0,4,206
064121304,14,156,9,75,12,0,0,1,267
064121305,28,186,8,207,32,1,1,7,470
064121306,37,181,5,188,38,2,4,3,458
064121307,52,74,3,147,14,1,1,7,299
064121308,66,158,18,141,31,4,1,5,424
064121309,24,161,7,86,14,1,2,0,295
064121310,32,99,9,73,24,0,0,0,237
064121311,25,130,13,129,13,0,0,4,314
064121312,62,107,6,190,33,9,0,17,424
064121401,14,158,10,54,13,1,0,0,250
064121402,30,177,26,70,18,2,1,2,326
064121403,21,264,44,114,39,2,0,1,485
064121404,20,145,6,91,13,1,0,4,280
064121405,29,159,32,92,15,2,0,2,331
064121406,15,61,261,66,7,1,0,0,411
064121407,7,12,342,29,2,0,0,3,395
064121408,29,30,285,57,4,1,0,1,407
064121409,51,137,37,88,22,3,0,3,341
064121410,34,130,12,138,21,4,0,6,345
064121411,60,151,17,134,13,0,2,1,378
064121412,26,171,11,151,15,0,1,2,377
064121413,39,132,14,84,23,0,0,7,299
064121501,25,116,54,50,2,0,1,2,250
064121502,81,144,146,85,10,0,0,0,466
064121503,60,230,25,157,29,1,0,3,505
064121504,39,178,24,92,33,0,0,5,371
064121505,36,108,13,76,18,1,2,0,254
064121506,30,144,16,95,8,2,0,4,299
064121507,33,124,12,96,32,0,0,0,297
064121508,32,133,17,73,13,1,0,1,270
064121509,36,131,13,88,22,0,0,1,291
064121510,40,115,13,100,19,0,0,11,298
064121511,14,181,25,119,34,1,1,1,376
064121512,91,80,23,237,17,2,2,10,462
064270101,72,145,1,0,1,0,0,1,220
064270102,93,112,0,1,1,0,0,0,207
064270103,202,345,3,3,0,0,0,5,558
064270104,59,46,5,7,0,0,0,0,117
064270105,57,75,4,1,0,0,0,1,138
064270106,109,337,5,2,0,0,0,0,453
064270107,150,254,16,15,1,1,0,9,446
064270108,194,51,32,3,0,0,0,0,280
064270109,58,176,26,0,0,0,0,2,262
064270110,91,129,66,12,4,1,0,4,307
064270111,97,124,101,7,5,0,0,2,336
064270112,127,111,29,9,3,0,0,2,281
064270113,85,158,27,29,3,0,2,3,307
064270201,129,58,25,0,0,0,1,9,222
064270202,125,56,9,4,0,0,0,0,194
064270203,16,126,2,0,0,0,0,0,144
064270204,174,143,9,26,0,1,0,0,353
064270205,103,100,10,5,0,0,0,8,226
064270206,81,82,11,0,2,0,0,0,176
064270207,129,89,38,2,1,0,0,0,259
064270208,90,64,92,4,1,0,0,0,251
064270209,74,197,23,10,0,0,0,3,307
064270210,164,79,17,19,3,0,0,0,282
064270211,45,27,1,4,1,1,0,7,86
064270212,94,61,37,1,1,0,0,1,195
064270213,46,162,22,7,1,0,0,0,238
064270214,26,64,90,3,1,0,0,0,184
064270215,51,67,51,11,1,0,0,0,181
064270216,66,85,19,7,0,0,0,0,177
064270217,161,51,30,4,0,0,0,0,246
064270218,105,97,93,8,2,4,0,1,310
064270301,92,102,54,4,0,0,0,1,253
064270302,70,214,78,19,6,1,0,2,390
064270303,72,59,57,28,0,0,0,2,218
064270304,85,73,63,9,3,0,0,0,233
064270305,72,122,54,12,0,0,0,2,262
064270306,128,144,45,21,2,0,0,4,344
064270307,77,78,89,19,2,0,0,3,268
064270308,94,93,47,13,9,0,0,1,257
064270309,66,98,31,7,2,0,0,0,204
064270310,140,124,105,1,0,0,0,12,382
064270311,131,119,38,21,4,0,0,1,314
064270312,168,168,48,20,0,0,0,2,406
064270401,68,177,24,26,6,0,0,0,301
064270402,143,170,60,12,3,0,0,0,388
064270403,150,207,67,43,4,1,0,3,475
064270404,70,187,47,5,1,0,0,2,312
064270405,137,150,43,19,5,0,0,2,356
064270406,109,133,44,25,5,2,0,4,322
064270407,114,153,48,25,4,0,0,0,344
064270408,124,153,45,28,2,2,0,1,355
064270409,113,239,35,34,5,0,0,1,427
064270501,206,213,77,16,5,0,0,1,518
064270502,102,127,28,16,2,0,0,1,276
064270503,95,125,40,5,2,1,0,1,269
064270504,192,163,33,23,3,0,0,3,417
064270505,171,195,66,14,7,2,0,4,459
064270506,138,182,40,26,4,0,0,2,392
064270507,162,209,44,23,3,0,0,6,447
064270508,86,145,15,8,2,0,0,1,257
064270509,88,101,34,14,0,0,0,3,240
064270510,94,175,22,12,6,0,0,1,310
064270511,104,151,39,14,3,0,2,7,320
064270601,103,166,49,23,4,0,0,1,346
064270602,145,242,71,37,11,2,0,2,510
064270603,104,138,40,30,5,2,0,0,319
064270604,240,219,91,17,4,2,0,1,574
064270605,58,110,33,4,3,0,0,4,212
064270606,151,49,38,4,4,1,0,2,249
064270607,73,107,38,17,5,0,0,1,241
064270608,45,111,31,10,0,1,0,10,208
064270609,138,169,55,19,0,1,0,4,386
064270610,68,122,28,16,5,0,0,0,239
064270611,92,110,13,8,4,0,0,3,230
064270612,139,69,39,12,5,0,0,1,265
064270613,82,147,62,9,0,2,0,0,302
064270614,47,163,48,10,7,1,0,0,276
064270701,144,143,78,32,7,1,0,3,408
064270702,120,202,45,34,6,0,0,6,413
064270703,132,147,27,25,2,0,0,1,334
064270704,109,192,35,18,4,0,0,4,362
064270705,144,160,27,19,4,1,0,1,356
064270706,114,110,38,15,4,0,0,2,283
064270707,73,101,35,12,7,0,1,0,229
064270708,110,131,32,6,10,0,0,0,289
064270709,88,165,41,26,4,0,0,2,326
064270710,193,220,62,27,7,0,0,0,509
064270711,140,148,26,19,5,1,0,1,340
064270712,138,127,125,10,5,1,0,3,409
064270713,71,130,82,9,3,0,0,1,296
064270801,109,195,42,19,8,0,0,20,393
064270802,62,49,159,129,3,0,0,19,421
064270803,96,204,35,24,2,0,0,3,364
064270804,162,202,43,31,3,0,0,1,442
064270805,119,150,32,31,7,0,0,10,349
064270806,169,230,41,39,5,0,0,3,487
064270807,109,212,43,15,9,0,1,3,392
064270808,45,118,25,15,4,0,0,2,209
064270809,62,124,21,6,4,0,0,1,218
064270810,165,209,50,25,7,0,0,0,456
064270811,122,207,44,29,4,0,0,3,409
064270812,107,277,26,46,6,1,0,1,464
064270901,60,183,73,74,22,25,0,0,437
064270902,73,177,40,43,23,30,0,4,390
064270903,118,204,54,105,36,30,0,3,550
064270904,114,260,44,102,23,36,0,6,585
064270905,82,211,27,64,18,40,0,3,445
064270906,92,209,11,173,18,20,1,1,525
064270907,78,200,18,64,13,0,0,6,379
064270908,94,142,25,68,9,1,0,0,339
064270909,11,11,0,145,13,0,0,0,180
064270910,31,50,1,188,23,8,1,0,302
064270911,43,61,7,220,10,2,0,0,343
064270912,54,163,47,6,11,0,0,1,282
064271001,166,186,34,67,7,11,0,2,473
064271002,94,106,13,28,7,5,0,2,255
064271003,75,121,7,38,15,1,0,1,258
064271004,115,193,27,55,21,6,0,4,421
064271005,131,170,36,39,23,0,0,1,400
064271006,136,154,21,31,6,4,1,1,354
064271007,149,171,35,40,14,3,0,2,414
064271008,153,178,20,29,8,1,0,1,390
064271009,125,213,34,62,32,4,0,6,476
064271010,67,116,22,14,7,2,0,2,230
064271011,61,111,17,6,3,1,0,0,199
064271012,148,204,30,16,9,1,0,2,410
064271101,112,253,35,33,5,0,0,1,439
064271102,84,212,19,39,11,5,1,6,377
064271103,125,234,34,73,6,0,0,0,472
064271104,76,216,26,38,6,1,0,3,366
064271105,91,192,28,30,5,0,0,0,346
064271106,133,197,48,34,11,0,0,0,423
064271107,100,175,38,42,4,0,0,0,359
064271108,117,171,34,70,17,1,0,3,413
064271109,83,234,35,32,5,0,0,4,393
064271110,100,121,16,35,3,0,0,0,275
064271111,75,132,31,23,4,2,0,0,267
064271201,153,220,48,33,7,1,0,2,464
064271202,101,216,65,44,7,2,1,2,438
064271203,60,78,15,16,2,0,0,3,174
064271204,73,83,20,33,7,0,0,0,216
064271205,162,128,32,41,6,2,0,0,371
064271206,184,165,40,37,10,0,0,0,436
064271207,79,97,19,41,9,0,0,1,246
064271208,81,87,28,18,3,0,0,0,217
064271209,105,91,21,18,3,0,0,2,240
064271210,103,90,16,22,3,0,0,1,235
064271301,181,159,35,47,5,0,0,2,429
064271302,146,206,47,38,11,1,0,2,451
064271303,94,156,53,21,7,0,0,1,332
064271304,219,178,28,62,23,0,0,0,510
064271305,213,215,37,49,9,1,0,1,525
064271306,90,96,14,33,11,2,0,0,246
064271307,59,157,33,28,3,1,0,1,282
064271308,104,109,38,27,4,0,0,0,282
064271309,122,101,19,36,7,0,0,1,286
064271310,132,147,50,50,14,6,1,1,401
064271311,121,185,84,33,12,1,0,1,437
064271401,149,120,27,38,12,5,0,4,355
064271402,137,130,9,30,10,1,0,1,318
064271403,123,152,1,25,10,5,0,2,318
064271404,114,139,5,34,16,3,0,1,312
064271405,105,136,12,118,18,6,1,3,399
064271406,38,83,2,13,5,4,0,1,146
064271407,227,145,12,77,56,13,0,0,530
064271408,139,275,18,364,55,10,1,8,870
064271409,89,143,16,126,12,5,0,2,393
064271410,159,334,29,255,15,3,3,20,818
064271411,223,370,62,161,20,2,3,17,858
064271412,23,92,17,69,14,0,0,4,219
064271413,289,489,10,6,1,0,0,2,797
064271414,48,78,15,24,13,0,0,1,179
064271415,81,129,56,27,7,0,0,1,301
064271416,132,155,43,54,12,4,0,1,401
064271417,54,123,33,33,11,2,0,2,258
064271418,55,140,31,22,9,0,0,0,257
064271419,122,124,47,18,9,2,0,1,323
064271420,60,113,50,11,2,2,0,1,239
064271501,66,130,19,55,12,2,0,0,284
064271502,40,137,16,43,14,0,0,3,253
064271503,78,189,0,0,1,0,0,1,269
064271504,301,107,2,2,0,0,0,7,419
064271505,53,156,40,1,4,0,0,0,254
064271506,109,164,19,3,1,0,0,2,298
064271507,37,159,28,28,4,0,0,1,257
064271508,87,130,10,32,7,0,0,3,269
064271509,52,144,20,33,7,0,0,2,258
064271510,59,136,18,36,17,1,0,4,271
064271511,40,121,12,28,38,0,0,7,246
064271512,97,224,32,51,5,0,0,4,413
064271513,52,130,26,31,1,0,0,2,242
064271514,62,194,23,37,5,1,0,2,324
064271515,30,226,23,14,0,0,2,25,320
064271601,107,256,42,20,3,0,0,1,429
064271602,126,336,1,12,0,0,0,0,475
064271603,29,183,149,35,2,1,0,7,406
064271604,41,206,46,39,2,2,0,0,336
064271605,70,441,67,52,5,4,0,1,640
064271606,40,249,11,61,8,0,1,2,372
064271607,60,275,18,28,6,0,0,1,388
064271608,73,132,4,42,2,1,0,0,254
064271609,130,221,10,17,6,0,0,2,386
064271610,117,96,5,13,3,1,0,1,236
064271611,95,309,4,2,0,0,0,1,411
064271612,115,267,1,3,0,0,0,2,388
064271613,22,123,0,0,0,1,0,0,146
064271701,123,207,16,15,7,2,0,12,382
064271702,129,183,10,4,0,0,0,1,327
064271703,50,308,33,31,1,0,0,0,423
064271704,62,157,4,16,5,0,0,2,246
064271705,97,115,4,30,7,1,0,5,259
064271706,19,122,15,47,4,4,0,3,214
064271707,105,895,110,197,42,6,0,15,1370
064271708,139,274,20,61,14,8,0,0,516
064271709,73,163,12,15,9,2,0,1,275
064271710,182,267,11,67,14,7,0,1,549
064271711,63,533,8,345,33,16,0,18,1016
064271801,86,218,20,78,39,4,0,4,449
064271802,127,197,14,88,35,6,0,8,475
064271803,15,133,2,93,18,6,0,5,272
064271804,72,261,103,160,23,13,3,6,641
064271805,94,232,46,582,82,31,0,13,1080
064271806,0,8,8,20,7,0,0,0,43
064271807,40,219,19,211,39,14,4,16,562
064271808,50,183,32,190,55,15,0,5,530
064271809,51,297,29,229,54,25,3,4,692
064271810,30,127,32,198,35,7,2,11,442
064271811,40,158,15,197,29,4,1,3,447
064271812,2,20,0,22,18,4,0,1,67
064271813,181,469,18,376,80,24,0,18,1166
064271901,86,85,35,19,8,0,0,2,235
064271902,40,87,29,42,13,0,0,1,212
064271903,136,195,70,56,15,1,2,1,476
064271904,113,79,43,18,15,0,0,0,268
064271905,53,105,38,33,8,1,0,0,238
064271906,96,155,50,51,14,0,0,4,370
064271907,84,159,84,37,11,0,0,3,378
064271908,121,144,106,40,11,0,0,0,422
064271909,85,174,50,80,10,0,0,0,399
064271910,79,142,56,41,16,0,0,1,335
064272001,12,20,154,48,6,1,0,1,242
064272002,33,79,18,108,7,1,0,5,251
064272003,102,100,30,38,3,0,0,1,274
064272004,56,104,29,27,13,0,0,0,229
064272005,32,96,32,14,7,0,0,3,184
064272006,74,141,36,60,14,0,1,4,330
064272007,107,164,3,5,0,0,0,1,280
064272008,91,214,4,0,0,0,0,0,309
064272009,168,162,9,8,2,0,0,1,350
064272010,58,134,47,50,6,0,0,3,298
064272011,94,166,62,117,16,2,0,2,459
064272012,54,59,0,0,0,0,0,1,114
064272013,83,76,19,3,3,0,0,16,200
064272014,164,257,51,126,58,26,0,2,684
064272015,64,145,18,59,29,8,1,6,330
064272016,136,339,31,107,28,6,0,6,653
064272101,120,226,37,44,9,0,0,1,437
064272102,93,236,30,70,17,0,0,3,449
064272103,160,230,43,44,16,1,0,4,498
064272104,142,234,31,52,10,2,0,12,483
064272105,150,121,15,25,3,0,0,1,315
064272106,53,140,13,129,24,5,1,1,366
064272107,102,165,27,18,7,0,0,1,320
064272108,92,208,47,40,11,0,0,1,399
064272201,83,139,28,17,7,0,0,5,279
064272202,95,108,21,11,5,1,0,0,241
064272203,121,207,21,59,16,2,1,11,438
064272204,97,163,45,78,13,0,2,7,405
064272205,83,222,26,24,7,0,0,0,362
064272206,39,110,16,130,11,1,0,1,308
064272207,126,199,45,61,9,1,0,1,442
064272208,42,181,40,35,8,0,2,1,309
064272209,98,176,48,57,10,0,0,3,392
064272301,38,72,26,8,6,0,0,0,150
064272302,128,160,42,17,6,0,0,5,358
064272303,256,266,51,25,9,0,0,2,609
064272304,192,245,67,47,6,0,0,1,558
064272305,165,162,63,21,3,0,0,2,416
064272306,101,231,53,19,6,1,1,6,418
064272307,143,203,24,24,6,1,0,5,406
064272308,178,181,61,32,10,1,0,4,467
064272309,142,316,48,71,23,0,0,2,602
064272310,147,249,52,72,15,0,0,5,540
064272311,198,232,73,56,14,1,0,15,589
064272401,104,202,73,20,8,0,0,1,408
064272402,54,78,15,19,10,8,0,4,188
064272403,215,68,20,79,17,11,0,1,411
064272404,60,76,18,68,9,11,0,0,242
064272405,147,173,21,106,15,8,1,2,473
064272406,119,164,46,26,6,0,0,1,362
064272407,126,280,28,95,10,0,0,3,542
064272408,107,170,44,58,14,0,0,4,397
064272409,88,189,24,50,22,0,0,5,378
064272410,53,89,11,73,15,4,3,2,250
064272501,97,77,47,10,1,3,0,1,236
064272502,82,72,115,10,3,0,0,3,285
064272503,141,124,104,10,7,1,0,4,391
064272504,71,139,84,15,2,0,0,5,316
064272505,226,134,38,72,25,10,1,5,511
064272506,80,163,45,9,5,0,0,1,303
064272507,69,109,28,3,3,0,0,2,214
064272508,50,85,13,3,0,1,0,1,153
064272509,104,226,33,21,3,0,0,0,387
064272510,227,288,59,338,42,5,0,5,964
064272511,64,231,38,395,35,2,0,8,773
064272512,177,223,17,381,40,2,1,8,849
064272513,86,53,41,2,2,0,0,0,184
064272514,60,64,52,3,0,1,0,0,180
064272515,104,150,11,44,3,0,0,1,313
064272601,67,108,62,5,0,0,0,0,242
064272602,118,78,102,8,2,2,0,0,310
064272603,224,99,87,19,4,0,0,3,436
064272604,150,127,121,13,6,0,0,2,419
064272605,127,118,75,4,7,0,0,1,332
064272606,90,95,50,1,2,1,0,1,240
064272607,169,222,58,53,7,0,0,2,511
064272608,153,177,44,12,6,0,0,17,409
064272609,107,231,36,7,0,0,0,0,381
064272610,122,152,71,15,0,0,0,1,361
064272611,136,164,82,33,5,0,0,6,426
064272701,179,217,158,22,3,0,0,3,582
064272702,78,80,28,4,1,0,0,4,195
064272703,139,82,37,2,2,0,0,2,264
064272704,81,98,76,9,3,0,0,0,267
064272705,129,70,66,7,2,0,0,0,274
064272706,137,123,82,17,7,0,0,8,374
064272707,116,181,99,12,4,0,0,0,412
064272708,151,151,67,21,2,0,0,1,393
064272709,165,169,89,30,3,1,0,2,459
064272801,164,97,110,11,2,0,0,1,385
064272802,98,87,55,17,2,0,0,0,259
064272803,108,63,87,14,2,0,0,0,274
064272804,85,84,91,9,6,0,0,5,280
064272805,89,79,79,12,2,0,0,1,262
064272806,64,97,205,16,1,2,0,0,385
064272807,118,123,112,36,1,2,0,3,395
064272808,130,74,93,3,3,0,0,2,305
064272809,82,94,52,8,3,0,0,7,246
064272810,124,146,134,23,5,0,0,0,432
064272811,164,100,71,11,2,0,0,0,348
064272812,113,101,155,26,0,0,0,1,396
064272901,128,149,105,11,2,0,0,1,396
064272902,105,114,125,21,1,0,0,0,366
064272903,76,66,74,10,5,0,0,1,232
064272904,45,75,116,2,5,1,0,0,244
064272905,138,133,90,3,3,0,0,1,368
064272906,67,54,194,0,0,0,0,11,326
064272907,95,175,137,21,5,0,0,1,434
064272908,90,151,136,36,7,0,0,0,420
064272909,61,76,46,5,6,0,0,1,195
064272910,65,101,37,9,3,0,0,0,215
064272911,132,148,101,22,5,1,0,3,412
064272912,132,97,174,16,8,1,0,4,432
064272913,72,56,146,11,4,3,0,0,292
064272914,106,151,98,19,4,1,0,3,382
064273001,117,155,37,9,1,0,0,3,322
064273002,172,203,17,27,2,1,0,1,423
064273003,78,153,14,26,5,5,0,0,281
064273004,146,178,1,7,2,0,0,7,341
064273005,26,102,0,13,2,0,0,38,181
064273006,91,193,10,19,9,3,2,12,339
064273007,66,237,11,31,5,4,0,0,354
064273008,87,86,11,3,1,1,0,0,189
064273009,69,112,5,12,4,0,0,0,202
064273010,45,201,40,9,0,0,0,11,306
064273011,38,88,33,4,0,0,0,7,170
064273012,65,131,31,12,2,0,0,0,241
064273013,101,95,89,21,2,0,0,10,318
064273101,58,183,48,2,0,0,0,4,295
064273102,122,102,70,6,6,0,0,3,309
064273103,78,63,185,5,1,0,0,0,332
064273104,99,65,144,8,0,0,0,0,316
064273105,126,129,154,15,0,0,0,5,429
064273106,139,77,166,8,2,1,0,0,393
064273107,83,86,93,16,3,1,0,1,283
064273108,53,34,75,6,1,0,0,3,172
064273109,49,69,127,13,7,0,0,1,266
064273110,50,136,72,25,4,0,0,0,287
064273201,71,63,112,2,1,0,0,3,252
064273202,67,75,112,12,4,0,0,1,271
064273203,80,82,85,9,1,0,1,4,262
064273204,99,69,69,9,2,1,0,0,249
064273205,139,115,99,29,5,0,0,2,389
064273206,99,92,81,7,5,1,0,2,287
064273207,105,58,185,17,1,0,0,0,366
064273208,120,166,95,38,7,0,0,4,430
064273209,70,54,73,12,5,0,0,2,216
064273210,50,90,53,20,8,0,0,1,222
064273211,115,87,55,5,2,0,0,1,265
064273212,66,58,75,11,1,0,0,3,214
064273301,103,59,43,31,5,0,0,1,242
064273302,164,106,104,29,7,0,0,1,411
064273303,45,46,94,18,12,0,0,0,215
064273304,57,27,48,14,4,0,0,0,150
064273305,66,48,69,17,10,0,0,1,211
064273306,62,39,55,14,12,0,0,0,182
064273307,47,49,80,23,13,0,0,0,212
064273308,148,42,80,13,4,0,0,1,288
064273309,119,61,59,9,14,0,0,0,262
064273310,97,111,64,25,18,0,0,1,316
064273311,96,86,105,28,8,0,0,4,327
064273312,174,113,169,35,13,0,0,4,508
064273313,89,83,96,17,12,0,0,3,300
064273314,144,93,111,31,10,0,0,2,391
064273315,81,90,87,19,18,0,0,1,296
064273401,144,82,103,16,2,0,0,4,351
064273402,113,74,64,12,4,0,0,1,268
064273403,233,139,106,20,6,1,0,0,505
064273404,121,99,94,8,5,1,0,3,331
064273405,117,97,102,17,7,0,0,3,343
064273406,197,198,116,36,18,0,1,3,569
064273407,130,137,62,22,5,1,0,0,357
064273408,89,73,120,37,15,0,0,2,336
064273409,135,75,196,12,2,0,0,0,420
064273410,79,49,99,8,2,0,0,0,237
064273411,96,66,77,10,6,0,0,0,255
064273412,124,191,89,50,17,0,0,10,481
064273413,70,131,90,15,5,0,0,0,311
064273414,96,80,124,8,0,0,0,0,308
064273415,109,98,210,14,0,0,0,2,433
064273501,127,140,108,18,5,0,0,3,401
064273502,73,111,43,7,1,0,0,3,238
064273503,71,92,36,9,5,1,0,0,214
064273504,57,100,72,12,4,0,0,0,245
064273505,82,139,74,25,5,0,0,1,326
064273506,145,174,53,24,7,0,0,5,408
064273507,45,83,61,78,5,1,0,5,278
064273508,113,98,35,69,22,1,0,5,343
064273509,154,218,72,21,7,1,0,4,477
064273510,62,99,59,21,7,0,0,2,250
064273511,106,167,106,32,5,1,0,0,417
064273512,122,195,68,11,3,0,0,0,399
064273513,82,131,45,14,3,1,0,3,279
064273601,80,105,35,13,4,0,0,0,237
064273602,103,145,46,27,9,0,3,1,334
064273603,88,110,73,7,5,0,0,0,283
064273604,69,113,19,9,2,0,0,0,212
064273605,47,142,32,18,6,0,0,2,247
064273606,27,91,33,32,16,3,0,1,203
064273607,27,93,27,7,1,0,0,10,165
064273608,6,29,17,24,7,9,0,0,92
064273609,120,156,74,24,5,1,0,0,380
064273610,116,117,71,4,1,0,0,0,309
064273611,132,127,77,15,4,0,0,0,355
064273612,99,41,26,5,4,0,0,4,179
064273701,67,74,27,13,6,1,0,0,188
064273702,51,97,24,28,9,1,0,1,211
064273703,84,86,26,9,4,2,0,1,212
064273704,141,185,62,52,18,1,0,2,461
064273705,91,102,44,31,13,2,3,3,289
064273706,160,277,98,40,18,2,2,1,598
064273707,115,177,49,53,17,2,1,0,414
064273708,122,156,24,45,17,8,1,2,375
064273709,157,186,23,61,21,5,0,3,456
064273710,181,278,21,64,24,1,0,10,579
064273801,154,121,35,38,13,1,0,1,363
064273802,185,137,19,27,9,0,0,1,378
064273803,206,224,31,91,22,1,0,3,578
064273804,61,44,2,112,14,0,0,2,235
064273805,120,129,19,28,8,0,0,1,305
064273806,113,114,28,35,13,1,0,0,304
064273807,123,208,24,36,15,1,0,15,422
064273808,112,230,49,30,11,1,0,6,439
064273809,79,77,19,10,3,0,0,0,188
064273810,88,211,25,63,3,1,0,19,410
064273901,170,194,49,49,17,2,0,4,485
064273902,43,170,25,69,19,0,0,1,327
064273903,55,129,20,47,6,0,0,0,257
064273904,76,198,56,51,18,1,0,4,404
064273905,62,213,34,62,18,1,0,7,397
064273906,81,103,39,57,12,0,0,1,293
064273907,68,127,47,46,11,1,0,0,300
064273908,1,7,2,9,0,0,1,2,22
064273909,117,165,50,59,28,0,0,3,422
064273910,52,109,32,103,20,2,0,4,322
064273911,131,111,47,34,18,0,1,1,343
064274001,103,191,5,30,7,4,0,2,342
064274002,129,282,0,31,5,1,0,10,458
064274003,150,74,0,31,6,1,0,0,262
064274004,114,213,13,89,8,5,0,4,446
064274005,161,194,7,5,1,0,0,8,376
064274006,196,144,10,19,3,1,0,5,378
064274007,312,300,93,18,8,0,0,10,741
064274008,137,100,336,18,4,0,0,1,596
064274009,18,16,176,4,0,0,0,1,215
064274010,242,180,27,65,14,6,0,18,552
064274011,150,201,4,89,11,1,0,5,461
064274012,22,31,169,12,1,2,0,0,237
064274101,140,257,83,101,19,2,0,1,603
064274102,146,243,87,149,29,2,0,3,659
064274103,175,204,76,115,27,5,0,2,604
064274104,160,144,58,50,10,2,0,0,424
064274105,117,141,60,50,13,2,0,3,386
064274106,5,128,215,19,4,2,0,1,374
064274107,122,293,185,269,41,7,0,7,924
064274108,79,148,50,336,44,2,0,8,667
064274109,67,165,72,253,38,3,1,5,604
064274110,14,98,20,182,4,2,0,3,323
064274201,157,179,59,24,6,0,1,0,426
064274202,162,194,48,55,16,1,0,0,476
064274203,224,234,42,73,21,0,1,9,604
064274204,256,226,41,48,13,0,0,0,584
064274205,124,126,21,93,14,1,5,10,394
064274206,66,185,19,39,8,2,0,1,320
064274207,50,183,11,35,12,0,0,5,296
064274208,68,123,26,31,10,1,0,2,261
064274209,85,282,43,87,16,0,0,5,518
064274210,69,125,26,28,3,0,0,2,253
064274211,79,141,33,31,10,2,0,1,297
064274301,119,190,71,27,11,0,0,12,430
064274302,140,189,70,35,6,0,0,0,440
064274303,136,173,67,55,12,1,0,0,444
064274304,120,131,78,37,12,1,0,2,381
064274305,119,208,76,46,10,0,0,1,460
064274306,148,222,62,46,15,0,1,6,500
064274307,106,182,35,44,11,0,0,4,382
064274308,111,177,36,29,12,1,0,0,366
064274309,103,169,47,38,18,0,0,4,379
064274310,68,113,77,40,13,0,0,2,313
064274311,98,111,46,32,8,0,0,0,295
064274401,172,189,65,72,26,0,0,4,528
064274402,91,130,36,34,4,0,0,0,295
064274403,97,227,59,55,17,1,0,8,464
064274404,112,190,69,37,22,1,0,1,432
064274405,83,83,26,18,2,1,0,1,214
064274406,105,96,38,23,4,0,0,0,266
064274407,71,74,42,7,4,0,0,2,200
064274408,85,88,55,16,4,0,0,0,248
064274409,81,89,63,2,2,0,0,0,237
064274410,54,171,48,18,16,0,0,3,310
064274411,55,98,38,15,5,0,0,1,212
064274412,171,146,57,56,10,1,0,6,447
064274501,139,196,129,67,15,0,0,5,551
064274502,75,162,93,38,4,0,0,1,373
064274503,102,100,76,22,6,0,0,2,308
064274504,95,126,226,24,4,0,0,1,476
064274505,94,57,143,23,3,0,0,0,320
064274506,73,51,119,19,5,0,1,0,268
064274507,128,208,99,56,20,3,0,6,520
064274508,91,232,76,85,20,0,1,5,510
064274509,55,77,141,30,8,0,0,0,311
064274510,70,79,72,94,12,1,0,2,330
064274511,127,124,92,15,6,0,0,0,364
064274601,146,185,26,24,4,0,0,1,386
064274602,32,71,7,101,14,0,0,2,227
064274603,139,252,79,92,14,0,0,3,579
064274604,81,281,64,130,22,1,0,4,583
064274605,132,230,39,131,25,0,0,2,559
064274606,190,237,49,93,12,15,0,10,606
064274607,71,146,26,101,26,0,0,8,378
064274608,31,125,12,34,19,1,1,3,226
064274609,223,475,111,332,70,9,1,7,1228
064274610,34,134,59,78,13,2,1,8,329
064274611,31,141,23,147,28,3,2,2,377
064274612,53,123,127,80,21,0,0,2,406
064274613,89,210,67,66,15,0,0,4,451
064274701,81,114,41,50,13,0,0,2,301
064274702,52,111,13,57,8,1,0,0,242
064274703,46,39,7,37,12,2,0,0,143
064274704,72,102,19,23,5,0,0,4,225
064274705,61,113,25,44,14,0,0,5,262
064274706,61,54,5,27,16,2,0,2,167
064274707,49,71,4,58,35,4,0,1,222
064274708,27,68,6,23,29,2,0,1,156
064274709,126,80,13,16,7,0,0,3,245
064274710,47,179,20,46,18,1,0,7,318
064274711,82,125,38,31,18,0,0,1,295
064274712,109,221,14,99,48,18,1,1,511
064274801,11,48,10,91,8,2,1,1,172
064274802,265,186,13,76,29,7,0,2,578
064274803,234,159,11,46,13,7,0,3,473
064274804,24,314,2,27,6,3,0,3,379
064274805,137,138,7,11,5,5,0,1,304
064274806,182,175,12,196,34,12,0,4,615
064274807,109,204,19,69,17,0,0,1,419
064274808,105,261,18,126,14,0,0,3,527
064274809,101,233,39,77,18,0,1,3,472
064274810,45,194,18,166,47,3,0,2,475
064274811,38,169,27,235,39,5,1,3,517
064274812,89,302,30,97,12,1,1,6,538
064274813,60,247,22,64,17,1,0,4,415
064274814,59,312,19,75,22,0,0,0,487
064274901,126,229,31,144,15,3,0,0,548
064274902,60,140,21,75,13,3,0,2,314
064274903,109,134,18,60,20,3,0,7,351
064274904,85,185,22,79,17,1,0,1,390
064274905,94,175,13,70,16,4,0,6,378
064274906,13,127,18,427,22,6,0,6,619
064274907,7,148,11,227,29,10,1,30,463
064274908,32,134,17,166,17,3,0,6,375
064274909,47,178,9,263,33,1,2,4,537
064274910,10,78,4,275,11,1,0,0,379
064274911,3,2,1,216,1,0,0,0,223
064274912,11,93,10,115,7,0,0,26,262
064275001,34,17,308,51,7,0,0,3,420
064275002,12,18,286,6,3,2,0,2,329
064275003,39,41,285,11,9,0,0,0,385
064275004,16,17,359,15,4,0,0,1,412
064275005,37,19,302,5,4,0,0,0,367
064275006,73,25,360,13,4,0,0,0,475
064275007,30,51,277,33,12,0,0,2,405
064275008,13,5,242,23,16,1,0,1,301
064275009,15,10,252,15,8,2,0,0,302
064275010,63,58,204,12,4,2,0,2,345
064275011,85,121,138,37,16,2,0,0,399
064275012,37,20,424,3,1,0,0,2,487
064275013,14,11,222,1,3,0,0,0,251
064275101,31,19,251,12,0,0,0,0,313
064275102,25,25,261,11,4,2,0,0,328
064275103,36,13,238,8,0,0,0,1,296
064275104,19,22,231,26,8,6,0,2,314
064275105,27,16,248,9,12,3,1,1,317
064275106,18,35,126,62,12,5,0,1,259
064275107,34,71,106,105,11,0,3,1,331
064275108,284,87,52,84,25,4,2,3,541
064275109,46,33,271,50,5,0,0,0,405
064275110,38,101,200,29,1,0,0,2,371
064275111,68,118,159,26,5,0,1,7,384
064275112,108,103,142,21,4,2,0,3,383
064275113,15,51,294,26,5,0,0,1,392
064275114,27,25,426,18,4,0,0,0,500
064275115,9,29,4,36,4,2,0,1,85
064275201,155,174,5,86,21,7,0,5,453
064275202,229,209,6,32,9,0,1,7,493
064275203,69,194,2,50,18,2,0,2,337
064275204,144,190,1,54,18,5,0,7,419
064275205,51,108,5,230,22,9,1,22,448
064275206,37,159,13,165,17,1,1,2,395
064275207,24,158,15,149,21,0,2,7,376
064275208,39,100,6,208,18,3,0,0,374
064275209,54,157,3,222,11,0,0,3,450
064275210,36,86,8,131,23,7,0,6,297
064275211,45,131,7,93,10,7,0,1,294
064275212,23,170,5,115,33,2,2,4,354
064275213,39,217,9,165,30,2,0,10,472
064275301,149,275,5,75,8,8,0,2,522
064275302,23,81,6,119,23,1,0,3,256
064275303,80,104,4,19,13,4,0,4,228
064275304,35,170,9,198,33,5,0,7,457
064275305,38,333,12,187,29,2,0,6,607
064275306,152,316,2,32,21,3,1,8,535
064275307,180,196,1,42,9,6,0,0,434
064275308,165,205,6,59,11,3,0,3,452
064275309,83,101,1,18,5,1,0,2,211
064275310,157,280,2,17,5,3,0,4,468
064275401,83,206,23,105,16,0,1,0,434
064275402,65,313,27,142,12,0,0,1,560
064275403,67,163,18,70,13,0,0,3,334
064275404,54,163,12,55,14,1,0,6,305
064275405,47,175,13,54,7,0,0,2,298
064275406,23,170,15,54,9,0,0,1,272
064275407,109,185,26,80,10,0,0,5,415
064275408,28,257,11,87,18,0,0,0,401
064275409,75,249,13,111,17,0,0,2,467
064275410,125,253,25,418,90,12,2,20,945
064275411,36,101,12,152,27,0,2,2,332
064275412,77,226,43,119,8,1,1,6,481
064275501,90,103,30,31,10,2,0,3,269
064275502,85,99,42,33,3,1,0,5,268
064275503,57,122,37,13,2,0,0,24,255
064275504,76,129,33,26,6,0,0,1,271
064275505,186,162,35,42,22,0,0,4,451
064275506,164,157,71,57,7,2,0,3,461
064275507,64,143,31,24,2,0,0,4,268
064275508,96,167,27,46,6,0,0,3,345
064275509,43,158,9,84,15,0,0,1,310
064275510,73,228,31,76,12,1,0,4,425
064275511,170,204,22,75,14,0,0,9,494
064275512,96,260,55,71,11,0,2,6,501
064275513,115,204,65,57,13,0,0,0,454
064275601,58,142,32,52,8,0,0,1,293
064275602,84,307,34,69,14,0,0,4,512
064275603,310,492,81,209,51,5,1,8,1157
064275604,84,115,8,48,4,0,0,1,260
064275605,70,135,12,38,11,0,0,2,268
064275606,87,246,53,67,29,1,0,5,488
064275607,46,104,37,28,6,0,0,0,221
064275608,93,172,58,38,13,2,0,5,381
064275609,81,144,67,45,7,0,0,3,347
064275610,71,184,114,46,10,1,0,1,427
064275611,71,100,163,27,7,0,0,5,373
064275612,83,168,117,51,10,0,0,4,433
064275613,64,103,65,53,4,0,1,2,292
064275701,85,160,24,103,11,2,0,3,388
064275702,68,136,11,86,27,2,0,2,332
064275703,64,146,21,45,12,0,0,4,292
064275704,70,147,24,66,8,0,0,0,315
064275705,93,141,24,62,3,0,1,3,327
064275706,85,194,35,106,12,0,0,1,433
064275707,80,257,35,72,8,0,0,0,452
064275708,32,154,20,54,13,0,0,3,276
064275709,39,129,11,25,6,2,0,0,212
064275710,48,178,11,53,15,0,0,3,308
064275711,28,164,10,61,9,0,0,3,275
064275712,58,244,19,90,13,0,0,2,426
064275713,77,240,15,95,16,0,1,4,448
064275714,18,131,5,56,15,1,0,5,231
064275715,15,122,19,38,11,1,0,1,207
064275801,95,264,43,84,13,0,0,2,501
064275802,90,190,30,86,31,0,0,7,434
064275803,49,205,20,82,12,1,0,1,370
064275804,34,191,22,102,29,0,1,3,382
064275805,22,134,8,70,10,0,0,4,248
064275806,41,123,15,51,7,5,1,5,248
064275807,43,174,21,88,12,0,0,9,347
064275808,92,238,26,87,29,0,0,3,475
064275809,23,86,0,34,0,0,0,8,151
064275810,35,182,13,70,7,0,0,6,313
064275811,22,127,10,57,9,0,0,9,234
064275812,33,171,13,51,10,1,0,2,281
064275813,40,130,19,50,15,3,1,24,282
064275814,12,168,9,56,12,0,0,2,259
064275815,46,129,28,194,76,64,0,6,543
064275901,62,269,49,117,25,2,0,19,543
064275902,26,98,11,41,5,0,0,1,182
064275903,84,323,28,102,17,1,0,6,561
064275904,34,139,19,45,12,0,0,8,257
064275905,66,266,30,107,15,0,0,20,504
064275906,16,136,22,52,8,0,1,1,236
064275907,29,130,26,53,5,0,0,0,243
064275908,27,201,17,76,14,0,0,1,336
064275909,41,136,17,63,16,0,0,1,274
064275910,64,185,16,69,28,0,0,0,362
064275911,26,204,13,92,18,0,1,1,355
064275912,33,173,14,68,8,0,0,0,296
064275913,23,165,20,74,15,1,0,0,298
064276001,79,247,35,92,27,2,0,6,488
064276002,76,219,24,50,17,1,0,4,391
064276003,60,176,13,45,19,2,0,0,315
064276004,75,150,25,57,8,1,0,3,319
064276005,104,266,49,69,29,2,0,6,525
064276006,90,283,40,102,32,1,0,7,555
064276007,54,290,29,103,31,2,2,7,518
064276008,77,315,48,110,21,0,1,10,582
064276009,80,227,20,123,16,1,0,5,472
064276010,70,192,35,57,21,1,1,7,384
064276011,75,241,30,61,16,1,1,12,437
064276012,54,162,15,62,12,2,0,2,309
064276013,30,145,11,59,16,1,1,9,272
064276014,45,126,28,54,5,0,0,0,258
064276015,38,133,13,60,25,2,0,1,272
064276016,89,200,57,90,19,2,1,2,460
064276017,51,154,32,52,18,0,0,5,312
064276018,19,178,24,57,15,0,0,2,295
064276101,152,213,40,102,18,5,0,2,532
064276102,99,272,29,121,25,2,1,6,555
064276103,105,211,37,85,31,0,0,1,470
064276104,210,222,28,64,20,3,0,2,549
064276105,100,239,34,171,35,1,1,1,582
064276106,85,121,11,131,15,1,2,9,375
064276107,98,177,8,96,30,3,0,1,413
064276108,68,222,14,133,24,2,1,6,470
064276109,56,250,14,150,30,0,1,6,507
064276110,80,283,12,143,28,0,1,6,553
064276111,32,171,15,59,20,1,0,3,301
064276112,38,141,20,82,19,1,0,4,305
064276113,60,162,17,76,20,4,0,1,340
064276114,18,238,20,94,10,1,0,6,387
064276201,44,163,31,51,18,1,2,1,311
064276202,78,197,21,92,30,0,2,5,425
064276203,70,176,23,41,11,3,0,2,326
064276204,106,119,30,60,13,2,1,4,335
064276205,134,293,55,120,45,0,0,3,650
064276206,88,171,18,44,17,0,0,1,339
064276207,67,167,26,61,9,0,0,5,335
064276208,64,147,20,23,3,1,0,0,258
064276209,99,149,35,47,10,0,0,0,340
064276210,165,259,55,60,7,2,0,6,554
064276211,51,149,14,86,9,4,0,1,314
064276212,76,170,18,66,3,0,0,7,340
064276213,49,218,15,71,25,0,0,5,383
064276214,96,103,8,26,3,0,0,4,240
064276215,51,169,23,61,11,0,0,0,315
064276216,90,213,48,59,6,2,0,0,418
064276301,125,223,18,81,23,1,0,1,472
064276302,27,29,9,32,5,2,0,0,104
064276303,46,161,16,89,11,0,0,2,325
064276304,50,130,9,87,8,0,0,7,291
064276305,38,135,7,92,5,1,0,5,283
064276306,98,185,14,99,9,4,0,2,411
064276307,55,165,64,60,11,2,0,7,364
064276308,85,250,47,86,18,1,0,4,491
064276309,74,284,42,109,33,6,0,3,551
064276310,122,286,55,129,41,2,0,9,644
064276311,96,194,15,161,37,6,1,1,511
064276312,57,164,18,103,28,2,0,3,375
064276401,36,136,14,57,3,0,0,6,252
064276402,57,119,9,53,13,2,0,1,254
064276403,44,147,15,191,20,2,0,19,438
064276404,27,143,15,75,17,1,0,7,285
064276405,55,180,9,63,14,1,0,7,329
064276406,13,217,14,61,11,2,0,1,319
064276407,42,201,17,155,24,3,0,3,445
064276408,9,202,8,60,14,2,0,3,298
064276409,92,231,14,129,16,1,0,12,495
064276410,30,265,26,144,17,1,0,1,484
064276411,20,93,83,53,12,0,0,0,261
064276412,31,216,18,83,21,0,0,0,369
064276413,37,127,6,49,12,1,0,0,232
064276414,43,118,54,74,11,0,0,1,301
064276415,38,148,34,141,10,0,0,1,372
064276416,61,183,44,115,14,3,2,0,422
064276417,76,74,137,1,1,1,0,0,290
064276501,44,186,19,202,32,5,2,2,492
064276502,48,228,16,175,20,2,0,4,493
064276503,52,227,18,84,19,1,0,4,405
064276504,45,258,13,182,21,1,1,8,529
064276505,22,113,9,79,10,0,0,1,234
064276506,51,144,13,111,12,1,0,3,335
064276507,34,243,17,160,21,0,0,3,478
064276508,24,146,15,61,12,1,0,12,271
064276509,17,143,10,58,6,0,0,0,234
064276510,33,108,3,113,14,3,2,3,279
064276511,44,296,19,152,38,4,0,3,556
064276512,44,151,15,73,16,1,0,1,301
064276513,16,155,16,74,5,0,0,6,272
064276514,22,187,25,62,7,0,1,5,309
064276515,66,225,22,81,11,0,0,1,406
064276516,68,274,20,109,16,0,0,9,496
064276517,36,319,20,132,16,1,0,10,534
064276601,57,158,16,77,24,0,1,8,341
064276602,57,156,9,70,22,2,0,7,323
064276603,61,304,22,127,34,4,0,2,554
064276604,74,215,17,85,23,1,0,5,420
064276605,46,292,27,94,19,0,0,6,484
064276606,34,171,14,64,16,3,0,2,304
064276607,37,175,14,59,15,1,0,4,305
064276608,40,183,26,70,14,1,0,1,335
064276609,41,167,10,64,15,3,0,2,302
064276610,50,186,15,76,17,0,0,2,346
064276611,54,136,8,103,21,0,0,2,324
064276701,18,168,4,138,15,2,0,13,358
064276702,65,154,9,179,44,13,1,5,470
064276703,33,48,7,172,18,8,0,2,288
064276704,78,228,22,414,62,20,3,13,840
064276705,25,71,6,178,20,8,1,3,312
064276706,34,176,5,167,30,2,0,2,416
064276707,36,145,10,121,26,9,0,8,355
064276708,35,166,14,93,30,0,0,4,342
064276709,68,126,6,53,25,2,0,2,282
064276710,21,139,13,46,12,16,0,3,250
064276711,37,155,11,84,16,6,0,5,314
064276712,35,235,21,120,13,0,0,4,428
064276713,15,101,3,136,39,7,0,5,306
064276714,13,49,1,163,38,7,1,7,279
064276715,22,116,5,125,16,4,0,11,299
064276716,16,118,11,115,20,7,0,2,289
064276717,24,82,9,177,46,6,3,6,353
064276718,57,192,15,115,25,1,1,19,425
064276801,30,157,18,72,9,0,1,1,288
064276802,40,218,18,70,12,0,0,2,360
064276803,40,108,16,35,3,1,0,5,208
064276804,65,132,26,33,10,1,0,0,267
064276805,53,153,22,32,7,0,0,0,267
064276806,65,224,35,53,6,1,0,1,385
064276807,37,187,13,51,5,1,1,4,299
064276808,79,191,23,36,6,1,0,4,340
064276809,45,199,11,53,9,2,0,2,321
064276810,46,118,30,53,7,0,0,7,261
064276901,63,145,5,62,13,1,0,0,289
064276902,100,165,23,64,16,1,0,1,370
064276903,73,168,14,80,18,0,1,0,354
064276904,69,202,13,70,19,1,0,5,379
064276905,183,274,28,120,39,7,0,3,654
064276906,61,136,15,80,16,0,0,4,312
064276907,72,184,19,88,16,3,0,10,392
064276908,62,171,19,58,11,1,0,3,325
064276909,106,247,52,82,26,3,0,7,523
064276910,31,138,20,26,6,0,0,0,221
064276911,48,155,20,34,4,0,0,1,262
064276912,39,135,20,54,15,0,0,5,268
064276913,58,250,33,66,40,0,2,10,459
064276914,37,179,24,108,29,1,0,2,380
064276915,85,153,27,122,19,0,1,2,409
064276916,49,132,18,82,19,1,0,6,307
064276917,59,198,11,93,19,4,0,1,385
064277001,69,151,13,100,27,1,0,1,362
064277002,112,119,22,68,19,1,0,0,341
064277003,35,130,68,69,19,2,0,2,325
064277004,80,225,31,101,28,1,1,12,479
064277005,65,170,23,108,28,0,0,3,397
064277006,60,111,66,56,21,1,0,0,315
064277007,48,127,31,56,4,0,1,2,269
064277008,65,183,28,81,29,1,0,2,389
064277009,50,131,19,73,19,1,3,2,298
064277010,34,166,17,58,15,3,0,0,293
064277011,39,144,24,47,24,3,0,6,287
064277012,53,160,28,106,37,3,0,3,390
064277013,39,129,17,60,10,0,0,1,256
064277014,68,173,12,53,17,1,0,0,324
064277015,26,145,9,46,16,1,0,1,244
064277016,35,161,8,52,8,2,0,3,269
064277017,26,142,22,53,18,0,0,1,262
064277018,55,126,5,47,15,1,0,0,249
064277101,63,217,25,68,14,0,0,10,397
064277102,50,242,25,77,29,0,0,4,427
064277103,33,174,19,37,3,0,0,11,277
064277104,40,130,15,43,8,1,0,3,240
064277105,16,147,13,50,9,0,0,1,236
064277106,30,109,55,65,14,0,0,0,273
064277107,65,261,16,92,19,0,0,16,469
064277108,20,131,16,64,5,1,0,0,237
064277109,25,151,9,47,13,5,0,10,260
064277110,42,114,10,50,10,0,0,0,226
064277111,46,162,8,51,16,0,0,8,291
064277112,58,267,24,112,28,0,0,5,494
064277113,18,247,7,72,9,1,0,10,364
064277114,22,293,11,69,14,0,0,1,410
064277115,59,195,14,88,8,0,0,3,367
064277116,60,209,12,112,24,2,1,0,420
064277201,164,224,35,112,29,2,0,6,572
064277202,9,157,8,94,11,0,0,0,279
064277203,53,116,9,43,21,1,1,3,247
064277204,61,196,20,65,8,0,0,0,350
064277205,36,200,16,105,24,1,0,24,406
064277206,42,153,13,52,10,1,0,2,273
064277207,24,159,14,82,15,1,0,3,298
064277208,35,119,7,87,15,0,0,3,266
064277209,22,219,7,91,13,1,0,2,355
064277210,21,156,13,85,18,2,1,16,312
064277211,25,257,18,145,29,1,0,2,477
064277212,27,177,6,127,23,0,0,13,373
064277301,36,272,27,80,18,7,0,1,441
064277302,38,255,29,155,24,3,0,3,507
064277303,41,192,19,83,24,1,0,1,361
064277304,34,151,12,75,22,0,0,3,297
064277305,53,225,14,88,17,0,0,0,397
064277306,55,215,38,95,25,4,0,3,435
064277307,94,238,37,164,31,13,1,1,579
064277308,56,248,20,161,20,3,1,1,510
064277309,13,312,21,110,47,1,0,5,509
064277310,33,183,21,169,50,5,0,15,476
064277311,37,100,13,101,17,1,0,17,286
064277312,23,137,16,110,28,5,0,6,325
064277313,30,176,12,164,25,3,0,0,410
064277314,14,177,10,69,5,6,1,5,287
064277315,20,183,16,64,12,2,0,3,300
064277316,14,88,14,172,27,5,7,2,329
064277401,56,163,26,114,46,6,0,10,421
064277402,68,266,33,126,37,7,0,2,539
064277403,50,213,14,125,23,4,0,4,433
064277404,65,105,10,95,25,10,0,2,312
064277405,65,175,26,82,45,2,2,30,427
064277406,94,223,31,113,32,0,1,3,497
064277407,64,211,9,128,22,0,0,2,436
064277408,62,183,22,86,29,3,3,3,391
064277409,48,130,18,65,14,0,0,1,276
064277410,56,96,13,182,26,7,1,3,384
064277411,111,192,21,229,53,15,0,10,631
064277412,22,194,21,153,39,1,1,9,440
064277413,63,123,11,77,20,5,0,1,300
064277414,54,162,15,140,32,5,1,4,413
064277415,67,118,15,109,24,6,0,3,342
064277416,22,109,8,118,21,1,0,1,280
064277417,44,130,20,106,11,1,0,19,331
064277418,131,295,26,440,106,28,1,16,1043
064277501,44,146,28,251,39,10,1,1,520
064277502,37,227,24,226,40,6,2,17,579
064277503,25,139,26,195,17,3,0,5,410
064277504,33,213,17,218,26,9,0,4,520
064277505,24,142,11,274,31,0,2,9,493
064277506,21,129,10,225,21,5,0,7,418
064277507,57,125,15,202,30,5,1,1,436
064277508,33,106,21,191,32,8,1,4,396
064277509,13,105,10,175,15,1,0,0,319
064277510,28,191,17,202,20,6,0,7,471
064277511,27,151,18,208,21,5,0,4,434
064277512,22,164,15,134,13,5,0,3,356
064277513,27,131,8,166,17,2,0,6,357
064277514,14,164,9,118,9,2,0,5,321
064277515,25,158,12,135,33,3,0,4,370
064277516,22,185,12,144,26,0,0,3,392
064277601,18,205,14,189,29,4,0,5,464
064277602,35,202,42,185,59,8,0,4,535
064277603,45,273,34,226,48,7,1,3,637
064277604,31,224,26,190,28,4,0,0,503
064277605,71,235,24,147,29,0,0,6,512
064277606,81,229,40,89,17,1,1,8,466
064277607,57,266,32,173,37,6,0,2,573
064277608,15,226,84,111,68,5,0,2,511
064277609,36,236,10,142,14,3,1,10,452
064277610,22,325,25,96,22,5,0,7,502
064277611,41,307,31,165,39,6,1,7,597
064277612,55,250,51,160,34,12,0,16,578
064277613,22,59,19,77,60,2,0,0,239
064277614,23,26,8,215,8,1,0,3,284
064277615,49,217,42,144,29,4,0,6,491
064277616,41,254,27,141,18,3,0,9,493
064277617,24,168,12,58,11,1,0,2,276
064277618,23,129,21,76,30,2,0,17,298
064277701,59,178,11,106,33,0,0,1,388
064277702,39,201,13,164,21,1,0,1,440
064277703,87,232,22,152,19,2,0,2,516
064277704,63,306,35,122,18,0,0,1,545
064277705,20,158,11,100,10,1,0,1,301
064277706,69,266,15,109,20,2,0,5,486
064277707,25,225,12,79,13,2,0,4,360
064277708,35,177,14,69,8,1,0,2,306
064277709,22,183,10,40,9,1,0,3,268
064277710,36,256,18,113,17,1,0,7,448
064277711,43,218,24,56,8,0,0,6,355
064277712,44,292,26,115,21,4,0,4,506
064277713,38,180,19,81,20,0,0,1,339
064277714,18,189,6,59,24,2,2,1,301
064277715,21,154,5,73,14,0,0,1,268
064277716,18,171,16,68,18,0,0,2,293
064277801,106,322,22,150,42,1,0,10,653
064277802,149,211,18,195,34,3,0,6,616
064277803,65,190,17,118,19,2,1,4,416
064277804,58,163,15,77,27,0,0,2,342
064277805,39,236,13,124,34,0,1,6,453
064277806,47,190,14,51,7,2,0,5,316
064277807,49,204,13,120,28,2,1,10,427
064277808,34,131,8,85,7,2,0,0,267
064277809,18,153,9,114,19,0,0,6,319
064277810,18,158,9,141,28,2,0,1,357
064277811,24,153,18,87,18,0,0,2,302
064277812,43,184,16,113,41,4,0,10,411
064277813,25,299,14,76,10,0,0,14,438
064277901,127,186,25,193,26,6,0,5,568
064277902,34,148,12,75,20,2,2,2,295
064277903,39,173,14,87,20,2,1,3,339
064277904,19,217,7,77,13,3,0,7,343
064277905,44,257,7,158,22,0,0,2,490
064277906,32,165,13,89,28,0,0,4,331
064277907,29,108,20,77,12,0,0,0,246
064277908,36,123,11,65,17,0,0,12,264
064277909,40,170,17,61,9,0,0,0,297
064277910,47,241,20,119,29,0,2,4,462
064277911,45,235,19,156,33,1,1,5,495
064278001,104,163,44,302,154,37,3,2,809
064278002,27,226,12,190,16,1,0,3,475
064278003,27,126,3,274,29,4,0,2,465
064278004,40,104,7,116,20,1,0,2,290
064278005,35,167,14,147,39,7,0,2,411
064278006,39,159,10,228,27,3,0,4,470
064278007,24,158,16,113,34,2,0,3,350
064278008,46,219,12,149,27,1,0,4,458
064278009,19,146,9,111,25,1,0,2,313
064278010,14,42,1,112,23,4,2,7,205
064278011,31,70,14,115,13,2,0,2,247
064278012,24,63,3,142,10,2,2,5,251
064278013,13,47,3,133,13,0,0,0,209
064278014,7,112,2,122,23,1,0,5,272
064278015,22,96,3,91,8,0,2,8,230
064278016,19,67,6,188,7,2,2,2,293
064278101,44,202,15,150,43,8,0,0,462
064278102,30,149,13,107,42,5,0,1,347
064278103,41,128,12,148,30,3,1,10,373
064278104,14,87,6,154,48,7,0,2,318
064278105,24,42,5,130,30,4,0,1,236
064278106,17,46,2,102,26,8,1,0,202
064278107,13,26,1,132,20,12,0,1,205
064278108,2,4,0,20,9,0,0,0,35
064278109,5,13,0,67,9,9,0,3,106
064278110,2,5,2,91,11,5,0,1,117
064278111,26,55,3,146,20,12,2,16,280
064278112,15,13,2,32,2,0,0,1,65
064278201,28,202,14,147,53,16,0,1,461
064278202,21,150,12,88,19,5,0,14,309
064278203,38,177,20,116,24,5,0,0,380
064278204,36,160,13,78,20,3,0,2,312
064278205,39,123,14,162,55,19,1,2,415
064278206,57,151,26,104,55,40,0,0,433
064278207,30,165,11,200,65,8,2,1,482
064278208,46,160,9,165,29,8,0,3,420
064278209,150,187,21,235,108,34,2,10,747
064278210,49,184,24,65,28,7,1,2,360
064278211,53,161,18,58,22,2,1,3,318
064278212,30,134,12,93,25,3,0,4,301
064278213,34,201,17,80,9,8,0,0,349
064278301,36,179,8,122,19,3,0,8,375
064278302,32,186,14,101,27,3,2,2,367
064278303,46,154,26,139,37,5,2,4,413
064278304,45,177,18,165,51,17,0,4,477
064278305,40,100,16,231,81,31,2,5,506
064278306,33,105,17,185,45,9,0,7,401
064278307,48,61,11,148,25,4,0,5,302
064278308,18,105,4,163,38,6,0,5,339
064278309,25,92,8,179,26,3,1,0,334
064278310,35,152,30,114,16,4,1,3,355
064278311,27,199,24,77,20,1,0,3,351
064278312,24,169,7,136,27,0,0,4,367
064278313,51,180,30,143,28,0,0,15,447
064278314,32,169,16,132,14,1,2,2,368
064278401,7,12,195,24,4,0,0,1,243
064278402,11,6,138,95,3,2,0,5,260
064278403,16,150,14,137,17,4,1,3,342
064278404,62,181,6,122,21,5,0,2,399
064278405,48,199,37,181,34,2,0,7,508
064278406,13,161,6,123,27,1,1,2,334
064278407,17,158,9,160,24,1,0,16,385
064278408,26,151,12,198,13,1,0,2,403
064278409,45,116,7,347,19,5,1,10,550
064278410,24,106,6,166,24,5,1,5,337
064278411,24,171,12,200,24,6,0,17,454
064278412,40,145,3,184,14,4,0,11,401
064278413,49,113,1,234,74,16,2,29,518
064278414,30,83,1,111,10,2,1,5,243
064278415,46,97,8,347,41,6,2,2,549
064278416,35,125,19,182,38,4,6,13,422
064278417,48,154,11,184,34,4,0,5,440
064278501,38,190,20,224,45,26,0,3,546
064278502,47,160,12,224,41,16,3,3,506
064278503,63,123,12,163,35,3,0,4,403
064278504,18,138,20,83,33,4,0,4,300
064278505,24,184,11,69,21,3,0,3,315
064278506,55,205,17,100,37,2,0,0,416
064278507,43,163,27,142,47,4,3,2,431
064278508,42,107,34,47,16,1,0,0,247
064278509,91,180,45,161,28,2,1,4,512
064278510,46,124,42,46,15,4,0,5,282
064278511,95,165,27,115,36,0,0,3,441
064278512,46,116,19,177,40,3,0,6,407
064278513,55,203,16,130,55,5,0,2,466
064278601,97,159,58,75,19,0,0,1,409
064278602,30,160,41,72,11,0,1,3,318
064278603,42,188,35,85,9,0,0,2,361
064278604,66,159,21,88,30,2,0,7,373
064278605,37,117,21,99,24,3,0,7,308
064278606,48,139,16,72,28,4,0,2,309
064278607,48,191,55,111,27,0,0,4,436
064278608,40,103,35,79,16,0,0,2,275
064278609,47,118,49,82,17,3,0,1,317
064278610,39,123,17,95,28,0,0,1,303
064278611,28,135,25,102,21,6,0,12,329
064278612,33,119,11,117,25,3,0,5,313
064278613,54,178,12,108,24,4,0,6,386
064278614,26,179,21,95,32,4,1,16,374
064278701,13,164,4,130,25,0,1,5,342
064278702,22,167,8,100,24,4,0,0,325
064278703,31,134,19,72,14,0,0,1,271
064278704,34,227,13,95,10,0,1,2,382
064278705,40,290,40,103,18,0,0,4,495
064278706,16,172,15,77,15,0,0,0,295
064278707,26,182,15,93,18,2,1,1,338
064278708,32,235,14,146,44,0,0,6,477
064278709,29,103,11,139,9,0,0,2,293
064278710,40,180,20,90,17,2,1,3,353
064278711,6,24,3,11,1,0,0,0,45
064278712,26,136,16,79,34,0,0,6,297
064278713,54,152,20,93,15,0,0,2,336
064278714,29,186,15,64,15,0,1,5,315
064278715,33,117,10,57,13,0,0,0,230
064278801,45,191,12,84,29,2,0,10,373
064278802,72,287,24,109,40,3,0,11,546
064278803,51,276,31,148,25,6,1,5,543
064278804,49,300,20,150,29,8,2,3,561
064278805,51,290,22,220,37,9,2,13,644
064278806,20,182,3,73,10,1,0,3,292
064278807,47,194,22,63,11,1,0,2,340
064278808,35,270,27,91,14,1,0,2,440
064278809,38,277,20,66,21,0,1,4,427
064278810,63,227,24,63,15,1,0,2,395
064278811,22,136,11,27,7,0,0,0,203
064278812,33,208,25,53,15,1,0,4,339
064278813,35,245,35,58,19,0,0,7,399
064278901,89,150,42,334,111,68,1,17,812
064278902,81,110,13,204,90,70,0,4,572
064278903,42,238,10,193,46,8,2,10,549
064278904,68,223,18,234,35,1,2,7,588
064278905,55,214,37,173,22,12,2,7,522
064278906,56,166,23,193,30,8,2,1,479
064278907,47,104,5,314,61,9,2,19,561
064278908,65,179,12,236,23,10,0,10,535
064278909,31,87,12,113,15,4,0,0,262
064278910,39,146,26,104,18,10,0,2,345
064278911,78,191,31,196,43,3,2,1,545
064278912,47,132,27,239,59,28,3,3,538
064278913,61,161,15,258,28,3,1,19,546
064278914,48,109,9,316,46,14,0,17,559
064279001,111,233,42,93,12,0,0,1,492
064279002,47,289,27,133,17,1,2,4,520
064279003,54,135,5,34,7,0,0,1,236
064279004,17,183,3,108,11,3,0,0,325
064279005,27,99,4,129,9,2,4,2,276
064279006,47,148,19,110,16,0,0,7,347
064279007,34,164,26,64,7,0,0,5,300
064279008,52,148,15,114,33,7,4,0,373
064279009,64,194,24,233,45,27,4,8,599
064279010,53,183,65,235,45,21,2,3,607
064279011,28,96,37,101,23,8,0,2,295
064279012,79,62,18,83,17,2,1,0,262
064279013,27,78,19,93,26,5,0,0,248
064279014,14,95,7,165,34,10,3,5,333
064279101,44,119,29,268,46,14,1,10,531
064279102,22,75,20,157,23,7,6,8,318
064279103,45,110,23,195,49,10,1,1,434
064279104,57,166,17,108,17,6,1,2,374
064279105,35,144,10,68,14,7,1,4,283
064279106,36,129,32,82,16,12,1,0,308
064279107,35,175,17,98,11,3,0,3,342
064279108,25,139,20,140,42,5,2,1,374
064279109,28,68,7,156,21,12,2,3,297
064279110,12,13,4,152,6,1,0,0,188
064279111,10,33,4,203,4,7,0,0,261
064279112,45,100,37,215,36,57,38,33,561
064279113,13,22,26,79,16,7,1,0,164
064279114,5,34,22,56,11,3,1,0,132
064279115,4,16,20,58,12,0,0,1,111
064279116,5,12,24,39,7,0,0,0,87
064279201,32,44,3,257,30,10,2,11,389
064279202,27,68,30,225,49,8,5,4,416
064279203,17,60,20,91,38,8,0,1,235
064279204,49,107,26,197,52,7,2,7,447
064279205,50,89,19,234,32,6,0,2,432
064279206,22,86,11,317,27,17,0,12,492
064279207,51,55,8,341,48,10,2,11,526
064279208,42,67,21,309,31,9,6,3,488
064279209,31,50,16,320,11,9,0,4,441
064279210,36,49,19,283,23,6,1,4,421
064279211,7,43,4,339,3,1,0,0,397
064279212,39,140,18,147,26,1,0,0,371
064279213,21,163,22,120,9,0,2,10,347
064279214,25,175,11,169,26,2,1,3,412
064279215,22,106,13,93,11,2,1,1,249
064279216,26,148,14,154,18,4,0,3,367
064279217,20,82,8,101,10,2,0,6,229
064279218,36,77,8,97,9,1,0,0,228
064279219,28,93,4,231,32,9,6,10,413
064279301,53,84,5,186,25,4,1,5,363
064279302,41,71,7,249,26,4,6,2,406
064279303,50,45,4,200,24,3,4,4,334
064279304,31,90,9,218,34,4,1,6,393
064279305,36,61,7,233,34,10,4,6,391
064279306,36,158,12,264,49,8,5,11,543
064279307,43,114,15,220,41,9,0,6,448
064279308,17,114,130,142,30,3,1,9,446
064279309,40,206,17,125,46,9,1,7,451
064279310,54,203,24,123,29,2,2,8,445
064279311,36,188,16,174,34,7,3,28,486
064279312,34,192,14,144,23,3,2,3,415
064279313,50,176,8,198,15,2,1,3,453
064279314,15,135,10,264,19,2,2,16,463
064279315,33,94,4,270,30,9,10,36,486
064279401,43,211,15,174,21,9,1,3,477
064279402,45,201,30,133,18,6,1,10,444
064279403,44,226,7,167,27,9,0,1,481
064279404,46,207,6,185,18,6,0,2,470
064279405,45,220,10,211,21,6,0,2,515
064279406,25,245,12,243,34,10,1,2,572
064279407,11,120,5,149,19,1,0,4,309
064279408,21,85,5,180,12,4,0,3,310
064279409,29,205,7,162,14,3,1,5,426
064279410,36,162,7,148,12,0,1,14,380
064279411,37,195,23,172,21,0,3,3,454
064279412,91,196,12,119,12,0,0,5,435
064279413,46,138,16,166,18,2,0,13,399
064279501,24,138,9,122,24,5,0,0,322
064279502,41,161,7,181,23,4,0,8,425
064279503,38,173,23,208,20,6,8,9,485
064279504,72,110,27,309,36,7,2,12,575
064279505,86,50,5,286,32,11,2,5,477
064279506,66,61,7,215,47,9,9,10,424
064279507,78,251,37,415,105,38,4,12,940
064279508,33,162,15,198,37,25,0,0,470
064279509,35,192,13,131,10,0,0,5,386
064279510,52,182,26,174,17,1,0,1,453
064279511,42,191,12,144,12,4,1,5,411
064279512,56,192,36,240,28,8,3,3,566
064279513,34,130,17,184,14,5,1,0,385
064279514,35,134,20,169,24,1,1,5,389
064279601,51,114,13,201,43,14,3,13,452
064279602,56,69,4,210,30,11,5,4,389
064279603,34,90,6,227,34,11,0,7,409
064279604,38,143,10,309,92,14,2,6,614
064279605,51,117,16,200,59,12,4,3,462
064279606,55,151,64,175,51,5,1,4,506
064279607,27,58,5,191,29,6,1,9,326
064279608,40,163,25,201,38,5,0,5,477
064279609,75,172,35,179,40,8,0,5,514
064279610,63,103,11,263,32,8,3,15,498
064279611,28,79,13,154,25,2,1,10,312
064279612,36,54,6,226,28,13,8,20,391
064279613,2,6,0,27,3,1,1,0,40
064279614,43,71,8,233,48,15,10,9,437
064279615,22,56,17,138,8,2,0,5,248
064279616,15,43,20,58,6,0,0,1,143
064279701,24,78,12,174,24,6,2,6,326
064279702,89,215,14,524,62,28,0,2,934
064279703,39,178,9,213,21,11,2,2,475
064279704,37,106,25,248,19,5,1,6,447
064279705,13,80,5,94,3,1,1,11,208
064279706,43,141,7,259,23,7,1,11,492
064279707,32,97,25,216,20,14,4,4,412
064279708,28,87,19,196,41,11,2,3,387
064279709,36,57,45,95,36,3,1,5,278
064279710,19,50,21,123,10,0,1,1,225
064279711,4,40,7,47,5,0,1,4,108
064279712,25,25,8,61,12,1,4,4,140
064279713,31,91,11,126,9,0,0,5,273
064279714,87,143,9,118,14,1,0,5,377
064279715,26,94,17,71,6,1,0,1,216
064279716,16,33,3,60,18,1,2,0,133
064279717,43,56,12,144,11,1,1,9,277
064279718,28,35,4,108,11,0,0,7,193
064279719,15,63,17,107,12,0,0,2,216
064279720,43,64,8,206,20,6,8,3,358
064279721,34,46,2,201,16,9,4,16,328
064279722,27,29,2,114,18,5,5,5,205
064279723,22,66,8,172,16,2,0,3,289
064279724,17,81,19,123,12,1,1,1,255
064340101,43,312,3,139,11,4,0,19,531
064340102,30,191,10,47,3,0,0,4,285
064340103,63,163,16,16,9,0,0,0,267
064340104,69,206,20,37,4,0,0,1,337
064340105,116,165,32,47,1,0,0,1,362
064340106,66,196,40,71,6,0,0,1,380
064340107,71,128,11,48,4,0,0,1,263
064340108,51,195,17,30,5,0,0,1,299
064340109,28,183,21,23,1,0,0,0,256
064340110,63,181,32,33,4,0,0,0,313
064340111,101,144,45,15,2,0,0,2,309
064340201,35,138,30,51,3,0,0,3,260
064340202,15,28,0,12,0,0,0,0,55
064340203,36,166,42,43,3,1,0,0,291
064340204,42,90,31,49,4,0,0,1,217
064340205,37,178,27,45,4,0,0,2,293
064340206,53,180,40,19,1,0,0,1,294
064340207,7,35,8,7,3,0,0,0,60
064340208,29,108,32,27,1,0,0,0,197
064340209,10,32,3,6,1,1,0,0,53
064340210,33,119,13,41,3,1,0,1,211
064340211,91,174,53,34,7,0,0,0,359
064340212,63,157,41,36,2,0,0,0,299
064340301,69,199,43,23,5,0,0,1,340
064340302,79,128,42,42,2,0,0,1,294
064340303,98,285,71,60,7,0,0,1,522
064340304,74,127,52,46,5,0,0,3,307
064340305,42,194,38,47,3,0,0,0,324
064340306,62,118,31,44,5,0,0,0,260
064340307,80,161,30,61,3,0,0,6,341
064340308,108,235,34,71,4,0,0,2,454
064340309,135,244,64,49,8,0,0,2,502
064340310,66,142,47,57,7,0,0,7,326
064340401,64,208,48,32,5,1,0,4,362
064340402,65,147,41,33,0,0,0,0,286
064340403,42,206,28,15,2,0,0,0,293
064340404,38,132,14,27,5,0,0,1,217
064340405,57,111,36,38,1,0,0,0,243
064340406,92,174,61,26,5,0,0,2,360
064340407,62,77,46,31,2,0,0,0,218
064340408,46,56,19,21,2,0,0,0,144
064340409,40,91,32,31,2,0,0,4,200
064340410,83,201,54,22,5,0,0,3,368
064340501,50,242,49,73,10,1,0,2,427
064340502,106,152,45,74,3,0,0,3,383
064340503,65,148,37,31,2,0,0,0,283
064340504,51,187,45,36,7,1,0,0,327
064340505,60,116,50,97,9,0,0,1,333
064340506,41,116,34,53,7,0,0,6,257
064340507,75,124,70,73,12,0,0,1,355
064340508,90,113,55,45,7,0,0,0,310
064340601,71,166,43,48,4,0,0,2,334
064340602,68,133,29,68,8,0,1,0,307
064340603,48,169,32,74,11,0,0,1,335
064340604,84,152,61,37,3,0,0,4,341
064340605,40,158,41,45,3,0,0,1,288
064340606,72,176,83,47,3,0,0,1,382
064340607,73,149,36,65,6,0,0,0,329
064340608,80,159,36,63,9,2,0,4,353
064340609,63,81,21,162,8,0,0,3,338
064340701,35,17,0,165,8,4,0,7,236
064340702,27,71,110,55,5,0,0,2,270
064340703,102,131,12,46,4,0,0,9,304
064340704,75,90,33,25,6,1,0,0,230
064340705,23,26,0,220,12,3,0,0,284
064340706,4,42,56,49,5,0,0,0,156
064340707,424,666,2,161,9,6,0,18,1286
064340708,49,87,7,25,10,0,0,0,178
064340709,31,98,18,21,8,1,0,0,177
064340710,93,73,16,26,8,0,0,0,216
064340711,42,51,2,64,5,0,0,1,165
064340801,38,89,34,41,5,1,0,1,209
064340802,67,203,62,92,18,0,0,1,443
064340803,57,95,14,39,8,2,0,1,216
064340804,48,150,32,81,20,3,1,6,341
064340805,16,137,20,79,30,2,0,3,287
064340806,48,186,35,188,26,2,0,1,486
064340807,11,26,1,170,11,2,1,2,224
064340808,10,14,0,60,3,0,0,1,88
064340809,14,59,1,159,21,2,0,3,259
064340810,19,60,3,252,12,4,0,2,352
064340811,15,92,3,187,9,1,1,1,309
064340812,38,82,4,304,25,3,0,7,463
064340813,21,117,9,160,11,1,0,2,321
064340814,21,119,14,67,1,1,0,0,223
064340815,52,152,12,172,29,2,0,2,421
064340816,67,151,23,145,17,0,0,1,404
064340901,12,46,0,169,9,11,0,1,248
064340902,30,59,5,248,9,1,0,1,353
064340903,18,102,6,208,15,1,1,2,353
064340904,24,52,3,135,13,0,1,0,228
064340905,28,37,0,150,4,1,0,2,222
064340906,6,102,5,158,6,2,1,2,282
064340907,18,126,15,105,5,0,0,1,270
064340908,17,104,9,128,13,0,0,0,271
064340909,29,114,18,139,12,1,0,2,315
064340910,34,130,14,109,5,0,1,1,294
064340911,9,113,9,83,8,1,0,5,228
064340912,23,146,12,55,13,0,0,0,249
064340913,27,65,16,141,13,2,0,2,266
064340914,23,88,7,243,17,0,0,3,381
064340915,40,173,17,104,15,0,0,10,359
064340916,8,153,16,125,3,0,0,1,306
064340917,16,60,11,106,15,1,0,2,211
064340918,28,110,20,89,18,1,2,6,274
064341001,54,90,16,119,8,2,0,1,290
064341002,26,70,20,40,3,0,0,8,167
064341003,57,94,17,25,2,0,0,1,196
064341004,22,102,22,49,9,1,0,0,205
064341005,37,127,25,45,4,1,0,0,239
064341006,60,143,31,75,5,1,0,0,315
064341007,69,137,50,58,13,2,0,3,332
064341008,62,195,33,62,11,0,0,3,366
064341009,47,168,39,87,9,0,0,0,350
064341010,28,183,37,86,6,0,0,2,342
064341011,77,169,15,74,38,0,0,6,379
064341012,22,149,30,88,7,1,0,0,297
064341101,36,187,21,82,6,0,0,1,333
064341102,49,169,36,116,20,1,0,2,393
064341103,51,125,17,43,9,0,0,2,247
064341104,10,165,31,55,3,1,0,4,269
064341105,42,99,19,77,7,5,0,0,249
064341106,11,68,13,128,14,4,0,1,239
064341107,28,98,20,43,7,0,0,2,198
064341108,22,95,20,74,7,2,0,0,220
064341109,10,128,25,97,8,0,0,0,268
064341110,15,91,22,55,5,0,0,1,189
064341111,14,137,32,87,16,0,0,3,289
064341112,61,179,41,94,18,0,0,1,394
064341113,51,196,40,69,13,0,0,1,370
064341114,52,103,28,45,11,2,0,1,242
064341201,71,180,20,64,8,1,0,1,345
064341202,105,171,44,44,11,0,0,5,380
064341203,81,144,36,69,10,1,0,1,342
064341204,90,164,43,52,6,0,0,0,355
064341205,90,99,33,84,7,0,0,0,313
064341206,75,136,46,84,8,0,0,1,350
064341207,75,138,30,132,33,3,0,2,413
064341208,73,134,49,60,8,0,0,0,324
064341301,83,142,70,41,5,0,0,1,342
064341302,43,102,43,30,1,0,0,0,219
064341303,86,123,36,38,1,0,1,0,285
064341304,52,78,43,15,1,0,0,1,190
064341305,102,149,57,45,12,0,0,2,367
064341306,57,142,24,54,0,0,0,1,278
064341307,65,141,48,38,5,1,0,0,298
064341308,77,155,52,57,2,0,0,4,347
064341309,81,160,56,52,9,0,0,2,360
064341310,51,160,35,68,19,1,0,0,334
064341311,68,186,41,109,24,0,1,2,431
064341312,69,132,22,88,6,0,0,2,319
064341401,50,139,68,29,0,0,0,0,286
064341402,41,110,48,14,3,0,0,2,218
064341403,62,107,39,24,3,0,0,2,237
064341404,52,146,57,27,7,0,0,5,294
064341405,61,124,39,24,0,1,0,2,251
064341406,76,140,53,38,10,3,0,2,322
064341407,69,151,56,54,7,0,0,0,337
064341408,96,154,41,42,8,1,0,5,347
064341501,61,100,17,1,1,0,0,0,180
064341502,55,224,9,7,2,0,0,1,298
064341503,106,65,3,3,0,0,0,0,177
064341504,27,147,19,24,1,0,0,0,218
064341505,76,128,14,13,4,0,0,0,235
064341506,92,72,19,16,0,0,0,1,200
064341507,48,179,7,8,2,0,0,2,246
064341508,79,164,3,3,0,0,0,0,249
064341509,32,94,26,22,1,0,1,13,189
064341510,50,95,23,10,0,0,0,0,178
064341511,76,92,4,1,0,0,0,0,173
064341512,88,46,11,5,0,0,0,0,150
064341513,37,167,83,44,4,0,0,3,338
064341514,39,128,35,13,24,0,0,5,244
064341515,56,135,68,34,3,0,0,1,297
064341601,82,102,56,74,3,0,0,0,317
064341602,55,114,75,36,2,0,1,1,284
064341603,63,152,65,17,3,0,0,0,300
064341604,40,158,9,9,5,3,0,0,224
064341605,87,74,22,13,0,0,0,0,196
064341606,41,74,45,19,0,0,0,0,179
064341607,44,133,52,24,1,0,0,0,254
064341608,34,80,47,29,2,0,0,1,193
064341609,74,141,89,32,3,0,0,0,339
064341610,88,162,72,48,7,0,0,1,378
064341611,69,123,90,38,0,0,0,0,320
064341612,86,213,86,39,5,0,0,1,430
064341613,135,118,71,55,1,0,0,0,380
064341701,49,145,34,35,1,0,0,4,268
064341702,82,150,43,46,3,0,1,3,328
064341703,68,196,45,42,0,0,0,1,352
064341704,48,155,58,31,5,0,0,0,297
064341705,70,135,63,29,1,0,0,0,298
064341706,43,96,32,26,1,0,0,0,198
064341707,51,75,17,12,3,0,0,2,160
064341708,38,141,55,33,3,0,0,0,270
064341709,80,100,38,26,5,1,0,0,250
064341710,64,54,12,1,0,0,0,0,131
064341711,43,148,58,12,1,0,0,3,265
064341801,55,190,68,39,5,0,0,0,357
064341802,73,86,65,21,7,0,0,0,252
064341803,87,191,77,37,4,0,0,0,396
064341804,29,111,43,30,4,0,0,2,219
064341805,82,159,52,21,2,0,0,1,317
064341806,94,232,34,22,2,0,0,0,384
064341807,55,111,13,5,0,0,0,0,184
064341808,53,163,32,12,0,0,0,1,261
064341809,62,114,11,2,9,0,0,0,198
064341810,19,144,3,1,0,0,0,0,167
064341811,70,120,2,3,0,0,0,0,195
064341812,32,134,19,10,2,0,0,2,199
064341813,68,178,39,10,2,1,0,4,302
064341814,36,59,18,0,0,0,0,0,113
064341901,84,137,46,59,11,4,0,0,341
064341902,48,189,59,56,14,1,0,0,367
064341903,78,175,48,51,4,0,0,1,357
064341904,104,127,48,30,2,0,0,2,313
064341905,74,145,94,32,4,0,0,5,354
064341906,69,133,53,62,4,1,0,3,325
064341907,90,130,47,43,3,1,0,1,315
064341908,49,113,39,28,5,0,0,0,234
064341909,93,102,43,34,6,0,0,1,279
064342001,35,148,30,43,0,0,0,0,256
064342002,75,139,63,54,5,0,0,1,337
064342003,84,154,66,71,5,0,0,1,381
064342004,56,98,26,23,3,0,0,0,206
064342005,60,178,44,33,2,0,0,1,318
064342006,93,191,46,67,5,0,0,4,406
064342007,74,118,37,8,3,0,0,0,240
064342008,61,184,42,46,9,0,0,0,342
064342009,67,140,54,27,3,0,0,1,292
064342010,87,129,30,45,3,0,0,1,295
064342101,41,197,30,71,4,0,0,1,344
064342102,47,142,29,30,4,0,0,0,252
064342103,52,152,25,33,6,0,0,1,269
064342104,24,122,32,7,2,0,0,0,187
064342105,52,117,29,46,5,0,0,0,249
064342106,31,100,38,39,0,0,0,0,208
064342107,13,112,24,46,2,0,0,0,197
064342108,38,118,29,59,5,0,2,1,252
064342109,17,120,17,51,7,0,0,1,213
064342110,36,90,33,30,4,0,0,0,193
064342111,33,131,24,18,4,0,0,0,210
064342112,54,168,49,31,4,2,0,5,313
064342113,47,168,44,66,4,0,0,3,332
064342201,23,120,5,133,12,0,2,6,301
064342202,22,128,0,143,7,1,0,2,303
064342203,54,92,12,19,9,0,0,4,190
064342204,30,183,22,73,2,0,1,0,311
064342205,60,147,13,32,8,0,0,0,260
064342206,39,218,21,34,1,0,0,1,314
064342207,39,139,16,33,5,0,0,0,232
064342208,69,121,11,106,5,0,0,1,313
064342209,43,115,2,158,15,5,0,2,340
064342210,141,156,75,106,7,0,0,2,487
064342211,16,58,168,49,14,0,0,0,305
064342212,39,157,22,81,3,0,0,9,311
064342213,42,127,164,38,15,0,0,2,388
064342214,18,115,102,71,7,0,0,0,313
064342301,88,125,9,120,18,0,0,11,371
064342302,50,70,0,144,13,1,0,6,284
064342303,14,105,3,214,15,2,1,13,367
064342304,45,219,12,140,18,0,0,4,438
064342305,50,105,6,208,22,2,0,1,394
064342306,67,100,4,228,11,0,0,5,415
064342307,23,83,4,77,2,0,0,2,191
064342308,22,103,0,219,5,0,0,9,358
064342309,34,50,2,159,20,2,0,0,267
064342310,50,58,0,130,13,3,0,3,257
064342311,40,73,1,262,12,3,0,2,393
064342312,19,47,2,209,5,0,0,8,290
064342313,0,1,0,13,0,0,0,0,14
064342314,16,21,1,185,11,0,0,1,235
064342315,41,92,0,166,10,4,0,4,317
064342401,27,126,17,62,7,0,0,0,239
064342402,25,97,18,51,9,0,0,1,201
064342403,39,137,22,38,4,0,0,2,242
064342404,28,117,19,61,5,1,0,0,231
064342405,51,116,34,51,9,0,0,0,261
064342406,35,88,31,84,6,0,0,0,244
064342407,34,131,20,38,5,0,0,0,228
064342408,40,203,20,129,5,0,0,4,401
064342409,40,121,64,42,6,0,0,7,280
064342410,59,117,59,39,9,0,0,0,283
064342501,53,243,52,33,10,0,0,3,394
064342502,43,128,18,14,4,0,0,0,207
064342503,20,128,13,16,1,0,0,1,179
064342504,47,120,12,15,3,0,0,0,197
064342505,53,141,14,20,2,0,0,3,233
064342506,36,127,5,62,8,2,0,7,247
064342507,16,143,2,115,5,1,1,0,283
064342508,45,180,22,80,2,0,0,0,329
064342509,45,123,16,34,5,0,0,2,225
064342510,39,155,27,31,5,0,0,0,257
064342511,53,172,19,47,2,0,0,1,294
064342512,54,113,19,33,6,0,0,0,225
064342513,49,155,19,37,4,0,0,1,265
064342514,62,128,8,44,7,0,0,0,249
064342515,22,144,6,38,4,0,0,0,214
064342516,46,171,23,79,1,2,0,1,323
064342517,36,125,16,57,16,0,0,3,253
064342518,19,95,9,60,12,0,0,0,195
064342601,26,113,2,203,8,0,0,1,353
064342602,4,45,2,114,9,12,1,6,193
064342603,11,41,0,340,28,14,2,2,438
064342604,12,125,2,203,8,5,0,6,361
064342605,13,39,3,63,0,0,0,1,119
064342606,15,46,3,58,4,0,1,1,128
064342607,14,66,2,96,4,1,1,2,186
064342608,8,152,3,100,11,2,0,1,277
064342609,17,103,2,85,10,2,0,1,220
064342610,52,128,8,145,4,0,0,6,343
064342611,19,117,3,68,6,1,0,0,214
064342612,5,115,7,88,3,1,0,1,220
064342613,35,204,16,91,10,2,0,3,361
064342614,19,162,3,130,2,0,0,6,322
064342615,20,103,10,57,5,0,0,0,195
064342616,15,117,15,81,9,1,0,24,262
064342617,30,149,8,88,15,0,0,3,293
064342618,42,147,4,139,8,2,0,0,342
064342619,22,199,5,121,16,2,0,3,368
064342701,87,138,38,30,1,0,0,1,295
064342702,61,160,46,43,4,0,0,2,316
064342703,95,230,43,52,10,1,0,2,433
064342704,46,133,9,65,12,1,0,9,275
064342705,60,88,16,23,1,0,0,2,190
064342706,54,162,35,72,8,0,0,1,332
064342707,45,148,21,59,9,1,0,0,283
064342708,59,120,36,55,9,0,0,1,280
064342709,59,204,26,69,14,0,0,0,372
064342710,32,183,20,179,9,0,0,0,423
064342801,38,180,45,90,4,1,0,4,362
064342802,27,188,29,141,7,0,0,0,392
064342803,26,188,24,191,17,0,0,0,446
064342804,57,159,13,76,1,1,0,1,308
064342805,50,127,16,68,9,0,0,1,271
064342806,42,170,28,105,8,1,0,4,358
064342807,34,108,33,78,5,2,0,0,260
064342808,79,230,45,114,9,1,0,1,479
064342809,63,239,51,69,7,0,0,1,430
064342810,57,200,47,70,6,0,0,5,385
064342811,52,80,30,61,6,0,0,1,230
064342812,20,130,19,59,9,0,0,1,238
064342813,45,117,27,37,2,0,0,6,234
064342814,50,131,13,85,3,1,0,0,283
064342901,105,164,36,44,7,0,0,1,357
064342902,97,180,59,44,3,0,0,1,384
064342903,81,126,49,50,6,0,0,3,315
064342904,74,127,39,59,5,0,0,1,305
064342905,55,139,33,54,4,0,0,3,288
064342906,62,142,48,37,4,0,0,0,293
064342907,70,172,38,53,7,0,0,0,340
064342908,55,156,31,38,1,0,0,4,285
064342909,108,119,50,62,11,0,0,0,350
064342910,49,86,12,33,2,0,0,4,186
064342911,21,115,21,37,1,2,0,0,197
064343001,96,97,27,22,7,0,0,3,252
064343002,40,116,35,27,4,0,0,0,222
064343003,96,131,33,25,3,0,0,1,289
064343004,78,152,40,46,7,0,0,3,326
064343005,84,139,57,33,3,0,0,0,316
064343006,94,147,53,28,6,0,0,1,329
064343007,84,169,49,39,5,0,0,1,347
064343008,57,127,32,23,1,0,0,0,240
064343009,90,123,49,38,5,0,0,2,307
064343101,51,166,91,53,5,0,0,1,367
064343102,44,126,19,19,3,0,0,0,211
064343103,47,130,54,33,3,0,0,1,268
064343104,42,104,40,22,8,0,0,0,216
064343105,59,263,37,18,1,0,0,0,378
064343106,122,140,12,5,13,0,0,1,293
064343107,39,119,17,10,0,0,0,0,185
064343108,52,116,10,5,0,0,0,0,183
064343109,49,157,16,15,0,0,0,0,237
064343110,44,120,4,5,0,0,0,0,173
064343111,92,82,1,1,15,0,0,0,191
064343112,109,127,2,0,0,0,0,0,238
064343113,166,122,2,6,1,0,0,0,297
064343114,40,218,11,1,1,0,0,0,271
064343115,31,96,7,4,1,0,0,1,140
064343201,79,215,21,20,1,0,0,1,337
064343202,82,208,13,10,1,0,0,1,315
064343203,73,138,3,1,0,0,0,0,215
064343204,27,121,1,2,0,0,0,0,151
064343205,36,115,23,9,0,0,0,1,184
064343206,39,74,30,16,2,0,0,0,161
064343207,75,171,49,25,3,0,0,0,323
064343208,78,117,45,29,4,0,0,0,273
064343209,75,198,33,32,4,0,0,7,349
064343210,73,156,62,38,4,0,0,1,334
064343211,72,118,24,29,1,1,2,1,248
064343212,79,103,42,13,1,0,0,0,238
064343213,65,186,29,14,0,0,0,0,294
064343301,50,139,32,48,12,0,1,3,285
064343302,63,204,52,44,5,0,0,0,368
064343303,83,173,43,40,5,0,0,1,345
064343304,58,126,36,14,2,0,0,1,237
064343305,78,153,50,37,5,0,0,1,324
064343306,52,177,41,49,4,0,0,2,325
064343307,74,172,37,40,2,1,0,0,326
064343308,49,134,36,25,1,0,0,3,248
064343401,99,137,47,38,7,0,0,1,329
064343402,48,208,50,62,8,0,0,0,376
064343403,47,146,36,49,5,0,0,0,283
064343404,32,117,26,47,5,0,0,2,229
064343405,35,119,32,33,6,0,0,0,225
064343406,33,134,20,64,9,0,0,0,260
064343407,34,133,26,74,4,1,0,2,274
064343408,36,101,26,53,11,1,0,0,228
064343409,62,98,15,29,2,0,0,2,208
064343410,107,125,35,72,5,1,0,1,346
064343411,37,175,24,99,8,2,0,2,347
064343412,50,218,70,135,18,0,0,1,492
064343413,42,130,87,72,16,0,0,0,347
064343414,33,87,15,156,13,1,0,4,309
064343501,48,218,58,39,6,1,0,1,371
064343502,42,107,33,19,0,0,0,0,201
064343503,73,73,21,8,0,0,0,2,177
064343504,71,114,34,184,24,1,0,1,429
064343505,20,81,26,12,3,1,0,2,145
064343506,68,123,49,40,5,0,0,0,285
064343507,28,127,33,70,6,0,0,1,265
064343508,55,64,7,277,15,1,0,1,420
064343509,66,133,23,54,7,0,0,2,285
064343510,31,51,3,203,2,0,0,4,294
064343511,55,94,10,161,7,1,0,6,334
064343512,14,42,4,92,8,1,1,2,164
064343513,51,150,13,80,4,1,0,3,302
064343601,116,181,28,37,2,1,0,1,366
064343602,98,166,82,39,5,0,0,1,391
064343603,55,166,63,34,6,1,0,0,325
064343604,122,112,48,38,5,0,0,0,325
064343605,69,133,51,32,3,0,0,0,288
064343606,83,143,66,42,5,1,0,2,342
064343607,81,98,34,30,6,0,0,2,251
064343608,40,110,49,46,4,0,0,4,253
064343701,47,75,62,34,1,0,0,0,219
064343702,85,124,39,39,4,0,0,4,295
064343703,77,92,42,20,1,0,0,1,233
064343704,57,131,65,46,4,0,0,0,303
064343705,54,118,69,72,5,1,0,1,320
064343706,69,140,60,63,0,0,0,4,336
064343707,51,143,56,44,1,0,0,0,295
064343708,51,76,61,44,1,0,0,2,235
064343801,23,76,35,28,6,0,0,0,168
064343802,76,124,57,45,2,0,0,4,308
064343803,103,118,58,51,3,0,0,2,335
064343804,87,194,28,30,0,0,0,0,339
064343805,90,139,22,14,2,0,0,0,267
064343806,58,136,59,59,8,0,0,0,320
064343807,44,131,22,19,1,0,0,0,217
064343808,91,155,52,30,6,0,0,0,334
064343809,43,110,34,61,2,0,1,1,252
064343901,54,152,37,25,2,0,0,1,271
064343902,47,115,33,18,5,0,0,5,223
064343903,39,114,42,69,6,0,0,0,270
064343904,35,106,67,12,1,1,0,6,228
064343905,41,152,81,34,0,0,0,2,310
064343906,70,142,46,21,2,0,0,0,281
064343907,97,98,50,21,4,0,0,9,279
064343908,26,82,32,29,2,0,0,4,175
064343909,42,36,12,146,2,1,0,1,240
064344001,43,136,77,84,7,0,0,1,348
064344002,65,137,89,69,2,0,0,2,364
064344003,37,83,34,47,5,0,0,0,206
064344004,33,50,38,27,7,0,0,3,158
064344005,28,70,45,46,5,0,0,1,195
064344006,56,81,42,32,8,2,0,0,221
064344007,56,75,55,33,9,0,0,0,228
064344008,84,234,39,15,0,0,0,0,372
064344101,87,99,41,35,1,0,0,0,263
064344102,65,111,48,37,1,0,0,5,267
064344103,107,187,58,35,5,0,0,0,392
064344104,37,134,37,108,5,0,0,0,321
064344105,65,163,45,30,3,0,0,0,306
064344106,41,87,22,153,11,0,0,2,316
064344107,28,93,20,29,5,0,0,3,178
064344108,83,148,47,56,3,2,0,0,339
064344201,47,100,7,158,14,1,0,3,330
064344202,33,157,33,99,16,5,0,0,343
064344203,28,110,24,36,8,0,0,0,206
064344204,80,116,21,59,8,0,0,0,284
064344205,23,132,27,69,10,0,0,0,261
064344206,28,121,24,97,3,0,0,0,273
064344207,36,123,34,49,19,0,0,0,261
064344208,50,119,40,50,9,0,0,2,270
064344301,87,154,68,52,11,0,0,0,372
064344302,43,96,30,80,11,0,0,7,267
064344303,71,166,67,67,10,0,0,1,382
064344304,42,137,53,70,4,0,0,0,306
064344305,62,82,44,44,9,0,0,3,244
064344306,58,140,55,32,4,0,0,1,290
064344307,56,127,33,42,3,0,0,0,261
064344308,34,124,43,29,1,0,0,0,231
064344401,16,73,7,57,2,0,0,1,156
064344402,39,115,34,83,5,0,0,0,276
064344403,43,101,32,85,5,0,0,5,271
064344404,52,83,19,24,4,0,0,0,182
064344405,17,63,45,153,13,3,0,3,297
064344406,43,3,0,404,10,2,0,1,463
064344407,121,190,53,80,9,0,0,3,456
064344408,31,120,28,44,1,0,0,0,224
064344409,43,102,17,40,5,0,0,0,207
064344410,32,127,49,65,3,0,0,0,276
064344411,37,112,47,51,9,0,0,1,257
064344412,83,147,72,69,7,0,0,0,378
064344501,92,133,44,57,7,0,0,2,335
064344502,36,226,30,171,19,2,0,1,485
064344503,18,77,8,162,20,1,1,8,295
064344504,23,132,19,124,20,2,0,0,320
064344505,64,135,26,128,13,1,0,5,372
064344506,19,68,16,81,20,2,0,20,226
064344507,22,120,8,140,14,1,0,5,310
064344508,24,138,24,158,21,0,0,0,365
064344509,22,111,23,77,11,1,0,1,246
064344510,37,85,29,84,13,0,0,1,249
064344511,84,160,52,55,6,0,0,6,363
064344512,64,200,57,146,18,1,0,3,489
064900101,14,47,5,130,0,0,0,0,196
064900102,57,71,14,161,0,0,0,3,306
064900103,45,46,7,92,2,0,0,10,202
064900104,41,52,7,127,0,0,0,4,231
064900105,39,51,10,149,2,0,0,7,258
064900106,42,42,12,114,3,0,0,9,222
064900107,46,53,9,113,2,0,0,6,229
064900108,8,70,4,124,1,0,0,0,207
064900109,10,129,6,96,2,0,0,0,243
064900110,38,39,6,79,0,0,0,4,166
064900111,18,84,6,126,1,0,0,1,236
064900112,19,129,9,125,3,0,0,1,286
064900113,12,47,7,77,2,0,0,2,147
064900114,6,87,3,117,1,0,0,0,214
064900201,47,183,12,202,12,0,1,1,458
064900202,7,244,21,248,8,3,0,3,534
064900203,28,155,13,149,9,0,0,2,356
064900204,22,65,13,194,23,4,0,7,328
064900205,27,188,21,122,14,0,0,0,372
064900206,38,202,16,99,15,0,2,4,376
064900207,50,108,6,260,15,0,0,2,441
064900208,22,250,16,234,12,0,3,12,549
064900209,52,200,20,166,12,0,0,5,455
064900210,27,141,13,171,13,0,0,3,368
064900301,37,148,14,130,13,0,0,0,342
064900302,46,184,15,140,4,0,0,1,390
064900303,51,122,10,83,9,0,0,2,277
064900304,21,18,0,89,4,1,1,0,134
064900305,18,23,1,130,3,4,0,0,179
064900306,39,122,8,206,24,1,0,6,406
064900307,60,99,23,78,6,1,0,7,274
064900308,16,137,11,60,5,0,0,7,236
064900309,40,178,20,100,8,1,0,5,352
064900310,34,62,2,392,10,2,0,1,503
064900311,23,68,4,53,7,1,0,3,159
064900312,35,136,9,130,4,0,0,1,315
064900313,29,167,12,109,7,1,0,17,342
064900401,27,233,14,127,9,0,0,1,411
064900402,29,160,14,91,8,2,0,14,318
064900403,13,36,2,218,8,2,0,2,281
064900404,21,30,3,181,8,1,0,2,246
064900405,24,81,2,223,9,0,0,5,344
064900406,25,172,11,127,8,0,1,4,348
064900407,34,169,2,193,8,3,2,3,414
064900408,13,68,1,224,26,4,0,9,345
064900409,15,34,4,153,1,1,0,0,208
064900410,20,111,8,143,16,0,2,1,301
064900411,32,238,28,120,14,2,4,3,441
064900412,11,110,12,77,11,0,0,1,222
064900413,21,152,21,79,9,1,0,0,283
064900414,27,287,35,131,5,1,1,7,494
064900501,27,93,8,126,3,2,0,5,264
064900502,28,186,16,127,12,1,0,9,379
064900503,33,119,15,109,5,0,0,5,286
064900504,8,119,15,90,8,0,0,2,242
064900505,12,149,9,69,4,1,0,1,245
064900506,56,154,25,56,8,0,0,1,300
064900507,50,144,34,48,8,1,0,0,285
064900508,49,189,38,137,12,0,0,2,427
064900509,28,131,24,68,8,0,0,0,259
064900510,49,192,19,171,21,1,0,5,458
064900511,18,173,20,104,8,1,0,5,329
064900512,15,248,24,144,15,2,2,4,454
064900513,19,106,20,49,13,2,0,0,209
064900514,16,166,16,115,7,0,0,0,320
064900515,17,241,36,135,12,0,1,21,463
064900516,25,287,45,142,22,2,4,12,539
064900601,70,107,32,34,5,0,0,4,252
064900602,80,164,64,55,3,0,0,2,368
064900603,80,76,62,25,4,1,0,2,250
064900604,99,134,56,41,10,0,0,3,343
064900605,19,106,38,54,5,0,0,0,222
064900606,27,110,31,34,7,0,0,1,210
064900607,36,112,124,52,5,0,0,3,332
064900608,37,132,95,86,15,0,0,1,366
064900609,51,95,33,56,10,1,0,0,246
064900610,25,52,92,54,4,1,0,0,228
064900611,10,2,268,4,0,0,0,0,284
064900612,337,0,0,0,0,0,0,0,337
064900613,183,197,1,0,0,0,0,0,381
064900614,3,94,254,0,0,0,0,4,355
064900615,4,94,209,0,0,0,0,1,308
064900701,49,70,30,80,12,0,0,1,242
064900702,51,102,41,64,15,0,1,0,274
064900703,41,180,45,85,26,1,0,3,381
064900704,59,75,28,85,13,0,0,0,260
064900705,85,147,61,54,13,0,0,1,361
064900706,75,132,72,62,6,0,0,1,348
064900707,33,97,13,126,12,6,0,6,293
064900708,35,59,41,76,8,0,0,0,219
064900709,38,71,59,46,3,0,0,1,218
064900710,57,115,21,94,13,1,3,4,308
064900711,30,88,14,63,14,0,0,2,211
064900712,55,171,38,76,9,0,0,2,351
064900713,18,46,155,19,6,1,1,1,247
064900714,39,141,12,56,12,0,0,2,262
064900715,35,156,25,75,9,1,0,0,301
064900801,61,65,52,59,6,0,0,0,243
064900802,49,64,60,59,6,0,0,0,238
064900803,115,78,135,67,11,0,0,2,408
064900804,9,39,83,42,2,0,0,0,175
064900805,45,39,56,17,0,0,0,0,157
064900806,72,59,68,20,2,0,0,1,222
064900807,66,90,27,10,0,0,0,0,193
064900808,71,94,147,44,1,0,0,0,357
064900809,60,115,97,106,7,0,0,0,385
064900901,86,104,121,49,8,0,0,1,369
064900902,69,92,89,41,4,0,0,0,295
064900903,42,79,50,31,3,0,0,0,205
064900904,21,53,57,32,19,0,0,0,182
064900905,100,92,138,47,13,0,0,2,392
064900906,74,99,137,32,5,0,0,0,347
064900907,29,66,109,44,3,0,0,0,251
064900908,49,60,116,32,4,0,0,1,262
064900909,33,101,54,26,1,0,0,0,215
064901001,31,106,64,30,2,0,0,0,233
064901002,92,113,137,41,3,0,0,2,388
064901003,61,88,106,40,4,1,0,0,300
064901004,94,95,116,37,9,0,0,0,351
064901005,43,139,124,37,4,0,0,7,354
064901006,54,46,84,23,3,0,0,0,210
064901007,37,59,85,25,0,0,0,1,207
064901008,34,43,205,9,1,0,0,0,292
064901009,47,78,68,62,7,1,0,0,263
064901010,73,110,105,22,5,0,0,2,317
064901011,71,107,160,50,7,0,0,1,396
064901012,51,70,153,35,1,0,0,0,310
064901013,61,65,165,36,3,0,0,1,331
064901014,22,37,161,23,0,0,0,0,243
064901015,26,59,158,15,0,0,0,0,258
064901101,30,69,54,15,1,0,0,4,173
064901102,59,82,77,66,3,0,0,0,287
064901103,83,75,117,27,2,0,0,1,305
064901104,53,98,95,68,1,0,0,0,315
064901105,90,74,110,78,0,0,0,0,352
064901106,31,77,47,16,1,0,0,0,172
064901107,30,83,69,2,1,0,0,0,185
064901108,98,17,26,25,3,0,0,0,169
064901109,48,134,10,17,1,0,0,0,210
064901110,50,96,28,29,13,0,0,0,216
064901111,37,114,13,14,4,1,0,1,184
064901112,125,80,20,12,1,0,0,1,239
064901113,69,100,82,43,2,0,0,0,296
064901114,63,90,101,56,4,0,0,1,315
064901115,74,46,77,30,2,0,0,0,229
064901116,72,153,83,44,2,0,0,3,357
064901117,74,140,106,10,0,0,0,0,330
064901118,17,61,155,16,3,0,0,0,252
064901201,67,95,89,25,8,0,0,0,284
064901202,120,109,125,35,0,0,0,0,389
064901203,108,92,81,52,5,1,0,2,341
064901204,45,73,39,27,4,0,0,1,189
064901205,18,71,80,28,0,0,0,1,198
064901206,70,133,104,45,2,0,0,0,354
064901207,71,108,98,43,9,0,0,0,329
064901208,59,52,169,12,0,0,0,1,293
064901209,105,83,68,55,3,0,0,0,314
064901210,70,110,81,66,5,0,0,0,332
064901301,90,127,99,62,3,0,0,0,381
064901302,31,72,229,16,2,0,0,0,350
064901303,57,106,87,63,5,0,0,2,320
064901304,55,84,46,29,3,0,0,2,219
064901305,35,84,35,69,3,1,0,2,229
064901306,37,141,43,120,7,2,0,8,358
064901307,4,0,235,4,0,0,0,0,243
064901308,7,7,256,4,1,0,0,1,276
064901309,58,149,92,76,15,1,0,3,394
064901310,67,196,47,69,12,1,0,1,393
064901311,51,155,59,97,17,0,0,0,379
064901312,47,140,30,77,19,0,0,2,315
064901313,66,121,40,74,9,0,1,5,316
064901314,20,136,28,174,8,3,0,0,369
064901315,82,202,64,95,10,0,0,3,456
064901401,43,162,18,72,12,4,0,1,312
064901402,46,155,40,82,17,1,0,0,341
064901403,34,94,19,55,8,0,0,2,212
064901404,22,106,34,75,5,0,0,0,242
064901405,36,132,39,66,11,0,0,2,286
064901406,39,96,54,31,3,1,0,2,226
064901407,162,31,44,40,1,1,0,4,283
064901408,65,93,30,47,16,1,0,1,253
064901409,20,134,20,74,9,0,0,1,258
064901410,88,146,22,88,13,0,0,1,358
064901411,35,130,24,98,26,3,0,3,319
064901412,35,148,29,171,22,7,4,2,418
064901501,10,138,34,92,11,5,0,0,290
064901502,19,135,38,84,16,4,0,0,296
064901503,18,91,23,105,7,1,0,0,245
064901504,25,105,30,102,6,0,0,0,268
064901505,16,119,35,138,4,0,0,0,312
064901506,8,67,13,77,3,1,0,0,169
064901507,15,92,30,94,5,1,0,0,237
064901508,13,96,18,89,9,2,0,2,229
064901509,14,63,20,76,4,1,0,0,178
064901510,14,138,29,91,13,2,0,2,289
064901511,21,144,36,114,16,3,0,1,335
064901601,40,225,41,97,13,3,0,1,420
064901602,46,67,36,42,6,0,0,1,198
064901603,66,123,29,97,9,1,0,2,327
064901604,14,93,25,33,7,0,0,2,174
064901605,28,143,27,141,15,1,0,1,356
064901606,30,117,9,91,9,0,0,1,257
064901607,42,127,54,37,4,0,0,4,268
064901608,58,132,66,49,5,5,0,3,318
064901609,52,192,45,54,9,0,0,3,355
064901701,82,104,30,148,23,0,0,1,388
064901702,20,80,18,210,22,2,0,1,353
064901703,12,48,5,173,15,0,0,1,254
064901704,65,126,42,139,10,2,1,0,385
064901705,130,130,41,79,14,4,0,1,399
064901706,70,155,25,119,25,2,0,2,398
064901707,87,112,77,94,23,2,0,0,395
064901708,66,158,35,139,19,5,0,6,428
064901709,60,112,42,69,12,1,0,1,297
064901801,68,156,89,54,26,0,0,0,393
064901802,88,119,76,32,5,0,0,2,322
064901803,98,106,101,46,9,2,0,3,365
064901804,65,189,85,54,10,0,0,1,404
064901805,41,104,32,36,9,0,0,0,222
064901806,19,99,48,39,6,0,0,0,211
064901807,23,144,47,108,6,0,0,4,332
064901808,93,127,59,58,12,0,0,3,352
064901809,65,137,68,73,8,2,0,1,354
064901810,27,139,48,72,14,0,0,0,300
064901811,47,147,38,91,23,0,0,3,349
064901812,109,148,62,73,20,0,0,1,413
064901813,62,169,81,117,12,0,0,1,442
064901814,66,163,50,140,13,0,0,0,432
064901815,69,176,42,175,16,0,0,1,479
064901816,42,126,31,81,15,2,0,2,299
064901901,80,101,78,79,1,2,0,0,341
064901902,103,55,87,46,6,1,0,0,298
064901903,76,73,68,28,0,0,0,0,245
064901904,57,62,65,31,2,0,0,0,217
064901905,82,75,74,42,4,1,0,0,278
064901906,56,94,64,72,7,0,0,3,296
064901907,88,156,82,43,10,1,0,1,381
064901908,37,89,100,22,4,0,0,1,253
064901909,40,62,55,10,1,0,0,0,168
064901910,69,112,106,46,2,1,0,1,337
064901911,42,55,102,24,9,1,0,2,235
064901912,59,64,60,14,2,1,0,0,200
064902001,73,63,159,9,3,0,0,1,308
064902002,27,142,82,28,4,0,0,0,283
064902003,65,133,81,45,8,4,0,0,336
064902004,59,61,54,38,2,0,0,1,215
064902005,70,81,97,40,3,1,2,0,294
064902006,57,94,87,43,11,1,0,0,293
064902007,77,128,115,48,7,0,0,1,376
064902008,70,96,59,15,6,0,0,1,247
064902009,33,77,68,25,7,0,0,0,210
064902101,84,109,160,33,3,1,0,0,390
064902102,86,78,140,36,5,0,0,1,346
064902103,92,83,146,32,0,0,0,0,353
064902104,46,83,71,45,2,0,0,0,247
064902105,96,59,120,53,5,3,0,1,337
064902106,97,71,89,49,3,0,0,1,310
064902107,110,102,58,37,4,0,0,2,313
064902108,80,29,38,6,1,0,0,1,155
064902109,41,48,93,29,1,1,0,0,213
064902110,110,134,65,26,1,0,0,1,337
064902201,30,43,180,11,1,0,0,0,265
064902202,35,93,77,16,3,1,0,0,225
064902203,48,148,53,5,0,0,0,2,256
064902204,95,101,2,2,0,0,0,4,204
064902205,88,131,2,2,0,0,0,0,223
064902206,115,141,4,6,0,0,0,2,268
064902207,56,110,1,6,0,0,0,0,173
064902208,72,26,0,0,0,0,0,4,102
064902209,96,94,0,5,0,0,0,2,197
064902210,118,245,13,2,0,0,0,0,378
064902211,83,147,7,0,0,0,0,0,237
064902212,18,28,0,0,0,0,0,0,46
064902301,74,61,88,60,3,0,0,0,286
064902302,49,44,99,46,2,0,0,0,240
064902303,62,78,111,49,2,0,0,1,303
064902304,40,94,66,60,5,0,0,1,266
064902305,60,49,115,34,7,0,0,0,265
064902306,51,50,151,38,6,0,0,0,296
064902307,25,92,85,29,3,0,0,0,234
064902308,20,83,6,3,0,0,0,0,112
064902309,96,106,41,11,1,0,0,0,255
064902310,33,63,61,12,0,0,0,0,169
064902311,52,94,2,49,0,0,0,1,198
064902312,108,81,12,6,0,0,0,2,209
064902313,46,63,61,5,0,0,0,0,175
064902401,62,45,110,40,6,1,0,1,265
064902402,78,128,93,44,2,0,0,0,345
064902403,38,100,40,13,5,0,0,3,199
064902404,166,129,45,36,2,0,0,1,379
064902405,96,66,80,37,1,1,0,0,281
064902406,48,71,95,43,2,0,0,0,259
064902407,31,124,45,11,0,0,0,0,211
064902408,65,71,14,33,0,0,0,0,183
064902409,49,105,1,5,0,0,0,1,161
064902410,126,106,10,2,0,0,0,0,244
064902411,66,121,1,3,0,0,0,8,199
064902501,50,107,123,38,3,0,0,2,323
064902502,66,58,92,65,6,0,0,3,290
064902503,60,81,81,51,4,0,0,1,278
064902504,37,83,78,60,10,0,0,1,269
064902505,67,66,66,48,3,0,0,0,250
064902506,74,97,65,48,2,0,0,2,288
064902507,60,74,99,47,3,0,0,0,283
064902508,78,119,79,60,9,1,0,0,346
064902601,97,89,72,46,9,0,2,1,316
064902602,36,78,92,55,4,0,0,0,265
064902603,72,67,114,69,2,0,0,2,326
064902604,24,41,60,30,4,0,0,1,160
064902605,42,73,102,13,4,0,0,2,236
064902606,57,125,102,34,8,1,0,0,327
064902607,77,99,130,45,9,0,0,1,361
064902608,52,79,61,44,8,0,0,0,244
064902609,31,53,41,29,3,0,0,0,157
064902610,94,96,82,93,9,0,0,4,378
064902611,45,85,76,65,7,0,0,0,278
064902612,57,89,72,70,1,0,0,1,290
064902613,50,104,73,75,6,0,0,1,309
064902701,70,171,27,25,8,0,0,0,301
064902702,101,179,72,61,8,0,0,0,421
064902703,81,128,80,36,5,0,0,4,334
064902704,59,73,112,13,4,0,0,1,262
064902705,90,125,119,75,8,1,0,4,422
064902706,57,96,141,16,7,0,0,2,319
064902707,78,77,122,25,9,0,0,0,311
064902708,54,77,127,48,5,0,0,0,311
064902709,48,141,76,30,5,0,0,0,300
064902710,119,202,129,29,9,0,0,4,492
064902711,80,191,87,110,8,1,0,1,478
064902712,55,125,49,184,1,1,1,3,419
064902713,42,58,28,48,5,0,0,1,182
064902801,54,160,45,31,7,0,0,0,297
064902802,71,67,69,19,1,0,0,0,227
064902803,90,156,112,39,8,0,0,2,407
064902804,101,138,73,107,22,0,0,3,444
064902805,69,95,90,56,3,1,0,0,314
064902806,103,140,108,53,9,0,0,0,413
064902807,67,74,80,17,3,0,0,0,241
064902808,49,81,60,18,1,0,0,0,209
064902809,32,77,48,28,3,0,0,1,189
064902810,99,154,55,79,15,2,0,3,407
064902811,78,114,82,28,10,0,0,1,313
064902901,24,214,23,89,21,1,0,0,372
064902902,45,250,35,121,20,0,0,10,481
064902903,50,153,28,62,11,0,0,0,304
064902904,29,198,21,98,11,0,0,2,359
064902905,21,173,11,115,8,2,0,5,335
064902906,18,154,11,185,7,2,0,1,378
064902907,44,175,29,154,10,0,0,12,424
064902908,54,211,90,111,18,0,0,0,484
064902909,62,201,80,72,13,0,0,2,430
064902910,61,130,53,88,25,0,0,4,361
064902911,55,236,63,78,18,0,0,2,452
064903001,30,125,36,67,10,0,0,0,268
064903002,64,185,36,213,25,0,0,0,523
064903003,41,110,19,96,20,0,0,1,287
064903004,47,114,28,70,15,1,0,1,276
064903005,82,172,143,63,13,3,0,2,478
064903006,46,146,26,91,11,1,0,4,325
064903007,28,143,28,87,12,1,0,4,303
064903008,54,119,48,84,9,0,0,2,316
064903009,70,139,62,56,10,0,0,1,338
064903010,47,139,113,50,8,0,0,1,358
064903101,23,127,11,80,5,0,0,0,246
064903102,16,168,9,74,9,1,0,3,280
064903103,37,164,16,181,10,0,0,5,413
064903104,26,203,14,131,13,1,0,4,392
064903105,42,134,12,137,11,0,0,0,336
064903106,45,119,4,206,21,8,0,4,407
064903107,64,128,19,141,17,0,1,7,377
064903108,29,166,18,163,18,1,0,6,401
064903109,62,131,35,88,12,0,0,0,328
064903110,66,114,23,67,4,0,0,1,275
064903201,19,242,24,148,16,2,0,4,455
064903202,39,216,31,105,36,3,0,2,432
064903203,38,130,12,167,9,0,0,2,358
064903204,7,132,14,135,11,2,0,0,301
064903205,2,116,11,120,4,0,0,0,253
064903206,8,227,20,241,9,0,0,0,505
064903207,20,163,12,128,7,1,0,7,338
064903208,51,222,21,109,15,0,0,4,422
064903209,22,104,7,91,11,1,0,2,238
064903210,25,174,18,103,16,1,0,1,338
064903301,24,129,13,61,10,0,0,2,239
064903302,33,148,12,79,9,1,1,0,283
064903303,16,260,11,135,6,0,0,13,441
064903304,11,165,15,98,11,0,0,0,300
064903305,19,234,29,152,15,3,0,22,474
064903306,17,132,17,172,6,0,0,3,347
064903307,21,87,3,101,9,1,0,2,224
064903308,35,101,10,144,10,2,0,2,304
064903309,11,141,12,173,6,2,1,5,351
064903310,14,183,18,152,10,1,0,0,378
064903401,35,225,11,348,12,15,0,19,665
064903402,23,231,14,147,5,0,0,7,427
064903403,9,149,17,129,13,0,0,3,320
064903404,13,131,11,185,18,2,0,4,364
064903405,18,189,16,198,13,0,0,8,442
064903406,11,146,11,109,17,0,0,3,297
064903407,15,154,12,95,9,0,2,0,287
064903408,33,125,15,74,2,1,0,2,252
064903409,9,127,10,107,10,3,0,1,267
064903410,5,180,13,145,7,3,0,0,353
064903411,33,145,11,152,8,0,0,5,354
064903412,24,98,6,183,16,1,0,5,333
064903413,44,120,9,175,10,0,0,1,359
064903414,22,171,6,150,9,3,0,0,361
064903415,24,115,7,94,8,1,1,2,252
064903501,17,152,8,68,13,0,0,1,259
064903502,16,140,14,87,11,0,0,2,270
064903503,6,52,1,322,9,22,3,14,429
064903504,18,66,2,317,12,21,6,20,462
064903505,13,39,1,289,25,26,1,14,408
064903506,33,64,0,331,35,24,7,25,519
064903507,20,40,0,300,11,26,1,5,403
064903508,45,219,6,167,12,1,0,6,456
064903509,25,118,8,96,16,1,0,1,265
064903510,12,160,11,100,4,0,0,1,288
064903511,14,105,8,113,7,1,0,23,271
064903512,7,145,9,91,5,0,0,1,258
064903513,14,253,10,169,7,2,0,6,461
064903514,18,182,11,163,15,0,0,6,395
064903515,5,152,8,68,5,0,0,5,243
064903516,9,147,10,48,8,0,0,2,224
064903517,32,201,11,58,3,1,1,14,321
064903518,31,222,22,88,22,0,0,10,395
064903601,38,234,16,132,20,1,0,5,446
064903602,19,225,20,144,14,0,2,3,427
064903603,10,141,13,91,10,1,0,9,275
064903604,12,184,8,102,21,2,0,8,337
064903605,21,167,22,77,11,2,0,4,304
064903606,39,181,22,116,3,0,0,0,361
064903607,10,112,6,174,9,1,1,2,315
064903608,22,150,7,110,10,0,2,4,305
064903609,22,183,14,74,4,0,0,3,300
064903610,29,235,21,126,10,0,0,5,426
064903611,10,171,11,81,5,0,0,4,282
064903612,15,169,5,100,16,8,1,3,317
064903701,44,197,11,103,8,0,0,4,367
064903702,21,147,12,101,11,0,1,1,294
064903703,8,124,6,98,7,1,0,1,245
064903704,15,135,8,90,3,0,0,1,252
064903705,10,148,4,123,5,1,0,0,291
064903706,9,191,7,145,7,1,0,1,361
064903707,24,128,10,78,10,0,0,1,251
064903708,9,141,9,80,9,1,0,1,250
064903709,40,259,12,195,23,3,1,11,544
064903710,38,199,15,140,20,2,2,8,424
064903711,19,322,13,163,23,4,0,4,548
064903712,37,135,5,151,7,1,0,2,338
064903713,39,204,14,201,16,3,1,4,482
064903714,24,207,14,189,17,3,0,4,458
064903801,15,90,7,96,8,0,0,0,216
064903802,96,129,6,116,13,1,0,2,363
064903803,7,75,5,84,5,0,1,2,179
064903804,28,105,4,81,2,1,0,1,222
064903805,14,166,4,204,8,5,1,3,405
064903806,26,95,2,160,10,6,0,1,300
064903807,33,153,6,146,8,0,0,4,350
064903808,30,276,17,143,14,0,0,2,482
064903809,12,172,8,81,6,3,0,4,286
064903810,7,150,10,102,3,0,0,2,274
064903811,18,206,10,102,15,0,1,2,354
064903812,22,137,4,88,8,0,0,4,263
064903813,4,140,9,57,5,1,0,3,219
064903814,5,128,9,61,11,1,0,6,221
064903815,17,98,4,100,7,0,0,2,228
064903816,26,307,21,143,15,0,0,4,516
064903817,9,289,18,172,24,0,0,8,520
064903901,30,93,8,239,9,3,0,6,388
064903902,7,65,4,109,1,0,0,2,188
064903903,56,242,4,555,20,3,2,16,898
064903904,25,169,2,186,0,2,0,24,408
064903905,23,161,3,247,23,7,0,9,473
064903906,6,286,4,153,6,7,0,10,472
064903907,20,126,1,55,10,0,0,0,212
064903908,11,127,3,125,5,7,0,9,287
064903909,20,105,5,182,5,7,1,3,328
064903910,3,133,6,96,1,1,0,0,240
064903911,17,200,6,233,6,1,0,2,465
064903912,15,153,11,104,2,0,0,2,287
064903913,9,100,2,81,4,1,0,6,203
064903914,13,138,2,221,10,6,0,7,397
064903915,37,281,6,288,14,6,0,8,640
064903916,54,130,2,197,10,8,0,4,405
064904001,16,37,2,172,7,1,0,5,240
064904002,10,84,4,139,11,1,0,1,250
064904003,32,84,1,177,5,1,1,7,308
064904004,24,116,9,300,6,0,0,14,469
064904005,21,114,6,139,6,1,0,4,291
064904006,18,224,20,339,11,2,0,4,618
064904007,18,122,6,219,2,0,1,9,377
064904008,11,145,3,254,5,3,0,2,423
064904009,54,247,1,253,3,15,2,8,583
064904010,22,110,4,256,4,3,0,3,402
064904011,28,98,15,173,4,1,0,3,322
064904012,17,149,3,295,10,28,1,13,516
064904013,80,251,1,109,2,4,0,2,449
064904101,4,1,2,17,3,0,0,0,27
064904102,0,1,14,17,0,0,0,0,32
064904201,59,66,112,34,7,0,0,4,282
064904202,90,90,117,49,5,0,0,0,351
064904203,47,96,65,62,7,0,0,3,280
064904204,58,107,70,85,4,0,0,1,325
064904205,50,61,56,82,3,0,0,2,254
064904206,46,98,114,69,3,0,0,1,331
064904207,72,111,110,51,8,0,0,2,354
064904208,56,89,71,60,7,0,0,2,285
064904301,1,7,0,6,0,0,0,1,15
064904302,67,114,38,24,0,1,0,1,245
064904303,57,65,95,57,5,0,0,1,280
064904304,67,90,62,117,6,0,0,0,342
064904305,0,0,0,2,0,0,0,0,2
064904306,61,253,1,0,0,0,0,0,315
064904307,20,87,0,133,10,0,0,0,250
064904308,3,22,4,159,5,0,0,0,193
064904309,55,158,89,131,10,0,0,2,445
064904310,43,126,117,65,6,0,0,0,357
064904311,54,37,105,16,2,0,0,0,214
064904312,18,116,85,67,5,1,0,2,294
064904313,32,114,41,81,4,1,2,0,275
064904314,38,91,38,42,4,0,1,12,226
064904401,75,67,64,77,7,1,0,9,300
064904402,67,95,71,145,2,2,0,4,386
064904403,24,79,81,84,13,0,0,0,281
064904404,79,203,33,56,4,2,0,1,378
064904405,51,163,46,140,6,0,1,4,411
064904406,63,164,78,91,12,0,0,0,408
064904407,39,102,150,59,6,2,0,3,361
064904408,34,120,121,72,7,0,0,0,354
064904409,37,170,49,170,9,0,0,4,439
064904410,32,92,24,89,18,0,0,1,256
064904411,30,94,36,61,2,0,0,1,224
064904412,23,91,35,106,2,0,0,3,260
064904413,27,105,23,118,8,0,0,5,286
064904501,61,84,53,57,9,0,0,0,264
064904502,75,133,63,96,5,1,0,0,373
064904503,97,98,19,99,9,2,0,1,325
064904504,54,166,51,136,4,1,0,0,412
064904505,72,118,95,90,5,0,0,2,382
064904506,70,111,75,101,0,0,0,7,364
064904507,25,78,43,45,5,0,0,0,196
064904508,31,79,64,53,3,0,0,1,231
064904601,22,93,132,47,3,0,0,0,297
064904602,66,85,64,46,0,0,0,1,262
064904603,64,73,92,43,1,0,0,0,273
064904604,46,99,74,54,8,0,0,0,281
064904605,30,30,44,19,3,0,0,0,126
064904606,30,41,78,34,1,2,0,0,186
064904607,44,67,119,71,1,0,0,2,304
064904608,68,71,52,59,1,0,0,0,251
064904609,37,75,76,91,9,0,0,0,288
064904610,1,13,2,8,1,0,0,0,25
064904611,69,119,56,108,3,1,0,0,356
064904612,43,85,46,84,6,0,0,1,265
064904701,4,40,18,9,0,0,0,0,71
064904702,78,79,116,35,1,0,0,0,309
064904703,23,80,59,42,3,1,0,1,209
064904704,40,68,94,27,0,0,0,1,230
064904705,52,64,136,34,2,0,0,1,289
064904706,33,72,102,34,4,0,0,1,246
064904707,52,80,126,83,5,0,0,0,346
064904708,66,69,67,89,1,0,0,0,292
064904709,43,73,54,65,3,0,0,0,238
064904710,40,51,99,53,4,0,0,0,247
064904711,50,80,123,50,1,0,0,2,306
064904712,35,78,126,36,3,0,0,0,278
064904713,23,62,149,25,0,0,0,0,259
064904801,19,60,179,27,1,0,0,1,287
064904802,19,37,179,34,2,0,0,0,271
064904803,37,16,168,24,2,0,1,0,248
064904804,97,73,92,80,1,0,0,2,345
064904805,41,37,61,35,3,0,0,0,177
064904806,27,35,61,20,0,0,0,0,143
064904807,61,52,118,52,3,0,0,0,286
064904808,67,42,110,75,2,6,0,13,315
064904809,38,63,71,39,1,0,0,0,212
064904810,51,58,46,95,5,1,0,2,258
064904811,81,32,36,89,6,0,0,0,244
064904901,57,50,131,24,1,0,0,0,263
064904902,58,73,154,44,7,0,0,0,336
064904903,16,173,59,13,1,0,0,2,264
064904904,290,152,33,6,0,0,0,0,481
064904905,32,65,115,34,2,0,0,0,248
064904906,64,85,187,23,1,0,0,0,360
064904907,52,71,115,32,4,0,0,1,275
064904908,29,62,76,24,0,0,0,0,191
064904909,83,40,53,28,3,0,0,0,207
064904910,44,87,133,65,2,0,0,2,333
064904911,81,106,94,38,3,0,0,6,328
064905001,57,100,153,45,4,0,0,0,359
064905002,70,92,177,65,4,0,0,0,408
064905003,41,146,78,32,2,0,0,0,299
064905004,14,16,11,49,8,3,0,0,101
064905005,35,68,75,41,1,0,0,1,221
064905006,74,63,184,55,3,0,0,0,379
064905007,31,62,222,22,4,0,0,0,341
064905008,53,101,125,44,2,0,0,0,325
064905009,38,51,69,53,2,0,0,2,215
064905010,47,126,140,83,9,0,0,3,408
064905011,40,46,111,29,12,0,0,0,238
064905101,43,83,65,43,14,1,1,1,251
064905102,50,83,69,60,17,0,0,1,280
064905103,37,67,44,47,5,0,0,3,203
064905104,36,76,30,34,14,1,0,1,192
064905105,70,130,81,118,17,0,0,0,416
064905106,99,124,50,68,16,0,0,1,358
064905107,81,103,77,94,5,2,0,0,362
064905108,58,136,104,57,8,0,0,0,363
064905109,63,63,113,35,4,0,0,1,279
064905110,33,64,68,20,3,0,0,1,189
064905111,37,36,81,24,3,0,0,0,181
065150101,21,24,17,100,13,2,1,15,193
065150102,0,0,1,0,0,0,0,0,1
065150103,29,169,38,211,12,2,3,4,468
065150104,59,118,24,228,24,0,2,7,462
065150105,38,167,47,197,13,3,7,5,477
065150106,32,128,30,134,22,1,0,2,349
065150107,34,83,19,98,21,0,2,1,258
065150108,84,141,39,207,19,1,1,6,498
065150109,22,88,13,137,14,2,0,0,276
065150110,69,67,14,229,19,10,1,14,423
065150111,60,77,16,241,22,1,3,6,426
065150112,51,116,30,268,46,1,4,14,530
065150113,58,153,46,287,16,2,0,17,579
065150201,5,22,10,50,3,0,0,0,90
065150202,46,101,42,116,3,1,5,4,318
065150203,6,44,34,77,12,0,0,3,176
065150204,3,13,1,13,2,0,0,1,33
065150205,9,69,60,48,4,4,0,0,194
065150206,16,20,115,48,1,0,0,0,200
065150207,50,115,55,170,16,0,0,0,406
065150208,86,72,109,96,3,1,1,3,371
065150209,36,121,31,124,25,3,0,15,355
065150210,42,202,21,220,22,1,1,9,518
065150211,22,74,65,182,6,0,0,2,351
065150212,29,59,32,143,13,0,1,6,283
065150213,8,30,10,139,18,2,2,0,209
065150214,47,79,41,227,20,4,6,5,429
065150215,36,74,61,154,22,2,1,13,363
065150216,32,48,31,144,11,3,8,4,281
065150301,33,134,20,156,12,1,2,10,368
065150302,19,127,18,176,21,2,1,4,368
065150303,42,63,27,200,28,5,2,1,368
065150304,50,139,37,129,13,0,0,1,369
065150305,18,71,20,95,9,0,0,4,217
065150306,22,94,26,135,11,0,3,0,291
065150307,31,93,38,110,24,0,0,1,297
065150308,18,103,60,85,11,0,0,0,277
065150309,18,99,28,98,10,0,0,0,253
065150310,24,143,20,90,13,0,1,3,294
065150311,54,117,20,72,11,0,0,6,280
065150312,26,112,84,70,13,0,0,1,306
065150313,27,64,86,42,9,0,0,1,229
065150314,21,109,80,72,7,0,0,0,289
065150401,24,137,50,105,11,0,6,9,342
065150402,15,153,22,118,10,0,0,1,319
065150403,24,116,40,133,12,0,0,4,329
065150404,15,43,100,35,1,1,1,0,196
065150405,18,80,89,84,2,0,0,2,275
065150406,29,108,33,206,19,0,1,20,416
065150407,33,119,26,128,11,0,0,1,318
065150408,20,162,18,133,13,1,0,8,355
065150409,22,130,27,121,15,0,0,3,318
065150410,25,108,19,104,28,1,1,3,289
065150411,17,24,10,123,9,0,1,3,187
065150501,28,91,17,98,7,0,0,0,241
065150502,7,102,28,101,8,0,0,1,247
065150503,86,136,59,156,30,0,3,1,471
065150504,42,180,39,166,24,0,2,5,458
065150505,17,92,155,31,7,0,0,0,302
065150506,29,65,235,28,0,0,0,0,357
065150507,31,109,123,64,9,0,0,1,337
065150508,24,61,61,55,12,1,0,0,214
065150509,29,96,86,113,10,1,1,3,339
065150510,6,27,14,43,5,0,0,1,96
065150511,51,40,240,75,5,0,0,0,411
065150512,91,146,66,161,12,0,0,3,479
065150601,20,66,12,133,13,7,0,0,251
065150602,12,116,116,78,16,0,0,3,341
065150603,45,68,34,84,5,0,2,1,239
065150604,27,118,31,107,4,0,0,0,287
065150605,21,83,29,46,9,1,0,5,194
065150606,47,149,96,85,9,0,0,9,395
065150607,59,141,76,102,8,0,0,0,386
065150608,51,90,40,83,10,0,0,1,275
065150609,92,160,45,126,10,1,0,2,436
065150610,17,113,22,82,16,0,0,0,250
065150611,38,98,14,46,7,1,0,2,206
065150612,39,76,48,49,9,2,0,4,227
065150613,40,63,35,50,4,1,0,1,194
065150614,38,144,51,67,7,1,0,2,310
065150615,51,85,46,45,4,0,0,2,233
065150616,35,98,64,68,8,0,1,5,279
065150701,32,148,55,258,29,0,2,1,525
065150702,47,97,41,116,13,0,0,9,323
065150703,30,112,27,74,28,1,0,12,284
065150704,38,202,42,225,21,1,4,4,537
065150705,59,111,20,83,13,1,0,0,287
065150706,34,120,38,134,14,0,0,0,340
065150707,50,128,46,117,22,1,0,12,376
065150708,25,164,64,118,21,0,1,1,394
065150709,53,185,41,158,24,1,0,2,464
065150710,44,88,33,78,7,0,3,2,255
065150711,38,77,6,36,11,1,0,0,169
065150712,35,188,52,136,19,20,5,11,466
065150713,36,98,45,71,10,2,1,0,263
065150714,16,113,35,75,4,0,2,0,245
065150801,43,44,144,95,13,0,0,4,343
065150802,41,89,89,75,16,2,0,0,312
065150803,23,134,20,114,11,0,1,1,304
065150804,29,119,35,73,7,0,0,0,263
065150805,38,114,23,72,4,0,0,0,251
065150806,34,74,28,90,16,1,0,0,243
065150807,73,174,32,66,17,0,0,0,362
065150808,98,157,53,57,13,0,0,1,379
065150809,58,215,34,75,11,0,0,0,393
065150810,44,107,28,150,12,1,4,2,348
065150811,41,123,35,123,26,2,1,0,351
065150812,28,133,111,39,6,0,1,0,318
065150901,48,76,47,65,8,0,0,11,255
065150902,69,185,64,76,13,0,0,2,409
065150903,45,128,29,61,4,0,0,0,267
065150904,19,108,23,85,6,0,0,1,242
065150905,80,151,53,132,7,1,0,0,424
065150906,59,132,46,80,12,0,1,2,332
065150907,39,75,38,49,7,1,0,0,209
065150908,36,109,27,65,12,0,1,6,256
065150909,35,208,62,99,14,0,0,1,419
065150910,95,156,82,88,23,0,0,7,451
065150911,40,134,42,61,13,2,0,1,293
065150912,61,168,37,71,3,1,1,3,345
065150913,74,117,30,197,12,0,1,3,434
065150914,35,112,39,160,7,0,0,3,356
065151001,60,128,17,73,11,0,0,4,293
065151002,70,207,36,146,14,1,0,7,481
065151003,66,153,90,87,14,0,0,6,416
065151004,30,50,159,30,4,0,0,0,273
065151005,40,105,122,31,4,0,0,0,302
065151006,55,90,138,69,2,0,1,4,359
065151007,3,21,45,6,2,0,0,3,80
065151008,49,138,81,131,10,0,0,4,413
065151009,48,123,34,98,17,1,0,1,322
065151010,10,75,53,86,5,2,0,3,234
065151011,28,80,26,87,10,1,0,0,232
065151012,7,77,12,50,13,0,0,3,162
065151013,53,108,43,88,17,1,0,2,312
065151014,34,154,34,101,11,1,1,1,337
065151015,42,87,98,56,5,0,0,2,290
065151101,76,121,90,60,6,0,0,1,354
065151102,76,179,88,78,5,1,0,0,427
065151103,64,204,48,70,6,0,1,0,393
065151104,47,97,17,53,14,1,0,1,230
065151105,51,75,21,69,13,0,0,0,229
065151106,24,99,39,66,11,1,0,1,241
065151107,39,60,55,80,13,0,0,1,248
065151108,44,82,31,90,8,0,0,6,261
065151109,47,177,26,109,17,0,0,1,377
065151110,51,194,41,89,18,2,0,4,399
065151111,58,83,13,71,17,0,0,1,243
065151112,39,97,20,83,6,1,2,1,249
065151113,25,106,37,108,16,0,2,7,301
065151201,20,86,68,48,11,1,2,1,237
065151202,4,17,188,38,3,0,0,2,252
065151203,27,105,11,132,7,0,0,4,286
065151204,40,79,19,83,9,2,0,1,233
065151205,28,114,30,104,17,0,1,2,296
065151206,19,109,30,104,13,0,0,12,287
065151207,34,227,38,162,17,0,0,7,485
065151208,16,92,20,112,8,1,0,2,251
065151209,77,155,37,130,18,0,0,3,420
065151210,50,98,25,87,28,1,0,2,291
065151211,56,143,50,83,17,0,0,4,353
065151212,77,120,51,80,15,0,0,1,344
065151213,36,119,21,89,13,1,0,1,280
065151214,38,126,24,86,17,0,0,0,291
065151215,43,118,15,84,14,2,0,2,278
065151216,37,139,15,101,7,0,0,1,300
065151217,29,110,28,56,6,0,0,2,231
065151301,47,104,32,115,13,1,1,4,317
065151302,33,139,21,125,10,0,1,4,333
065151303,50,87,16,88,12,1,0,1,255
065151304,29,99,38,123,12,0,0,4,305
065151305,74,166,71,122,23,0,0,31,487
065151306,59,182,90,96,28,1,0,6,462
065151307,65,88,49,49,6,1,0,0,258
065151308,43,108,64,77,10,0,0,3,305
065151309,70,139,95,112,28,0,0,0,444
065151310,30,157,116,77,18,0,0,0,398
065151311,98,155,72,94,23,1,1,3,447
065151312,30,122,38,160,9,2,1,1,363
065151313,70,117,34,79,17,0,0,4,321
065151314,37,112,18,83,10,0,0,3,263
065151401,53,29,14,162,17,3,1,5,284
065151402,27,133,9,118,23,1,1,3,315
065151403,45,93,9,174,15,2,0,7,345
065151404,56,211,33,185,24,1,0,5,515
065151405,8,69,2,68,12,0,0,5,164
065151406,28,136,14,113,12,1,0,0,304
065151407,23,83,9,91,12,1,0,16,235
065151408,62,184,76,125,17,4,3,17,488
065151409,16,117,17,77,9,1,2,2,241
065151410,34,191,22,115,15,1,0,6,384
065151411,28,136,40,82,13,1,2,8,310
065151501,47,150,99,108,18,0,0,2,424
065151502,21,105,42,107,15,0,1,2,293
065151503,46,82,30,165,22,3,7,7,362
065151504,42,79,59,158,16,1,1,0,356
065151505,49,76,47,175,23,3,5,12,390
065151506,48,87,34,160,19,2,0,0,350
065151507,35,158,30,160,14,1,3,8,409
065151508,33,134,23,177,27,3,0,3,400
065151509,40,100,89,87,15,0,0,2,333
065151510,35,164,24,135,13,1,1,7,380
065151511,67,106,25,172,13,0,0,1,384
065151512,33,131,29,113,19,0,0,3,328
065151513,30,147,70,127,19,1,0,1,395
065151601,28,88,78,81,16,0,1,2,294
065151602,40,89,57,87,20,0,0,1,294
065151603,11,63,79,71,8,3,0,0,235
065151604,29,60,47,60,13,0,0,1,210
065151605,36,79,58,51,11,2,0,2,239
065151606,21,34,82,122,20,1,1,12,293
065151607,52,96,110,117,15,0,2,1,393
065151608,35,51,164,97,12,0,0,0,359
065151609,25,66,75,88,12,1,0,1,268
065151701,32,89,65,155,20,0,0,2,363
065151702,31,79,89,129,29,2,0,6,365
065151703,13,18,78,64,20,0,0,1,194
065151704,12,24,93,40,3,1,0,0,173
065151705,13,31,117,35,8,0,0,0,204
065151706,63,71,55,175,19,5,0,0,388
065151707,29,42,103,123,10,3,1,9,320
065151708,7,21,47,59,1,2,0,2,139
065151709,6,24,36,36,10,2,0,3,117
065151710,41,72,45,155,16,1,1,3,334
065151801,50,156,28,211,31,3,1,8,488
065151802,41,43,26,192,13,3,6,9,333
065151803,56,57,24,216,33,0,0,2,388
065151804,60,62,21,196,28,6,1,4,378
065151805,31,41,7,201,7,0,0,12,299
065151806,53,47,9,219,14,1,2,6,351
065151807,47,125,16,131,19,2,0,9,349
065151808,42,128,7,116,14,2,0,0,309
065151809,28,115,6,71,13,0,0,2,235
065151810,42,119,12,127,19,0,0,0,319
065151811,23,121,18,133,8,1,0,4,308
065151812,41,86,15,215,28,10,1,6,402
065151813,21,9,234,64,13,4,3,2,350
065151901,44,80,186,122,15,0,3,1,451
065151902,56,100,10,106,16,0,0,7,295
065151903,57,126,16,177,26,4,0,7,413
065151904,69,86,34,188,28,1,0,10,416
065151905,42,79,17,148,8,4,1,1,300
065151906,30,92,11,90,7,0,1,9,240
065151907,90,202,30,143,24,1,2,19,511
065151908,47,151,22,156,14,0,3,3,396
065151909,53,82,47,122,21,0,1,14,340
065151910,59,159,24,188,15,1,0,2,448
065151911,77,175,25,182,36,1,0,6,502
065151912,43,107,17,71,15,0,0,4,257
065151913,4,62,23,48,5,1,1,7,151
065151914,54,97,17,74,17,0,0,1,260
065152001,63,182,63,153,34,1,0,10,506
065152002,36,130,29,67,8,0,1,2,273
065152003,45,115,11,136,14,1,0,1,323
065152004,38,100,8,95,14,1,1,0,257
065152005,49,131,18,91,11,0,0,4,304
065152006,16,117,13,66,14,0,1,6,233
065152007,52,90,15,74,17,0,0,1,249
065152008,46,80,19,158,10,0,0,2,315
065152009,43,129,7,133,14,1,1,2,330
065152010,48,151,49,185,24,1,2,6,466
065152011,39,103,13,65,10,0,1,1,232
065152012,44,105,7,68,17,0,1,0,242
065152013,73,159,32,131,23,0,0,1,419
065152014,47,230,17,172,14,0,0,5,485
065152015,71,183,27,109,23,1,2,11,427
065152101,2,5,68,20,1,0,2,3,101
065152102,16,18,78,29,2,0,1,2,146
065152103,16,24,115,33,9,0,0,0,197
065152104,50,42,34,90,9,0,0,2,227
065152105,24,97,41,76,12,0,0,5,255
065152106,5,7,270,10,2,0,0,0,294
065152107,7,28,154,17,7,2,0,1,216
065152108,24,99,36,106,7,0,0,2,274
065152109,38,97,107,92,19,1,0,9,363
065152110,34,99,120,65,8,1,0,1,328
065152111,45,130,52,56,16,0,0,0,299
065152112,33,70,42,91,13,0,0,3,252
065152113,31,82,105,58,11,0,1,10,298
065152114,14,57,67,74,8,0,0,4,224
065152115,18,62,30,77,15,0,1,0,203
065390101,41,152,16,129,39,1,2,6,386
065390102,63,139,33,89,31,2,0,4,361
065390103,30,120,12,100,22,0,2,1,287
065390104,77,93,20,79,15,1,0,2,287
065390105,60,168,39,91,42,1,0,0,401
065390106,42,176,27,129,49,1,1,3,428
065390107,9,91,4,154,30,2,0,18,308
065390108,32,137,13,134,15,0,0,4,335
065390109,30,89,17,79,44,0,0,2,261
065390110,22,103,17,67,33,0,2,4,248
065390111,52,180,17,91,19,0,0,10,369
065390112,77,115,10,64,16,0,0,5,287
065390113,51,107,25,50,31,0,0,3,267
065390114,142,139,50,32,17,0,0,1,381
065390201,22,123,22,54,16,1,0,0,238
065390202,49,91,15,40,33,1,0,4,233
065390203,27,122,18,83,18,2,1,6,277
065390204,106,165,65,74,25,1,0,1,437
065390205,42,104,53,49,20,0,0,0,268
065390206,151,163,42,61,14,0,0,3,434
065390207,147,130,51,43,18,0,0,2,391
065390208,127,181,64,46,11,0,0,4,433
065390209,55,77,40,33,6,0,0,0,211
065390210,77,80,34,40,7,1,0,1,240
065390211,60,117,30,48,15,0,0,2,272
065390212,74,88,63,24,6,0,0,1,256
065390213,56,111,44,36,17,0,0,0,264
065390214,69,74,53,27,4,0,0,0,227
065390301,152,138,8,14,1,0,0,0,313
065390302,198,87,5,6,4,0,0,11,311
065390303,118,164,0,0,0,0,0,1,283
065390304,62,70,15,147,36,1,2,2,335
065390305,59,212,66,28,1,0,0,0,366
065390306,43,111,99,23,4,0,0,0,280
065390307,125,70,114,26,4,0,1,2,342
065390308,44,46,78,16,7,0,0,0,191
065390309,93,62,84,24,15,0,0,0,278
065390310,96,161,91,63,26,0,0,2,439
065390311,106,102,137,50,14,0,0,2,411
065390401,177,119,112,32,12,0,0,0,452
065390402,134,110,207,24,2,0,0,1,478
065390403,106,109,152,31,6,0,0,0,404
065390404,103,197,80,59,8,1,0,1,449
065390405,91,68,76,54,19,0,0,0,308
065390406,156,114,167,36,9,0,0,1,483
065390407,72,43,49,10,1,0,0,10,185
065390408,133,60,181,11,0,0,0,0,385
065390409,182,113,90,43,8,0,0,1,437
065390410,56,58,137,15,0,0,0,1,267
065390411,98,65,173,10,2,0,0,0,348
065390412,95,63,84,25,6,0,0,0,273
065390413,59,62,119,6,3,0,0,0,249
065390414,33,34,99,5,2,0,0,3,176
065390501,87,89,81,15,7,0,0,0,279
065390502,135,139,77,53,8,1,0,0,413
065390503,162,134,94,34,12,0,0,7,443
065390504,102,145,36,46,14,0,0,0,343
065390505,119,76,39,26,8,0,0,0,268
065390506,75,88,68,29,7,2,0,1,270
065390507,133,104,120,38,8,0,0,1,404
065390508,109,69,148,22,0,0,0,2,350
065390509,109,138,117,48,6,0,0,0,418
065390601,146,141,79,60,15,0,0,1,442
065390602,42,82,49,55,22,0,0,0,250
065390603,56,120,51,41,0,0,0,0,268
065390604,55,105,45,63,12,0,0,1,281
065390605,67,80,51,54,4,0,0,0,256
065390606,89,143,34,130,28,1,3,0,428
065390607,77,201,31,126,46,1,0,2,484
065390608,80,125,29,94,20,0,0,4,352
065390609,55,127,18,61,16,2,0,5,284
065390701,170,106,65,55,10,0,0,4,410
065390702,112,136,58,24,11,0,1,2,344
065390703,158,139,70,50,18,1,0,2,438
065390704,104,237,34,121,43,2,0,2,543
065390705,44,172,25,82,30,2,1,1,357
065390706,65,159,19,89,19,1,0,1,353
065390707,36,83,24,48,16,0,0,0,207
065390708,70,149,32,58,13,1,0,0,323
065390709,182,138,65,55,8,0,0,3,451
065390801,44,93,21,57,9,0,0,0,224
065390802,88,113,22,46,21,0,0,4,294
065390803,81,164,12,89,26,2,0,3,377
065390804,63,110,10,52,19,2,4,2,262
065390805,43,147,15,172,33,0,0,7,417
065390806,50,108,6,91,18,0,0,1,274
065390807,17,143,10,90,13,0,0,0,273
065390808,56,223,14,193,41,2,0,15,544
065390809,57,179,14,106,21,2,0,5,384
065390810,41,175,19,52,21,0,0,2,310
065390811,51,99,23,74,16,0,0,3,266
065390812,110,380,46,239,37,2,0,5,819
065390813,34,179,14,75,23,2,0,4,331
065390814,50,132,15,65,42,0,0,7,311
065390815,46,116,15,104,23,0,0,6,310
065390901,1,2,0,15,4,0,0,1,23
065390902,18,58,8,42,23,0,0,5,154
065390903,35,151,8,111,8,1,0,2,316
065390904,38,135,8,172,22,0,0,7,382
065390905,27,165,15,152,23,1,0,6,389
065390906,43,214,15,146,35,0,0,9,462
065390907,58,250,38,172,31,4,0,18,571
065390908,57,193,17,141,30,1,1,7,447
065390909,9,40,4,29,10,0,0,0,92
065390910,32,189,13,109,42,0,0,3,388
065390911,54,35,14,72,10,4,1,1,191
065390912,43,199,15,80,30,0,0,4,371
065391001,41,127,8,156,34,0,0,4,370
065391002,43,140,28,115,36,2,6,11,381
065391003,33,119,16,141,32,2,2,9,354
065391004,28,161,17,76,26,0,1,5,314
065391005,36,100,15,64,7,2,0,7,231
065391006,71,97,5,75,12,0,0,7,267
065391007,41,169,19,395,68,3,13,9,717
065391008,39,171,15,261,32,4,1,16,539
065391009,33,138,12,215,37,0,0,4,439
065391010,44,251,24,144,25,2,0,4,494
065391011,24,272,19,95,29,2,0,4,445
065391012,32,284,37,128,23,2,0,2,508
065391013,42,239,28,85,25,0,0,6,425
065391014,33,240,22,61,10,1,0,3,370
065391015,19,163,39,55,6,0,0,1,283
065391016,43,204,26,146,26,3,0,10,458
065391017,8,66,8,26,2,0,0,2,112
065391101,30,157,29,83,10,4,0,2,315
065391102,90,142,21,133,25,5,0,3,419
065391103,39,101,18,106,35,1,0,1,301
065391104,39,138,21,107,18,2,0,6,331
065391105,45,99,13,90,24,8,2,1,282
065391106,49,89,9,68,22,1,0,4,242
065391107,91,196,24,149,42,1,1,8,512
065391108,64,218,26,158,54,1,1,6,528
065391109,48,132,22,127,25,0,0,5,359
065391110,33,148,22,141,26,0,1,3,374
065391111,69,111,10,162,21,3,0,2,378
065391112,57,101,19,47,25,0,0,1,250
065391113,36,129,24,121,18,0,2,6,336
065391114,77,84,15,215,34,2,2,11,440
065391115,41,95,48,166,40,4,2,8,404
065391116,40,129,51,146,39,2,1,1,409
065391201,46,103,13,142,37,1,0,4,346
065391202,57,105,13,96,28,0,0,1,300
065391203,55,124,26,121,26,1,0,3,356
065391204,87,129,20,221,32,0,1,7,497
065391205,40,86,11,142,26,1,1,7,314
065391206,60,111,30,111,19,1,0,2,334
065391207,24,139,41,90,24,0,0,0,318
065391208,63,110,27,131,37,5,1,4,378
065391209,39,48,10,198,30,5,1,9,340
065391210,49,97,22,140,26,2,1,0,337
065391211,39,124,18,90,22,1,2,4,300
065391212,75,210,13,88,14,0,0,2,402
065391213,18,176,11,99,12,2,0,2,320
065391214,51,188,13,67,23,0,0,3,345
065391215,18,142,12,98,15,1,0,5,291
065391301,78,226,31,105,23,1,0,8,472
065391302,29,113,14,94,24,2,0,0,276
065391303,49,119,18,75,17,0,0,3,281
065391304,66,89,13,176,23,5,0,6,378
065391305,33,163,15,67,18,0,0,2,298
065391306,38,129,19,108,21,0,0,2,317
065391307,43,122,10,122,21,0,0,1,319
065391308,87,123,59,80,10,0,1,0,360
065391309,29,75,7,87,12,2,0,0,212
065391401,89,106,98,42,5,0,1,10,351
065391402,72,47,42,31,9,0,0,2,203
065391403,81,89,81,47,6,1,0,0,305
065391404,64,65,42,49,6,0,0,1,227
065391405,63,97,24,39,10,0,0,1,234
065391406,104,202,34,63,20,1,1,6,431
065391407,103,185,45,129,34,0,0,3,499
065391408,52,162,19,71,36,1,0,6,347
065391409,119,159,55,93,31,0,1,12,470
065391410,85,81,19,68,13,0,0,0,266
065391411,40,106,25,80,10,0,0,8,269
065391412,31,114,17,87,20,0,0,2,271
065391413,15,135,11,89,16,2,0,4,272
065391414,60,114,15,61,16,0,3,2,271
065391415,53,114,18,63,16,1,1,5,271
065391416,54,119,19,57,15,0,0,1,265
065391501,61,84,56,26,5,0,0,1,233
065391502,62,99,91,19,3,0,0,0,274
065391503,31,92,52,17,3,0,0,0,195
065391504,65,139,35,129,16,0,0,1,385
065391505,35,51,44,16,0,0,0,6,152
065391506,64,97,66,16,2,0,0,0,245
065391507,93,80,84,51,5,0,0,1,314
065391508,71,66,77,26,5,0,0,1,246
065391509,115,63,47,28,3,0,1,0,257
065391510,58,67,54,29,4,0,0,0,212
065391511,63,112,50,54,8,0,0,2,289
065391601,43,84,58,41,11,0,0,0,237
065391602,96,148,97,73,14,0,0,1,429
065391603,42,89,38,30,4,0,0,1,204
065391604,35,61,45,44,2,0,0,4,191
065391605,53,76,58,15,9,0,0,2,213
065391606,55,140,56,33,7,0,0,6,297
065391607,88,123,147,38,13,0,0,0,409
065391608,35,75,58,37,12,0,0,3,220
065391609,87,58,23,30,16,0,1,0,215
065391610,78,83,132,21,2,0,0,3,319
065391611,113,120,84,29,2,1,0,2,351
065391701,50,81,20,124,37,0,1,1,314
065391702,44,79,36,132,32,4,0,5,332
065391703,40,151,16,72,25,1,0,5,310
065391704,59,103,22,80,20,0,3,20,307
065391705,55,157,8,101,28,3,0,3,355
065391706,55,100,17,75,31,1,1,2,282
065391707,33,96,8,67,22,0,0,8,234
065391708,69,91,20,51,13,0,0,3,247
065391709,58,51,31,33,8,0,0,0,181
065391710,75,118,33,40,21,1,0,2,290
065391711,93,84,31,32,3,0,0,0,243
065391712,45,100,31,63,13,0,0,3,255
065391713,47,91,52,58,18,0,0,2,268
065391714,39,127,40,27,4,0,0,1,238
065391715,48,122,28,17,7,0,0,2,224
065391716,54,76,18,36,5,1,1,0,191
065391717,59,95,49,27,4,3,0,0,237
065391801,57,117,39,125,19,1,0,2,360
065391802,61,86,73,101,22,0,0,4,347
065391803,85,143,36,110,39,0,2,1,416
065391804,55,101,70,60,22,0,0,0,308
065391805,60,144,23,115,47,0,2,2,393
065391806,52,111,35,162,38,0,3,1,402
065391807,59,116,23,153,51,3,0,9,414
065391808,58,198,12,90,42,0,1,1,402
065391809,67,193,35,77,21,0,0,2,395
065391901,23,150,24,97,33,0,0,2,329
065391902,78,124,12,106,28,0,0,2,350
065391903,61,144,4,70,24,0,3,2,308
065391904,76,133,10,51,20,0,1,1,292
065391905,65,136,31,77,32,1,0,1,343
065391906,37,97,11,84,26,0,0,4,259
065391907,69,117,18,79,24,0,0,8,315
065391908,88,107,16,51,19,0,0,1,282
065391909,52,112,15,79,26,2,0,4,290
065392001,37,90,28,63,24,0,0,2,244
065392002,2,5,3,2,0,0,0,0,12
065392003,68,125,24,41,13,0,0,11,282
065392004,48,115,16,73,31,0,0,4,287
065392005,74,114,14,67,20,0,0,2,291
065392006,52,143,10,114,41,0,3,3,366
065392007,45,79,24,52,14,0,2,0,216
065392008,85,140,40,142,48,0,0,9,464
065392009,64,118,47,156,48,0,0,8,441
065392010,43,142,15,182,48,1,0,15,446
065392011,34,150,16,134,38,4,2,1,379
065392012,62,161,17,143,49,0,0,7,439
065392013,28,86,12,98,31,0,2,3,260
065392014,53,61,10,100,27,0,0,3,254
065392101,64,160,23,26,3,1,0,0,277
065392102,53,106,28,35,11,1,0,1,235
065392103,167,153,54,35,9,3,1,4,426
065392104,143,162,61,75,16,0,0,2,459
065392105,69,105,20,46,6,0,1,1,248
065392106,32,124,33,61,17,0,0,0,267
065392107,87,113,38,33,5,1,0,4,281
065392108,54,106,28,34,18,0,0,1,241
065392201,85,230,31,89,38,2,0,3,478
065392202,147,202,29,131,16,0,0,0,525
065392203,141,156,44,77,27,0,0,3,448
065392204,105,154,42,53,18,0,0,1,373
065392205,107,159,65,65,19,0,0,3,418
065392206,80,137,106,93,16,0,0,4,436
065392207,128,185,35,82,34,3,0,10,477
065392208,177,158,40,73,31,0,0,2,481
065392301,48,134,20,58,16,1,0,2,279
065392302,53,80,14,178,30,3,0,2,360
065392303,30,163,11,91,10,1,1,3,310
065392304,19,134,14,96,17,1,0,1,282
065392305,81,148,26,133,37,2,1,0,428
065392306,53,131,27,106,56,1,0,8,382
065392307,53,89,11,99,31,1,1,4,289
065392308,41,103,2,153,30,4,0,2,335
065392309,43,145,7,121,43,0,0,0,359
065392310,36,143,11,88,50,0,2,8,338
065392311,50,109,4,144,41,1,2,2,353
065392312,30,124,15,207,37,0,0,13,426
065392313,15,85,10,198,46,0,1,2,357
065392314,50,131,8,103,32,0,0,8,332
065392401,124,187,28,89,42,0,0,6,476
065392402,24,139,8,75,37,0,0,0,283
065392403,42,120,17,59,13,0,0,0,251
065392404,56,180,14,137,31,2,2,2,424
065392405,49,123,15,82,30,0,0,1,300
065392406,63,119,11,73,14,1,0,4,285
065392407,34,155,14,49,17,0,2,5,276
065392408,41,110,11,50,31,0,0,0,243
065392409,31,116,8,49,25,1,0,4,234
065392410,50,85,8,71,34,0,0,3,251
065392411,49,136,3,73,29,0,0,5,295
065392412,21,126,10,75,25,0,1,0,258
065392413,19,131,5,77,21,1,0,6,260
065392414,53,165,13,137,49,1,0,4,422
065392415,37,201,6,182,30,2,2,6,466
065392501,132,181,38,66,37,0,0,3,457
065392502,41,139,15,102,32,0,0,2,331
065392503,53,210,25,127,56,1,0,9,481
065392504,51,100,8,58,23,1,1,8,250
065392505,69,108,11,78,18,1,0,2,287
065392506,24,145,12,78,17,0,0,4,280
065392507,51,63,5,105,91,1,0,13,329
065392508,71,147,16,89,54,0,0,5,382
065392509,83,153,12,119,26,2,0,12,407
065392510,35,188,12,78,35,1,0,0,349
065392511,37,114,14,67,24,2,0,5,263
065392512,16,108,14,55,20,2,0,5,220
065392601,59,178,26,148,36,1,0,4,452
065392602,45,127,23,210,37,0,1,7,450
065392603,31,88,4,121,31,1,0,3,279
065392604,22,67,9,140,14,2,5,9,268
065392605,50,182,14,82,39,3,0,1,371
065392606,55,134,18,108,25,3,1,0,344
065392607,45,147,16,219,39,4,0,9,479
065392608,23,145,14,157,44,4,0,8,395
065392609,51,132,13,114,43,2,0,3,358
065392610,48,163,12,103,18,0,0,1,345
065392611,38,141,22,78,24,0,0,4,307
065392612,58,124,19,159,31,0,2,1,394
065392613,29,74,14,67,20,0,0,0,204
065392614,41,83,10,93,23,1,0,8,259
065392701,56,77,7,269,52,5,0,5,471
065392702,44,55,19,185,33,3,3,10,352
065392703,47,106,22,166,52,1,0,2,396
065392704,65,142,11,90,37,0,1,2,348
065392705,40,133,8,96,26,2,1,11,317
065392706,57,134,16,144,44,2,0,10,407
065392707,46,162,15,87,44,0,1,6,361
065392708,33,195,16,112,30,0,0,5,391
065392709,46,127,19,135,36,1,0,5,369
065392710,37,99,15,140,22,0,1,2,316
065392711,57,121,10,179,22,0,3,0,392
065392712,75,89,26,196,33,0,6,5,430
065392801,25,74,8,109,38,0,4,10,268
065392802,29,165,10,92,23,0,4,5,328
065392803,36,152,9,80,18,3,0,5,303
065392804,29,145,6,175,36,3,1,1,396
065392805,40,147,10,137,26,0,0,2,362
065392806,60,111,13,207,49,2,2,12,456
065392807,72,71,11,160,38,2,1,5,360
065392808,27,180,15,174,28,3,0,10,437
065392809,53,157,8,81,14,1,0,4,318
065392810,29,184,15,151,49,1,1,4,434
065392811,32,161,10,132,53,0,1,10,399
065392812,30,118,15,95,34,0,2,0,294
065392901,2,1,2,29,3,0,0,0,37
065392902,6,7,1,26,7,2,2,4,55
065392903,18,7,0,41,5,2,0,4,77
065392904,14,23,3,27,5,0,0,0,72
065392905,0,19,5,54,14,0,0,0,92
065392906,12,20,4,64,41,0,1,1,143
065392907,20,30,8,67,14,1,1,1,142
065392908,4,21,8,53,15,2,1,7,111
065392909,13,16,10,61,24,5,0,3,132
065392910,0,2,2,29,5,0,1,0,39
065392911,19,31,4,115,15,3,0,4,191
065392912,16,12,0,39,5,0,1,0,73
065392913,4,5,1,35,10,0,0,1,56
065392914,8,5,219,5,4,0,0,0,241
065392915,9,40,4,76,18,1,0,2,150
065392916,43,102,9,179,36,4,1,11,385
065392917,1,9,0,11,0,0,0,0,21
065392918,42,62,12,119,17,6,1,6,265
065392919,29,24,1,130,13,2,0,14,213
065392920,27,153,14,221,23,3,1,2,444
065392921,32,120,9,139,30,4,0,10,344
065392922,56,115,23,141,22,1,0,4,362
065392923,72,110,30,82,18,2,0,1,315
065392924,54,237,28,121,21,10,0,7,478
065392925,17,172,6,74,20,2,0,18,309
065393001,47,91,13,261,34,1,2,2,451
065393002,63,144,13,177,23,1,2,4,427
065393003,15,61,75,146,2,0,0,1,300
065393004,62,120,24,152,24,0,0,22,404
065393005,51,60,12,164,17,2,0,1,307
065393006,32,55,3,141,18,4,6,2,261
065393007,39,22,4,86,35,6,3,2,197
065393008,28,52,9,111,27,3,0,2,232
065393009,37,146,13,128,36,4,0,6,370
065393010,45,145,33,84,15,0,1,1,324
065393011,44,116,14,132,24,0,1,4,335
065393012,36,78,15,129,37,0,0,4,299
065393013,46,84,4,177,40,0,1,12,364
065393014,39,104,11,268,67,2,1,10,502
065393015,47,114,39,105,16,0,0,2,323
065393016,72,133,18,99,18,1,1,0,342
065393101,42,90,29,175,32,4,2,1,375
065393102,61,106,17,172,36,1,0,2,395
065393103,57,61,16,181,33,1,3,13,365
065393104,61,88,36,246,38,3,1,6,479
065393105,54,105,56,95,11,0,0,0,321
065393106,70,84,31,194,45,0,1,4,429
065393107,51,94,15,241,53,5,2,1,462
065393108,35,67,8,125,45,2,0,0,282
065393109,64,53,10,177,23,1,0,7,335
065393110,82,108,21,128,27,0,0,14,380
065393111,41,135,20,143,31,2,4,9,385
065393112,83,140,50,76,15,1,0,1,366
065393113,26,143,25,114,28,0,1,2,339
065393114,22,98,9,97,15,0,0,0,241
065393115,30,109,11,126,15,1,1,3,296
065393116,37,146,28,136,32,0,0,8,387
065393117,66,115,18,142,33,3,0,2,379
065393201,32,93,10,214,37,2,2,1,391
065393202,25,135,16,175,42,0,0,1,394
065393203,23,114,13,221,36,3,0,5,415
065393204,37,103,2,137,26,0,0,4,309
065393205,64,62,7,211,34,3,0,5,386
065393206,45,59,5,233,40,3,6,4,395
065393207,40,44,15,252,25,3,0,6,385
065393208,38,49,17,204,28,5,5,17,363
065393209,25,105,17,53,28,0,1,6,235
065393210,25,133,9,97,10,0,0,0,274
065393211,62,92,21,197,30,4,1,4,411
065393212,0,3,6,26,9,0,0,0,44
065393213,20,34,9,129,28,3,0,2,225
065393214,26,41,3,164,30,5,0,6,275
065393215,46,115,23,218,52,3,0,9,466
065393301,58,87,19,131,27,1,3,6,332
065393302,28,90,23,108,22,1,0,6,278
065393303,32,126,24,85,23,1,0,4,295
065393304,41,42,8,98,28,2,1,7,227
065393305,19,38,5,99,14,11,8,9,203
065393306,44,58,17,119,35,1,0,21,295
065393307,28,76,35,240,44,2,0,0,425
065393308,51,158,16,139,34,2,0,7,407
065393309,65,70,11,223,57,5,0,7,438
065393310,40,78,14,137,21,1,2,8,301
065393311,6,31,7,82,17,3,1,3,150
065393312,39,76,66,117,36,0,1,3,338
065393313,30,125,49,165,24,3,0,0,396
065393314,44,73,13,43,12,0,0,7,192
065393315,13,22,9,91,22,0,0,3,160
065393316,1,2,1,10,0,0,0,0,14
065393401,39,85,33,125,35,1,0,4,322
065393402,37,69,6,177,43,1,0,1,334
065393403,28,83,6,164,36,1,3,13,334
065393404,24,98,12,162,28,2,0,3,329
065393405,42,111,14,166,24,2,1,1,361
065393406,28,99,6,156,23,6,0,19,337
065393407,32,186,20,121,31,0,0,4,394
065393408,50,163,11,112,26,1,0,19,382
065393409,24,165,8,159,22,1,1,3,383
065393410,23,89,31,157,16,3,1,2,322
065393411,43,64,36,136,17,1,0,5,302
065393412,24,93,25,129,30,0,0,3,304
065393413,49,103,45,138,32,0,0,12,379
065393414,55,106,29,187,43,4,1,13,438
065393415,26,35,19,144,34,1,0,6,265
065393416,5,11,0,21,8,0,0,0,45
065393417,25,121,12,122,16,0,0,3,299
065393418,12,69,12,112,7,0,0,2,214
065600101,53,95,6,207,18,4,4,7,394
065600102,52,131,11,150,29,2,1,5,381
065600103,31,163,18,150,26,2,0,3,393
065600104,41,73,3,183,14,0,2,6,322
065600105,55,200,14,193,14,6,3,3,488
065600106,19,122,5,95,17,0,0,2,260
065600107,16,115,3,109,12,0,1,3,259
065600108,28,176,14,144,16,0,0,2,380
065600109,41,125,10,154,29,3,3,5,370
065600110,52,139,8,122,19,3,1,12,356
065600111,37,124,9,115,19,3,1,8,316
065600112,10,16,7,36,241,2,0,0,312
065600113,26,16,6,19,232,0,0,0,299
065600114,16,74,7,289,13,7,0,21,427
065600115,27,36,16,168,22,5,0,1,275
065600201,25,186,24,131,29,0,0,2,397
065600202,35,195,31,136,23,0,2,7,429
065600203,34,156,11,179,28,1,0,5,414
065600204,42,99,13,247,30,7,6,6,450
065600205,40,69,6,217,27,3,2,4,368
065600206,60,102,6,229,12,4,11,9,433
065600207,50,120,10,159,25,0,3,5,372
065600208,54,143,14,163,28,3,2,13,420
065600209,57,192,15,165,29,0,4,3,465
065600210,35,162,16,159,32,2,0,6,412
065600211,211,108,12,479,32,48,7,32,929
065600212,35,50,19,182,25,3,2,8,324
065600213,57,83,13,145,26,2,5,2,333
065600214,55,82,11,191,24,1,1,7,372
065600215,65,63,6,216,38,10,0,10,408
065600216,204,65,21,275,50,29,25,22,691
065600301,123,166,13,581,51,13,7,126,1080
065600302,44,211,24,168,43,0,10,1,501
065600303,19,153,11,107,18,1,5,0,314
065600304,32,119,4,101,22,0,1,1,280
065600305,53,111,15,73,16,0,0,1,269
065600306,20,175,11,79,9,0,0,3,297
065600307,22,175,16,225,45,4,2,7,496
065600308,81,20,11,192,33,26,14,35,412
065600309,55,84,12,224,38,3,0,5,421
065600310,27,149,16,148,36,3,1,2,382
065600311,41,144,11,138,35,3,1,10,383
065600312,40,107,33,140,21,3,0,1,345
065600313,54,77,15,57,20,2,0,0,225
065600314,34,70,11,100,18,1,0,1,235
065600315,17,80,16,196,33,12,0,4,358
065600316,1,8,12,45,13,1,1,0,81
065600401,53,105,2,96,44,0,2,0,302
065600402,43,118,2,108,8,0,1,4,284
065600403,69,156,31,224,20,3,0,13,516
065600404,31,213,25,149,27,0,4,6,455
065600405,69,76,16,84,64,0,0,13,322
065600406,17,77,10,78,30,0,0,1,213
065600407,5,96,12,91,7,0,0,5,216
065600408,5,62,43,144,3,27,0,0,284
065600409,5,143,38,126,15,0,0,1,328
065600410,13,175,20,134,18,0,0,3,363
065600411,25,136,13,113,15,1,0,2,305
065600412,16,152,14,104,12,0,0,3,301
065600413,41,110,17,87,37,0,0,0,292
065600414,42,98,18,86,34,0,0,0,278
065600415,32,123,22,57,18,0,0,1,253
065600416,49,120,31,76,23,0,0,2,301
065600417,79,150,23,125,14,0,0,4,395
065600418,14,170,2,85,11,0,0,0,282
065600419,40,165,38,140,19,0,0,1,403
065600420,34,132,5,176,23,0,0,0,370
065600501,13,64,46,75,12,1,0,5,216
065600502,38,121,38,155,23,1,1,9,386
065600503,22,63,14,78,8,1,1,0,187
065600504,49,108,24,153,16,0,0,7,357
065600505,8,42,6,24,6,0,0,1,87
065600506,3,26,2,26,1,0,0,1,59
065600507,58,133,16,111,34,3,0,1,356
065600508,4,37,4,38,6,0,0,0,89
065600509,8,39,4,27,1,0,0,0,79
065600510,46,135,33,139,24,2,0,2,381
065600511,46,123,18,95,16,1,0,6,305
065600512,31,122,12,93,23,1,1,2,285
065600513,39,173,12,143,17,1,0,12,397
065600514,25,123,18,142,35,4,1,1,349
065600515,29,49,28,134,39,2,0,1,282
065600601,39,134,40,139,19,1,1,2,375
065600602,46,160,22,165,32,3,0,3,431
065600603,44,169,56,144,25,2,2,4,446
065600604,28,112,23,93,14,0,0,1,271
065600605,73,312,66,215,23,2,0,3,694
065600606,46,188,20,157,27,1,2,4,445
065600607,145,503,70,363,76,3,2,63,1225
065600608,33,149,42,122,38,2,0,1,387
065600609,41,178,40,147,30,3,1,5,445
065600610,38,103,25,175,33,1,2,5,382
065600611,28,221,19,128,16,0,7,3,422
065600612,36,109,20,193,17,0,9,1,385
065600613,20,124,15,53,18,1,0,3,234
065600614,19,58,19,91,22,0,1,4,214
065600615,46,99,14,81,24,2,0,0,266
065600616,39,96,4,161,37,2,0,4,343
065600617,51,86,37,128,36,4,0,9,351
065600618,57,52,2,142,21,3,1,10,288
065600701,27,40,38,105,24,7,1,2,244
065600702,44,20,24,238,8,3,0,0,337
065600703,43,145,7,165,4,0,0,0,364
065600704,31,75,1,169,28,0,0,0,304
065600705,5,48,0,296,1,0,0,18,368
065600706,22,165,39,193,26,4,1,4,454
065600707,29,50,11,129,21,3,0,2,245
065600708,24,10,0,42,10,8,1,2,97
065600709,9,61,2,88,77,3,4,2,246
065600710,19,24,4,142,13,4,1,2,209
065600711,22,37,12,100,24,1,1,1,198
065600712,14,28,3,70,73,2,3,19,212
065600713,17,98,9,170,45,3,7,7,356
065600714,51,138,12,213,17,3,2,9,445
065600715,31,88,16,237,20,8,6,0,406
065600716,81,111,35,261,39,4,1,6,538
065600717,57,69,34,202,42,2,0,10,416
065600718,22,99,38,122,32,1,2,10,326
065600801,26,105,100,81,25,1,0,9,347
065600802,43,106,27,118,24,0,0,3,321
065600803,32,71,58,105,34,3,0,2,305
065600804,31,73,59,94,36,0,0,1,294
065600805,36,42,41,142,16,1,2,2,282
065600806,23,96,31,133,34,0,2,2,321
065600807,59,87,55,148,16,7,0,6,378
065600808,52,115,61,128,32,1,3,1,393
065600809,50,70,57,88,23,1,1,7,297
065600810,63,90,62,72,29,1,0,1,318
065600811,25,107,41,76,21,1,1,2,274
065600812,16,52,52,87,21,1,1,2,232
065600901,37,76,15,39,37,0,12,12,228
065600902,15,29,8,19,10,8,2,2,93
065600903,4,20,2,20,2,0,0,1,49
065600904,12,63,12,30,10,2,2,2,133
065600905,11,38,4,29,15,1,3,2,103
065600906,13,46,9,15,13,0,4,4,104
065600907,8,83,15,2,0,0,0,0,108
065600908,6,33,5,19,9,2,2,2,78
065600909,14,41,11,18,14,0,4,4,106
065600910,5,16,9,15,6,1,1,2,55
065600911,4,16,3,24,5,0,3,2,57
065600912,18,35,9,14,13,1,4,5,99
065601001,34,22,64,27,11,1,2,2,163
065601002,24,43,108,74,20,0,0,4,273
065601003,48,96,48,92,26,2,1,1,314
065601004,42,105,31,146,35,6,0,13,378
065601005,59,102,32,159,36,1,0,6,395
065601006,53,105,47,130,46,0,1,5,387
065601007,23,85,87,213,28,2,0,10,448
065601008,40,88,38,153,34,4,0,6,363
065601009,46,49,53,152,40,4,0,3,347
065601010,52,109,26,179,31,1,2,3,403
065601011,49,97,39,159,31,1,1,0,377
065601012,33,101,42,136,19,0,0,5,336
065601013,46,128,58,86,23,1,0,3,345
065601101,37,136,12,92,10,0,0,6,293
065601102,68,123,41,123,25,0,1,3,384
065601103,27,81,25,84,18,1,0,2,238
065601104,39,53,23,94,31,1,2,1,244
065601105,18,58,11,124,13,7,3,2,236
065601106,26,67,7,116,36,3,2,0,257
065601107,32,109,46,176,27,0,1,2,393
065601108,33,68,51,191,35,6,2,10,396
065601109,44,110,19,161,33,5,2,8,382
065601110,66,97,15,220,46,5,2,2,453
065601111,66,105,40,168,35,3,0,10,427
065601112,54,98,60,141,17,0,1,3,374
065601113,64,86,39,178,48,0,1,5,421
065601114,41,111,44,120,19,2,1,4,342
065601115,45,58,39,147,25,3,0,2,319
065601116,22,20,73,90,26,2,3,2,238
065601117,27,95,37,88,8,1,0,1,257
065601201,48,139,17,117,31,4,0,4,360
065601202,30,160,21,84,11,1,0,0,307
065601203,53,135,15,152,55,6,7,12,435
065601204,48,109,15,40,16,0,0,4,232
065601205,39,165,24,86,19,0,0,5,338
065601206,47,154,18,50,16,0,0,1,286
065601207,52,127,20,60,27,1,0,0,287
065601208,14,144,12,58,34,4,0,1,267
065601209,40,233,37,133,43,0,0,5,491
065601210,39,117,17,77,15,0,0,0,265
065601211,33,78,20,65,28,0,2,0,226
065601212,30,109,23,73,21,1,0,5,262
065601213,58,160,27,42,15,0,0,2,304
065601214,90,185,59,69,19,1,1,7,431
065601215,27,109,24,87,15,0,0,0,262
065601216,45,93,29,53,17,1,1,2,241
065601301,29,102,12,168,25,1,7,2,346
065601302,20,214,6,117,26,0,1,2,386
065601303,30,155,47,203,33,3,0,3,474
065601304,32,145,8,111,25,0,0,0,321
065601305,31,171,19,121,30,0,2,1,375
065601306,44,145,9,76,13,1,1,2,291
065601307,62,170,15,173,30,2,0,4,456
065601308,22,179,20,89,22,0,1,6,339
065601309,60,124,20,90,16,1,1,1,313
065601310,52,184,17,164,37,1,0,3,458
065601311,50,204,39,151,33,2,0,4,483
065601401,31,100,5,154,78,12,4,92,476
065601402,44,124,22,161,55,2,3,2,413
065601403,27,67,9,204,20,5,0,9,341
065601404,36,76,9,57,76,4,2,66,326
065601405,40,53,7,236,45,6,2,10,399
065601406,22,73,2,216,61,13,0,4,391
065601407,18,51,9,164,18,8,0,1,269
065601408,91,163,9,230,33,12,1,18,557
065601409,23,61,2,135,11,1,0,3,236
065601410,30,97,11,79,11,2,0,6,236
065601411,13,117,3,122,12,6,0,6,279
065601412,29,148,16,150,14,3,1,2,363
065601413,57,78,11,138,31,0,3,0,318
065601414,41,129,18,129,21,4,0,1,343
065601501,10,90,6,173,10,1,0,3,293
065601502,36,55,3,85,23,2,0,1,205
065601503,32,96,15,129,16,3,0,2,293
065601504,33,89,11,126,20,2,0,4,285
065601505,44,103,9,97,8,2,0,3,266
065601506,44,129,10,78,21,0,1,4,287
065601507,30,80,8,92,14,1,0,1,226
065601508,61,81,12,541,32,0,0,2,729
065601509,38,208,9,204,29,3,2,6,499
065601510,33,141,5,133,12,1,1,2,328
065601511,29,115,16,181,38,2,0,14,395
065601512,43,112,5,208,21,1,1,11,402
065601513,31,128,8,176,30,5,0,5,383
065601514,29,185,6,130,27,5,0,2,384
065601515,30,177,12,152,28,4,2,3,408
065601516,16,201,6,151,20,2,1,12,409
065601601,28,43,68,164,15,4,5,7,334
065601602,38,64,14,128,15,1,2,4,266
065601603,19,132,18,141,27,2,1,0,340
065601604,45,90,18,135,26,3,2,10,329
065601605,41,122,22,122,16,2,0,6,331
065601606,18,202,26,155,28,1,0,4,434
065601607,26,62,96,111,20,1,0,14,330
065601608,33,171,21,157,10,2,1,1,396
065601609,37,123,26,167,18,2,3,11,387
065601610,44,108,39,117,39,1,1,4,353
065601611,26,164,46,131,25,1,4,12,409
065601612,34,194,28,183,21,1,1,1,463
065601613,43,104,33,168,25,3,6,3,385
065601614,61,107,22,181,35,4,3,4,417
065601615,28,64,36,93,35,2,0,0,258
065601616,15,47,80,78,18,0,0,2,240
065601701,27,106,7,195,17,5,0,20,377
065601702,50,40,9,166,36,9,8,9,327
065601703,70,32,10,143,59,6,3,11,334
065601704,4,14,7,117,30,3,9,4,188
065601705,43,24,78,84,3,0,1,5,238
065601706,37,28,61,84,8,1,2,1,222
065601707,6,11,77,55,5,0,1,1,156
065601708,7,3,62,3,1,0,0,1,77
065601709,6,2,34,6,2,0,0,3,53
065601710,6,5,103,2,1,0,0,0,117
065601711,10,8,125,30,2,0,0,1,176
065601712,6,23,43,50,3,3,4,0,132
065601713,16,26,17,101,64,8,2,6,240
065601714,23,38,7,103,13,5,3,2,194
065601715,12,62,7,87,10,1,1,0,180
065601716,14,79,4,135,13,1,2,0,248
065601717,28,70,3,124,9,0,2,1,237
065601718,17,59,16,69,7,2,9,5,184
065601719,51,105,9,176,19,1,0,19,380
065601720,18,52,17,122,11,2,2,7,231
065601721,15,34,10,133,22,1,1,1,217
065601722,10,7,172,36,0,0,0,0,225
065601723,10,12,151,50,0,0,0,1,224
065601724,9,23,182,29,1,0,0,1,245
065601801,14,36,23,89,44,0,1,8,215
065601802,63,82,32,146,31,0,2,2,358
065601803,18,56,25,104,16,1,1,1,222
065601804,9,53,22,114,26,0,1,0,225
065601805,13,31,67,63,9,0,0,1,184
065601806,49,56,325,82,4,0,0,0,516
065601807,15,26,121,52,3,0,0,2,219
065601808,16,35,61,66,6,1,0,0,185
065601809,44,90,36,195,30,6,0,4,405
065601810,74,100,34,214,41,1,4,6,474
065601811,71,87,60,153,28,5,1,6,411
065601812,10,69,135,52,2,1,1,0,270
065601813,33,54,84,85,14,1,1,3,275
065601814,48,145,32,178,44,0,0,1,448
065601815,37,141,30,113,39,1,1,2,364
065601901,30,38,12,145,19,2,0,10,256
065601902,28,46,17,129,58,4,1,8,291
065601903,67,43,9,188,43,8,3,15,376
065601904,19,58,13,186,25,1,2,4,308
065601905,22,26,16,105,30,1,0,0,200
065601906,16,28,18,113,12,2,8,6,203
065601907,26,79,48,102,44,1,1,1,302
065601908,23,93,66,86,17,0,0,1,286
065601909,12,59,64,127,23,2,0,2,289
065601910,21,59,47,190,45,9,4,4,379
065601911,27,73,75,63,22,1,1,0,262
065601912,4,78,39,77,34,0,0,2,234
065601913,5,51,12,107,18,0,0,2,195
065601914,26,49,17,115,28,2,2,4,243
065601915,29,59,13,151,51,5,0,4,312
065601916,24,23,10,99,33,3,2,7,201
065601917,14,22,11,85,24,3,0,6,165
065601918,8,24,32,52,7,1,1,2,127
065601919,27,24,14,92,8,9,4,4,182
065601920,7,41,24,104,13,3,6,4,202
065602001,8,38,3,407,6,4,1,1,468
065602002,30,161,10,127,23,4,2,6,363
065602003,43,163,13,140,21,1,0,2,383
065602004,35,107,35,184,23,1,3,5,393
065602005,35,42,9,158,15,2,3,10,274
065602006,14,31,12,220,18,8,0,0,303
065602007,28,40,10,227,24,6,1,3,339
065602008,21,74,6,184,7,1,0,0,293
065602009,44,59,13,186,20,5,2,6,335
065602010,52,51,6,162,36,8,2,8,325
065602011,43,101,13,98,15,4,0,2,276
065602012,31,118,27,89,30,2,0,0,297
065602013,38,141,26,196,13,2,2,5,423
065602014,31,137,9,128,30,4,0,5,344
065602101,44,70,55,155,45,2,1,5,377
065602102,15,60,44,63,28,0,0,1,211
065602103,7,26,5,123,64,6,4,10,245
065602104,15,23,11,93,33,11,3,10,199
065602105,23,38,35,123,29,4,2,3,257
065602106,22,39,77,89,12,4,20,1,264
065602107,53,124,15,204,24,6,2,3,431
065602108,58,108,21,176,37,1,0,3,404
065602109,39,97,36,166,32,4,19,2,395
065602110,22,34,54,87,27,0,1,6,231
065602111,59,210,26,110,29,3,0,4,441
065602112,21,117,8,67,10,2,0,4,229
065602113,41,176,23,73,9,2,2,9,335
065602201,13,38,45,122,57,12,1,3,291
065602202,21,79,94,118,23,0,0,0,335
065602203,25,83,112,94,41,2,0,0,357
065602204,29,115,37,146,29,1,1,1,359
065602205,47,162,43,120,28,1,0,3,404
065602206,29,99,13,96,18,2,0,0,257
065602207,37,72,45,82,12,0,1,0,249
065602208,58,162,106,61,12,0,0,0,399
065602209,49,127,62,88,12,3,0,1,342
065602210,62,128,40,97,16,0,0,1,344
065602301,36,155,21,84,26,0,0,4,326
065602302,27,144,23,84,17,0,0,0,295
065602303,32,72,60,85,15,1,0,2,267
065602304,15,31,281,69,22,0,0,0,418
065602305,44,129,76,78,15,2,0,1,345
065602306,29,115,99,69,21,1,0,1,335
065602307,58,113,88,76,11,1,0,0,347
065602308,19,63,67,31,27,0,0,0,207
065602309,20,64,66,34,4,0,0,1,189
065602310,43,102,43,41,4,0,0,0,233
065602311,89,41,20,20,3,0,0,1,174
065602312,29,97,34,24,3,0,0,2,189
065602313,50,90,125,48,9,1,0,6,329
065602314,30,73,84,28,4,0,0,0,219
065602315,58,89,73,31,3,0,0,4,258
065602316,38,86,130,39,5,0,0,0,298
065602317,91,148,70,69,7,0,0,1,386
065602401,63,90,44,30,2,0,0,0,229
065602402,13,88,48,34,2,0,0,1,186
065602403,27,93,61,59,13,0,1,0,254
065602404,48,103,74,57,4,0,0,1,287
065602405,23,122,45,69,21,0,0,1,281
065602406,29,122,13,94,15,0,0,9,282
065602407,58,102,43,86,15,4,0,0,308
065602408,45,94,64,75,15,3,0,1,297
065602409,40,62,67,45,9,0,0,0,223
065602410,38,76,50,32,8,0,0,1,205
065602411,68,91,74,56,3,0,0,1,293
065602412,32,62,58,36,2,0,0,1,191
065602413,19,68,92,30,3,0,0,0,212
065602414,49,76,61,31,5,0,0,0,222
065602415,28,95,40,29,5,0,0,1,198
065602416,25,91,82,64,14,2,1,0,279
065602417,36,100,33,167,47,3,2,4,392
065602501,38,47,123,25,13,0,0,1,247
065602502,29,79,116,35,6,0,0,0,265
065602503,48,175,101,41,8,1,0,0,374
065602504,54,126,188,67,12,3,0,2,452
065602505,16,67,90,31,12,0,0,1,217
065602506,50,80,61,47,9,0,1,1,249
065602507,38,103,57,61,20,0,1,0,280
065602508,36,137,29,130,25,4,0,2,363
065602509,103,158,57,114,33,0,0,4,469
065602510,154,171,107,62,12,0,0,1,507
065602511,61,45,51,88,16,2,0,1,264
065602512,27,77,54,78,18,1,0,6,261
065602513,73,112,26,187,27,1,1,3,430
065602514,69,101,19,133,19,4,1,0,346
065680101,47,44,12,24,5,0,0,2,134
065680102,12,30,224,2,0,0,0,0,268
065680103,86,134,91,24,9,0,0,5,349
065680201,58,113,93,30,5,0,0,0,299
065680202,48,53,80,21,2,0,0,0,204
065680203,45,62,204,9,2,0,0,2,324
065680204,53,86,91,18,1,0,0,3,252
065680205,79,91,94,29,3,0,0,1,297
065680206,104,122,84,26,9,0,0,3,348
065680207,105,146,57,24,6,0,0,0,338
065680208,135,149,37,22,7,0,0,1,351
065680209,98,218,79,48,6,0,0,2,451
065680210,63,80,69,17,0,0,0,1,230
065680211,75,155,88,24,13,0,0,1,356
065680212,77,96,57,32,6,0,0,3,271
065680301,109,148,35,29,4,0,0,14,339
065680302,144,142,45,30,7,0,0,0,368
065680303,104,151,62,28,3,0,0,5,353
065680304,84,91,58,22,2,0,0,2,259
065680305,64,107,39,30,4,0,0,0,244
065680306,84,108,31,22,3,0,0,6,254
065680307,55,115,26,23,8,0,0,1,228
065680308,128,112,24,41,6,0,0,3,314
065680309,111,150,17,37,5,0,0,4,324
065680310,4,6,1,209,6,0,0,1,227
065680311,140,172,37,28,2,0,0,16,395
065680312,94,92,127,16,7,0,0,1,337
065680313,136,164,84,28,5,0,1,5,423
065680314,231,336,2,28,2,0,0,3,602
065680315,196,337,0,22,1,0,0,2,558
065680316,13,56,1,240,6,0,0,14,330
065680401,70,91,33,40,6,1,0,3,244
065680402,57,87,69,12,1,0,0,7,233
065680403,84,61,70,14,0,0,0,2,231
065680404,91,75,101,19,2,0,0,0,288
065680405,53,114,156,17,1,0,0,0,341
065680406,58,56,61,10,1,0,0,0,186
065680407,79,106,71,26,3,0,0,0,285
065680408,85,97,135,16,7,0,0,0,340
065680409,86,133,135,22,5,0,0,0,381
065680410,70,94,109,20,1,0,0,1,295
065680411,140,101,101,11,2,0,0,16,371
065680501,94,77,98,21,3,1,2,4,300
065680502,111,137,145,28,9,1,0,4,435
065680503,56,70,104,12,2,0,0,1,245
065680504,84,39,89,15,1,0,0,1,229
065680505,102,93,154,13,4,0,0,3,369
065680506,80,109,113,14,3,0,0,2,321
065680507,103,89,126,17,2,0,0,1,338
065680508,148,77,128,5,1,0,0,0,359
065680509,74,82,52,12,1,0,0,1,222
065680510,54,65,70,18,2,0,0,1,210
065680601,123,118,158,1,0,0,0,0,400
065680602,61,62,186,6,0,0,0,1,316
065680603,46,59,187,1,1,0,0,0,294
065680604,85,103,111,34,0,0,0,1,334
065680605,86,50,156,23,1,0,0,0,316
065680606,100,179,76,14,3,0,0,1,373
065680607,118,111,141,20,1,0,0,0,391
065680608,65,85,115,24,3,0,0,0,292
065680609,98,129,114,37,1,0,0,0,379
065680610,27,157,35,6,1,0,0,1,227
065680611,64,65,30,3,0,0,0,0,162
065680701,131,124,51,2,2,0,0,0,310
065680702,120,107,61,10,3,0,0,1,302
065680703,79,87,41,8,0,0,0,0,215
065680704,99,77,51,13,2,0,0,2,244
065680705,120,91,68,11,6,0,0,0,296
065680706,55,96,207,9,0,0,0,0,367
065680707,86,119,74,16,7,0,0,0,302
065680708,98,109,45,25,3,0,0,1,281
065680801,96,175,42,20,3,0,0,1,337
065680802,114,147,37,19,7,0,0,3,327
065680803,67,43,111,10,2,0,0,8,241
065680804,118,162,61,17,3,0,0,1,362
065680805,146,127,88,11,5,0,0,1,378
065680806,133,178,28,14,1,0,0,1,355
065680807,107,154,72,13,4,0,0,3,353
065680808,126,133,60,17,7,0,0,2,345
065680901,54,96,37,4,3,0,0,0,194
065680902,55,139,33,19,3,0,0,2,251
065680903,152,156,52,38,7,1,0,2,408
065680904,103,68,47,14,1,0,0,0,233
065680905,91,59,34,18,4,0,0,2,208
065680906,98,98,72,6,3,0,0,0,277
065680907,135,159,70,20,7,0,0,2,393
065680908,66,70,25,11,7,0,0,1,180
065680909,76,91,75,15,3,0,0,3,263
065680910,99,116,145,19,5,0,0,1,385
065680911,62,76,68,16,2,0,0,0,224
065680912,72,45,70,15,0,0,0,2,204
065681001,159,85,28,50,7,0,1,5,335
065681002,79,50,11,14,4,0,0,3,161
065681003,57,53,16,26,7,0,0,1,160
065681004,120,108,45,15,7,1,0,2,298
065681005,109,114,49,15,10,0,0,2,299
065681006,78,69,25,38,6,0,0,0,216
065681007,45,97,19,33,10,0,0,0,204
065681008,127,133,34,36,9,0,0,0,339
065681009,116,100,66,22,5,0,0,0,309
065681010,88,79,40,12,4,1,0,1,225
065681011,101,53,53,11,6,0,0,0,224
065681012,181,95,34,23,4,0,0,2,339
065681013,137,118,99,5,3,0,0,1,363
065681014,132,100,44,0,1,0,0,0,277
065681015,170,65,25,4,1,0,0,0,265
065681016,100,70,88,30,5,0,0,4,297
065681017,49,32,93,67,19,2,1,3,266
065681101,70,105,106,10,0,0,0,0,291
065681102,95,127,108,33,3,0,0,2,368
065681103,44,78,107,11,1,0,0,0,241
065681104,60,58,62,11,1,0,0,0,192
065681105,137,98,33,10,1,0,0,3,282
065681106,72,54,126,22,2,0,0,0,276
065681107,65,71,112,28,1,0,0,0,277
065681108,87,85,153,17,1,0,0,0,343
065681109,99,59,79,5,1,0,0,0,243
065681110,97,82,36,10,1,0,0,0,226
065681111,77,59,95,28,0,0,0,0,259
065681112,105,80,108,25,3,0,0,1,322
065681201,78,99,72,15,1,0,0,0,265
065681202,96,146,75,16,0,0,0,1,334
065681203,147,72,82,15,10,0,0,1,327
065681204,105,64,63,8,3,0,0,2,245
065681205,139,111,112,17,6,0,0,2,387
065681206,128,115,115,33,6,0,0,1,398
065681207,155,144,82,15,5,0,0,0,401
065681208,37,55,135,5,0,0,0,0,232
065681209,88,91,49,7,2,0,0,1,238
065681210,110,84,53,24,5,0,0,4,280
065681301,66,53,97,3,1,0,0,1,221
065681302,93,59,38,15,0,0,0,1,206
065681303,84,94,85,6,0,0,0,3,272
065681304,124,136,44,25,1,0,0,0,330
065681305,121,107,71,24,4,0,0,3,330
065681306,146,132,58,30,12,1,0,1,380
065681307,145,155,76,47,8,0,0,4,435
065681308,117,126,78,37,10,0,0,0,368
065681309,129,119,73,30,17,2,0,2,372
065681310,101,112,26,86,17,1,0,4,347
065681401,96,51,8,28,8,0,0,0,191
065681402,111,113,42,35,2,0,0,1,304
065681403,162,135,68,64,17,0,0,1,447
065681404,56,141,44,19,0,0,0,2,262
065681405,49,33,37,59,6,0,0,0,184
065681406,68,52,17,68,0,0,0,2,207
065681407,115,21,30,159,3,0,0,0,328
065681408,50,98,69,20,5,0,0,0,242
065681409,89,124,130,4,1,0,0,0,348
065681410,134,97,99,28,4,0,0,1,363
065681501,97,112,39,20,2,0,0,2,272
065681502,133,122,37,45,16,0,0,3,356
065681503,101,120,53,47,11,0,0,2,334
065681504,135,116,88,53,18,0,0,0,410
065681505,85,147,45,29,5,0,0,1,312
065681506,133,91,58,31,18,0,0,1,332
065681507,125,109,79,27,7,0,0,6,353
065681508,95,132,121,53,8,0,1,6,416
065681509,40,37,140,2,0,0,0,1,220
065681510,119,68,101,9,3,0,0,5,305
065681601,94,160,48,46,23,1,0,0,372
065681602,57,138,45,69,26,1,1,0,337
065681603,74,93,67,23,10,0,0,0,267
065681604,159,116,120,36,6,0,0,1,438
065681605,94,72,137,15,8,0,1,1,328
065681606,87,101,112,43,5,0,0,2,350
065681607,65,76,93,12,4,1,0,3,254
065681608,96,53,63,12,3,0,0,1,228
065681609,123,94,162,28,13,0,0,3,423
065681610,110,66,167,29,2,0,0,0,374
065681611,85,75,129,19,5,0,0,2,315
065681612,104,51,208,17,3,0,0,5,388
065681701,68,54,195,23,4,0,0,2,346
065681702,72,59,153,31,5,0,0,1,321
065681703,69,80,68,23,10,0,0,1,251
065681704,82,55,74,19,4,0,0,0,234
065681705,91,69,203,21,4,0,0,0,388
065681706,84,145,136,23,6,0,0,5,399
065681707,81,78,194,15,1,0,1,1,371
065681708,82,53,213,18,3,0,0,0,369
065681709,43,24,186,15,0,0,0,0,268
065681710,67,33,180,7,1,0,0,4,292
065681711,62,42,193,6,5,0,0,3,311
065681712,84,36,161,3,0,0,0,0,284
065681801,39,81,83,25,0,0,0,1,229
065681802,103,55,7,1,0,0,0,0,166
065681803,42,65,69,1,1,0,0,0,178
065681804,102,114,19,3,0,0,0,0,238
065681805,51,56,110,39,1,0,0,1,258
065681806,36,80,57,6,0,0,0,0,179
065681807,46,42,224,16,4,0,0,1,333
065681808,39,36,174,6,1,0,0,0,256
065681809,85,71,188,12,2,0,2,1,361
065681810,44,35,225,8,4,0,0,2,318
065681811,57,52,182,13,0,0,0,0,304
065681812,36,49,222,10,1,0,0,4,322
065681813,60,27,157,10,0,0,0,1,255
065681814,35,23,152,11,2,0,0,0,223
065681901,67,46,104,29,6,0,0,3,255
065681902,57,86,193,13,5,0,0,2,356
065681903,80,125,186,27,9,0,0,0,427
065681904,77,63,77,18,5,0,0,1,241
065681905,94,44,114,10,1,0,0,4,267
065681906,86,86,217,27,2,0,0,1,419
065681907,94,111,113,21,6,0,0,2,347
065681908,129,98,108,35,2,0,0,1,373
065681909,146,87,113,33,9,0,0,4,392
065681910,85,52,68,13,4,0,0,0,222
065681911,67,138,70,83,17,0,0,6,381
065682001,90,61,179,11,3,0,0,0,344
065682002,109,47,77,6,0,0,0,0,239
065682003,123,129,56,3,1,0,0,2,314
065682004,59,104,87,30,18,0,0,0,298
065682005,63,125,67,18,1,0,0,0,274
065682006,68,53,89,12,0,0,0,1,223
065682007,54,42,103,19,1,0,0,0,219
065682008,73,68,200,19,1,0,0,0,361
065682009,80,75,228,22,4,0,0,0,409
065682010,94,81,103,23,4,0,0,0,305
065682011,75,116,179,41,9,0,0,2,422
065682012,107,93,100,25,6,1,0,1,333
065682013,72,57,118,9,4,0,0,1,261
065682014,34,95,87,21,4,0,0,3,244
065682101,29,119,21,6,0,0,0,0,175
065682102,51,77,4,13,1,0,0,1,147
065682103,106,18,11,14,1,0,0,0,150
065682104,67,158,14,18,9,0,0,0,266
065682105,46,81,1,2,1,0,0,11,142
065682106,48,68,1,4,0,0,0,0,121
065682107,15,26,0,0,0,0,0,0,41
065682108,102,21,11,0,0,0,0,0,134
065682109,73,76,4,13,0,0,0,1,167
065682110,83,51,26,10,0,0,1,3,174
065682111,43,51,16,8,1,0,0,0,119
065682112,69,148,7,21,1,0,0,0,246
065682113,111,170,54,22,9,4,0,1,371
065682201,122,21,16,13,9,0,0,3,184
065682202,60,33,21,14,5,0,0,5,138
065682203,49,32,20,34,3,0,0,3,141
065682204,77,67,22,12,4,0,0,2,184
065682205,27,43,20,24,3,0,0,0,117
065682206,106,53,33,33,8,0,0,7,240
065682207,64,32,18,24,3,0,0,2,143
065682208,120,25,23,15,8,0,0,6,197
065682209,85,43,23,12,4,0,0,2,169
065682210,101,40,25,7,8,0,0,7,188
065682211,68,36,22,6,6,0,0,6,144
065682212,89,28,23,22,7,0,0,3,172
065682213,135,50,34,45,9,0,0,7,280
065682214,211,68,35,20,16,0,0,1,351
065682215,97,22,16,15,6,0,0,4,160
065682216,128,35,18,21,8,0,0,1,211
065682217,126,32,21,5,13,0,0,2,199
065682218,42,34,18,31,2,0,0,2,129
065682301,93,62,30,7,6,0,0,3,201
065682302,102,60,40,24,4,0,0,1,231
065682303,93,114,59,15,4,0,0,1,286
065682304,60,84,77,13,2,0,0,0,236
065682305,29,100,64,22,9,0,0,0,224
065682306,157,99,77,29,7,0,1,0,370
065682307,148,108,95,19,6,0,0,0,376
065682308,133,160,90,22,6,0,0,1,412
065682309,100,158,55,18,5,0,0,0,336
065682310,47,65,126,13,3,0,0,0,254
065682311,49,55,116,23,4,0,0,3,250
065682401,161,93,80,17,12,0,0,2,365
065682402,112,112,58,18,8,0,0,2,310
065682403,74,64,49,5,5,0,0,5,202
065682404,160,121,86,13,4,0,0,0,384
065682405,155,123,63,11,7,0,0,0,359
065682406,114,84,33,9,7,0,0,2,249
065682407,128,75,46,16,0,0,0,4,269
065682408,167,118,60,42,10,0,0,2,399
065682409,109,56,52,15,4,0,0,0,236
065682410,46,105,40,29,4,0,0,4,228
065682501,55,79,35,3,4,1,0,0,177
065682502,25,46,224,12,3,1,0,3,314
065682503,64,117,153,18,6,0,0,0,358
065682504,97,152,91,41,11,2,0,9,403
065682505,70,79,34,23,8,0,0,2,216
065682506,124,218,56,44,17,1,0,3,463
065682507,103,226,39,48,11,0,2,5,434
065682508,104,171,32,63,7,1,0,0,378
065682509,31,99,3,145,30,1,0,7,316
065682510,34,39,4,225,22,0,1,1,326
065682511,123,191,37,49,10,3,1,6,420
065682512,149,158,47,42,6,0,0,1,403
065682601,78,115,28,11,1,0,0,0,233
065682602,164,106,62,23,3,1,0,0,359
065682603,126,138,51,34,4,0,0,3,356
065682604,75,67,39,20,6,1,0,4,212
065682605,72,45,38,15,2,0,0,3,175
065682606,102,65,22,20,9,0,0,0,218
065682607,136,130,50,77,13,1,0,5,412
065682608,101,97,22,4,2,0,0,1,227
065682609,117,69,30,8,2,0,1,2,229
065682610,152,160,26,30,8,0,0,3,379
065682611,193,90,30,40,8,0,0,4,365
065682612,164,119,36,38,9,0,0,1,367
065682701,2,5,0,7,0,0,0,1,15
065682702,72,110,14,109,29,0,0,4,338
065682703,52,121,15,95,22,0,0,0,305
065682704,44,133,25,91,11,0,0,3,307
065682705,45,114,35,50,3,0,0,0,247
065682706,71,96,29,69,24,1,0,2,292
065682707,70,137,46,85,17,1,0,3,359
065682708,43,99,72,52,7,0,0,0,273
065682709,92,107,54,59,15,0,0,0,327
065682710,73,103,44,49,7,0,0,2,278
065682711,80,142,44,44,12,1,0,0,323
065682801,72,194,101,59,16,1,0,2,445
065682802,47,117,149,34,18,1,0,1,367
065682803,135,188,59,91,22,0,0,5,500
065682804,47,119,31,41,15,2,1,1,257
065682805,81,158,36,126,39,1,1,3,445
065682806,70,136,29,85,28,1,0,4,353
065682807,28,108,18,74,13,0,0,2,243
065682808,37,105,23,88,33,0,0,3,289
065682809,51,118,17,141,36,3,0,7,373
065682810,63,160,23,108,35,1,0,8,398
065682901,56,164,30,61,23,1,1,2,338
065682902,89,146,36,43,13,0,0,1,328
065682903,69,109,36,36,9,0,0,0,259
065682904,55,132,26,61,5,7,0,1,287
065682905,33,142,25,40,23,0,0,0,263
065682906,67,133,26,33,13,0,1,0,273
065682907,56,151,14,88,18,0,2,5,334
065682908,34,150,13,59,22,0,0,2,280
065682909,84,145,23,52,16,1,0,5,326
065682910,27,131,16,84,8,2,1,12,281
065682911,51,246,41,154,41,1,0,2,536
065682912,36,173,29,93,20,0,0,1,352
065682913,24,156,9,73,18,0,0,0,280
065682914,22,138,17,63,16,2,0,4,262
065683001,76,180,19,76,14,0,0,11,376
065683002,144,167,30,86,11,0,0,2,440
065683003,100,219,43,64,11,1,0,3,441
065683004,120,208,49,66,12,0,0,2,457
065683005,52,123,19,56,14,0,0,1,265
065683006,56,141,45,36,10,0,0,1,289
065683007,98,207,22,85,20,0,0,3,435
065683008,105,180,24,55,12,0,0,4,380
065683009,53,159,35,57,10,0,0,0,314
065683010,137,175,21,72,23,1,0,0,429
065683011,104,203,33,64,15,0,2,6,427
065683101,144,200,29,26,16,0,0,1,416
065683102,123,173,58,34,5,3,0,2,398
065683103,62,136,68,56,7,0,0,5,334
065683104,139,181,36,96,9,0,0,11,472
065683105,66,171,27,60,18,0,0,2,344
065683106,73,126,25,69,15,1,2,11,322
065683107,150,163,25,50,11,0,0,3,402
065683108,106,73,21,16,4,0,0,5,225
065683109,78,106,16,113,9,0,1,5,328
065683110,84,121,21,59,10,0,0,1,296
065683111,66,104,15,16,2,0,0,1,204
065683112,95,141,24,94,23,0,0,7,384
066580101,1,0,1,0,0,0,0,0,2
066580102,102,100,111,58,7,0,0,0,378
066580103,62,84,172,29,0,0,0,3,350
066580104,35,104,88,20,2,0,0,0,249
066580105,67,102,114,23,1,0,0,0,307
066580106,50,86,130,45,8,0,0,0,319
066580107,55,60,99,25,4,0,0,0,243
066580108,62,59,118,10,3,0,0,0,252
066580109,127,87,30,66,3,1,0,1,315
066580110,72,198,24,188,24,2,0,0,508
066580111,1,0,0,2,0,0,0,0,3
066580112,2,2,0,38,5,0,2,1,50
066580113,5,4,5,12,1,0,0,1,28
066580201,0,6,2,81,7,5,0,2,103
066580202,46,39,10,130,25,4,0,1,255
066580203,14,38,12,171,11,3,0,0,249
066580204,22,32,6,201,21,6,0,2,290
066580205,16,53,14,115,22,6,0,5,231
066580206,27,65,13,292,18,4,3,6,428
066580207,9,66,5,183,21,9,1,4,298
066580208,27,70,15,193,12,1,0,8,326
066580209,15,76,49,134,10,0,0,3,287
066580210,30,75,29,125,17,1,0,3,280
066580211,14,44,7,301,10,7,1,1,385
066580212,58,80,31,104,14,0,0,0,287
066580301,11,39,3,234,20,3,0,3,313
066580302,7,41,0,259,17,3,0,2,329
066580303,33,133,97,80,16,1,0,2,362
066580304,27,83,160,27,2,0,0,0,299
066580305,60,155,26,117,24,1,0,3,386
066580306,86,129,50,31,11,0,0,0,307
066580307,104,175,43,48,7,0,0,1,378
066580308,99,176,63,103,23,1,0,5,470
066580309,150,166,63,61,12,0,0,0,452
066580310,124,124,26,33,4,0,0,0,311
066580311,49,88,46,65,8,2,0,1,259
066580401,9,8,84,56,6,23,1,0,187
066580402,28,95,109,92,12,0,0,0,336
066580403,10,81,145,89,9,3,0,1,338
066580404,46,115,18,82,8,0,0,2,271
066580405,16,3,259,3,3,0,0,0,284
066580406,65,71,90,49,8,0,0,0,283
066580407,51,109,52,58,12,0,0,10,292
066580408,53,197,54,79,15,0,0,3,401
066580409,72,178,53,36,4,0,0,2,345
066580410,97,119,72,32,5,1,0,0,326
066580411,67,178,52,35,7,0,0,0,339
066580412,105,166,23,85,14,0,0,5,398
066580413,26,3,198,11,0,0,0,1,239
066580414,12,103,10,72,1,0,0,0,198
066580415,39,145,26,64,14,0,0,0,288
066580501,62,69,69,22,1,1,0,0,224
066580502,26,71,66,6,2,0,0,0,171
066580503,129,94,34,32,9,1,0,0,299
066580504,43,67,34,45,14,0,0,0,203
066580505,43,65,72,38,9,1,0,1,229
066580506,31,176,47,47,4,0,0,2,307
066580507,92,134,91,72,22,2,0,0,413
066580508,70,111,50,65,15,0,0,1,312
066580509,53,129,91,75,13,0,0,2,363
066580510,91,56,20,8,5,0,0,0,180
066580511,43,188,59,61,5,0,0,0,356
066580512,61,135,27,36,5,0,0,2,266
066580513,65,98,59,47,9,0,0,3,281
066580514,64,108,27,78,9,0,0,0,286
066580601,83,65,42,44,3,0,0,0,237
066580602,72,87,51,59,4,0,0,2,275
066580603,96,91,66,57,4,0,0,0,314
066580604,64,55,73,74,3,2,0,13,284
066580605,85,108,54,55,11,1,0,0,314
066580606,73,40,46,37,0,0,0,0,196
066580607,105,69,42,48,5,0,0,0,269
066580608,37,58,36,37,4,0,0,2,174
066580609,100,113,111,71,6,0,0,2,403
066580610,151,80,34,72,17,1,0,3,358
066580611,86,106,58,84,8,0,0,4,346
066580612,103,77,56,40,6,0,0,0,282
066580701,59,58,122,21,1,0,0,2,263
066580702,44,47,125,39,4,0,0,0,259
066580703,38,39,125,71,2,0,0,0,275
066580704,75,71,107,48,0,0,0,1,302
066580705,51,176,31,10,0,0,0,1,269
066580706,103,39,68,55,4,1,0,0,270
066580707,65,115,17,58,17,0,0,0,272
066580708,76,128,22,127,22,0,0,1,376
066580709,26,58,30,161,16,12,2,0,305
066580710,7,140,10,292,12,2,0,1,464
066580711,37,74,57,81,9,0,0,2,260
066580801,72,36,47,8,0,0,0,0,163
066580802,104,94,2,2,0,0,0,3,205
066580803,56,101,3,8,1,0,0,0,169
066580804,106,153,40,25,3,0,0,1,328
066580805,123,115,36,44,4,0,0,0,322
066580806,64,103,19,19,0,0,0,0,205
066580807,70,71,33,32,1,0,0,1,208
066580808,64,141,6,5,0,0,0,0,216
066580809,73,214,2,1,2,0,0,0,292
066580810,123,75,0,0,0,0,0,0,198
066580811,76,215,0,1,0,0,0,0,292
066580812,106,106,3,2,0,0,0,1,218
066580813,90,47,0,1,0,0,0,0,138
066580814,119,75,1,4,0,0,0,0,199
066580815,80,75,0,1,0,0,0,1,157
066580901,51,83,126,52,7,0,0,15,334
066580902,76,70,123,47,5,0,0,2,323
066580903,82,123,49,23,0,0,0,1,278
066580904,35,15,0,3,0,0,0,0,53
066580905,92,113,0,3,0,0,0,0,208
066580906,59,196,4,4,0,0,0,0,263
066580907,26,149,16,3,1,0,0,0,195
066580908,98,49,11,7,1,0,0,0,166
066580909,37,121,21,3,1,0,0,0,183
066580910,58,210,21,11,1,0,0,1,302
066580911,70,86,26,6,0,0,0,0,188
066580912,75,140,1,6,0,0,0,0,222
066580913,59,120,32,23,3,0,0,2,239
066581001,11,23,0,252,11,6,0,4,307
066581002,21,11,1,302,17,6,0,5,363
066581003,55,85,16,100,8,0,0,0,264
066581004,55,96,48,39,13,0,0,4,255
066581005,54,256,75,28,4,0,0,0,417
066581006,36,121,46,25,1,0,0,0,229
066581007,104,136,80,55,2,0,0,2,379
066581008,72,112,67,50,1,0,0,2,304
066581009,61,52,95,45,5,0,0,3,261
066581010,102,81,42,56,6,1,0,0,288
066581011,60,93,53,137,10,0,0,0,353
066581012,14,24,1,364,12,4,2,6,427
066581013,28,19,0,168,9,5,0,4,233
066581101,69,126,66,43,10,1,0,0,315
066581102,74,90,52,41,3,0,0,0,260
066581103,99,69,26,37,1,0,0,0,232
066581104,28,90,45,39,1,0,0,3,206
066581105,20,53,40,43,6,0,0,0,162
066581106,48,116,53,50,2,0,0,3,272
066581107,44,105,68,65,7,0,0,0,289
066581108,52,47,161,14,0,0,0,2,276
066581109,78,57,139,24,3,0,0,0,301
066581110,55,80,140,25,6,0,0,0,306
066581111,53,61,106,12,2,0,0,0,234
066581112,59,36,186,5,0,0,0,0,286
066581113,33,61,90,27,3,0,0,1,215
066581201,94,130,73,129,11,0,0,3,440
066581202,56,160,73,60,3,1,0,0,353
066581203,79,134,103,89,5,1,0,0,411
066581204,69,161,129,32,5,0,0,2,398
066581205,54,109,108,48,6,0,0,0,325
066581206,82,104,81,37,2,0,0,1,307
066581207,109,133,24,16,3,0,0,1,286
066581208,125,96,61,26,0,0,0,0,308
066581209,89,90,86,19,3,0,0,0,287
066581210,57,108,64,49,2,0,0,1,281
066581211,81,95,76,90,2,0,0,0,344
066581212,75,90,94,74,2,0,1,1,337
066581213,46,111,64,38,5,0,0,0,264
066581301,15,15,0,131,8,1,0,0,170
066581302,3,32,0,97,4,0,1,0,137
066581303,7,51,1,46,3,0,0,1,109
066581304,27,37,2,164,10,0,0,1,241
066581305,28,12,1,89,6,0,0,0,136
066581306,21,44,0,141,8,0,0,0,214
066581307,42,34,1,185,5,3,0,3,273
066581308,71,25,9,119,7,3,0,1,235
066581309,44,18,1,189,13,0,0,3,268
066581310,48,27,0,141,5,1,0,4,226
066581401,12,0,0,131,6,0,0,3,152
066581402,4,3,0,56,1,1,0,0,65
066581403,8,1,0,65,4,1,1,1,81
066581404,18,9,0,157,4,0,0,0,188
066581405,0,4,0,120,7,0,0,0,131
066581406,5,5,1,111,7,6,0,0,135
066581407,22,18,1,205,11,2,0,2,261
066581408,4,21,0,178,8,6,0,0,217
066581409,19,37,3,317,35,20,0,3,434
066581410,21,19,1,141,16,4,0,1,203
066581501,47,130,30,38,9,0,0,0,254
066581502,41,150,38,55,9,4,1,4,302
066581503,47,80,12,166,15,1,0,4,325
066581504,47,13,0,101,7,0,0,3,171
066581505,86,115,29,130,5,4,0,2,371
066581506,54,75,22,29,3,0,0,0,183
066581507,48,107,67,37,3,0,0,0,262
066581508,72,104,55,41,4,0,0,1,277
066581509,57,137,108,42,2,0,0,2,348
066581510,50,81,64,37,0,0,0,1,233
066581511,41,50,83,28,5,0,0,0,207
066581512,39,55,120,18,1,0,0,1,234
066581513,49,97,69,24,1,0,0,1,241
066581601,69,70,75,40,5,1,1,0,261
066581602,72,70,74,42,1,0,0,1,260
066581603,63,51,75,49,2,0,0,1,241
066581604,55,57,45,27,1,1,0,0,186
066581605,44,76,62,27,0,0,0,0,209
066581606,106,80,54,22,1,0,0,2,265
066581607,73,74,63,20,1,0,0,0,231
066581608,71,54,108,14,2,0,2,0,251
066581609,73,105,47,56,10,0,0,1,292
066581610,57,64,68,28,3,0,0,1,221
066581611,71,65,54,33,3,0,0,1,227
066581612,75,89,48,34,6,1,0,0,253
066581701,70,106,71,48,4,0,0,1,300
066581702,97,84,52,32,3,0,0,0,268
066581703,56,78,58,51,3,0,0,8,254
066581704,64,102,50,70,4,0,0,1,291
066581705,97,139,51,34,1,0,0,0,322
066581706,78,100,143,20,3,0,0,1,345
066581707,67,96,65,57,8,0,0,5,298
066581708,118,114,93,43,3,0,0,9,380
066581709,104,131,87,37,3,0,1,1,364
066581710,84,116,38,31,8,0,0,1,278
066581711,85,154,73,39,7,2,1,0,361
066581712,96,162,31,26,1,0,0,1,317
066581801,25,48,28,31,0,0,0,0,132
066581802,39,45,50,14,2,0,0,0,150
066581803,53,62,39,33,4,0,0,1,192
066581804,60,117,69,31,2,0,0,0,279
066581805,77,81,70,39,3,0,0,1,271
066581806,96,95,41,50,3,0,0,1,286
066581807,65,83,49,24,3,0,0,1,225
066581808,74,88,31,72,4,0,0,0,269
066581809,91,83,76,51,3,0,0,6,310
066581810,94,62,35,19,1,0,0,0,211
066581811,70,65,42,61,8,0,0,1,247
066581812,38,53,19,37,1,0,0,0,148
066581901,90,79,23,35,0,1,0,0,228
066581902,66,84,50,55,8,0,0,2,265
066581903,74,38,39,42,7,0,0,1,201
066581904,53,33,77,27,3,0,0,0,193
066581905,10,27,143,25,2,0,0,0,207
066581906,72,60,30,22,4,0,0,2,190
066581907,44,63,37,39,4,0,0,0,187
066581908,55,125,53,34,8,0,0,1,276
066581909,28,112,45,44,12,0,0,0,241
066581910,36,184,15,35,4,0,0,3,277
066581911,24,61,142,75,2,1,0,0,305
066582001,45,115,61,69,9,0,0,2,301
066582002,221,81,7,8,2,0,0,0,319
066582003,53,192,37,125,10,2,0,2,421
066582004,15,182,22,103,25,2,0,0,349
066582005,43,168,36,99,9,2,1,3,361
066582006,1,31,11,204,3,4,0,0,254
066582007,39,104,20,83,12,0,0,1,259
066582008,59,159,15,131,21,0,0,1,386
066582009,84,230,43,177,18,2,0,12,566
066582010,68,245,32,140,20,1,0,4,510
066582011,59,187,54,110,26,1,1,3,441
066582101,99,232,52,90,19,0,0,0,492
066582102,73,257,28,105,12,0,0,3,478
066582103,43,223,71,135,22,0,0,1,495
066582104,39,135,29,128,22,0,0,0,353
066582105,46,151,43,123,27,0,2,0,392
066582106,83,173,31,155,11,6,0,10,469
066582107,50,222,4,277,16,19,2,6,596
066582108,47,108,12,369,19,17,0,10,582
066582109,9,36,21,296,5,0,0,0,367
066582110,37,135,22,99,13,0,0,1,307
066582111,2,2,447,0,0,0,0,0,451
066582112,30,288,31,170,23,1,0,10,553
066582113,37,265,23,147,29,0,0,4,505
066582114,74,176,1,103,7,1,0,4,366
066582115,28,110,3,141,10,2,0,2,296
066582116,22,133,0,106,10,9,0,3,283
066582201,84,92,73,68,9,0,0,2,328
066582202,81,117,68,55,6,1,0,1,329
066582203,57,152,45,51,7,0,0,2,314
066582204,52,84,79,47,3,0,0,1,266
066582205,56,73,56,40,6,0,0,1,232
066582206,51,69,71,48,3,0,0,0,242
066582207,53,106,102,27,10,0,0,0,298
066582208,34,102,20,53,12,0,0,2,223
066582209,55,79,11,55,254,2,0,0,456
066582210,87,125,82,66,16,1,0,2,379
066582211,84,126,104,49,5,0,0,0,368
066582301,47,112,65,31,7,0,0,0,262
066582302,48,185,36,91,16,1,0,2,379
066582303,74,190,120,59,7,0,0,0,450
066582304,51,167,21,71,13,0,0,1,324
066582305,58,148,57,60,4,0,0,2,329
066582306,40,76,44,43,9,0,0,1,213
066582307,86,50,48,12,0,0,0,2,198
066582308,69,79,39,22,6,1,0,0,216
066582309,56,108,23,156,24,3,0,1,371
066582310,26,96,30,190,33,1,0,2,378
066582311,23,152,59,74,17,0,0,0,325
066582312,41,63,151,21,2,0,0,0,278
066582401,78,154,57,21,6,0,0,0,316
066582402,108,123,75,35,3,0,0,1,345
066582403,43,187,100,95,14,0,0,0,439
066582404,53,142,65,19,4,1,0,0,284
066582405,103,119,42,40,4,0,0,1,309
066582406,75,142,71,59,10,0,0,1,358
066582407,82,115,72,38,14,2,0,0,323
066582408,53,107,73,33,4,0,0,1,271
066582409,34,33,195,6,1,0,0,1,270
066582410,64,103,50,18,1,0,0,0,236
066582411,60,113,56,10,5,0,0,1,245
066582412,32,9,195,1,0,0,0,0,237
066582501,63,88,54,16,3,0,0,0,224
066582502,52,96,61,24,5,0,0,0,238
066582503,70,86,101,40,3,0,0,4,304
066582504,42,114,44,25,4,5,0,0,234
066582505,60,129,50,33,8,0,0,1,281
066582506,62,138,81,17,2,0,0,4,304
066582507,83,102,47,28,5,0,0,0,265
066582508,86,128,63,45,6,1,0,2,331
066582509,58,82,56,29,5,0,0,1,231
066582510,59,99,165,26,4,0,0,1,354
066582511,44,18,36,273,11,3,0,6,391
066582512,48,13,3,258,4,1,0,2,329
066582513,113,231,11,12,7,0,0,1,375
066582514,53,58,18,9,2,0,0,1,141
066582601,54,259,66,121,15,0,1,1,517
066582602,68,166,42,164,20,1,0,2,463
066582603,68,142,46,72,8,2,3,0,341
066582604,107,181,17,28,13,2,0,1,349
066582605,59,133,41,37,3,0,0,0,273
066582606,69,160,41,64,5,0,0,2,341
066582607,75,119,44,31,6,1,0,2,278
066582608,75,104,42,38,6,0,0,1,266
066582609,104,68,44,17,8,0,0,0,241
066582610,81,133,98,47,9,0,0,0,368
066582701,15,179,3,177,15,0,0,0,389
066582702,21,138,7,147,12,2,0,0,327
066582703,2,63,1,110,5,0,0,0,181
066582704,5,67,2,45,2,1,0,3,125
066582705,21,59,0,39,0,0,0,1,120
066582706,21,221,7,142,6,0,1,4,402
066582707,20,130,9,118,7,2,0,2,288
066582708,14,101,10,70,15,2,0,2,214
066582709,33,222,30,146,22,1,0,3,457
066582710,10,161,14,91,9,0,0,3,288
066582711,18,201,15,159,22,1,0,6,422
066582712,3,221,4,128,10,0,0,4,370
066582713,20,139,5,123,17,0,0,3,307
066582714,26,75,2,119,7,4,0,0,233
066582715,11,127,6,127,14,2,0,4,291
066582716,7,36,2,165,3,2,0,2,217
066582801,57,102,42,14,3,0,0,0,218
066582802,84,172,65,26,9,1,0,2,359
066582803,63,113,99,12,5,0,0,1,293
066582804,82,182,51,43,9,0,0,1,368
066582805,49,150,32,28,9,0,0,0,268
066582806,46,142,15,148,11,5,0,1,368
066582807,13,157,16,129,12,1,0,4,332
066582808,39,224,30,125,12,0,0,1,431
066582809,52,193,39,67,13,2,0,4,370
066582810,72,197,54,53,11,0,0,1,388
066582901,122,162,66,71,8,1,0,2,432
066582902,67,85,82,33,5,0,0,1,273
066582903,53,97,43,22,2,0,0,2,219
066582904,49,117,28,58,6,0,0,0,258
066582905,49,181,28,74,9,0,0,4,345
066582906,53,171,24,98,12,11,0,1,370
066582907,35,170,18,125,22,0,1,3,374
066582908,11,148,19,189,20,4,0,0,391
066582909,15,109,6,146,16,1,0,2,295
066582910,29,175,17,138,11,2,1,5,378
066582911,70,170,24,77,15,1,1,2,360
066582912,74,193,22,141,21,0,0,1,452
066583001,72,189,73,44,10,1,0,0,389
066583002,41,162,34,115,19,1,0,2,374
066583003,35,164,25,75,9,0,0,3,311
066583004,42,75,126,19,0,0,0,0,262
066583005,85,143,61,71,11,1,0,1,373
066583006,87,128,36,63,17,2,0,3,336
066583007,27,190,67,99,20,2,0,1,406
066583008,24,176,17,160,10,1,0,1,389
066583009,35,179,23,198,17,4,0,1,457
066583010,19,165,28,103,31,2,0,3,351
066583011,45,146,31,150,21,4,0,0,397
066583012,21,132,19,84,18,1,0,0,275
066583101,134,54,107,9,4,0,0,2,310
066583102,112,151,67,39,15,1,0,2,387
066583103,138,154,248,101,15,1,0,1,658
066583104,77,184,91,83,16,2,0,3,456
066583105,39,101,148,30,5,0,0,0,323
066583106,156,262,427,178,24,1,0,5,1053
066583107,30,65,201,15,3,0,0,0,314
066583108,75,56,70,23,6,0,0,0,230
066583109,66,52,136,14,1,0,0,1,270
066583110,83,164,36,108,25,2,0,2,420
066583111,45,194,45,97,10,0,0,1,392
066583112,45,115,22,49,4,0,0,0,235
066583113,47,79,16,49,7,0,0,1,199
066583201,25,45,128,39,4,0,0,0,241
066583202,30,83,235,30,2,1,0,3,384
066583203,43,55,249,12,5,1,0,0,365
066583204,25,50,95,18,5,0,0,0,193
066583205,47,85,73,56,7,0,0,6,274
066583206,17,43,15,27,3,1,0,1,107
066583207,76,123,236,65,22,0,0,1,523
066583208,35,203,146,143,18,1,0,2,548
066583209,17,47,36,45,3,0,0,0,148
066583210,77,145,27,164,31,1,0,0,445
066583211,23,76,7,76,10,2,0,1,195
066583212,49,218,70,149,27,2,0,1,516
066583213,30,112,18,136,12,2,1,4,315
066583301,27,242,28,207,37,3,0,9,553
066583302,24,113,4,185,10,5,0,19,360
066583303,10,110,5,209,4,5,0,0,343
066583304,11,124,8,190,9,7,0,3,352
066583305,18,244,20,296,41,11,3,4,637
066583306,25,239,31,129,20,2,0,1,447
066583307,41,201,47,99,17,1,0,2,408
066583308,10,105,19,49,20,1,0,0,204
066583309,59,187,32,140,9,1,0,2,430
066583310,52,107,56,55,5,0,0,1,276
066583311,60,131,137,29,12,0,0,5,374
066583312,16,42,200,52,2,0,0,0,312
066583313,10,109,67,87,3,0,0,0,276
066583401,72,165,94,53,14,1,0,4,403
066583402,25,164,54,62,14,0,0,0,319
066583403,43,154,35,74,16,0,0,4,326
066583404,57,142,51,65,17,1,0,0,333
066583405,35,118,79,70,10,0,0,2,314
066583406,34,72,267,22,3,0,0,2,400
066583407,36,60,197,9,7,0,0,0,309
066583408,53,88,168,17,14,0,0,0,340
066583409,44,69,144,26,5,0,0,0,288
066583410,23,95,49,67,11,0,0,0,245
066583411,56,123,92,98,20,0,0,2,391
066583412,34,94,175,54,18,0,0,1,376
066583413,93,129,66,97,20,2,0,2,409
066583501,44,148,34,86,9,1,0,2,324
066583502,53,159,58,107,16,1,0,0,394
066583503,34,102,77,58,9,1,0,0,281
066583504,53,194,30,90,10,0,1,0,378
066583505,31,136,46,53,5,0,0,0,271
066583506,60,199,48,89,19,0,0,1,416
066583507,62,146,23,84,16,1,0,3,335
066583508,40,161,32,156,14,3,0,0,406
066583509,38,131,34,112,9,0,0,8,332
066583510,67,160,17,196,23,4,0,1,468
066583601,25,26,319,118,6,2,0,28,524
066583602,35,168,17,287,19,3,3,3,535
066583603,57,174,39,85,10,0,0,2,367
066583604,54,88,37,48,20,1,0,1,249
066583605,66,122,62,74,11,7,0,3,345
066583606,44,85,29,71,14,0,0,0,243
066583607,73,237,37,141,26,4,0,4,522
066583608,37,124,12,100,13,0,2,5,293
066583609,37,151,20,128,9,6,0,1,352
066583610,28,166,36,65,12,0,0,2,309
066583611,28,191,29,184,26,4,0,4,466
066583612,63,127,14,161,28,3,0,2,398
066583613,26,95,7,186,17,2,0,3,336
066583614,22,91,8,169,12,5,1,2,310
066583701,43,164,22,240,20,2,0,0,491
066583702,38,164,4,370,15,33,1,8,633
066583703,14,113,8,115,24,1,0,0,275
066583704,7,34,2,160,18,7,0,5,233
066583705,17,20,2,154,7,4,0,2,206
066583706,2,78,5,187,24,11,0,0,307
066583707,27,204,19,172,21,0,2,2,447
066583708,5,147,9,218,14,2,0,3,398
066583709,16,159,16,96,19,0,0,4,310
066583710,28,114,28,85,12,4,0,1,272
066583711,25,262,36,179,31,2,0,4,539
066583712,28,262,23,178,14,5,0,2,512
066583713,32,261,21,188,16,5,0,1,524
066583801,16,159,10,316,14,2,4,4,525
066583802,19,135,7,321,5,1,0,2,490
066583803,8,72,2,167,1,1,0,0,251
066583804,17,67,3,266,13,0,0,1,367
066583805,17,211,16,166,26,2,0,9,447
066583806,14,151,5,240,19,2,1,6,438
066583807,6,54,1,45,2,0,0,0,108
066583808,11,51,3,181,4,1,0,4,255
066583809,10,44,0,153,5,7,0,2,221
066583810,17,63,4,130,5,3,0,0,222
066583811,57,163,31,238,21,3,0,9,522
066583812,33,166,29,115,12,0,0,0,355
066583813,50,161,21,85,11,1,0,0,329
066583814,35,194,72,109,8,2,0,1,421
066583815,47,212,22,139,23,7,1,0,451
066583816,62,206,28,272,22,10,0,4,604
066583901,68,205,20,129,22,3,1,1,449
066583902,33,240,29,94,21,0,0,1,418
066583903,14,207,30,135,7,2,0,8,403
066583904,20,113,23,69,17,0,0,0,242
066583905,55,207,15,105,22,1,0,6,411
066583906,11,138,24,137,8,0,0,0,318
066583907,52,153,20,123,17,2,1,2,370
066583908,9,148,17,98,15,2,1,2,292
066583909,28,113,6,76,15,1,0,1,240
066583910,32,271,22,175,16,2,0,3,521
066584001,23,90,1,301,11,8,0,4,438
066584002,5,49,42,210,8,4,1,10,329
066584003,13,50,10,208,8,3,1,8,301
066584004,7,91,1,350,2,5,0,0,456
066584005,12,56,2,264,6,7,0,1,348
066584006,7,51,2,78,2,2,0,1,143
066584007,30,186,19,171,19,2,0,2,429
066584008,14,154,12,91,10,1,0,2,284
066584009,14,66,2,103,7,2,0,1,195
066584010,0,54,3,111,2,1,0,1,172
066584011,14,111,12,70,4,1,0,0,212
066584012,45,163,20,149,8,2,0,2,389
066584013,19,167,11,126,8,0,0,2,333
066584014,56,117,11,97,6,4,0,5,296
066584015,62,217,22,225,12,6,0,7,551
066584016,25,170,26,108,8,0,1,1,339
066584017,44,229,24,160,21,1,0,8,487
066584101,30,119,11,154,11,1,0,4,330
066584102,17,194,12,384,16,5,0,3,631
066584103,41,224,14,123,16,0,0,3,421
066584104,45,237,36,132,8,1,0,7,466
066584105,46,230,41,93,12,2,0,2,426
066584106,28,265,38,126,14,1,0,3,475
066584107,51,254,34,140,16,0,0,2,497
066584108,49,240,18,108,7,0,0,3,425
066584109,54,214,25,145,24,5,0,1,468
066584110,25,269,22,154,11,0,0,1,482
066584111,16,108,12,106,10,1,0,0,253
066584112,19,128,14,137,14,0,0,1,313
066584113,63,224,30,160,16,0,0,2,495
066584114,34,134,7,118,25,0,0,2,320
066584115,26,97,9,152,21,0,0,5,310
066584201,11,78,10,138,8,3,0,2,250
066584202,67,103,28,72,11,1,0,1,283
066584203,59,197,23,102,17,2,0,1,401
066584204,61,139,28,99,6,0,0,5,338
066584205,15,102,14,143,10,2,0,2,288
066584206,29,129,20,78,13,0,0,4,273
066584207,43,87,15,71,5,0,0,5,226
066584208,72,156,33,69,8,0,0,3,341
066584209,50,265,44,89,16,1,0,2,467
066584210,58,214,32,68,11,2,0,1,386
066584211,27,165,30,46,4,0,0,4,276
066584212,54,219,53,69,7,0,0,2,404
066584213,22,235,44,131,16,0,0,2,450
066584301,36,136,37,63,17,0,0,1,290
066584302,36,189,26,154,12,2,0,1,420
066584303,43,227,30,173,15,3,0,7,498
066584304,19,92,10,321,18,13,1,6,480
066584305,19,81,8,184,12,6,0,5,315
066584306,21,117,6,204,15,3,0,4,370
066584307,25,89,6,101,16,4,1,5,247
066584308,29,212,22,175,19,2,2,9,470
066584309,22,111,31,64,9,0,0,0,237
066584310,32,77,24,74,17,1,0,7,232
066584311,34,175,20,116,12,2,0,4,363
066584312,82,147,70,67,17,2,0,1,386
066584401,33,137,16,128,12,1,0,2,329
066584402,20,114,19,179,9,4,0,7,352
066584403,23,157,23,184,15,2,0,0,404
066584404,47,249,26,212,12,3,1,8,558
066584405,36,168,18,127,7,4,0,1,361
066584406,51,173,46,70,4,2,0,3,349
066584407,20,130,17,55,5,0,0,2,229
066584408,46,201,24,151,4,1,0,5,432
066584409,41,210,30,216,18,7,0,8,530
066584410,28,104,21,215,24,8,0,2,402
066584411,48,191,14,228,15,4,0,3,503
066584412,8,130,14,223,9,6,1,2,393
066584413,15,29,5,90,4,1,0,1,145
066584414,14,54,2,105,7,4,0,1,187
067490101,5,3,0,17,0,0,0,0,25
067490102,23,128,49,157,14,3,1,3,378
067490103,56,70,28,164,13,2,0,2,335
067490104,6,9,5,101,10,1,0,0,132
067490105,1,19,32,85,4,0,0,6,147
067490201,12,16,163,7,0,0,0,0,198
067490202,37,61,160,89,14,0,0,1,362
067490203,29,100,176,35,0,1,0,0,341
067490204,29,60,163,77,10,0,0,15,354
067490205,22,30,212,52,11,0,0,1,328
067490206,5,8,102,3,1,0,0,2,121
067490207,17,19,135,32,4,0,1,38,246
067490208,55,14,198,25,5,0,0,0,297
067490209,15,41,224,58,3,0,0,2,343
067490210,35,35,223,48,4,0,0,2,347
067490211,31,51,120,58,3,0,0,0,263
067490212,23,18,120,75,1,0,0,0,237
067490213,32,44,96,84,3,0,0,3,262
067490301,44,101,95,72,6,0,0,1,319
067490302,30,31,42,37,3,0,0,0,143
067490303,27,49,94,51,3,1,0,3,228
067490304,69,104,82,84,5,0,0,0,344
067490305,70,63,60,87,12,0,0,0,292
067490306,27,40,24,73,3,0,0,0,167
067490307,48,52,53,61,2,0,0,0,216
067490308,91,67,47,40,9,0,0,1,255
067490309,53,67,46,67,5,0,0,1,239
067490310,71,94,32,55,3,0,0,2,257
067490311,106,170,21,19,0,0,0,0,316
067490312,79,138,34,109,4,0,0,0,364
067490401,6,15,1,50,19,0,0,0,91
067490402,8,14,0,70,6,0,0,0,98
067490403,61,78,52,33,4,0,0,0,228
067490404,74,200,15,24,4,0,0,0,317
067490405,8,13,0,74,3,0,0,2,100
067490406,58,40,75,84,8,0,0,0,265
067490501,31,37,58,30,1,0,0,0,157
067490502,35,78,69,61,6,0,0,0,249
067490503,73,132,52,30,2,2,0,0,291
067490504,47,176,36,42,7,1,0,0,309
067490505,61,107,43,38,4,0,0,0,253
067490506,115,177,4,6,1,0,0,0,303
067490507,29,142,10,13,0,0,0,1,195
067490508,32,113,13,12,0,0,0,0,170
067490509,37,70,42,85,6,0,0,0,240
067490510,98,94,19,22,1,0,0,2,236
067490511,24,64,30,22,1,3,0,1,145
067490512,99,64,11,25,1,0,0,0,200
067490513,17,66,4,38,0,0,0,0,125
067490601,37,31,25,109,2,0,0,0,204
067490602,34,229,14,46,2,0,0,6,331
067490603,64,160,18,94,2,0,0,10,348
067490604,62,58,10,79,4,0,1,2,216
067490605,60,75,51,107,10,0,0,3,306
067490701,64,100,39,166,9,1,0,3,382
067490702,45,61,33,135,7,1,1,1,284
067490703,63,40,38,143,7,1,0,0,292
067490704,30,102,36,188,10,2,0,1,369
067490705,41,147,33,160,69,0,0,1,451
067490706,58,70,39,123,14,0,0,0,304
067490707,61,167,38,101,7,0,0,1,375
067490708,48,161,87,131,7,0,0,4,438
067490709,13,31,0,176,9,2,4,3,238
067490801,46,100,37,79,9,1,0,0,272
067490802,22,63,13,72,7,0,0,1,178
067490803,28,82,20,97,4,2,0,3,236
067490804,40,123,17,149,16,1,0,0,346
067490805,58,155,14,154,17,0,0,6,404
067490806,51,105,12,123,17,1,0,1,310
067490807,43,142,45,213,7,1,1,1,453
067490808,53,124,20,155,21,0,0,5,378
067490809,43,155,19,99,13,0,0,2,331
067490901,83,109,41,82,5,0,0,2,322
067490902,46,155,37,123,10,0,0,1,372
067490903,45,149,37,193,23,0,0,0,447
067490904,105,212,30,72,8,0,0,2,429
067490905,12,262,8,124,5,0,0,5,416
067490906,33,78,26,168,11,0,0,8,324
067490907,27,92,45,79,5,0,0,0,248
067490908,74,91,44,101,10,0,0,0,320
067490909,40,119,46,103,10,0,7,4,329
067490910,48,97,31,71,14,0,0,0,261
067490911,49,80,53,204,12,2,0,9,409
067490912,84,170,34,131,12,0,0,3,434
067490913,10,18,0,96,2,1,0,1,128
067491001,85,220,53,94,26,0,0,4,482
067491002,61,172,66,35,28,1,0,3,366
067491003,60,217,52,69,13,0,0,0,411
067491004,61,193,40,72,12,0,0,2,380
067491005,87,212,58,47,10,0,0,4,418
067491006,76,196,81,38,4,0,0,5,400
067491007,43,92,5,146,3,1,0,1,291
067491008,34,46,51,42,1,0,0,0,174
067491009,35,145,25,73,9,1,0,1,289
067491010,26,102,54,43,0,1,0,1,227
067491011,51,186,55,86,3,1,0,2,384
067491012,23,63,101,110,2,0,0,1,300
067491013,21,85,18,60,7,0,0,0,191
067491101,16,129,21,116,9,2,0,2,295
067491102,57,84,38,175,15,2,2,2,375
067491103,30,121,6,110,7,1,0,1,276
067491104,34,82,8,70,11,1,0,0,206
067491105,73,115,21,62,16,1,0,1,289
067491106,45,103,19,41,7,0,0,1,216
067491107,123,134,14,56,0,0,0,3,330
067491108,10,50,2,116,3,0,0,1,182
067491109,40,53,13,45,2,0,1,0,154
067491110,36,165,24,91,9,1,0,3,329
067491111,38,136,33,76,11,0,0,1,295
067491112,39,126,27,32,1,1,1,2,229
067491113,84,222,37,56,7,1,0,1,408
067491114,21,193,13,151,13,0,0,2,393
067491201,28,102,13,169,14,0,0,1,327
067491202,27,78,18,194,19,2,0,4,342
067491203,63,160,4,197,12,4,0,6,446
067491204,55,168,26,150,19,1,0,4,423
067491205,207,185,0,0,0,0,0,25,417
067491206,29,51,2,182,2,2,0,5,273
067491207,24,81,21,132,26,1,0,1,286
067491208,219,121,0,0,0,0,0,0,340
067491209,24,100,15,95,8,1,0,3,246
067491210,43,172,28,112,16,2,1,3,377
067491211,27,118,17,205,24,1,0,2,394
067491301,14,43,0,251,11,12,1,1,333
067491302,9,149,43,216,5,1,0,14,437
067491303,17,43,44,124,37,0,0,0,265
067491304,51,89,23,247,20,2,0,2,434
067491305,20,186,18,171,18,2,0,3,418
067491306,26,123,16,264,12,1,0,0,442
067491307,0,2,0,7,0,0,0,0,9
067491308,28,103,6,96,9,0,0,0,242
067491309,19,115,26,87,16,1,0,2,266
067491310,42,101,12,90,23,3,0,1,272
067491311,37,95,19,73,12,1,0,9,246
067491312,41,133,21,75,8,0,0,0,278
067491313,13,156,18,79,12,2,0,0,280
067491314,19,154,12,98,10,0,0,2,295
067491315,21,128,21,55,4,1,0,0,230
067491316,62,207,38,171,20,1,0,5,504
067491317,42,118,16,80,6,0,0,2,264
067491318,7,154,19,109,19,0,1,2,311
067491319,9,160,13,137,6,0,3,9,337
067491320,36,67,3,132,11,0,0,6,255
067491321,21,76,23,72,12,0,0,0,204
067491401,11,122,19,40,5,0,0,2,199
067491402,28,145,35,81,11,0,0,3,303
067491403,28,135,29,84,9,0,0,0,285
067491404,32,141,14,93,8,0,0,1,289
067491405,28,138,20,122,6,1,1,1,317
067491406,23,145,21,122,16,0,0,0,327
067491407,22,188,26,114,9,0,0,6,365
067491408,24,124,49,112,11,0,0,5,325
067491409,56,107,16,119,21,1,4,14,338
067491410,14,101,9,142,7,2,1,1,277
067491411,36,13,5,41,2,0,0,0,97
067491412,63,186,59,77,12,0,0,0,397
067491413,68,163,70,92,13,0,0,4,410
067491414,43,195,86,69,12,0,0,9,414
067491415,39,156,40,110,8,1,0,1,355
067491416,32,96,33,139,18,1,0,1,320
067491417,40,103,19,293,11,0,0,1,467
067491418,31,16,68,40,0,0,0,1,156
067491419,38,81,11,233,11,4,5,4,387
067491420,28,41,5,113,13,0,0,10,210
067491501,1,1,0,26,0,0,1,0,29
067491502,0,2,1,66,5,0,0,1,75
067491503,0,0,2,31,1,0,0,0,34
067491504,1,1,1,79,4,0,0,0,86
067491505,1,0,0,70,3,1,0,5,80
067491506,0,0,0,20,3,0,0,1,24
067491507,0,0,0,25,2,0,0,2,29
067491508,2,0,2,44,9,0,0,1,58
067491509,7,0,1,97,2,0,0,0,107
067491510,1,2,2,101,9,1,2,2,120
067491511,8,2,0,105,10,4,0,2,131
067491512,6,3,4,76,10,1,0,2,102
067491513,4,1,0,65,4,0,0,1,75
067560101,131,40,57,14,1,0,1,1,245
067560102,42,20,105,3,0,0,0,2,172
067560103,18,17,122,39,1,0,0,4,201
067560104,19,27,212,49,0,0,0,0,307
067560105,23,9,211,31,1,0,0,0,275
067560106,49,36,109,61,2,0,0,0,257
067560107,48,123,137,121,11,0,0,3,443
067560108,38,94,39,26,0,0,0,0,197
067560109,41,79,58,33,5,0,0,3,219
067560110,54,140,111,88,5,0,0,6,404
067560111,29,64,69,15,4,0,0,17,198
067560112,96,29,151,51,2,0,0,1,330
067560113,21,57,188,35,5,1,0,1,308
067560114,41,92,189,60,7,0,0,1,390
067560115,25,105,54,29,0,1,0,0,214
067560116,63,93,133,58,8,0,0,1,356
067560117,40,82,124,89,6,0,0,3,344
067560201,28,37,84,115,10,0,1,0,275
067560202,27,40,104,58,7,0,1,0,237
067560203,54,114,113,91,15,0,0,7,394
067560204,28,32,48,147,21,1,1,0,278
067560205,27,44,51,160,10,1,0,3,296
067560206,85,37,126,21,2,0,0,7,278
067560207,42,30,196,60,2,0,0,1,331
067560208,43,32,96,51,2,0,0,1,225
067560209,52,239,9,2,0,0,0,0,302
067560301,66,67,27,22,2,0,0,1,185
067560302,63,35,22,13,0,0,0,0,133
067560303,15,82,51,50,2,0,0,0,200
067560304,75,105,8,57,3,2,0,0,250
067560305,48,58,4,8,18,0,0,4,140
067560306,44,87,0,17,0,0,0,0,148
067560307,174,225,1,0,0,0,0,0,400
067560308,144,68,20,36,0,0,0,0,268
067560309,94,114,26,4,0,0,0,0,238
067560310,132,170,4,7,4,0,0,11,328
067560401,63,41,65,80,12,0,0,4,265
067560402,26,62,143,52,5,1,0,1,290
067560403,15,53,218,41,1,0,0,0,328
067560404,55,47,182,4,0,0,0,0,288
067560405,57,8,234,9,0,0,0,0,308
067560406,35,13,165,7,3,0,0,0,223
067560407,44,22,228,7,0,0,0,0,301
067560408,40,19,128,7,1,0,0,0,195
067560501,32,23,197,10,0,0,0,1,263
067560502,75,15,187,1,1,0,0,2,281
067560503,58,49,132,3,0,0,0,1,243
067560504,25,20,248,7,1,0,0,0,301
067560505,10,18,195,9,0,0,0,0,232
067560506,25,32,162,18,1,0,0,0,238
067560507,61,25,141,16,3,0,0,2,248
067560508,64,104,103,5,0,0,0,3,279
067560509,68,76,93,6,0,0,0,2,245
067560510,11,7,234,3,6,0,0,0,261
067560601,78,124,145,24,3,0,0,1,375
067560602,65,172,19,1,0,0,0,0,257
067560603,96,53,31,7,1,0,0,0,188
067560604,96,22,3,12,1,0,0,0,134
067560605,193,43,3,1,0,0,0,0,240
067560606,114,120,11,1,2,0,0,0,248
067560607,210,98,5,5,0,0,0,23,341
067560608,51,19,163,2,0,0,0,0,235
067560609,114,98,42,16,0,0,0,0,270
067560610,107,184,41,14,0,0,0,0,346
067560611,43,30,128,18,1,0,0,0,220
067560612,16,32,166,4,0,0,0,1,219
067560701,84,30,140,21,5,0,0,0,280
067560702,78,89,47,9,0,0,0,0,223
067560703,14,95,36,3,0,1,1,0,150
067560704,43,83,142,44,1,0,0,0,313
067560705,130,85,61,15,1,0,0,1,293
067560706,111,97,54,55,0,0,0,0,317
067560707,71,66,140,26,0,0,0,1,304
067560708,29,24,186,13,0,0,0,0,252
067560709,25,52,184,23,0,0,0,1,285
067560710,37,33,228,23,0,1,0,4,326
067560801,52,54,184,26,0,0,0,0,316
067560802,19,55,200,34,1,0,0,0,309
067560803,33,38,225,28,2,0,0,2,328
067560804,49,58,205,53,0,0,0,2,367
067560805,47,65,204,51,1,0,0,2,370
067560806,26,51,299,39,3,0,0,0,418
067560807,17,39,216,31,2,0,0,0,305
067560808,51,65,209,35,2,0,0,0,362
067560809,28,48,203,32,2,0,0,0,313
067560901,18,33,133,16,4,0,0,0,204
067560902,19,41,114,9,0,1,0,0,184
067560903,25,45,239,23,3,1,0,0,336
067560904,53,57,214,38,4,0,0,1,367
067560905,54,82,198,37,2,1,0,6,380
067560906,48,106,216,32,3,0,0,0,405
067560907,39,36,288,52,0,0,0,0,415
067560908,48,46,238,53,4,0,0,0,389
067560909,18,46,225,39,5,0,0,4,337
067560910,26,52,216,41,2,0,0,0,337
067560911,16,43,173,36,5,0,0,0,273
067560912,13,43,240,25,0,0,0,1,322
067560913,50,53,147,37,5,0,0,0,292
067560914,37,69,218,29,2,0,0,1,356
067560915,24,41,253,21,0,0,0,0,339
067560916,16,31,222,16,1,0,0,1,287
067561001,65,113,39,3,0,0,0,1,221
067561002,44,96,25,2,0,0,0,25,192
067561003,75,196,52,6,0,0,0,1,330
067561004,176,138,13,1,0,0,0,3,331
067561005,94,101,2,0,0,0,0,0,197
067561006,145,215,11,0,0,0,0,3,374
067561007,92,73,71,10,0,0,0,0,246
067561008,58,167,2,0,0,0,0,18,245
067561009,106,24,5,0,0,0,0,4,139
067561010,35,49,225,12,1,0,0,0,322
067561011,21,31,239,25,0,0,0,1,317
067561012,22,18,270,26,1,0,0,0,337
067561101,47,55,31,60,11,0,0,0,204
067561102,42,68,46,48,7,0,0,0,211
067561103,73,93,80,46,0,2,0,0,294
067561104,67,95,53,59,0,0,0,2,276
067561105,27,210,43,75,1,0,0,1,357
067561106,85,92,68,93,2,0,0,1,341
067561107,91,83,87,90,14,4,0,4,373
067561108,99,37,38,55,1,0,0,4,234
067561109,42,94,14,23,0,0,0,2,175
067561110,101,80,53,7,1,0,0,0,242
067561111,115,109,16,67,2,0,0,0,309
067561112,124,55,111,39,1,0,0,5,335
067561113,12,23,208,10,1,0,0,0,254
067561201,71,118,120,94,6,0,0,0,409
067561202,64,89,34,40,6,0,0,1,234
067561203,47,55,59,54,12,0,0,25,252
067561204,38,91,260,115,7,0,0,2,513
067561205,46,85,117,59,3,0,0,0,310
067561206,63,46,49,26,4,0,0,0,188
067561207,71,36,27,28,2,0,0,3,167
067561208,116,87,91,52,4,1,0,4,355
067561209,46,77,122,88,2,0,1,1,337
067561210,22,27,193,36,1,0,0,2,281
067561211,18,19,283,9,0,0,0,3,332
067561301,43,165,48,10,0,3,1,15,285
067561302,23,51,98,20,1,0,0,0,193
067561303,110,56,213,25,5,0,0,0,409
067561304,46,80,95,92,14,0,0,1,328
067561305,55,101,81,107,3,0,0,1,348
067561306,60,105,65,60,5,0,0,3,298
067561307,65,110,85,53,4,2,0,3,322
067561308,60,122,92,90,10,2,0,1,377
067561309,8,86,2,241,17,2,1,6,363
067561310,23,70,2,167,10,0,0,0,272
067561311,52,161,122,80,8,2,0,1,426
067561312,84,131,75,77,4,0,0,2,373
067561313,69,153,132,38,6,0,0,2,400
067561314,21,189,3,298,1,0,0,0,512
067561401,36,108,2,431,19,4,1,16,617
067561402,62,107,14,471,37,8,2,3,704
067561403,52,84,67,16,2,0,0,0,221
067561404,47,119,50,19,1,0,0,2,238
067561405,50,91,60,29,6,0,0,0,236
067561406,19,92,114,22,2,0,0,3,252
067561407,78,151,123,31,5,0,0,14,402
067561408,54,122,125,42,3,0,1,1,348
067561409,33,59,13,291,6,1,0,2,405
067561410,31,9,4,478,16,8,0,10,556
067561411,27,13,0,263,6,8,0,2,319
067561412,11,1,3,205,28,16,3,3,270
067561413,19,14,0,156,12,2,0,4,207
067561414,12,3,0,256,5,3,1,1,281
067561415,28,53,148,47,1,0,1,0,278
067561501,52,74,249,24,2,0,0,0,401
067561502,27,62,166,106,4,0,0,0,365
067561503,73,92,105,45,0,0,0,0,315
067561504,80,67,233,59,6,0,0,4,449
067561505,56,117,155,66,5,0,0,0,399
067561506,57,95,87,53,1,0,0,0,293
067561507,14,35,119,52,9,0,0,0,229
067561508,41,31,100,25,4,1,0,0,202
067561509,16,33,134,25,5,0,0,0,213
067561510,38,49,184,30,2,0,0,0,303
067561511,29,34,230,29,2,1,1,5,331
067561512,19,20,147,21,2,0,0,0,209
067561601,90,101,107,42,2,0,0,3,345
067561602,45,114,82,12,3,0,0,1,257
067561603,36,53,232,19,0,0,0,0,340
067561604,26,54,189,37,3,0,0,0,309
067561605,18,23,149,18,0,0,0,1,209
067561606,45,54,73,15,1,0,0,3,191
067561607,62,94,85,18,2,0,0,18,279
067561608,32,39,129,78,6,0,1,1,286
067561609,73,58,143,27,2,0,0,1,304
067561610,10,27,142,19,2,0,0,0,200
067561611,47,15,245,25,1,0,0,1,334
067561612,20,17,201,21,2,0,0,1,262
067561613,32,34,189,29,2,0,0,4,290
067561701,105,134,31,26,9,0,0,4,309
067561702,59,74,181,75,16,1,0,0,406
067561703,45,129,105,51,6,0,0,2,338
067561704,39,86,164,23,2,0,0,0,314
067561705,31,62,97,11,2,0,0,2,205
067561706,28,93,161,31,0,0,0,0,313
067561707,32,69,196,49,8,2,0,1,357
067561708,60,59,241,39,5,0,0,3,407
067561709,47,95,220,30,5,0,0,1,398
067561710,26,202,16,74,10,0,0,1,329
067561801,28,70,131,36,4,0,0,0,269
067561802,47,52,272,19,3,0,0,1,394
067561803,116,120,57,2,0,0,0,0,295
067561804,19,48,276,12,0,0,0,2,357
067561805,24,43,139,11,4,0,0,3,224
067561806,32,58,131,14,3,0,0,6,244
067561807,36,32,123,13,2,0,0,0,206
067561808,13,6,40,2,1,0,0,0,62
067561809,211,18,0,0,0,0,0,0,229
067561810,98,200,0,0,0,0,0,3,301
067561811,137,104,173,11,0,0,0,0,425
067561901,37,125,174,40,8,1,0,0,385
067561902,69,112,195,40,5,0,0,0,421
067561903,37,75,124,23,2,0,0,0,261
067561904,26,48,124,23,2,0,0,1,224
067561905,44,111,213,59,2,0,1,1,431
067561906,33,84,270,40,4,0,0,1,432
067561907,88,40,202,46,0,0,0,0,376
067561908,86,131,174,44,3,0,0,1,439
067561909,59,110,183,28,9,0,0,4,393
067561910,44,74,131,28,9,1,0,1,288
067562001,31,42,193,14,2,3,0,0,285
067562002,29,68,189,30,5,0,0,1,322
067562003,86,93,132,65,8,2,1,3,390
067562004,27,71,38,37,10,0,0,4,187
067562005,30,77,85,32,2,0,0,0,226
067562006,23,45,101,21,3,0,0,1,194
067562007,72,134,193,52,14,0,0,3,468
067562008,65,144,106,39,8,0,0,0,362
067562009,60,102,99,36,8,0,0,1,306
067562101,45,74,211,68,14,1,0,2,415
067562102,30,130,57,134,14,0,0,0,365
067562103,39,36,124,45,1,0,0,0,245
067562104,18,46,305,56,6,0,2,3,436
067562105,21,11,199,18,3,0,0,0,252
067562106,23,23,246,13,4,0,1,3,313
067562107,20,9,125,16,1,0,0,0,171
067562108,29,16,263,23,1,0,0,0,332
067562109,12,23,239,19,1,0,0,4,298
067562110,21,9,38,8,0,0,0,1,77
067562111,60,51,141,30,8,0,0,0,290
067562201,516,86,0,0,0,0,0,6,608
067562202,249,98,0,0,1,0,0,0,348
067562203,291,180,0,0,0,0,0,0,471
067562204,59,204,34,146,15,0,0,7,465
067562205,39,198,27,67,14,0,0,0,345
067562206,40,12,5,294,25,13,0,2,391
067562207,39,126,53,49,14,2,0,0,283
067562208,16,73,106,34,1,0,0,0,230
067562209,47,116,74,34,2,0,0,6,279
067562210,72,125,50,38,6,0,0,2,293
067562211,48,66,200,35,2,0,0,0,351
067562212,31,66,91,15,0,0,0,0,203
067562213,39,29,114,7,1,0,0,0,190
067562301,139,206,1,233,17,1,0,3,600
067562302,71,162,16,9,5,0,0,11,274
067562303,32,86,87,37,8,0,0,0,250
067562304,56,193,76,68,16,0,0,3,412
067562305,70,119,77,67,9,0,0,2,344
067562306,51,103,56,48,21,0,0,0,279
067562307,72,163,82,54,13,0,0,1,385
067562308,76,131,99,37,5,0,0,4,352
067562309,57,133,53,119,13,5,0,5,385
067562310,25,100,33,128,9,1,0,11,307
067562401,44,171,54,57,13,0,0,1,340
067562402,45,78,53,13,6,0,0,0,195
067562403,39,67,79,26,3,0,0,0,214
067562404,52,78,51,38,5,0,0,3,227
067562405,29,128,53,20,6,0,0,4,240
067562406,112,106,62,40,3,1,0,1,325
067562407,28,75,81,8,2,0,0,0,194
067562408,23,73,91,8,3,0,0,12,210
067562409,33,59,127,13,3,0,0,0,235
067562410,28,33,183,11,2,0,0,0,257
067562411,88,115,160,25,1,0,0,3,392
067562412,93,115,172,37,5,0,0,1,423
067562413,82,142,96,28,4,0,0,0,352
067562501,35,76,10,167,5,0,1,3,297
067562502,44,124,113,26,9,0,0,1,317
067562503,45,72,65,21,4,0,0,1,208
067562504,30,41,81,17,1,0,0,1,171
067562505,66,78,41,48,5,0,0,0,238
067562506,32,77,51,43,18,0,0,0,221
067562507,53,70,51,20,9,0,0,0,203
067562508,55,56,45,27,7,0,0,0,190
067562509,69,119,114,42,6,0,0,0,350
067562510,89,112,69,69,9,0,0,4,352
067562511,9,108,12,151,0,0,0,0,280
067562512,68,101,95,107,10,1,0,5,387
067562513,61,97,105,36,0,1,0,5,305
067562514,84,76,106,24,5,0,0,0,295
067562515,64,107,128,33,5,0,0,3,340
067562516,119,134,58,42,4,0,0,2,359
067562517,70,105,58,26,0,1,0,1,261
067562518,107,134,97,49,6,1,0,2,396
067562519,85,161,87,21,10,0,0,5,369
067562601,54,140,113,67,14,0,0,0,388
067562602,42,102,50,47,14,0,0,0,255
067562603,27,62,73,21,6,0,0,0,189
067562604,42,78,86,33,10,0,0,0,249
067562605,42,91,65,34,12,0,0,0,244
067562606,54,118,125,54,12,0,0,0,363
067562607,60,148,106,61,18,0,0,0,393
067562608,47,138,100,86,11,0,0,0,382
067562609,36,86,56,41,10,0,0,0,229
067562610,15,89,38,48,4,0,0,0,194
067562611,54,160,90,80,16,0,0,0,400
067562701,23,178,15,224,5,1,1,9,456
067562702,31,204,40,156,17,0,0,11,459
067562703,22,90,11,214,4,0,1,0,342
067562704,4,127,16,170,3,0,0,0,320
067562705,36,175,33,165,11,0,0,0,420
067562706,46,269,32,131,16,0,2,2,498
067562707,46,103,33,33,5,0,0,4,224
067562708,70,92,49,36,2,0,0,0,249
067562709,21,92,35,61,9,0,0,2,220
067562710,31,71,48,93,8,0,1,3,255
067562711,96,120,175,54,4,0,0,4,453
067562712,91,193,38,65,15,0,0,4,406
067600101,51,87,35,132,22,0,0,11,338
067600102,62,125,43,82,11,0,0,1,324
067600103,71,141,86,70,15,0,0,2,385
067600104,46,84,87,68,18,1,0,0,304
067600105,59,107,230,72,14,0,0,3,485
067600106,52,54,142,33,5,0,0,1,287
067600107,69,179,90,112,20,0,2,0,472
067600108,101,178,47,108,18,0,1,3,456
067600109,61,171,34,187,36,2,2,2,495
067600110,71,145,24,138,20,1,0,1,400
067600111,19,119,47,21,12,0,0,4,222
067600112,55,70,55,36,8,0,0,1,225
067600113,41,87,127,52,4,0,0,0,311
067600114,92,172,52,114,21,1,1,0,453
067600115,34,165,37,54,5,1,0,0,296
067600116,77,88,36,13,10,0,0,0,224
067600117,39,55,84,31,8,0,0,3,220
067600201,39,128,210,40,5,0,0,4,426
067600202,54,250,78,25,0,0,0,3,410
067600203,62,68,48,47,1,0,0,1,227
067600204,49,89,105,33,1,1,0,1,279
067600205,98,101,40,30,9,0,0,0,278
067600206,143,94,20,10,0,0,0,0,267
067600207,173,104,24,19,0,0,0,1,321
067600208,48,55,6,1,0,0,0,25,135
067600209,26,96,16,26,1,0,0,1,166
067600210,60,265,72,15,1,0,1,0,414
067600211,21,64,150,26,3,0,1,2,267
067600212,13,50,193,23,4,0,0,0,283
067600213,68,136,149,17,1,0,0,2,373
067600214,26,153,30,12,1,0,1,8,231
067600215,23,138,28,10,4,0,0,5,208
067600216,61,100,13,9,2,0,0,0,185
067600217,98,102,7,9,2,0,0,1,219
067600301,92,30,76,11,0,0,0,5,214
067600302,138,111,148,81,15,0,4,4,501
067600303,99,117,51,40,7,1,0,3,318
067600304,71,120,36,53,9,1,0,4,294
067600305,47,147,42,95,20,1,0,16,368
067600306,61,80,53,27,6,0,0,1,228
067600307,34,19,17,25,0,0,0,2,97
067600308,28,50,150,37,1,0,0,0,266
067600309,31,78,64,25,4,0,0,1,203
067600310,15,23,24,12,0,0,0,0,74
067600311,119,171,59,1,1,0,0,0,351
067600312,20,29,16,9,0,0,0,2,76
067600313,104,165,119,47,4,0,0,1,440
067600314,135,105,62,12,0,0,0,3,317
067600315,56,150,47,24,1,0,0,0,278
067600316,33,72,12,12,2,0,0,1,132
067600317,100,96,81,43,5,0,0,3,328
067600401,12,97,51,51,12,0,0,0,223
067600501,91,198,120,111,19,1,1,1,542
067600502,76,67,131,45,4,1,0,5,329
067600503,57,111,181,84,12,0,0,35,480
067600504,45,89,51,50,6,0,1,0,242
067600505,65,130,100,81,16,1,0,4,397
067600506,111,86,31,56,8,0,0,6,298
067600507,71,179,37,88,7,0,0,5,387
067600508,80,181,119,131,18,1,0,2,532
067600509,75,194,113,67,10,1,0,0,460
067600510,86,195,148,142,22,2,0,2,597
067600511,111,214,307,123,23,2,0,2,782
067600512,79,77,129,72,5,0,0,2,364
067600601,83,127,86,44,6,0,0,0,346
067600602,78,151,98,46,9,0,0,1,383
067600603,94,61,66,59,4,0,0,1,285
067600604,47,115,74,49,4,0,0,2,291
067600605,53,95,89,53,10,0,0,0,300
067600606,64,106,70,38,4,0,0,1,283
067600607,75,134,35,78,11,3,0,5,341
067600608,61,167,60,73,15,0,4,0,380
067600609,20,190,25,158,29,0,0,3,425
067600610,46,93,7,254,7,0,1,7,415
067600701,59,134,193,170,10,3,1,1,571
067600702,70,145,204,123,10,4,2,1,559
067600703,89,66,253,56,5,0,1,2,472
067600704,62,60,218,49,8,0,0,0,397
067600705,32,63,244,92,3,0,0,2,436
067600706,34,55,107,57,1,0,0,0,254
067600707,30,28,116,64,2,0,0,2,242
067600708,26,30,220,34,7,1,0,1,319
067600709,52,69,177,65,2,1,0,1,367
067600710,60,106,182,128,12,0,1,0,489
067600801,68,74,120,71,5,0,0,0,338
067600802,78,166,152,63,6,0,0,0,465
067600803,75,131,114,60,5,0,0,1,386
067600804,94,108,112,47,5,0,0,1,367
067600805,19,93,86,26,1,0,0,1,226
067600806,51,106,140,58,6,0,0,2,363
067600807,50,90,217,131,5,0,0,2,495
067600808,42,36,89,41,4,0,0,2,214
067600809,58,94,125,77,13,0,0,1,368
067600810,67,96,93,61,21,1,0,0,339
067600811,37,119,54,49,7,0,0,0,266
067600812,62,69,196,49,5,1,0,0,382
067600901,48,84,51,44,9,0,0,1,237
067600902,28,95,37,40,9,0,0,3,212
067600903,64,146,50,74,9,3,0,4,350
067600904,33,100,83,45,4,0,0,0,265
067600905,60,93,84,26,0,0,0,1,264
067600906,58,69,48,41,3,0,0,0,219
067600907,85,104,125,96,7,0,0,4,421
067600908,61,70,48,37,4,2,0,0,222
067600909,25,47,131,23,3,0,0,0,229
067600910,45,148,172,54,6,0,0,2,427
067600911,70,92,220,64,11,2,0,0,459
067600912,47,117,226,43,14,0,0,0,447
067600913,9,96,269,16,0,0,0,0,390
067600914,23,167,58,89,13,0,0,0,350
067600915,22,78,30,41,12,0,1,0,184
067600916,38,113,29,71,8,0,0,4,263
067601001,82,63,14,59,7,0,0,3,228
067601002,40,133,8,61,14,3,1,2,262
067601003,32,70,13,57,12,0,0,1,185
067601004,32,123,19,63,13,0,0,0,250
067601005,30,84,11,81,9,0,0,0,215
067601006,8,22,3,26,2,0,0,0,61
067601007,21,31,15,25,4,0,0,0,96
067601008,10,43,10,32,7,0,0,1,103
067601009,21,96,33,79,18,2,0,0,249
067601010,4,30,6,30,9,1,1,1,82
067601011,16,31,8,61,3,0,0,1,120
067601012,25,114,21,222,28,3,1,1,415
067601013,68,108,13,146,30,5,1,7,378
067601014,27,169,8,157,24,0,0,4,389
067601015,40,179,12,127,23,1,2,2,386
067601101,32,79,80,30,13,2,0,1,237
067601102,20,101,65,98,9,1,0,4,298
067601103,103,265,79,117,18,2,0,3,587
067601104,45,164,50,120,24,1,2,25,431
067601105,22,43,95,32,4,0,0,1,197
067601106,103,284,101,152,28,1,0,12,681
067601107,46,161,23,132,30,0,0,4,396
067601108,69,206,69,201,43,0,0,7,595
067601109,27,122,32,50,12,0,0,0,243
067601110,38,138,41,170,34,1,0,0,422
067601111,56,218,34,201,25,3,2,5,544
067601112,36,100,28,45,13,0,0,4,226
067601113,30,128,31,40,5,3,0,1,238
067601114,21,89,26,29,3,0,0,3,171
067601115,17,76,40,38,9,0,0,0,180
067601116,16,32,60,31,10,1,0,0,150
067601117,20,70,76,41,16,1,0,2,226
067601201,18,53,66,66,12,0,1,0,216
067601202,35,74,26,85,8,0,1,3,232
067601203,8,19,42,28,3,0,0,2,102
067601204,16,49,142,16,5,1,0,0,229
067601205,20,73,112,54,5,1,1,0,266
067601206,48,63,57,38,0,0,0,1,207
067601207,5,6,66,27,5,0,0,2,111
067601208,24,18,84,97,5,0,0,6,234
067601209,21,18,42,110,11,6,3,5,216
067601210,10,62,25,122,11,0,0,4,234
067601211,23,66,63,132,9,0,0,2,295
067601212,40,70,30,153,12,1,0,5,311
067601213,3,2,1,0,0,0,0,1,7
067601214,48,74,35,164,13,1,0,3,338
067601215,37,60,37,163,14,0,0,1,312
067601216,29,105,13,185,21,13,0,2,368
067601217,34,82,13,231,29,0,1,11,401
067601218,35,15,2,177,2,2,0,4,237
067601219,24,26,4,225,10,1,3,8,301
067601301,39,53,62,32,6,0,1,3,196
067601302,30,89,104,91,15,0,0,1,330
067601303,15,65,26,51,6,0,0,1,164
067601304,31,101,39,50,7,0,0,2,230
067601305,96,128,32,39,9,0,0,2,306
067601306,74,109,8,202,29,2,1,4,429
067601307,33,128,11,79,4,0,1,3,259
067601308,53,107,14,89,9,0,0,0,272
067601309,39,121,5,235,13,1,0,17,431
067601310,53,173,16,189,12,0,0,0,443
067601311,53,130,25,154,13,1,0,2,378
067601312,40,103,83,92,11,0,0,2,331
067601313,10,48,145,47,5,4,0,0,259
067601314,82,178,9,156,12,3,2,4,446
067601315,72,81,66,163,18,0,3,8,411
067601316,26,88,13,61,13,2,2,2,207
067601401,29,97,18,81,6,0,1,2,234
067601402,8,107,11,128,7,1,1,3,266
067601403,20,133,24,117,4,2,0,2,302
067601404,28,173,31,195,9,2,0,6,444
067601405,21,98,11,141,19,2,2,1,295
067601406,74,81,19,339,27,14,2,16,572
067601407,62,101,23,323,41,4,3,15,572
067601408,29,104,20,107,26,0,1,10,297
067601409,38,170,33,116,18,2,1,5,383
067601410,21,127,25,154,19,0,1,0,347
067601411,33,81,7,164,12,3,3,5,308
067601412,41,79,6,248,16,5,0,17,412
067601413,46,72,17,235,31,4,0,10,415
067601414,20,58,17,131,20,0,0,2,248
067601415,17,27,11,56,5,0,0,2,118
067601501,71,125,34,76,13,0,0,6,325
067601502,43,99,22,53,13,0,0,7,237
067601503,33,56,16,67,12,1,0,2,187
067601504,29,99,18,86,11,2,3,2,250
067601505,61,101,10,227,35,0,0,13,447
067601506,17,85,6,100,13,2,0,0,223
067601507,58,110,13,115,9,5,0,4,314
067601508,52,150,43,89,18,2,2,8,364
067601509,37,63,11,263,41,6,5,1,427
067601510,8,20,3,150,18,0,1,2,202
067601511,19,13,4,198,23,1,0,2,260
067601512,63,168,38,72,14,0,0,3,358
067601513,44,151,32,63,11,0,0,2,303
067601514,30,79,15,114,11,1,0,0,250
067601515,32,70,35,40,20,0,0,4,201
067601516,31,71,36,52,13,2,0,0,205
067601601,55,114,30,75,13,0,1,2,290
067601602,38,142,26,67,6,0,0,4,283
067601603,22,188,28,92,27,0,0,2,359
067601604,11,161,36,92,19,0,0,5,324
067601605,32,140,26,142,20,1,0,3,364
067601606,42,123,20,170,25,1,0,2,383
067601607,15,136,10,119,20,7,1,2,310
067601608,19,192,10,131,14,1,0,1,368
067601609,13,125,8,103,10,1,0,2,262
067601610,10,139,24,93,8,2,0,1,277
067601611,49,79,28,68,8,2,0,0,234
067601612,30,87,15,42,6,2,0,1,183
067601613,49,145,26,104,6,2,0,6,338
067601614,22,161,8,88,22,2,1,1,305
067601701,36,156,30,160,47,5,2,2,438
067601702,42,138,32,122,15,0,0,4,353
067601703,32,107,28,106,19,0,0,3,295
067601704,21,116,22,123,19,0,1,3,305
067601705,38,118,7,152,28,0,0,2,345
067601706,58,142,18,149,22,1,0,1,391
067601707,37,142,9,93,10,0,0,4,295
067601708,31,151,18,161,33,1,1,4,400
067601709,31,118,30,79,27,1,0,6,292
067601710,24,136,49,77,21,0,0,0,307
067601711,46,123,8,77,18,1,0,1,274
067601712,22,120,24,108,23,0,0,0,297
067601713,18,136,58,85,15,0,0,4,316
067601714,47,106,28,74,17,2,0,4,278
067601715,35,134,13,135,21,3,0,1,342
067601716,29,94,19,80,17,0,0,1,240
067601801,36,85,14,139,10,1,6,1,292
067601802,20,112,15,125,20,2,2,12,308
067601803,41,138,30,127,24,5,2,3,370
067601804,60,98,10,246,12,5,5,3,439
067601805,52,74,5,93,13,0,0,6,243
067601806,39,100,16,85,11,0,0,2,253
067601807,31,124,9,118,17,2,0,3,304
067601808,42,89,14,213,24,10,0,6,398
067601809,38,85,9,135,27,1,7,2,304
067601810,35,104,24,101,22,0,0,5,291
067601811,44,96,20,120,22,2,0,8,312
067601812,64,120,12,193,19,1,1,1,411
067601813,47,113,6,86,10,1,1,10,274
067601814,47,131,10,91,31,1,6,0,317
067601815,51,110,15,82,18,5,1,2,284
067601816,42,94,9,91,17,0,0,3,256
068050101,4,24,31,123,25,5,0,2,214
068050102,10,12,14,137,33,0,0,1,207
068050103,13,14,3,170,14,1,0,6,221
068050104,12,28,18,241,14,1,0,4,318
068050105,41,21,33,14,1,0,0,0,110
068050106,39,28,56,35,0,0,0,0,158
068050107,84,48,74,37,0,0,0,4,247
068050108,56,35,44,26,2,0,0,0,163
068050201,8,9,7,79,6,1,2,0,112
068050202,74,45,40,43,2,0,0,0,204
068050203,38,47,24,228,20,1,2,8,368
068050204,47,80,17,224,21,3,2,1,395
068050205,34,133,44,220,24,2,1,11,469
068050301,5,3,59,17,2,0,0,2,88
068050302,3,11,45,67,21,0,0,2,149
068050303,16,26,11,239,25,1,3,8,329
068050304,169,72,186,174,2,0,0,4,607
068050305,65,72,60,245,8,1,0,2,453
068050306,83,96,63,154,6,0,0,0,402
068050307,99,69,180,58,3,0,1,1,411
068050308,64,25,113,16,2,0,0,0,220
068050309,43,15,90,3,0,0,0,0,151
068050310,39,11,85,4,0,0,0,1,140
068050311,72,28,236,40,2,1,0,2,381
068050401,27,20,92,75,9,2,0,0,225
068050402,9,38,29,142,7,18,1,2,246
068050403,10,51,6,430,21,7,1,9,535
068050404,12,63,20,349,10,1,2,7,464
068050405,21,63,14,363,26,10,3,1,501
068050406,5,84,14,226,18,0,0,0,347
068050407,37,103,20,495,36,10,1,17,719
068050408,14,51,25,185,14,0,0,8,297
068050409,26,107,39,297,17,0,0,4,490
068050410,33,126,48,294,17,1,0,0,519
068050411,150,99,140,36,0,1,0,3,429
068050412,197,74,259,156,0,1,0,0,687
068050501,33,64,166,79,5,0,0,0,347
068050502,13,67,154,111,1,0,0,0,346
068050503,24,97,127,157,3,0,2,2,412
068050504,9,31,137,48,25,0,0,1,251
068050505,7,47,28,165,7,6,1,5,266
068050506,12,49,20,192,20,0,0,0,293
068050507,18,104,61,310,23,1,2,2,521
068050508,31,59,67,209,12,0,0,3,381
068050509,12,41,43,165,6,0,0,4,271
068050510,21,49,71,117,7,1,0,3,269
068050511,18,94,70,301,24,1,0,2,510
068050512,31,51,22,318,34,2,1,3,462
068050513,43,51,89,186,16,2,0,0,387
068050601,25,9,4,594,27,4,3,6,672
068050602,41,54,17,178,8,1,1,0,300
068050603,32,68,52,230,10,0,1,6,399
068050604,54,103,51,167,20,2,2,2,401
068050605,35,46,26,95,6,0,0,0,208
068050606,10,45,48,119,4,0,0,1,227
068050607,12,29,32,45,3,0,0,1,122
068050608,35,80,65,155,3,0,0,2,340
068050609,54,184,53,107,6,2,0,1,407
068050610,95,62,42,156,7,0,0,3,365
068050611,28,67,70,129,8,0,0,1,303
068050612,59,78,72,135,5,0,0,2,351
068050701,11,35,26,77,5,0,0,7,161
068050702,18,50,42,166,7,0,0,2,285
068050703,35,74,34,192,13,0,0,1,349
068050704,31,65,35,132,9,0,1,2,275
068050705,25,74,11,172,13,0,0,0,295
068050706,15,39,5,94,2,0,0,1,156
068050707,10,25,10,103,0,0,0,0,148
068050708,8,0,0,16,2,0,0,0,26
068050709,3,24,9,41,0,0,0,0,77
068050710,5,1,0,20,2,0,0,0,28
068050711,1,9,0,24,1,0,0,0,35
068050801,6,28,37,54,11,0,0,1,137
068050802,17,36,7,26,2,0,0,3,91
068050803,15,95,37,86,3,0,0,1,237
068050804,61,130,4,40,0,0,0,14,249
068050805,20,44,46,72,4,0,0,0,186
068050806,33,37,70,138,12,0,0,1,291
068050807,21,70,103,267,8,0,0,0,469
068050808,22,172,29,262,87,2,0,1,575
068050809,55,64,17,299,24,8,1,6,474
068050810,18,39,8,135,10,1,0,3,214
068050811,31,51,32,334,19,3,4,3,477
068050812,35,28,6,154,8,0,0,8,239
068050813,59,108,23,318,22,20,1,11,562
068050814,47,125,16,260,15,2,1,1,467
068050901,0,0,0,1,0,0,0,0,1
068050902,31,66,8,177,11,2,0,0,295
068050903,39,91,11,144,13,1,0,2,301
068050904,34,187,51,310,20,3,1,5,611
068050905,204,85,251,67,2,0,0,2,611
068050906,269,73,183,55,0,0,0,5,585
068051001,36,168,92,189,10,3,0,3,501
068051002,27,104,29,119,12,1,0,1,293
068051003,20,96,28,146,6,1,0,5,302
068051004,39,144,66,240,32,1,0,1,523
068051005,14,67,98,89,5,0,0,4,277
068051006,40,128,77,165,18,0,0,1,429
068051007,40,89,15,252,16,2,0,4,418
068051008,58,141,26,296,15,5,1,4,546
068051009,22,116,11,313,11,4,1,7,485
068051010,42,74,8,246,3,0,1,5,379
068051011,14,131,21,183,5,4,1,1,360
068051012,103,29,113,47,1,0,0,1,294
068051013,80,20,103,25,0,0,0,0,228
068051101,21,58,60,215,11,0,0,2,367
068051102,30,34,47,125,11,4,0,2,253
068051103,71,30,323,80,3,0,3,2,512
068051104,56,110,217,116,11,0,0,0,510
068051105,26,99,80,173,21,0,1,5,405
068051106,31,115,12,176,12,1,0,0,347
068051107,37,106,22,203,13,1,2,2,386
068051108,41,140,39,313,22,1,0,9,565
068051109,39,117,15,241,12,0,0,6,430
068051110,47,160,37,226,13,0,0,4,487
068051201,15,58,73,95,8,2,0,1,252
068051202,22,67,100,113,18,1,0,0,321
068051203,57,93,135,66,9,0,1,0,361
068051204,20,65,102,72,5,0,1,1,266
068051205,30,92,100,73,5,1,0,0,301
068051206,20,42,114,49,4,0,0,3,232
068051207,18,60,78,97,8,0,0,2,263
068051208,15,49,82,87,21,0,1,0,255
068051209,18,39,93,56,7,0,0,0,213
068051210,82,103,287,108,14,1,0,0,595
068051211,28,55,195,61,5,0,0,5,349
068051212,21,79,296,28,4,1,0,0,429
068051213,24,41,156,54,4,0,1,1,281
068051214,29,37,147,55,3,0,0,1,272
068051301,166,63,116,47,0,0,0,0,392
068051302,77,53,196,70,0,0,0,0,396
068051303,53,96,168,140,7,0,0,1,465
068051304,33,88,116,153,11,0,0,2,403
068051305,16,121,70,138,12,1,0,4,362
068051306,24,103,22,116,9,1,0,2,277
068051307,10,127,56,110,7,0,0,1,311
068051308,50,226,27,269,15,1,1,8,597
068051309,13,80,1,173,18,6,1,12,304
068051310,17,80,16,119,8,2,0,0,242
068051311,36,116,15,249,13,1,1,7,438
068051312,39,110,27,211,12,0,2,4,405
068051313,27,91,70,151,31,2,0,2,374
068051314,31,100,51,158,10,1,0,1,352
068051315,37,81,63,90,7,0,0,0,278
068051316,37,134,108,95,5,0,1,0,380
068051317,15,102,54,91,6,0,1,0,269
068051318,61,130,125,154,16,1,0,1,488
068051401,36,142,27,175,20,1,0,2,403
068051402,12,91,21,146,7,0,0,1,278
068051403,28,137,34,156,17,0,0,1,373
068051404,42,156,52,145,14,2,0,3,414
068051405,37,186,56,195,7,0,0,3,484
068051406,21,138,31,116,6,0,0,1,313
068051407,39,101,33,118,9,0,3,6,309
068051408,9,108,9,150,16,1,1,1,295
068051409,24,153,35,119,1,0,0,1,333
068051410,33,116,32,103,10,10,0,0,304
068051411,24,106,36,166,10,1,0,0,343
068051412,31,145,22,123,17,0,2,4,344
068051413,22,171,15,151,15,0,0,1,375
068051414,22,144,37,152,13,0,0,1,369
068051415,22,134,18,160,10,1,2,6,353
068051416,58,190,37,241,23,2,2,3,556
068051501,22,68,110,65,9,0,0,1,275
068051502,20,88,83,85,9,0,0,0,285
068051503,36,83,152,93,10,0,0,7,381
068051504,11,84,95,129,15,0,1,1,336
068051505,13,67,143,105,11,0,0,1,340
068051506,47,127,119,184,24,2,0,0,503
068051507,35,77,145,133,14,0,0,0,404
068051508,29,102,112,167,17,0,1,5,433
068051509,31,100,156,110,21,0,0,1,419
068051510,19,111,121,104,9,0,0,0,364
068051511,17,94,36,128,17,0,0,7,299
068051512,15,78,95,49,5,1,1,0,244
068051513,45,73,113,121,12,0,2,0,366
068051601,27,151,16,233,14,1,2,4,448
068051602,33,178,44,272,18,1,3,1,550
068051603,25,116,22,174,9,0,0,1,347
068051604,29,112,24,292,10,2,0,7,476
068051605,17,73,81,101,9,0,0,0,281
068051606,30,117,53,91,31,0,0,10,332
068051607,32,108,46,160,13,1,0,1,361
068051608,11,83,41,175,25,1,2,12,350
068051609,20,29,143,93,24,0,6,1,316
068051610,42,199,13,261,35,5,2,37,594
068051611,28,65,137,138,14,0,0,2,384
068051701,8,180,28,164,8,4,0,1,393
068051702,42,142,86,148,13,0,0,2,433
068051703,34,83,60,53,6,0,0,0,236
068051704,35,96,95,35,6,0,0,0,267
068051705,64,153,90,100,7,1,0,2,417
068051706,57,173,89,117,9,1,0,1,447
068051707,74,192,82,111,10,0,0,3,472
068051708,41,225,69,117,16,0,0,1,469
068051709,59,252,89,112,11,0,0,3,526
068051710,69,166,63,116,11,0,0,6,431
068051711,68,163,50,138,20,0,3,1,443
068051801,34,77,53,59,4,0,0,0,227
068051802,23,92,41,85,8,0,0,0,249
068051803,53,141,184,83,7,0,1,1,470
068051804,73,177,91,82,4,0,0,3,430
068051805,19,62,197,67,2,2,1,1,351
068051806,11,59,128,62,6,0,0,7,273
068051807,23,106,81,65,7,0,0,0,282
068051808,74,178,83,88,13,2,0,2,440
068051809,46,137,131,80,8,0,0,2,404
068051810,49,159,120,85,17,1,0,8,439
068051811,53,115,230,64,3,1,0,2,468
068051812,9,2,14,400,6,0,0,0,431
068051901,29,85,46,88,10,1,0,0,259
068051902,24,29,174,41,5,0,0,1,274
068051903,21,44,199,29,2,0,0,0,295
068051904,23,28,124,47,0,3,0,4,229
068051905,20,86,77,108,9,0,0,0,300
068051906,57,193,98,133,8,0,0,2,491
068051907,16,56,129,50,5,0,0,0,256
068051908,15,76,65,65,5,0,0,0,226
068051909,10,127,95,85,5,0,0,3,325
068051910,32,65,78,49,3,0,0,0,227
068051911,91,133,145,98,7,0,0,1,475
068051912,48,63,213,66,11,0,1,1,403
068051913,1,7,73,1,0,0,0,0,82
068051914,19,72,169,21,1,1,3,1,287
068052001,8,51,47,57,7,0,0,0,170
068052002,35,96,32,95,14,1,1,4,278
068052003,26,124,28,67,4,0,0,4,253
068052004,70,236,51,168,23,0,0,2,550
068052005,101,220,27,65,7,1,0,2,423
068052006,11,168,18,122,8,0,0,2,329
068052007,75,230,1,223,3,0,0,1,533
068052008,35,156,10,76,8,0,0,0,285
068052009,29,134,39,128,18,2,1,0,351
068052010,37,108,40,151,14,1,0,1,352
068052011,18,113,64,145,34,1,0,5,380
068052012,31,113,77,89,2,0,0,1,313
068052013,29,73,46,145,19,0,0,6,318
068052014,11,98,126,71,2,0,1,3,312
068052101,44,59,19,185,16,1,5,5,334
068052102,21,77,15,134,33,0,1,8,289
068052103,37,108,60,269,23,4,3,2,506
068052104,102,113,82,255,22,0,0,3,577
068052105,22,117,73,130,8,0,0,3,353
068052106,31,104,37,155,14,0,0,4,345
068052107,27,8,12,200,17,3,1,3,271
068052108,24,78,22,167,16,3,0,2,312
068052109,21,108,29,135,31,0,1,0,325
068052110,34,98,26,154,14,0,2,1,329
068052111,39,150,28,175,25,0,6,1,424
068052112,38,129,30,159,13,0,0,1,370
068052113,49,61,20,190,31,1,2,20,374
068052114,27,102,25,135,12,1,1,4,307
068052201,45,56,96,217,10,1,7,4,436
068052202,63,90,31,284,14,4,3,10,499
068052203,58,101,24,261,20,2,5,11,482
068052204,55,87,27,322,15,5,1,11,523
068052205,55,107,52,293,24,3,1,8,543
068052206,39,132,64,158,11,2,0,6,412
068052207,29,81,44,191,30,1,1,4,381
068052208,20,71,139,97,11,1,0,1,340
068052209,26,56,234,102,9,0,1,2,430
068052210,14,93,70,87,5,2,1,0,272
068052301,32,46,10,232,16,3,2,3,344
068052302,44,45,11,275,19,7,3,7,411
068052303,42,98,38,274,21,1,1,4,479
068052304,40,115,49,229,20,2,0,7,462
068052305,21,78,39,190,17,9,2,9,365
068052306,21,64,75,157,10,0,3,3,333
068052307,39,77,27,280,16,4,3,10,456
068052308,37,27,26,149,10,0,0,1,250
068052309,30,39,5,119,5,6,0,0,204
068052310,37,83,33,226,3,3,3,4,392
068052311,23,27,24,131,5,1,0,1,212
068052312,166,221,43,828,39,10,3,16,1326
068052313,55,26,261,6,0,0,0,2,350
068052314,82,63,5,280,9,3,6,9,457
068052315,38,70,7,227,6,3,7,4,362
068052401,11,68,131,185,15,1,1,3,415
068052402,33,117,71,204,16,0,1,5,447
068052403,32,39,119,120,8,1,3,0,322
068052404,24,75,111,151,13,0,0,0,374
068052405,36,71,103,273,12,4,4,3,506
068052406,5,45,51,114,8,0,0,3,226
068052407,47,20,71,45,3,0,0,0,186
068052408,33,65,40,194,16,1,2,1,352
068052409,40,68,40,225,21,1,3,3,401
068052410,42,105,24,233,13,5,3,6,431
068052501,15,39,62,174,6,3,2,8,309
068052502,20,49,28,193,7,0,8,2,307
068052503,13,29,65,37,10,0,1,1,156
068052504,12,9,62,50,5,0,0,1,139
068052505,17,120,20,238,23,1,0,1,420
068052506,21,124,31,270,10,1,3,0,460
068052507,68,118,28,354,15,5,3,10,601
068052508,39,15,122,38,1,0,0,2,217
068052509,31,72,65,108,7,0,0,0,283
068052510,16,67,55,132,10,0,0,2,282
068052511,40,110,45,147,11,5,1,0,359
068052512,77,121,22,219,19,6,1,8,473
068052601,1,1,2,34,10,0,1,0,49
068052602,2,3,2,50,13,1,0,4,75
068052603,4,10,9,114,20,0,0,0,157
068052604,3,0,4,55,8,0,1,0,71
068052605,2,3,1,43,3,0,0,0,52
068052606,1,1,1,34,6,0,0,1,44
068052607,0,1,2,21,2,0,1,0,27
068052608,1,0,7,67,5,0,1,1,82
068052609,8,11,24,212,33,4,1,6,299
068052610,4,11,9,171,16,0,2,9,222
068052611,3,3,4,89,11,0,0,2,112
068052612,5,0,1,69,7,0,0,0,82
068052613,1,2,9,64,3,1,1,3,84
068052614,0,2,1,27,6,0,0,1,37
068052615,3,2,9,98,7,0,2,0,121
068052616,0,0,0,45,8,0,1,3,57
068052617,0,2,0,14,1,1,0,0,18
068052618,5,7,6,47,6,0,0,3,74
068052619,1,0,1,99,13,2,3,0,119
068052620,3,6,1,153,14,0,0,2,179
068052621,1,1,1,62,5,2,0,0,72
068400101,7,66,13,31,4,0,0,0,121
068400102,35,165,24,99,7,0,0,8,338
068400103,62,178,22,245,12,8,5,5,537
068400104,34,136,13,97,9,0,0,3,292
068400105,66,255,27,140,10,0,0,5,503
068400106,34,235,19,104,12,0,2,3,409
068400107,33,211,17,135,13,7,0,6,422
068400108,17,3,0,149,20,6,1,2,198
068400109,39,175,17,74,4,1,1,2,313
068400110,44,244,8,114,12,0,0,8,430
068400111,65,174,15,64,9,2,0,6,335
068400112,74,185,38,42,10,3,0,5,357
068400113,107,252,41,141,20,1,0,10,572
068400201,33,232,38,75,15,2,0,3,398
068400202,84,193,58,87,10,1,1,3,437
068400203,109,138,51,22,6,0,0,5,331
068400204,70,143,43,29,6,0,0,3,294
068400205,73,170,31,33,7,0,0,6,320
068400206,56,169,72,25,3,0,0,4,329
068400207,69,78,41,15,10,0,0,0,213
068400208,69,114,29,20,4,0,0,5,241
068400209,50,209,31,49,5,1,0,5,350
068400210,56,134,41,40,5,0,0,3,279
068400211,100,141,26,25,7,0,1,3,303
068400212,135,179,25,50,5,0,0,5,399
068400301,58,171,74,54,9,0,0,2,368
068400302,83,215,45,66,7,0,0,11,427
068400303,60,156,30,54,13,0,0,3,316
068400304,102,175,44,64,17,0,0,1,403
068400305,76,195,27,74,10,0,0,9,391
068400306,71,174,17,82,10,0,0,9,363
068400307,90,219,18,72,13,1,0,2,415
068400308,85,250,33,95,8,0,1,5,477
068400309,42,154,18,67,7,0,0,4,292
068400310,32,162,37,28,6,0,0,5,270
068400311,69,245,42,93,20,0,3,3,475
068400312,72,189,42,101,16,0,0,6,426
068400401,54,204,23,179,19,3,2,5,489
068400402,37,38,5,302,40,35,0,2,459
068400403,40,166,19,51,3,0,0,0,279
068400404,74,108,33,26,3,0,0,3,247
068400405,52,132,33,60,4,0,0,6,287
068400406,52,144,25,27,13,0,0,1,262
068400407,63,162,38,43,6,0,1,14,327
068400408,40,64,18,25,1,0,0,2,150
068400409,72,141,23,37,5,0,0,8,286
068400410,129,216,28,45,11,0,1,3,433
068400411,36,185,30,52,8,0,0,0,311
068400412,63,96,29,19,5,0,0,0,212
068400413,100,184,34,49,13,0,0,1,381
068400414,8,7,324,2,0,0,0,1,342
068400415,9,1,357,14,1,0,0,1,383
068400416,2,2,387,5,0,0,0,3,399
068400417,4,2,358,38,1,3,0,0,406
068400501,45,151,39,91,13,0,0,7,346
068400502,29,187,26,43,4,0,0,4,293
068400503,59,163,55,36,5,0,0,0,318
068400504,62,150,43,35,7,1,0,2,300
068400505,53,162,52,27,4,2,0,0,300
068400506,66,66,64,20,0,0,0,0,216
068400507,73,127,70,16,6,0,0,3,295
068400508,239,124,69,1,0,0,0,0,433
068400509,41,63,116,8,2,0,0,5,235
068400510,76,84,119,20,2,0,0,1,302
068400511,39,137,243,46,6,0,0,14,485
068400512,81,211,50,67,4,0,0,5,418
068400601,95,186,29,88,8,1,0,0,407
068400602,51,97,23,30,6,0,0,1,208
068400603,58,132,27,42,7,0,0,0,266
068400604,104,132,21,35,11,0,0,3,306
068400605,115,157,62,38,10,0,0,0,382
068400606,81,221,55,42,11,0,0,0,410
068400607,88,132,46,24,7,0,0,0,297
068400608,70,95,36,7,3,0,0,0,211
068400609,62,117,33,9,2,0,0,0,223
068400610,75,120,30,13,8,1,0,2,249
068400611,67,99,25,13,0,0,0,0,204
068400612,31,103,35,19,7,1,0,1,197
068400613,84,149,23,21,9,0,0,2,288
068400614,94,182,45,32,8,2,0,6,369
068400615,77,147,38,37,2,0,1,7,309
068400616,118,145,38,20,2,0,0,5,328
068400701,89,222,59,41,3,0,0,4,418
068400702,105,207,53,33,3,0,0,1,402
068400703,62,148,77,13,2,0,0,2,304
068400704,81,159,57,15,3,1,0,0,316
068400705,63,107,74,8,0,0,0,0,252
068400706,79,109,88,14,1,0,0,1,292
068400707,76,165,48,25,1,0,0,1,316
068400708,92,146,105,12,1,1,0,2,359
068400709,77,135,103,24,15,0,0,1,355
068400710,103,121,140,23,4,0,0,0,391
068400711,87,133,94,15,1,0,0,11,341
068400801,106,152,32,8,1,0,0,2,301
068400802,53,108,12,9,2,0,0,4,188
068400803,34,37,100,5,1,0,0,0,177
068400804,52,141,41,50,7,0,0,0,291
068400805,121,135,38,23,5,0,0,11,333
068400806,54,122,34,17,0,0,0,4,231
068400807,79,120,39,32,0,0,0,3,273
068400808,70,82,45,35,3,1,0,1,237
068400809,105,171,72,35,3,0,0,2,388
068400810,47,71,75,47,2,0,0,0,242
068400811,57,113,120,24,1,0,0,0,315
068400812,56,131,153,20,6,0,0,0,366
068400901,8,33,253,6,1,0,0,1,302
068400902,58,25,128,3,2,0,1,0,217
068400903,3,42,279,3,0,0,0,0,327
068400904,20,10,165,14,1,0,0,0,210
068400905,6,16,196,3,0,0,0,1,222
068400906,7,15,282,2,0,0,0,0,306
068400907,16,7,259,3,2,0,0,0,287
068400908,2,4,227,2,0,0,0,0,235
068400909,8,13,216,3,2,0,0,0,242
068400910,4,2,313,0,0,0,0,1,320
068401001,24,7,358,18,3,0,0,1,411
068401002,46,25,364,6,0,0,0,0,441
068401003,16,17,205,2,0,0,0,0,240
068401004,11,5,304,0,0,0,0,0,320
068401005,29,2,166,10,0,0,0,0,207
068401006,9,87,232,0,0,0,0,0,328
068401007,4,2,292,7,0,0,0,0,305
068401008,152,83,23,0,0,0,0,0,258
068401009,30,33,121,3,0,0,0,0,187
068401010,62,59,126,3,0,0,0,0,250
068401011,28,23,199,5,3,0,0,1,259
068401012,60,42,61,16,0,0,0,1,180
068401013,84,80,56,8,3,0,0,1,232
068401101,65,114,65,34,3,0,0,1,282
068401102,81,71,65,19,0,0,0,0,236
068401103,39,92,26,10,1,0,0,2,170
068401104,38,39,18,8,1,0,0,1,105
068401105,74,130,34,22,5,0,0,1,266
068401106,113,170,55,36,4,0,0,0,378
068401107,155,90,26,8,0,0,0,0,279
068401108,180,143,67,31,0,0,0,1,422
068401109,89,138,64,17,6,0,0,1,315
068401110,134,172,82,16,0,0,0,6,410
068401111,117,151,63,31,0,0,0,6,368
068401112,98,144,47,42,4,1,0,0,336
068401201,70,206,64,19,3,0,0,3,365
068401202,102,179,62,28,2,1,0,2,376
068401203,151,146,51,16,2,0,0,0,366
068401204,63,85,30,15,3,0,0,4,200
068401205,77,163,56,19,2,0,0,0,317
068401206,1,0,1,2,0,0,0,0,4
068401207,65,94,41,13,0,0,0,1,214
068401208,58,117,49,10,2,0,0,1,237
068401209,80,122,60,9,2,0,0,0,273
068401210,87,144,63,20,5,0,0,1,320
068401211,116,121,73,37,8,0,1,2,358
068401301,105,165,27,28,7,1,0,0,333
068401302,71,85,29,18,0,0,0,2,205
068401303,135,183,54,28,1,1,0,1,403
068401304,119,158,39,30,1,0,0,0,347
068401305,74,137,49,22,0,0,0,0,282
068401306,51,114,53,14,1,0,0,0,233
068401307,48,112,29,19,2,0,0,0,210
068401308,78,69,49,17,2,0,0,7,222
068401309,88,163,46,36,2,0,0,2,337
068401310,148,196,53,30,2,0,0,2,431
068401311,70,85,43,36,4,0,0,11,249
068401312,118,157,53,28,0,0,1,0,357
068401313,33,114,47,11,0,0,0,0,205
068401314,50,98,20,10,2,0,0,0,180
068401401,140,126,37,29,2,0,0,3,337
068401402,37,131,22,37,2,0,0,2,231
068401403,70,123,22,32,1,0,0,3,251
068401404,91,196,81,53,6,0,0,3,430
068401405,79,159,32,29,2,0,0,3,304
068401406,67,124,37,29,1,0,0,4,262
068401407,55,176,27,32,0,1,0,3,294
068401408,31,75,38,13,0,0,0,2,159
068401409,74,130,40,47,0,0,0,0,291
068401410,72,157,34,41,3,0,0,0,307
068401501,66,81,27,38,2,0,0,0,214
068401502,134,193,50,26,3,0,0,1,407
068401503,46,130,53,27,1,0,0,4,261
068401504,73,112,56,13,1,0,0,1,256
068401505,148,141,50,40,1,0,0,8,388
068401506,91,229,39,18,3,0,0,1,381
068401507,63,82,33,12,2,0,0,3,195
068401508,97,140,7,5,0,0,0,0,249
068401509,110,181,22,25,2,0,0,3,343
068401510,179,135,33,28,0,0,0,1,376
068401511,59,76,22,23,2,0,0,0,182
068401512,65,125,23,10,1,0,0,0,224
068401513,78,165,37,41,1,0,1,1,324
068401514,85,188,32,27,2,0,1,0,335
068401601,47,159,26,21,0,0,0,1,254
068401602,91,119,51,19,1,0,0,3,284
068401603,79,148,43,30,1,0,0,2,303
068401604,87,175,32,16,0,0,0,1,311
068401605,108,127,38,45,0,0,0,5,323
068401606,92,166,31,21,5,0,0,2,317
068401607,72,100,35,16,1,0,0,0,224
068401608,78,201,28,23,5,0,0,1,336
068401609,67,190,29,28,2,0,0,3,319
068401610,72,85,29,33,0,0,0,2,221
068401611,58,101,23,10,2,0,0,1,195
068401612,71,104,22,12,0,0,0,1,210
068401613,60,152,75,38,0,0,0,0,325
068401614,23,81,35,18,1,0,0,0,158
068401701,109,102,43,16,3,0,0,0,273
068401702,224,211,0,0,2,0,0,1,438
068401703,84,195,28,21,4,0,0,0,332
068401704,142,111,6,4,0,0,0,3,266
068401705,111,159,30,5,4,0,0,4,313
068401706,64,193,50,102,7,0,1,2,419
068401707,60,168,6,3,0,0,0,0,237
068401708,90,179,21,11,1,0,0,4,306
068401709,50,107,30,11,1,0,0,2,201
068401710,52,116,6,72,2,0,0,3,251
068401711,106,71,9,9,1,0,0,0,196
068401712,77,106,23,8,0,0,0,3,217
068401713,108,85,10,4,4,0,0,4,215
068401801,7,27,57,21,3,1,0,1,117
068401802,50,175,49,6,2,0,0,3,285
068401803,89,93,2,5,1,0,0,0,190
068401804,56,118,5,0,1,0,0,40,220
068401805,102,55,11,8,0,0,0,1,177
068401806,108,192,68,19,2,0,0,1,390
068401807,128,161,79,26,0,0,0,0,394
068401808,99,159,79,56,2,0,0,3,398
068401809,98,165,37,41,3,0,0,3,347
068401810,112,172,36,34,4,1,0,1,360
068401811,79,115,24,11,0,0,0,0,229
068401812,54,132,18,11,2,0,0,1,218
068401813,115,181,28,18,1,0,0,7,350
068401814,113,136,16,8,1,0,0,1,275
068401901,51,130,17,4,1,0,0,0,203
068401902,42,127,22,37,0,0,0,0,228
068401903,98,162,51,24,1,0,0,2,338
068401904,144,208,62,60,3,1,0,2,480
068401905,101,141,41,46,1,0,0,5,335
068401906,82,205,53,51,6,1,0,0,398
068401907,67,137,36,33,2,0,0,7,282
068401908,93,166,34,38,0,0,0,3,334
068401909,69,101,45,27,1,0,0,0,243
068401910,41,91,80,9,1,0,0,0,222
068401911,75,189,36,30,2,0,0,0,332
068401912,77,156,29,30,7,1,0,4,304
068402001,99,138,25,27,3,0,0,1,293
068402002,66,160,23,22,4,0,0,0,275
068402003,115,158,44,55,4,0,0,2,378
068402004,110,132,55,46,7,3,0,5,358
068402005,106,130,37,44,14,0,0,3,334
068402006,117,135,28,39,2,0,0,1,322
068402007,105,119,32,35,4,0,0,0,295
068402008,74,122,24,35,1,1,0,0,257
068402009,91,128,21,58,10,0,0,3,311
068402010,53,124,18,41,9,0,0,0,245
068402011,68,196,34,64,7,0,0,1,370
068402101,88,124,22,33,2,0,0,2,271
068402102,70,115,19,12,1,0,0,1,218
068402103,57,90,17,5,4,0,0,3,176
068402104,88,123,13,9,0,1,0,3,237
068402105,97,73,7,36,3,0,0,0,216
068402106,113,217,38,18,4,0,0,1,391
068402107,93,222,32,20,6,1,0,7,381
068402108,81,168,25,21,5,0,0,5,305
068402109,80,213,17,38,7,0,0,7,362
068402110,149,170,17,48,5,1,0,3,393
068402201,91,153,30,110,11,0,1,3,399
068402202,76,172,38,37,2,0,0,2,327
068402203,82,175,25,54,12,0,0,5,353
068402204,81,147,32,53,6,0,0,3,322
068402205,90,130,16,43,3,0,0,2,284
068402206,94,162,20,36,6,2,0,2,322
068402207,119,207,24,23,7,0,0,0,380
068402208,114,184,27,70,10,1,0,1,407
068402301,103,103,23,24,7,0,0,0,260
068402302,72,160,47,12,0,0,0,2,293
068402303,47,99,11,11,3,0,0,1,172
068402304,68,109,28,11,3,0,1,5,225
068402305,104,179,58,23,2,0,0,1,367
068402306,59,83,18,17,4,0,0,10,191
068402307,43,99,18,26,2,0,0,1,189
068402308,70,177,18,171,8,0,0,0,444
068402309,63,106,29,26,11,0,0,3,238
068402310,81,164,22,28,6,1,0,3,305
068402401,105,161,26,42,7,0,0,5,346
068402402,79,140,44,16,6,0,0,3,288
068402403,34,137,11,15,4,0,0,1,202
068402404,51,101,31,47,9,1,0,1,241
068402405,53,49,2,149,8,5,0,3,269
068402406,36,49,8,179,7,0,0,1,280
068402407,99,128,24,38,5,0,0,4,298
068402408,60,169,4,22,6,0,0,3,264
068402409,70,182,14,6,1,0,0,6,279
068402410,110,61,13,5,0,0,0,0,189
068402501,5,8,5,95,8,2,0,2,125
068402502,11,5,10,31,2,0,0,0,59
068402503,14,4,8,127,12,0,0,5,170
068402504,17,57,25,132,14,1,1,1,248
068402505,26,23,20,64,14,1,0,3,151
068402506,25,101,32,168,2,2,0,2,332
068402507,6,12,14,87,3,0,0,1,123
068402508,1,0,0,156,5,2,0,0,164
068402509,1,50,5,104,0,0,0,0,160
068402510,110,111,0,33,2,0,0,1,257
068402511,29,123,4,48,5,0,0,2,211
068402601,108,205,7,84,11,0,0,7,422
068402602,404,533,1,64,5,1,0,7,1015
068402603,98,246,0,6,0,0,0,9,359
068402604,98,60,0,1,0,0,0,3,162
068402605,158,147,2,0,1,0,0,11,319
068402606,420,413,74,4,2,0,0,25,938
068402607,51,71,18,49,2,0,1,7,199
068402608,0,0,6,0,0,0,0,0,6
068402701,66,146,23,13,1,0,0,1,250
068402702,104,198,27,31,5,1,1,6,373
068402703,53,120,7,109,13,0,0,1,303
068402704,104,191,30,24,5,0,0,9,363
068402705,47,50,0,1,1,0,0,4,103
068402706,24,93,18,4,0,0,0,6,145
068402707,114,131,9,16,3,1,0,1,275
068402708,78,163,11,18,4,0,0,3,277
068402709,93,146,29,29,4,0,0,5,306
068402710,80,234,14,18,1,0,0,4,351
068402711,83,127,11,8,4,0,0,7,240
068402712,74,188,20,38,4,0,0,0,324
068402713,83,172,17,13,3,0,0,0,288
068402801,80,132,76,15,1,0,0,1,305
068402802,58,211,17,18,8,0,0,1,313
068402803,33,39,1,119,11,1,0,0,204
068402804,56,138,16,63,0,0,0,1,274
068402805,72,204,45,38,5,0,3,13,380
068402806,56,156,24,31,6,1,0,3,277
068402807,91,242,29,23,2,0,0,3,390
068402808,61,123,18,25,1,0,0,4,232
068402809,66,164,15,42,6,0,0,4,297
068402810,60,142,7,29,6,0,0,1,245
068402811,110,170,15,41,5,0,0,3,344
068402901,114,171,25,18,4,0,0,1,333
068402902,85,140,15,19,4,0,0,0,263
068402903,99,218,82,44,8,0,0,1,452
068402904,63,161,40,33,5,0,0,1,303
068402905,141,173,25,46,3,0,0,1,389
068402906,129,95,18,22,2,0,0,0,266
068402907,62,170,22,50,10,0,0,1,315
068402908,129,121,23,21,2,0,0,6,302
068402909,87,155,66,33,3,2,0,5,351
068402910,203,132,14,10,1,0,0,11,371
068402911,50,86,18,25,0,0,0,0,179
068403001,100,128,16,25,2,0,0,2,273
068403002,80,58,11,7,1,0,0,0,157
068403003,58,142,27,30,3,1,0,2,263
068403004,99,143,27,27,6,0,0,2,304
068403005,57,86,10,13,3,0,0,1,170
068403006,92,94,27,10,1,0,0,6,230
068403007,61,129,15,24,2,0,0,0,231
068403008,144,131,29,17,1,0,0,1,323
068403009,59,141,16,22,3,0,0,0,241
068403010,36,158,8,11,1,0,0,1,215
068403011,76,142,44,26,2,0,0,6,296
068403012,63,89,25,10,2,0,0,0,189
068403013,30,165,7,9,0,0,0,5,216
068403101,33,43,2,30,11,1,0,2,122
068403102,101,142,22,36,1,1,0,40,343
068403103,129,197,17,16,3,0,0,1,363
068403104,53,145,10,16,0,0,0,3,227
068403105,68,218,17,20,12,0,0,0,335
068403106,102,184,7,55,1,0,1,2,352
068403107,144,128,17,14,0,0,0,0,303
068403108,102,158,34,32,5,0,0,2,333
068403109,115,192,42,24,4,0,0,3,380
068403110,78,117,49,21,2,0,0,1,268
068403201,54,69,12,11,0,0,0,2,148
068403202,90,148,40,17,7,0,0,3,305
068403203,69,115,29,22,5,0,0,3,243
068403204,119,162,12,21,6,0,0,1,321
068403205,67,161,9,22,1,0,0,0,260
068403206,79,149,18,18,1,0,0,2,267
068403207,89,163,32,19,5,0,0,0,308
068403208,81,189,26,11,5,0,0,2,314
068403209,90,169,34,16,0,0,0,3,312
068610101,23,45,161,10,3,0,0,1,243
068610102,17,24,111,16,0,0,0,0,168
068610103,49,100,84,16,1,0,0,0,250
068610104,82,83,123,15,2,0,0,3,308
068610105,56,97,144,13,2,0,0,2,314
068610106,50,53,102,16,1,0,0,0,222
068610107,74,95,65,18,1,0,0,0,253
068610108,41,40,156,23,0,0,0,1,261
068610109,27,28,176,12,2,0,0,0,245
068610110,81,84,64,7,0,0,0,0,236
068610111,41,71,72,16,0,0,0,0,200
068610201,28,90,22,123,7,1,1,1,273
068610202,28,103,70,4,5,0,0,1,211
068610203,36,56,50,0,0,0,0,1,143
068610204,21,39,273,6,1,0,0,0,340
068610205,87,37,86,12,0,0,0,0,222
068610206,58,65,50,0,0,0,0,0,173
068610207,49,44,82,10,0,0,0,17,202
068610208,56,40,36,7,0,0,0,0,139
068610209,20,29,192,25,0,0,0,0,266
068610210,52,56,186,6,0,0,0,1,301
068610211,36,18,179,12,1,0,0,0,246
068610212,97,91,42,2,0,2,0,0,234
068610301,82,163,62,2,1,0,0,18,328
068610302,126,14,49,38,2,1,0,3,233
068610303,33,155,102,33,0,0,0,0,323
068610304,195,91,45,31,0,0,0,1,363
068610305,142,136,1,1,0,0,0,0,280
068610306,34,189,14,19,1,0,0,1,258
068610307,36,163,11,36,2,0,0,0,248
068610308,100,126,42,12,0,0,0,1,281
068610309,80,88,7,1,0,0,0,3,179
068610310,115,107,11,0,0,0,0,0,233
068610311,125,95,7,88,0,0,0,9,324
068610401,111,166,7,2,0,0,0,0,286
068610402,19,170,15,38,3,0,0,25,270
068610403,158,89,16,4,10,0,0,5,282
068610404,74,88,3,0,0,0,0,2,167
068610405,140,108,4,1,5,0,0,9,267
068610406,68,204,7,5,0,0,0,0,284
068610407,75,246,1,0,0,0,0,31,353
068610408,60,109,7,38,0,0,0,0,214
068610409,95,75,35,27,2,0,0,0,234
068610410,40,45,118,23,0,0,0,32,258
068610411,84,68,35,12,0,0,0,0,199
068610501,112,97,32,10,1,0,0,0,252
068610502,108,106,7,1,0,0,0,1,223
068610503,60,88,66,12,0,0,0,2,228
068610504,90,45,126,3,0,0,0,0,264
068610505,36,67,108,21,0,0,0,0,232
068610506,0,0,0,0,0,0,0,0,0
068610507,65,170,5,0,0,0,0,0,240
068610508,31,34,245,21,3,2,0,2,338
068610509,50,223,46,6,0,0,0,0,325
068610601,54,16,14,17,3,0,0,0,104
068610602,115,105,1,0,0,0,0,0,221
068610603,43,105,101,8,0,0,0,0,257
068610604,74,192,7,0,0,0,0,1,274
068610605,81,36,15,1,0,0,0,0,133
068610606,124,102,17,7,5,0,0,3,258
068610607,139,157,0,0,0,0,0,0,296
068610608,90,66,6,1,1,0,0,0,164
068610609,103,150,5,5,0,0,0,10,273
068610610,199,188,4,2,0,0,0,0,393
068610611,91,59,0,0,0,0,0,0,150
068610701,41,40,165,13,0,0,0,0,259
068610702,111,119,13,7,0,0,0,0,250
068610703,108,150,23,1,3,0,0,1,286
068610704,34,22,183,9,0,0,0,0,248
068610705,55,152,92,11,0,0,0,0,310
068610706,117,32,27,4,0,0,0,0,180
068610707,75,101,84,13,1,0,0,1,275
068610708,88,150,45,2,0,0,0,0,285
068610709,39,84,136,11,0,0,0,0,270
068610801,105,213,23,0,0,0,0,0,341
068610802,58,114,117,16,1,0,0,0,306
068610803,59,39,97,5,0,0,0,0,200
068610804,38,77,149,21,1,0,0,2,288
068610805,55,88,37,5,0,0,0,1,186
068610806,79,89,52,12,1,0,0,1,234
068610807,56,152,5,0,0,0,0,0,213
068610808,50,164,38,2,0,0,0,3,257
068610809,45,45,67,6,1,0,0,0,164
068610810,39,68,154,16,0,0,0,0,277
068610811,121,96,1,14,0,0,0,1,233
068610901,64,187,79,12,3,0,0,1,346
068610902,30,127,51,14,0,0,0,5,227
068610903,87,57,62,15,2,0,0,1,224
068610904,28,113,77,19,2,0,0,0,239
068610905,70,145,147,33,0,0,0,2,397
068610906,61,169,76,23,4,0,0,2,335
068610907,84,151,43,35,3,0,0,6,322
068610908,136,97,15,23,0,0,0,3,274
068610909,54,51,7,14,0,0,0,0,126
068610910,152,57,58,10,0,0,0,0,277
068610911,76,113,197,9,2,0,1,2,400
068610912,53,138,100,6,5,0,0,0,302
068611001,58,121,135,20,1,0,0,3,338
068611002,74,172,123,31,6,1,0,2,409
068611003,67,120,119,55,4,0,0,1,366
068611004,76,147,74,36,3,0,0,1,337
068611005,45,118,130,29,0,0,0,2,324
068611006,52,100,132,27,1,0,0,2,314
068611007,64,109,124,31,3,0,0,2,333
068611008,98,147,72,16,1,0,0,3,337
068611009,72,122,55,29,0,1,0,1,280
068611010,82,45,168,4,2,0,0,3,304
068611101,43,94,163,33,1,1,0,0,335
068611102,58,72,80,30,2,0,0,1,243
068611103,66,117,78,30,5,0,0,4,300
068611104,81,75,62,13,0,0,0,5,236
068611105,27,83,82,9,5,1,0,0,207
068611106,51,146,119,14,1,1,0,1,333
068611107,80,156,95,39,5,0,0,0,375
068611108,50,91,84,10,1,0,0,0,236
068611109,58,111,115,16,3,0,0,5,308
068611110,179,45,24,1,0,0,0,0,249
068611201,48,75,127,10,0,0,0,5,265
068611202,68,36,138,20,1,0,0,1,264
068611203,33,91,61,4,0,0,0,1,190
068611204,9,44,118,16,2,0,0,0,189
068611205,99,41,175,20,0,0,0,4,339
068611206,64,76,98,14,0,0,0,0,252
068611207,46,91,129,34,4,0,2,3,309
068611208,63,133,91,32,3,0,0,1,323
068611209,22,52,194,12,0,0,0,1,281
068611301,26,66,65,10,0,0,0,0,167
068611302,90,98,32,14,1,0,0,3,238
068611303,88,92,51,10,0,0,0,0,241
068611304,234,48,0,0,0,0,0,0,282
068611305,66,112,107,10,0,0,0,1,296
068611306,72,141,103,8,2,0,0,1,327
068611307,57,44,132,15,1,1,0,1,251
068611308,39,41,135,11,1,0,0,1,228
068611309,28,25,234,19,2,0,0,1,309
068611401,115,134,10,0,0,0,0,1,260
068611402,114,81,33,2,2,0,0,0,232
068611403,95,92,48,13,1,0,0,0,249
068611404,59,80,117,30,3,0,0,1,290
068611405,61,65,59,17,2,0,0,2,206
068611406,21,70,65,30,0,0,0,3,189
068611407,49,72,179,17,5,0,0,0,322
068611408,58,73,109,18,1,0,0,2,261
068611409,98,100,136,19,2,0,0,0,355
068611410,70,61,89,24,2,0,0,2,248
068611411,62,31,43,10,0,0,0,0,146
068611412,81,132,14,2,0,0,0,0,229
068611501,85,170,8,10,0,0,0,1,274
068611502,171,141,2,1,0,0,0,0,315
068611503,108,123,127,33,0,0,0,1,392
068611504,68,12,2,14,0,0,0,0,96
068611505,105,55,20,4,0,0,0,1,185
068611506,39,48,128,24,0,0,0,39,278
068611507,69,62,139,16,2,0,0,1,289
068611508,180,210,24,3,0,0,0,0,417
068611509,87,163,3,0,1,0,0,1,255
068611510,91,69,129,28,1,0,0,4,322
068611601,50,54,88,17,2,0,0,0,211
068611602,7,28,76,89,1,0,0,0,201
068611603,14,53,171,29,2,0,0,0,269
068611604,41,29,245,13,1,0,0,3,332
068611605,19,30,225,17,0,0,0,1,292
068611606,45,109,141,16,0,0,0,1,312
068611607,23,73,183,36,2,0,0,1,318
068611608,56,51,122,32,5,0,0,0,266
068611609,85,60,176,40,1,0,0,2,364
068611610,57,90,135,34,4,0,0,1,321
068611611,32,77,140,31,0,0,0,0,280
068611701,30,56,217,19,3,0,0,1,326
068611702,40,37,212,16,0,0,0,3,308
068611703,26,46,183,3,1,0,0,0,259
068611704,17,60,144,5,1,0,0,1,228
068611705,37,54,146,17,0,0,0,0,254
068611706,24,50,157,21,3,0,1,1,257
068611707,33,103,189,14,3,0,0,2,344
068611708,44,107,154,14,3,0,1,0,323
068611709,72,60,177,16,0,0,0,2,327
068611801,76,151,128,27,4,0,0,2,388
068611802,118,98,110,17,7,0,0,1,351
068611803,59,152,65,22,0,1,0,3,302
068611804,53,103,84,20,2,1,0,0,263
068611805,56,92,50,5,0,1,0,1,205
068611806,60,141,100,34,12,0,0,1,348
068611807,82,94,114,15,4,0,0,0,309
068611808,57,88,137,19,3,0,0,1,305
068611809,40,81,169,24,3,0,0,5,322
068611810,68,106,174,18,5,0,0,0,371
068611901,45,85,127,39,0,1,0,1,298
068611902,37,39,27,14,0,0,0,2,119
068611903,111,89,56,44,1,0,0,2,303
068611904,56,49,160,46,1,0,0,2,314
068611905,36,55,200,45,2,1,0,2,341
068611906,33,39,203,20,0,0,0,1,296
068611907,27,52,232,11,2,0,0,1,325
068611908,31,18,202,7,1,0,0,0,259
068611909,56,31,173,12,8,0,0,0,280
068611910,15,19,232,7,1,0,0,0,274
068611911,59,16,256,9,0,0,0,1,341
068611912,47,59,226,25,2,0,0,1,360
068611913,179,48,40,0,0,0,0,0,267
068611914,37,42,144,14,1,0,0,1,239
068611915,24,92,67,15,1,0,0,0,199
068612001,34,119,136,73,0,0,0,0,362
068612002,34,84,98,54,0,0,0,0,270
068612003,76,105,119,59,0,0,0,0,359
068612004,81,103,95,50,0,0,0,0,329
068612005,95,107,105,51,0,0,0,0,358
068612006,74,120,112,62,0,0,0,0,368
068612007,39,103,110,54,0,0,0,0,306
068612008,62,80,70,34,0,0,0,0,246
068612101,34,65,208,18,4,0,0,2,331
068612102,23,45,196,11,0,0,0,1,276
068612103,58,80,154,23,3,0,0,0,318
068612104,35,96,161,19,1,1,0,0,313
068612105,49,50,197,5,4,0,0,1,306
068612106,73,64,206,15,1,0,0,1,360
068612107,31,86,208,12,0,0,0,1,338
068612108,69,103,205,21,2,0,0,3,403
068612109,48,95,116,24,0,0,0,1,284
068612201,25,68,215,10,2,0,0,2,322
068612202,45,45,226,11,4,0,0,1,332
068612203,58,47,210,14,3,0,0,2,334
068612204,59,12,219,15,2,0,0,2,309
068612205,46,28,256,16,2,1,1,0,350
068612206,46,51,209,12,1,0,0,0,319
068612207,34,70,196,27,2,0,0,3,332
068612208,52,99,190,29,3,0,0,2,375
068612209,15,71,112,12,1,0,0,1,212
068612210,29,41,126,19,1,0,0,0,216
068612211,27,51,105,22,1,0,0,1,207
068612212,26,37,105,19,0,0,0,0,187
068612301,64,119,151,89,1,0,0,0,424
068612302,43,153,96,96,7,2,0,1,398
068612303,68,112,152,60,7,0,0,0,399
068612304,25,91,22,148,20,1,0,3,310
068612305,32,111,28,211,21,0,0,1,404
068612306,36,62,33,25,4,0,0,2,162
068612307,68,123,141,62,4,1,0,2,401
068612308,26,65,114,27,2,0,0,0,234
068612309,17,74,103,45,5,0,0,1,245
068612401,68,146,153,39,2,0,0,2,410
068612402,50,195,100,41,5,1,0,2,394
068612403,41,68,128,13,1,0,0,0,251
068612404,27,71,110,28,1,0,0,0,237
068612405,45,164,103,29,2,0,0,37,380
068612406,35,83,143,15,2,0,0,3,281
068612407,32,94,278,28,0,0,0,1,433
068612408,50,59,256,18,0,0,0,0,383
068612409,47,92,162,18,6,0,0,8,333
068612410,58,99,169,16,6,0,0,4,352
068612411,46,156,193,27,4,0,0,3,429
068612501,42,77,74,34,3,0,0,0,230
068612502,68,138,188,35,7,0,0,5,441
068612503,86,133,110,48,3,0,0,2,382
068612504,11,67,15,100,12,0,0,1,206
068612505,56,123,47,56,8,0,0,0,290
068612506,71,90,88,32,7,0,0,0,288
068612507,58,149,84,22,2,0,0,1,316
068612508,93,121,130,35,1,0,0,10,390
068612509,101,131,81,38,5,1,0,3,360
068612601,95,154,122,21,4,0,0,0,396
068612602,73,135,58,23,3,0,0,0,292
068612603,110,62,86,7,2,0,0,3,270
068612604,63,106,97,39,5,0,0,1,311
068612605,57,115,87,38,4,0,0,1,302
068612606,117,122,56,36,3,0,0,3,337
068612607,92,145,90,14,3,1,0,1,346
068612608,86,146,128,47,3,0,0,2,412
068612609,70,159,73,19,6,0,1,0,328
068612610,51,116,110,26,5,0,0,1,309
068612701,87,148,114,17,1,0,0,0,367
068612702,91,96,106,18,0,0,0,0,311
068612703,60,99,107,10,3,1,0,0,280
068612704,34,101,92,9,3,0,0,4,243
068612705,58,78,84,21,1,0,0,0,242
068612706,35,103,117,32,4,0,0,1,292
068612707,57,130,129,24,2,0,0,4,346
068612708,76,145,74,29,8,0,0,1,333
068612709,69,138,50,11,0,0,0,2,270
068612710,62,136,64,17,5,0,0,3,287
068612801,36,114,28,12,1,0,0,0,191
068612802,100,180,60,9,1,1,0,0,351
068612803,66,105,53,12,2,0,0,0,238
068612804,88,154,47,17,3,0,0,2,311
068612805,111,87,41,13,2,0,0,1,255
068612806,97,147,31,7,1,0,0,2,285
068612807,64,137,36,19,11,0,0,1,268
068612808,62,81,24,21,2,0,0,0,190
068612809,96,101,34,15,3,0,0,4,253
068612810,62,159,55,18,4,0,0,0,298
068612901,126,228,108,26,21,1,0,5,515
068612902,83,152,19,25,5,0,0,4,288
068612903,146,140,48,13,2,0,0,0,349
068612904,91,129,28,16,0,0,0,1,265
068612905,55,177,38,15,9,0,0,2,296
068612906,44,86,29,16,3,0,0,6,184
068612907,48,130,22,50,2,1,7,2,262
068612908,17,246,151,79,5,0,2,2,502
068612909,29,141,2,11,0,0,0,0,183
068612910,96,215,39,0,0,0,0,1,351
068612911,25,50,166,11,0,0,0,0,252
068612912,72,87,34,0,0,0,0,0,193
068613001,50,99,78,44,4,2,0,0,277
068613002,59,99,67,36,28,2,0,0,291
068613003,87,33,0,241,27,3,0,2,393
068613004,62,50,1,349,17,3,0,10,492
068613005,100,22,1,121,6,0,0,0,250
068613006,19,14,1,186,35,0,2,2,259
068613007,44,93,2,112,2,0,1,1,255
068613008,16,26,16,3,7,0,0,0,68
068613009,71,236,37,80,20,0,0,9,453
068613010,41,131,35,6,4,0,0,0,217
068613011,62,130,47,39,5,0,0,0,283
068613012,113,167,40,19,9,0,0,1,349
068613101,91,207,84,55,1,0,0,4,442
068613102,159,207,166,65,2,4,1,5,609
068613103,85,172,66,32,5,0,0,2,362
068613104,124,241,209,69,12,0,0,6,661
068613105,40,102,72,14,4,0,0,5,237
068613106,73,161,52,47,6,0,0,2,341
068613107,79,175,119,57,10,0,0,1,441
068613108,94,182,61,47,14,0,0,1,399
068613109,62,191,26,35,5,0,0,1,320
068613110,76,195,99,30,1,1,0,8,410
068613201,35,91,69,18,0,0,0,0,213
068613202,95,104,137,66,2,0,0,0,404
068613203,14,40,9,16,0,0,0,0,79
068613204,16,62,16,13,0,0,0,0,107
068613205,22,87,27,27,0,0,0,0,163
068613206,54,65,85,45,0,0,0,0,249
068613207,29,131,144,79,0,0,0,0,383
068613208,64,81,72,37,0,0,0,0,254
068613209,99,58,32,14,0,0,0,0,203
068613210,53,136,111,64,0,0,0,0,364
068613301,18,118,131,76,0,0,0,0,343
068613302,50,116,117,67,0,0,0,0,350
068613303,56,122,124,69,0,0,0,0,371
068613304,86,72,62,32,0,0,0,0,252
068613305,49,122,118,68,0,0,0,0,357
068613306,81,74,78,40,0,0,0,0,273
068613307,12,116,122,72,0,0,0,0,322
068613308,57,110,104,58,0,0,0,0,329
068613309,18,140,129,77,0,0,0,0,364
068613310,36,144,133,79,0,0,0,0,392
060070101,24,5,14,133,2,0,0,0,178
060070102,34,21,12,180,6,0,0,0,253
060070103,3,0,0,8,2,0,0,0,13
060070104,0,0,0,1,0,0,0,0,1
060070105,1,0,0,11,0,0,0,0,12
060070106,0,1,0,4,0,0,0,0,5
060070107,12,0,35,16,1,0,0,0,64
060070108,0,1,5,5,0,0,0,0,11
060070109,0,0,0,7,1,0,0,0,8
060070110,1,1,2,7,0,0,0,0,11
060070111,0,0,0,7,1,0,0,0,8
060070112,0,1,0,5,1,0,0,0,7
060070113,0,0,0,15,0,0,0,0,15
060070114,0,0,0,21,0,0,0,0,21
060070115,12,8,21,98,1,0,0,0,140
060070201,0,0,0,8,0,0,0,0,8
060070202,2,0,0,5,0,0,0,0,7
060070203,0,0,2,9,1,0,0,0,12
060070204,0,0,0,4,0,0,0,0,4
060070205,0,0,0,7,0,0,0,0,7
060070206,2,0,2,9,1,1,0,0,15
060070207,0,0,0,3,0,0,0,0,3
060070208,0,0,0,4,0,0,0,0,4
060070209,0,0,0,6,0,0,0,0,6
060070301,0,0,0,5,0,0,0,0,5
060070302,0,1,1,5,0,0,0,0,7
060070303,0,0,0,15,0,0,0,0,15
060070304,0,1,0,10,1,0,0,0,12
060070305,0,0,0,4,0,0,0,0,4
060070306,0,4,1,14,0,0,0,0,19
060070307,0,1,0,4,0,0,0,0,5
060070308,0,0,0,10,1,0,0,0,11
060070401,0,2,0,11,0,0,0,0,13
060070402,1,4,23,25,0,0,0,3,56
060070403,12,22,8,189,1,1,0,1,234
060070404,9,1,109,129,1,0,0,4,253
060070405,14,15,55,247,1,0,0,0,332
060070406,2,10,28,121,0,0,0,0,161
060070407,12,9,0,171,2,1,0,0,195
060070408,0,1,0,5,0,0,0,0,6
060070409,0,0,0,4,0,0,0,0,4
060070410,0,0,0,2,0,0,0,0,2
060070411,0,0,0,3,0,0,0,0,3
060070412,0,0,0,2,0,0,0,0,2
060070413,0,1,0,5,0,0,0,0,6
060070501,0,1,5,36,1,0,0,0,43
060070502,0,0,0,0,0,0,0,0,0
060070503,2,0,0,2,0,0,0,0,4
060070504,0,1,0,9,0,0,0,0,10
060070505,1,0,0,2,0,0,0,0,3
060070506,0,0,0,4,0,0,0,0,4
060070507,0,0,0,3,1,0,0,0,4
060070508,0,0,0,2,0,0,0,0,2
060070509,0,0,1,5,0,0,0,0,6
060070510,0,0,0,3,0,0,0,0,3
060070511,0,0,0,3,1,0,0,0,4
060070512,0,0,0,5,0,0,0,0,5
060070513,0,0,0,2,0,0,0,0,2
060070514,0,0,0,8,0,0,0,0,8
060070515,1,0,0,10,0,0,0,0,11
060070516,0,0,0,3,0,0,0,0,3
060070601,0,0,13,152,0,0,0,0,165
060070602,0,0,0,7,0,0,0,0,7
060070603,0,0,1,8,1,0,0,0,10
060070604,0,0,0,1,0,0,0,0,1
060070605,0,0,0,9,0,0,0,0,9
060070606,0,0,0,14,0,0,0,0,14
060070607,0,0,0,1,0,0,0,0,1
060070608,0,0,0,6,0,0,0,0,6
060070609,0,0,1,7,0,0,0,0,8
060070610,1,0,0,8,0,0,0,0,9
060070611,0,0,0,7,0,0,0,0,7
060070612,0,0,0,50,0,0,0,0,50
060070613,0,0,2,6,0,0,0,0,8
060070614,0,0,0,4,0,0,0,0,4
060070615,0,1,0,7,0,0,0,0,8
060070701,1,0,1,7,0,0,0,0,9
060070702,5,0,1,206,1,0,0,0,213
060070703,0,3,0,3,0,0,0,0,6
060070704,0,0,0,5,0,0,0,0,5
060070801,0,4,0,28,0,0,0,0,32
060070802,4,3,0,103,0,0,0,0,110
060070803,11,30,7,206,3,0,0,0,257
060070804,12,9,10,189,6,0,0,1,227
060070805,1,12,15,145,1,0,0,2,176
060070806,21,39,17,205,3,4,0,0,289
060070807,28,58,20,202,4,0,1,0,313
060070808,15,25,26,177,8,0,0,0,251
060070809,23,31,24,274,4,1,0,1,358
060070810,11,28,38,227,4,0,0,1,309
060070811,4,12,35,166,5,0,0,0,222
060070812,7,13,48,114,5,0,0,0,187
060070813,2,23,29,150,0,0,0,1,205
060070814,6,4,136,164,1,1,0,0,312
060070901,1,0,0,4,0,0,0,0,5
060070902,0,0,1,7,0,0,1,0,9
060070903,0,0,0,7,0,0,0,0,7
060070904,0,3,0,2,0,1,0,0,6
060070905,0,0,0,3,0,0,0,0,3
060070906,0,0,0,5,0,0,0,0,5
060071001,0,1,0,11,0,0,0,0,12
060071002,0,0,0,3,0,0,0,0,3
060071003,0,0,0,5,0,0,0,0,5
060071004,0,1,1,1,1,0,0,0,4
060071005,0,0,1,11,1,0,0,0,13
060071006,0,0,2,11,0,0,0,0,13
060071007,0,0,0,6,0,0,0,0,6
060071008,0,1,0,1,0,0,0,0,2
060071009,0,0,0,6,0,0,0,0,6
060071010,0,0,1,9,0,0,0,0,10
060071011,0,0,2,7,0,0,0,0,9
060071012,0,2,0,3,0,0,0,0,5
060071101,0,0,1,10,0,0,0,0,11
060071102,0,0,0,0,0,0,0,0,0
060071103,0,0,0,6,0,0,0,0,6
060071104,1,0,0,8,0,0,0,0,9
060071105,0,0,1,3,0,0,0,0,4
060071106,0,0,0,3,0,0,0,0,3
060071107,0,0,0,5,0,0,0,0,5
060071108,0,0,0,6,0,0,0,0,6
060071109,0,0,0,0,0,0,0,0,0
060071110,1,0,0,5,0,0,0,0,6
060071111,0,0,0,6,0,0,0,0,6
060140101,1,0,2,24,0,0,0,0,27
060140201,0,2,2,6,1,0,0,0,11
060140301,15,0,0,41,0,0,0,0,56
060140302,1,0,1,32,0,0,0,0,34
060140401,0,0,0,35,0,0,0,0,35
060140501,0,3,8,135,7,0,0,0,153
060140502,0,0,15,21,1,0,0,0,37
060140503,0,0,3,29,4,0,0,0,36
060140504,6,8,20,262,5,0,0,0,301
060140505,2,0,4,94,52,0,0,2,154
060140601,0,0,0,19,0,0,0,0,19
060140701,1,0,1,10,0,0,0,0,12
060140801,0,0,6,22,2,0,0,0,30
060140901,1,1,3,10,0,0,0,0,15
060141001,8,0,2,102,15,0,0,0,127
060141002,0,0,2,26,1,0,0,0,29
060141003,2,1,15,128,4,0,0,0,150
060141004,8,2,30,137,6,0,0,0,183
060141005,11,1,12,188,8,0,0,1,221
060141006,4,1,42,149,7,1,0,0,204
060141007,4,1,4,123,5,0,0,0,137
060141008,4,2,9,195,3,0,0,0,213
060141009,10,9,51,199,8,0,0,0,277
060141010,17,19,52,236,27,0,0,3,354
060141011,7,13,36,244,6,0,0,1,307
060141012,10,3,8,159,10,2,0,1,193
060141013,9,11,49,223,13,0,0,1,306
060141014,4,2,11,187,8,0,0,0,212
060141015,29,1,98,82,72,0,0,0,282
060141101,0,0,4,13,1,0,0,0,18
060141201,1,0,0,16,0,0,0,0,17
060141202,0,0,0,12,6,0,0,0,18
060141301,0,1,0,18,2,0,0,0,21
060141401,0,0,0,6,1,0,0,0,7
060141501,0,0,0,3,0,0,0,0,3
060210101,0,0,0,9,0,0,0,0,9
060210102,0,0,0,6,0,0,0,0,6
060210201,13,1,1,138,0,0,0,1,154
060210202,12,4,1,128,2,0,0,0,147
060210203,1,1,1,11,0,0,0,0,14
060210204,0,1,0,5,0,0,0,0,6
060210205,0,0,1,2,0,0,0,0,3
060210206,0,2,1,54,1,0,0,0,58
060210207,0,0,0,10,0,1,0,0,11
060210301,0,0,0,5,2,0,0,0,7
060210302,1,1,0,5,0,0,0,0,7
060210401,0,0,0,12,0,0,0,0,12
060210402,0,0,0,6,0,0,0,0,6
060210501,4,19,0,112,2,0,0,1,138
060210502,0,1,0,9,0,0,0,1,11
060210503,0,1,0,4,0,0,0,0,5
060210601,22,7,0,93,1,0,0,0,123
060210602,15,38,117,251,1,0,0,0,422
060210603,12,23,14,243,3,1,0,0,296
060210604,8,24,13,332,2,4,0,1,384
060210605,13,34,23,188,2,0,0,1,261
060210606,30,34,21,207,2,0,0,0,294
060210607,6,32,16,338,3,0,0,0,395
060210608,5,22,4,108,3,0,0,1,143
060210609,0,1,0,25,0,0,0,0,26
060210610,4,1,12,76,0,0,0,0,93
060210611,6,19,9,292,4,1,0,0,331
060210612,3,23,26,169,4,2,0,0,227
060210701,0,0,0,3,3,0,0,0,6
060210702,0,0,0,5,0,0,0,0,5
060210801,3,5,1,59,2,0,0,0,70
060210802,0,0,1,5,0,0,0,0,6
060210803,0,0,3,13,0,0,0,0,16
060210804,2,4,3,7,0,0,0,0,16
060210901,0,2,1,9,0,0,0,0,12
060210902,0,1,0,9,0,0,0,0,10
060210903,1,0,7,5,0,0,0,0,13
060210904,0,0,0,16,1,0,0,0,17
060211001,1,0,4,5,0,1,0,0,11
060211002,0,1,0,48,0,0,0,0,49
060211003,0,0,1,7,0,0,0,0,8
060420101,26,3,33,298,18,1,0,2,381
060420102,10,6,32,223,5,0,0,0,276
060420103,12,4,47,228,5,0,0,0,296
060420104,39,20,13,174,1,0,0,0,247
060420105,23,1,53,84,73,1,0,0,235
060420106,4,1,30,153,62,1,0,0,251
060420107,8,2,32,177,12,0,0,1,232
060420108,32,33,35,299,0,0,0,0,399
060420109,5,6,59,329,22,1,0,2,424
060420201,0,1,3,45,5,0,1,0,55
060420301,0,1,5,60,1,0,0,1,68
060420401,0,0,1,36,3,1,0,0,41
060420501,0,3,0,88,8,0,0,0,99
060420601,1,0,3,48,5,1,0,0,58
060420701,2,0,3,57,2,0,0,0,64
060420801,1,0,2,38,1,0,0,0,42
060420901,10,1,5,75,1,1,0,0,93
060421001,0,0,1,48,1,1,0,1,52
060421101,0,0,0,23,1,0,0,0,24
060421102,0,6,11,131,5,5,0,0,158
060421103,27,1,5,244,18,3,0,1,299
060421201,2,0,2,46,2,0,0,0,52
060421301,0,0,0,43,1,0,0,0,44
060421401,4,0,3,57,3,0,0,2,69
060421501,0,1,0,34,2,0,0,0,37
060421601,0,0,1,32,1,0,0,0,34
060421701,0,0,2,31,3,0,0,0,36
060421801,0,0,0,16,1,0,0,1,18
060421901,11,5,28,269,16,0,0,0,329
060421902,9,3,31,248,8,1,0,0,300
060421903,26,1,10,317,9,1,0,3,367
060421904,23,10,28,235,14,0,0,1,311
060421905,8,3,47,241,8,0,0,2,309
060421906,40,6,42,220,2,0,0,0,310
060421907,3,2,123,94,8,0,0,1,231
060421908,4,0,69,139,9,0,0,3,224
060421909,13,1,14,444,25,1,3,1,502
060490101,21,53,6,136,3,0,0,0,219
060490102,38,62,10,99,0,1,0,0,210
060490103,16,65,15,159,4,0,0,0,259
060490104,66,114,4,106,0,0,0,1,291
060490105,38,118,9,95,2,1,0,2,265
060490106,23,66,9,145,3,0,0,0,246
060490107,37,53,10,167,1,0,0,0,268
060490108,31,67,9,184,8,0,0,0,299
060490109,1,265,1,5,0,0,0,2,274
060490110,16,47,6,208,5,0,0,7,289
060490111,35,18,12,180,8,0,0,0,253
060490112,4,10,6,132,11,0,0,0,163
060490113,7,51,6,177,0,0,0,0,241
060490114,1,17,23,200,3,0,0,11,255
060490115,6,7,5,152,15,2,0,1,188
060490116,2,15,3,164,4,1,0,0,189
060490201,22,47,10,176,1,1,0,1,258
060490202,12,64,14,187,6,0,0,0,283
060490203,14,67,13,186,4,0,0,0,284
060490204,9,42,15,288,11,0,0,0,365
060490205,6,18,7,322,6,0,0,1,360
060490206,20,45,22,212,1,0,0,1,301
060490207,29,39,6,174,0,0,0,0,248
060490208,4,49,11,236,2,0,1,1,304
060490209,9,38,10,257,3,0,0,1,318
060490210,6,6,7,187,10,0,0,1,217
060490211,4,25,90,154,2,2,0,2,279
060490212,4,32,15,242,3,1,0,0,297
060490213,3,18,6,198,8,2,0,0,235
060490301,4,0,11,35,3,1,0,0,54
060490302,0,0,2,28,1,0,0,0,31
060490401,5,7,13,96,7,0,0,0,128
060490402,3,6,26,54,0,0,0,0,89
060490403,2,13,29,45,0,1,0,2,92
060490404,3,12,50,38,0,0,0,0,103
060490405,8,11,81,41,1,0,0,0,142
060490406,0,2,140,12,0,0,0,0,154
060490407,9,10,5,147,4,1,0,0,176
060490501,21,43,22,172,3,0,0,0,261
060490502,16,81,9,128,1,0,0,3,238
060490503,35,69,16,114,0,0,0,2,236
060490504,27,84,48,249,4,1,0,1,414
060490505,26,51,17,232,2,0,0,1,329
060490506,26,42,9,200,4,0,1,0,282
060490507,10,76,21,206,2,0,0,0,315
060490508,37,67,24,247,7,0,0,0,382
060490601,3,3,289,19,0,1,0,2,317
060490602,3,4,5,196,4,0,0,0,212
060490603,29,51,19,294,5,0,1,1,400
060490604,23,62,14,189,1,0,0,0,289
060490605,17,74,10,166,1,0,0,0,268
060490606,20,64,14,269,3,0,1,2,373
060490607,17,66,15,230,14,0,1,2,345
060490608,17,50,20,322,9,1,1,0,420
060490609,3,60,38,206,3,2,1,5,318
060490610,5,2,116,33,0,0,0,0,156
060490611,7,26,20,268,12,0,0,2,335
060490612,47,102,37,115,2,0,0,0,303
060490613,35,75,129,182,2,0,0,0,423
060490614,80,53,11,143,2,0,0,2,291
060490615,5,18,4,114,1,0,0,0,142
060490701,0,0,0,3,1,0,0,0,4
060490702,0,0,1,34,0,0,0,0,35
060490801,0,0,0,20,0,0,0,0,20
060490901,0,0,0,31,0,0,0,0,31
060491001,7,0,6,102,0,0,1,0,116
060491002,1,9,5,106,3,0,0,0,124
060491003,2,9,12,163,2,0,0,0,188
060491004,1,4,17,85,4,0,0,0,111
060491005,11,5,6,51,24,0,0,0,97
060491006,3,2,3,92,16,0,1,0,117
060491007,3,1,1,107,2,0,1,0,115
060491008,0,2,11,160,3,0,1,0,177
060491009,0,0,4,50,3,0,0,0,57
060491101,2,2,0,27,1,0,0,0,32
060491102,2,1,1,38,0,0,0,0,42
060491201,0,1,1,39,0,0,1,0,42
060491301,0,2,2,32,2,0,0,0,38
060491401,0,0,0,17,1,0,0,0,18
060491402,0,0,1,19,1,0,0,0,21
060491501,0,1,0,34,0,0,0,0,35
060491601,0,0,2,25,5,0,0,0,32
060491701,0,0,2,36,1,0,0,1,40
060491801,1,2,15,69,4,0,1,0,92
060491901,0,1,3,48,4,0,0,0,56
060492001,32,21,11,316,10,0,0,1,391
060492002,24,16,20,292,5,0,0,0,357
060492003,5,2,2,23,3,0,0,0,35
060492004,1,0,1,32,0,0,0,0,34
060492005,0,0,2,14,0,0,0,0,16
060492006,5,7,2,168,4,2,0,1,189
060492007,12,15,23,150,2,0,0,0,202
060492101,0,1,6,35,4,0,0,0,46
060492102,2,2,1,42,1,0,0,0,48
060492201,0,0,5,66,4,1,0,3,79
060492301,1,0,2,60,1,0,0,0,64
060492401,0,0,0,19,0,0,0,0,19
060492501,3,5,94,166,3,0,1,0,272
060492502,2,1,264,158,1,0,3,2,431
060492503,5,79,6,133,1,0,0,1,225
060492504,13,36,32,194,1,0,0,0,276
060492505,4,22,1,207,2,0,0,4,240
060492506,14,39,99,94,2,1,0,0,249
060492507,8,53,131,243,1,0,1,0,437
060492508,28,62,98,196,3,0,0,0,387
060492509,9,39,32,332,2,0,0,1,415
060492510,7,24,9,240,9,2,0,1,292
060560101,79,115,39,83,2,0,0,8,326
060560102,82,141,35,101,0,0,0,2,361
060560103,144,126,43,78,0,0,0,0,391
060560104,46,47,7,63,3,0,0,0,166
060560105,75,40,17,62,0,0,0,0,194
060560106,85,47,22,21,1,0,0,1,177
060560107,92,80,22,45,0,0,0,0,239
060560108,42,24,2,410,1,0,0,0,479
060560109,67,49,9,57,1,0,0,2,185
060560110,88,83,15,53,0,1,0,0,240
060560111,63,154,28,48,3,1,0,0,297
060560112,91,131,16,38,1,0,0,0,277
060560113,76,89,20,54,0,1,0,1,241
060560114,35,122,10,55,0,0,0,1,223
060560115,44,84,20,79,2,0,0,0,229
060560116,62,63,12,73,2,0,0,2,214
060560117,52,77,21,70,0,0,0,0,220
060560118,37,85,5,49,0,0,0,0,176
060560119,104,111,23,55,0,1,0,1,295
060560201,31,9,2,245,13,1,0,1,302
060560202,23,21,33,280,15,1,0,4,377
060560203,21,23,122,13,3,0,0,0,182
060560204,14,17,131,31,0,0,0,0,193
060560205,15,25,137,12,0,0,0,0,189
060560206,36,48,37,61,8,0,0,2,192
060560207,68,100,39,88,1,0,0,5,301
060560208,67,117,32,140,5,0,0,3,364
060560209,61,57,53,80,1,0,0,0,252
060560210,53,62,44,126,6,0,0,3,294
060560211,27,41,79,163,7,0,0,1,318
060560212,43,70,33,180,3,0,0,0,329
060560213,21,40,7,108,1,0,0,0,177
060560214,50,42,21,119,15,0,0,0,247
060560301,44,57,14,62,1,0,0,3,181
060560302,128,59,6,33,2,0,0,10,238
060560303,63,96,19,103,1,0,0,3,285
060560304,46,62,11,144,7,0,0,3,273
060560305,38,25,3,56,0,0,0,1,123
060560306,137,98,5,93,0,0,0,2,335
060560307,72,35,12,101,0,0,0,1,221
060560308,25,38,8,112,1,0,0,0,184
060560309,51,34,13,118,0,0,0,2,218
060560310,55,97,4,116,3,0,0,4,279
060560311,70,74,15,200,2,0,1,1,363
060560312,36,43,5,136,10,1,0,2,233
060560401,91,61,40,189,3,0,0,3,387
060560402,12,28,22,139,31,0,0,1,233
060560403,36,79,77,123,2,0,0,0,317
060560404,62,166,44,192,3,0,0,3,470
060560405,80,142,30,184,2,0,0,2,440
060560406,86,107,14,219,10,3,0,0,439
060560407,83,67,12,149,4,0,0,0,315
060560408,50,84,11,112,0,0,0,1,258
060560409,35,48,7,118,3,0,0,0,211
060560410,23,33,6,87,1,0,0,0,150
060560501,24,55,58,88,3,0,0,0,228
060560502,28,73,45,153,1,0,0,1,301
060560503,24,33,38,302,7,1,0,2,407
060560504,52,96,61,183,2,0,0,1,395
060560505,25,38,9,96,1,0,0,0,169
060560506,43,108,63,105,8,0,0,0,327
060560507,38,71,23,182,1,0,0,14,329
060560508,24,52,10,127,1,0,2,0,216
060560509,130,90,27,123,2,1,0,0,373
060560601,23,46,11,184,3,0,0,5,272
060560602,46,65,32,164,11,0,0,0,318
060560603,64,105,31,78,0,0,0,0,278
060560604,58,97,11,46,0,0,0,1,213
060560605,40,68,37,262,4,0,0,1,412
060560606,29,124,10,37,1,0,0,0,201
060560607,92,197,22,89,0,0,0,1,401
060560608,25,46,34,236,3,0,0,0,344
060560609,23,32,60,241,4,0,0,1,361
060560701,56,115,37,177,6,0,1,2,394
060560702,60,93,19,124,8,0,0,5,309
060560703,58,86,80,146,0,0,0,0,370
060560704,56,79,80,170,2,2,0,1,390
060560705,16,43,40,123,0,1,0,0,223
060560706,23,46,22,151,0,0,0,0,242
060560707,27,81,33,194,2,0,0,10,347
060560708,7,6,6,255,3,0,0,0,277
060560709,31,65,45,210,4,0,0,2,357
060560710,33,88,44,159,4,1,0,1,330
060560711,42,63,32,233,3,0,0,1,374
060560801,18,62,41,337,11,1,0,6,476
060560802,19,45,71,330,9,0,0,1,475
060560803,28,6,18,312,2,0,0,1,367
060560804,26,34,18,332,5,6,0,1,422
060560805,63,88,20,294,5,0,0,2,472
060560806,20,75,4,151,0,2,0,0,252
060560807,30,79,8,128,3,0,0,0,248
060560808,6,8,0,59,0,0,0,0,73
060560809,30,24,150,292,9,0,0,4,509
060560810,41,12,14,146,3,1,0,1,218
060560811,0,0,0,22,0,1,0,0,23
060560812,24,11,6,233,1,0,0,0,275
060560813,21,10,10,279,3,2,0,0,325
060560814,32,19,12,328,4,0,1,4,400
060560815,11,8,3,179,0,1,0,0,202
060560901,84,212,3,8,0,0,0,2,309
060560902,138,61,12,53,6,0,0,0,270
060560903,59,111,15,77,0,0,0,1,263
060560904,77,76,4,93,3,0,0,2,255
060560905,70,81,16,54,1,0,0,2,224
060560906,100,88,25,112,1,0,0,0,326
060560907,78,67,14,58,8,0,0,1,226
060560908,61,70,12,116,2,1,1,1,264
060560909,14,27,14,96,0,0,0,2,153
060560910,39,59,10,73,3,0,0,1,185
060560911,14,47,9,120,16,0,2,0,208
060561001,74,43,0,11,0,0,0,1,129
060561002,126,57,0,0,0,0,0,0,183
060561003,124,156,0,8,0,0,0,0,288
060561004,114,116,2,73,2,0,1,0,308
060561005,69,101,1,25,1,0,0,0,197
060561006,36,119,3,11,0,0,0,2,171
060561007,79,153,0,11,2,0,0,0,245
060561008,68,209,5,39,3,0,0,1,325
060561009,118,84,1,24,1,1,0,1,230
060561010,58,102,7,63,0,0,0,0,230
060561011,73,50,9,62,1,0,0,0,195
060561101,48,116,9,33,4,0,0,0,210
060561102,51,70,7,16,1,0,0,1,146
060561103,69,77,0,2,0,0,0,0,148
060561104,185,36,0,22,1,0,0,0,244
060561105,67,144,0,4,0,0,0,0,215
060561106,56,148,0,10,0,0,0,0,214
060561107,122,136,0,0,0,0,0,0,258
060561108,29,204,0,1,0,0,0,0,234
060561109,38,145,0,4,0,0,0,0,187
060561110,90,164,1,16,0,0,0,0,271
060561111,135,63,4,34,0,0,0,0,236
060561112,121,103,3,52,0,0,0,0,279
060561113,165,51,3,33,0,0,0,1,253
060561114,41,99,0,66,3,0,0,0,209
060561201,59,146,16,88,1,0,0,0,310
060561202,104,157,0,17,2,0,0,14,294
060561203,46,96,6,45,0,0,0,0,193
060561204,90,110,11,56,3,0,0,1,271
060561205,145,104,7,23,5,0,0,0,284
060561206,66,170,5,24,0,0,0,0,265
060561207,117,75,1,10,0,0,0,0,203
060561208,75,129,2,15,8,0,0,4,233
060561209,106,88,14,34,0,0,0,0,242
060561210,18,111,0,15,1,0,0,0,145
060561211,72,95,0,1,1,0,0,0,169
060561301,95,181,63,155,0,0,0,2,496
060561302,48,104,30,124,2,1,0,2,311
060561303,36,145,40,82,0,0,0,10,313
060561304,43,68,21,37,0,0,0,3,172
060561305,31,74,34,37,0,0,0,2,178
060561306,81,68,41,68,0,1,0,1,260
060561307,95,126,15,82,0,0,0,3,321
060561308,62,120,15,112,1,0,0,1,311
060561309,69,65,8,30,0,0,0,0,172
060561310,84,78,12,63,4,0,0,1,242
060561401,59,68,18,61,0,0,0,2,208
060561402,12,63,52,90,2,1,0,1,221
060561403,43,100,39,77,2,0,0,0,261
060561404,25,76,28,97,0,0,0,1,227
060561405,52,89,21,53,1,0,0,1,217
060561406,104,118,18,167,1,0,0,1,409
060561407,77,60,8,94,0,0,0,1,240
060561408,186,56,2,57,3,0,0,1,305
060561409,69,61,7,31,2,0,0,0,170
060561410,196,69,3,40,2,0,0,0,310
060561411,73,71,9,50,3,0,0,0,206
060561412,57,41,4,73,1,0,0,0,176
060561413,137,96,3,42,1,0,0,3,282
060561414,102,162,8,66,1,0,0,1,340
060561415,85,91,4,10,0,0,0,1,191
060561416,143,155,3,27,0,0,0,0,328
060561417,12,251,3,14,0,0,0,0,280
060561418,63,113,5,33,3,0,0,0,217
060561419,113,142,0,0,1,0,0,0,256
060561420,80,33,0,0,0,0,0,1,114
060561421,37,149,0,2,0,0,0,0,188
060561501,22,56,29,191,3,0,0,1,302
060561502,51,74,131,124,2,1,0,0,383
060561503,66,66,62,136,3,1,1,1,336
060561504,24,57,32,128,1,3,0,1,246
060561505,29,57,25,166,5,0,0,0,282
060561506,50,44,37,182,1,0,0,5,319
060561507,89,108,15,95,0,0,0,0,307
060561508,23,7,1,350,0,0,0,0,381
060561509,9,8,33,125,2,0,0,0,177
060561510,31,75,45,50,11,0,0,0,212
060561511,125,86,7,17,0,0,0,1,236
060561512,35,110,104,148,3,0,0,0,400
060561513,7,12,127,79,8,1,0,0,234
060561514,16,39,16,256,11,0,0,3,341
060561515,21,73,249,99,4,0,0,1,447
060561516,8,12,93,60,2,0,0,0,175
060561517,5,24,56,86,2,0,0,0,173
060561601,39,54,29,82,9,0,0,1,214
060561602,11,49,22,120,0,0,0,0,202
060561603,73,59,35,72,2,0,0,3,244
060561604,26,61,29,62,2,0,0,2,182
060561605,69,75,34,134,1,0,0,0,313
060561606,50,34,15,67,4,0,0,1,171
060561607,55,34,19,82,0,0,0,0,190
060561608,98,90,27,93,5,0,0,2,315
060561609,89,66,16,138,4,0,0,2,315
060561610,62,110,8,89,0,0,0,1,270
060561611,99,111,18,103,4,0,0,0,335
060561612,64,72,9,111,2,0,0,0,258
060561613,159,133,4,27,1,0,0,17,341
060561614,110,68,6,63,0,0,0,4,251
060561701,52,90,37,164,1,0,0,0,344
060561702,51,99,29,149,1,0,0,2,331
060561703,76,76,21,165,2,0,0,0,340
060561704,56,49,6,103,0,0,0,0,214
060561705,62,50,9,60,2,0,0,1,184
060561706,88,60,14,138,11,0,0,0,311
060561707,103,65,20,130,1,0,0,0,319
060561708,94,65,14,84,2,0,0,0,259
060561709,76,73,14,89,1,0,0,0,253
060561710,86,80,13,80,2,0,0,0,261
060561801,49,93,34,198,8,0,0,2,384
060561802,96,85,32,157,1,0,0,0,371
060561803,53,52,13,90,13,0,0,1,222
060561804,27,35,34,133,4,0,0,0,233
060561805,39,82,18,163,9,0,0,0,311
060561806,47,89,18,139,2,0,0,0,295
060561807,40,77,17,213,5,0,0,3,355
060561808,76,35,9,202,5,0,0,0,327
060561809,59,35,14,201,0,0,0,0,309
060561810,67,57,10,115,1,2,0,0,252
060561901,66,67,20,193,3,0,0,0,349
060561902,53,69,16,202,2,0,0,0,342
060561903,82,88,22,246,1,1,0,0,440
060561904,55,46,13,222,3,1,1,0,341
060561905,15,39,26,292,8,1,1,1,383
060561906,31,124,17,273,5,0,0,1,451
060561907,33,49,13,283,8,1,0,6,393
060561908,12,21,13,186,2,0,0,6,240
060561909,26,48,14,158,1,0,0,1,248
060561910,21,43,14,392,4,3,0,2,479
060561911,68,49,12,208,2,0,0,1,340
060561912,37,69,19,270,1,0,1,0,397
060561913,52,68,35,254,4,0,0,0,413
060561914,40,46,31,106,4,0,0,1,228
060562001,58,186,33,130,6,0,0,1,414
060562002,77,138,18,145,9,0,0,0,387
060562003,55,112,21,121,2,0,0,0,311
060562004,57,133,19,109,2,0,0,0,320
060562005,105,108,15,124,3,0,1,1,357
060562006,108,76,10,57,3,0,0,0,254
060562007,108,53,4,72,2,0,0,1,240
060562008,14,32,11,123,7,2,0,0,189
060562009,32,48,12,101,0,0,0,0,193
060562010,49,37,37,63,9,0,0,9,204
060562101,59,51,55,146,8,0,0,0,319
060562102,77,98,19,106,0,0,0,0,300
060562103,29,42,29,106,0,0,0,3,209
060562104,58,51,25,90,1,0,0,0,225
060562105,58,106,46,136,2,0,1,2,351
060562106,9,22,97,29,0,0,0,1,158
060562107,40,22,123,164,3,0,0,0,352
060562108,5,27,161,20,1,0,0,0,214
060562109,1,19,243,1,0,0,0,5,269
060562110,6,20,10,59,155,1,0,1,252
060562111,53,79,21,183,3,0,0,2,341
060562201,54,64,30,192,3,0,0,0,343
060562202,45,87,22,184,6,0,0,1,345
060562203,55,79,21,212,1,0,0,2,370
060562204,44,87,35,228,8,1,0,7,410
060562205,7,12,18,211,3,0,0,2,253
060562206,13,27,5,300,2,0,0,4,351
060562207,4,18,13,180,1,0,0,0,216
060562208,85,50,18,216,19,2,0,1,391
060562209,56,38,11,98,2,0,0,1,206
060562210,14,56,190,1,0,0,1,21,283
060562211,106,129,27,1,0,0,0,1,264
060562212,8,0,0,90,1,1,0,1,101
060562213,14,0,6,274,0,0,0,1,295
060562214,40,44,67,153,4,0,0,1,309
060562215,11,17,167,100,2,0,0,0,297
060562216,89,91,27,133,0,0,0,3,343
060562217,67,67,28,189,3,1,0,0,355
060562301,21,18,6,145,2,0,0,3,195
060562302,14,39,18,205,4,0,0,0,280
060562303,32,57,14,227,4,0,0,0,334
060562304,30,43,107,298,3,0,0,0,481
060562305,58,63,63,68,2,0,0,3,257
060562306,84,127,77,21,0,0,0,0,309
060562307,63,114,28,67,0,0,0,0,272
060562308,80,105,63,43,0,0,0,1,292
060562309,63,27,79,205,3,0,0,1,378
060562310,93,21,19,146,4,0,0,1,284
060562311,46,24,20,88,1,0,0,0,179
060562312,30,31,6,135,5,0,0,0,207
060562313,63,30,16,138,2,0,0,1,250
060562314,32,33,15,230,7,0,1,0,318
060562315,72,12,11,161,2,0,1,4,263
060562316,40,14,14,215,3,8,0,2,296
060562401,8,6,245,131,2,0,0,0,392
060562402,27,36,34,362,8,2,0,4,473
060562403,20,24,87,169,5,0,0,0,305
060562404,10,8,227,115,5,0,0,0,365
060562405,21,18,25,259,2,0,0,0,325
060562406,27,9,108,281,9,0,0,0,434
060562407,38,33,50,268,0,0,0,1,390
060562408,46,39,8,599,15,4,3,18,732
060562409,19,34,7,288,9,0,0,4,361
060562410,20,55,7,173,6,0,0,6,267
060562411,26,51,5,108,3,0,1,0,194
060562412,19,35,32,321,6,0,0,0,413
060562413,45,38,23,295,1,2,0,1,405
060562414,20,26,16,171,0,1,0,0,234
060562415,21,29,10,161,16,1,0,0,238
060562416,25,13,6,297,9,5,0,1,356
060562417,19,41,3,119,4,0,0,0,186
060562501,45,52,85,202,4,0,0,1,389
060562502,25,67,76,314,4,0,1,0,487
060562503,8,14,31,218,3,0,1,3,278
060562504,20,27,61,289,5,1,0,2,405
060562505,12,68,129,142,0,0,0,3,354
060562506,55,125,129,109,0,0,3,0,421
060562507,13,50,201,136,0,1,0,0,401
060562508,35,63,95,199,0,0,0,3,395
060562509,11,38,46,262,3,0,0,2,362
060562510,48,52,103,123,0,0,0,2,328
060562511,41,64,100,136,0,1,0,1,343
060562512,39,41,105,152,11,0,0,0,348
060562513,33,68,77,107,3,1,0,0,289
060562514,106,91,59,53,4,1,0,0,314
060562515,63,58,42,92,4,0,0,0,259
060562516,35,85,54,163,4,1,0,1,343
060562601,5,11,17,245,3,0,0,0,281
060562602,8,17,50,210,3,0,0,1,289
060562603,12,19,9,259,13,0,0,1,313
060562604,5,12,44,64,2,0,0,1,128
060562605,15,11,73,197,4,1,0,0,301
060562606,5,7,38,134,2,1,0,2,189
060562607,16,17,189,90,4,0,0,0,316
060562608,11,11,199,86,1,0,0,1,309
060562609,5,12,111,66,2,0,0,0,196
060562610,35,37,108,388,1,2,1,0,572
060562611,40,42,108,233,1,0,0,2,426
060562612,8,11,56,86,3,1,0,1,166
060562613,20,26,60,318,11,1,0,2,438
060562614,8,19,132,211,4,1,0,0,375
060562615,14,7,14,213,4,0,0,5,257
060562616,14,2,1,131,103,2,0,3,256
060562617,26,6,145,278,6,4,0,3,468
060562618,9,4,6,179,3,0,0,0,201
060562619,9,6,10,148,2,1,0,0,176
060562701,1,4,5,36,0,0,0,0,46
060562702,29,14,16,180,5,0,0,0,244
060562703,16,41,38,211,6,0,0,0,312
060562704,15,20,46,204,1,0,0,4,290
060562705,12,0,1,111,1,0,0,1,126
060562706,1,11,5,76,3,0,1,3,100
060562707,37,21,31,230,3,1,1,1,325
060562708,14,11,12,113,4,0,0,1,155
060562801,1,1,2,18,0,0,0,0,22
060562901,1,0,0,16,0,0,0,0,17
060563001,0,0,2,41,0,0,0,0,43
060563002,4,1,10,123,1,1,0,0,140
060563003,8,14,18,166,1,0,0,0,207
060563004,19,12,23,141,10,0,0,0,205
060563005,6,3,14,79,4,0,0,0,106
060563006,8,3,4,54,2,2,0,0,73
060563007,0,2,2,23,0,0,0,0,27
060563101,1,1,7,46,2,1,0,1,59
060563201,1,0,0,20,2,0,0,0,23
060563202,9,17,27,165,5,1,0,2,226
060563203,20,4,40,249,19,3,2,2,339
060563204,5,9,5,88,4,1,1,0,113
060563205,52,44,76,161,6,2,0,1,342
060563206,26,4,230,80,0,0,0,0,340
060563207,22,5,3,133,1,1,1,3,169
060563208,34,8,5,193,6,0,0,1,247
060563209,50,23,13,286,2,0,1,0,375
060563210,66,28,42,177,1,1,0,0,315
060563211,70,28,9,206,2,4,0,1,320
060563212,5,3,1,13,0,0,0,0,22
060630101,22,10,18,213,17,2,2,2,286
060630102,25,68,56,160,13,1,0,1,324
060630103,23,16,49,229,16,0,0,1,334
060630104,16,8,10,257,52,0,0,1,344
060630105,46,15,45,272,32,2,1,4,417
060630106,21,11,66,184,5,0,0,0,287
060630107,18,31,82,155,19,1,0,1,307
060630108,47,19,48,249,18,1,0,0,382
060630109,20,19,55,239,44,2,0,2,381
060630110,14,22,57,128,18,1,0,0,240
060630111,35,27,82,142,9,0,0,2,297
060630112,45,41,30,97,3,0,0,1,217
060630113,27,39,43,156,6,1,0,0,272
060630114,20,23,49,158,17,1,0,1,269
060630115,24,13,33,260,20,0,0,1,351
060630116,45,8,19,144,22,1,0,2,241
060630117,15,14,48,148,9,0,0,2,236
060630201,16,27,65,301,33,0,2,2,446
060630202,34,37,49,169,9,0,0,1,299
060630203,33,28,59,172,8,1,0,2,303
060630204,28,11,27,224,16,1,0,4,311
060630205,39,19,99,187,13,2,0,2,361
060630206,8,2,35,96,15,1,1,1,159
060630207,24,8,108,175,7,0,0,3,325
060630208,17,15,151,132,15,0,0,0,330
060630301,0,0,0,14,0,0,0,0,14
060630302,11,2,25,115,8,1,0,0,162
060630303,0,0,12,34,1,1,0,0,48
060630304,0,0,3,13,1,0,0,0,17
060630305,0,2,9,20,1,0,0,0,32
060630306,0,0,8,14,0,0,0,0,22
060630401,0,0,0,7,0,0,0,0,7
060630402,0,0,4,22,1,1,0,0,28
060630403,0,1,1,19,2,0,0,0,23
060630404,0,1,6,30,3,0,0,0,40
060630405,0,0,3,9,0,0,0,0,12
060630406,0,0,2,24,3,0,0,0,29
060630501,0,0,0,8,0,0,0,0,8
060630502,0,0,2,14,0,0,0,0,16
060630601,2,1,7,25,6,1,1,0,43
060630602,0,1,3,16,2,0,0,0,22
060630603,1,1,2,18,2,0,0,1,25
060630604,2,1,8,12,1,0,0,0,24
060630605,2,5,7,15,0,0,0,1,30
060630606,1,0,3,12,2,0,0,0,18
060630607,1,0,3,13,1,0,0,0,18
060630701,11,8,57,225,125,1,0,3,430
060630702,31,8,23,120,7,0,0,0,189
060630703,37,6,43,159,69,0,0,0,314
060630704,3,4,165,75,10,0,0,1,258
060630705,6,6,64,93,8,1,0,0,178
060630706,10,4,95,247,8,1,0,1,366
060630707,13,14,36,158,17,0,0,2,240
060630708,29,31,94,126,123,2,0,1,406
060630709,4,10,91,152,8,0,0,0,265
060630801,0,1,0,4,1,0,0,0,6
060630802,0,1,1,55,2,1,0,0,60
060630803,0,0,0,8,0,0,0,0,8
060630804,1,0,4,19,2,0,0,1,27
060630805,0,1,13,40,1,1,0,0,56
060630806,3,5,1,53,3,0,1,0,66
060630901,1,1,12,65,3,0,0,0,82
060630902,0,0,0,17,0,0,0,0,17
060630903,0,0,0,15,2,0,0,0,17
060630904,0,0,1,6,0,0,0,0,7
060630905,0,0,0,7,1,0,0,1,9
060630906,1,1,8,86,4,0,0,0,100
060631001,1,1,2,14,1,1,0,0,20
060631002,3,9,29,63,17,0,0,1,122
060631003,3,0,9,27,3,0,0,1,43
060631004,0,3,1,17,2,0,0,0,23
060631101,0,0,5,13,5,0,0,0,23
060631102,1,0,5,36,4,0,0,0,46
060631103,0,1,6,20,17,0,0,0,44
060631104,2,2,4,32,5,0,0,0,45
060631105,1,5,2,32,0,0,0,0,40
060631106,0,0,8,31,3,0,0,0,42
060631107,0,3,5,10,0,0,0,0,18
060631201,0,0,1,13,1,0,0,0,15
060631202,0,0,3,12,2,0,0,0,17
060631203,0,0,0,7,1,0,0,0,8
060631301,74,58,31,113,3,0,0,3,282
060631302,35,26,83,182,9,0,0,1,336
060631303,11,24,134,223,46,0,0,1,439
060631304,25,26,103,181,4,0,0,1,340
060631305,37,21,85,181,7,0,1,1,333
060631306,32,21,101,116,12,0,0,0,282
060631307,19,21,164,154,11,2,0,1,372
060631308,12,18,195,132,14,1,0,0,372
060700101,23,26,16,99,0,0,0,2,166
060700102,23,41,12,81,6,1,0,4,168
060700103,36,28,13,149,3,0,0,0,229
060700104,18,26,6,94,0,0,0,1,145
060700105,26,42,18,121,7,0,0,3,217
060700106,53,52,14,163,5,1,0,3,291
060700107,48,37,19,187,1,0,0,0,292
060700108,24,66,17,163,5,0,0,0,275
060700109,44,58,45,148,5,0,0,1,301
060700110,30,62,30,155,4,1,0,2,284
060700111,20,21,6,98,5,0,1,0,151
060700112,20,19,8,77,1,0,0,0,125
060700113,11,17,7,118,7,0,0,1,161
060700201,17,16,74,344,6,0,1,1,459
060700202,16,20,17,247,10,0,0,4,314
060700203,24,34,16,123,5,0,0,0,202
060700204,44,46,26,225,7,2,0,5,355
060700205,26,10,10,295,14,1,0,1,357
060700206,16,17,20,303,26,0,0,5,387
060700207,21,54,13,92,5,0,0,0,185
060700208,15,10,6,240,13,1,0,1,286
060700209,12,27,8,238,11,0,0,0,296
060700210,8,28,6,409,13,2,0,1,467
060700211,5,14,16,206,2,1,0,2,246
060700212,12,30,22,289,18,1,0,1,373
060700213,12,19,14,227,11,0,0,3,286
060700214,41,33,45,223,12,0,0,0,354
060700215,11,17,68,193,5,1,0,1,296
060700216,6,1,2,183,5,0,0,4,201
060700217,17,54,11,50,0,0,0,2,134
060700218,6,5,41,90,1,0,0,0,143
060700301,1,3,8,39,2,0,0,0,53
060700302,2,6,15,50,5,2,1,0,81
060700303,10,6,3,46,8,1,0,1,75
060700304,2,7,6,62,0,0,0,1,78
060700305,23,30,61,318,14,0,3,7,456
060700306,12,24,66,322,29,0,0,1,454
060700401,27,34,14,299,9,1,0,1,385
060700402,0,0,1,15,1,2,0,0,19
060700403,0,0,2,16,1,0,0,0,19
060700404,0,2,44,64,1,0,0,0,111
060700501,3,6,1,27,4,1,0,0,42
060700502,0,1,1,23,1,0,0,0,26
060700601,0,1,0,15,0,0,0,0,16
060700602,3,2,2,28,6,0,1,1,43
060700701,0,1,0,20,0,1,0,0,22
060700702,0,0,1,17,1,0,0,0,19
060700801,5,1,18,110,1,0,0,0,135
060700802,0,1,0,7,0,0,0,0,8
060700803,3,0,0,6,0,0,0,0,9
060700804,0,1,0,13,0,0,0,1,15
060700805,0,0,1,12,0,0,0,0,13
060700806,0,0,0,4,0,0,0,0,4
060700901,0,0,0,7,0,0,0,0,7
060700902,0,0,0,5,0,0,0,0,5
060700903,0,0,0,13,0,0,0,0,13
060700904,0,1,0,4,0,0,0,0,5
060701001,0,6,9,43,0,0,0,0,58
060701002,0,1,2,15,1,0,0,0,19
060701003,0,2,4,12,1,0,0,0,19
060701004,0,1,0,8,0,0,0,0,9
060701101,1,0,0,4,0,0,0,0,5
060701102,0,0,0,5,0,0,0,0,5
060701201,0,0,0,20,1,0,0,0,21
060701202,0,0,0,19,1,1,0,0,21
060770101,9,11,4,289,9,1,0,1,324
060770102,12,10,22,226,0,0,0,2,272
060770103,40,59,15,110,3,1,0,1,229
060770104,27,83,24,121,2,0,0,0,257
060770105,37,69,19,171,5,0,0,3,304
060770106,30,74,38,254,3,0,0,1,400
060770107,2,13,17,72,3,0,0,0,107
060770108,29,41,31,108,1,0,0,0,210
060770109,43,59,35,151,5,0,0,0,293
060770201,0,5,2,15,0,0,0,0,22
060770202,2,0,0,14,0,1,0,0,17
060770301,0,1,1,11,0,0,0,0,13
060770302,0,1,2,5,0,0,0,0,8
060770401,27,15,4,206,2,0,0,1,255
060770402,20,17,3,122,5,1,0,0,168
060770403,2,3,1,8,2,0,0,0,16
060770404,0,0,1,10,0,0,0,0,11
060770405,1,0,2,14,0,0,0,0,17
060770501,19,38,21,312,8,0,0,0,398
060770502,16,13,4,167,13,1,0,1,215
060770503,8,7,3,280,7,2,0,1,308
060770504,16,7,8,143,2,0,0,0,176
060770505,6,7,5,234,4,1,0,0,257
060770506,0,3,0,25,2,0,0,0,30
060770507,0,0,1,10,0,0,0,1,12
060770508,3,0,1,17,1,0,0,0,22
060770509,9,1,276,174,6,0,0,1,467
060770510,38,103,21,424,1,0,0,0,587
060770511,23,27,9,262,5,2,0,1,329
060770512,4,8,13,147,16,1,0,2,191
060770513,8,12,29,150,1,0,0,0,200
060770514,0,0,0,97,0,0,0,0,97
060770601,1,2,4,8,6,0,0,0,21
060770602,1,3,2,22,2,0,1,0,31
060770603,0,1,0,17,0,0,0,0,18
060770701,3,0,0,10,1,0,0,0,14
060770801,0,2,0,10,2,0,0,0,14
060770901,1,1,1,9,0,0,0,0,12
060770902,0,0,0,7,1,0,0,0,8
060770903,0,1,0,12,0,0,0,0,13
060770904,0,2,4,17,1,0,0,0,24
060770905,0,0,2,7,2,0,0,0,11
060771001,0,2,0,2,0,0,0,0,4
060771002,0,0,0,10,0,0,0,0,10
060771003,0,0,0,8,0,0,0,0,8
060771101,0,0,0,5,0,0,0,0,5
060771102,1,0,0,7,0,0,0,0,8
060771103,0,2,1,8,0,0,0,0,11
060771201,0,0,2,19,0,0,0,0,21
060771202,0,0,0,12,0,0,0,1,13
060771302,3,0,3,13,0,0,0,0,19
060771303,0,1,1,10,0,0,0,1,13
060771401,14,7,10,320,2,1,0,0,354
060771402,47,83,19,225,4,2,0,0,380
060771403,41,90,13,168,6,0,0,2,320
060771404,39,60,47,205,3,0,0,4,358
060771405,24,78,28,117,0,0,0,2,249
060771406,31,130,27,140,2,1,0,4,335
060771407,33,93,13,144,2,0,0,0,285
060771408,18,8,7,299,100,0,0,0,432
060771409,11,35,159,132,5,1,0,0,343
060840101,2,0,1,15,1,0,0,0,19
060840102,1,1,0,13,1,0,0,0,16
060840103,1,0,1,30,0,0,0,0,32
060840201,0,0,1,15,0,1,0,1,18
060840202,0,0,1,12,0,0,0,0,13
060840301,8,0,6,41,2,0,0,0,57
060840302,1,1,2,14,0,0,0,0,18
060840303,0,0,0,13,0,0,0,0,13
060840304,0,0,1,13,3,0,0,0,17
060840305,0,0,0,13,0,0,0,0,13
060840401,0,0,0,3,0,1,0,0,4
060840402,2,0,1,25,2,0,0,0,30
060840403,0,1,3,12,0,0,0,0,16
060840501,0,0,1,33,0,0,0,0,34
060840502,1,1,0,15,0,0,0,0,17
060840602,1,0,0,4,0,0,0,0,5
060840603,0,0,0,5,1,0,0,0,6
060840604,0,0,1,9,0,0,0,0,10
060840605,2,0,2,5,0,0,0,0,9
060840701,1,0,0,65,1,0,0,0,67
060840702,6,4,27,152,2,0,0,0,191
060840703,4,1,4,188,9,0,0,1,207
060840704,23,10,20,259,7,0,0,1,320
060840705,4,1,21,105,39,0,0,0,170
060840706,30,3,23,225,4,0,0,0,285
060840707,21,8,28,212,3,0,0,1,273
060840708,28,27,28,205,4,0,0,0,292
060840709,23,14,29,177,2,0,0,0,245
060840710,30,2,24,227,2,0,0,0,285
060840711,3,9,26,294,9,0,0,1,342
060840801,1,0,0,42,0,0,0,0,43
060840802,0,0,0,12,0,0,0,0,12
060840803,3,1,3,23,0,0,0,0,30
060840804,0,0,2,4,0,0,0,0,6
060840901,28,50,4,83,10,0,0,4,179
060840902,94,134,4,4,1,0,0,1,238
060840903,70,53,1,4,1,0,0,0,129
060840904,34,56,4,12,32,0,0,0,138
060840905,11,25,6,155,6,2,0,0,205
060840906,32,29,14,144,4,2,0,0,225
060840907,0,3,3,23,1,0,0,0,30
060840908,0,1,0,5,0,0,0,0,6
060840909,0,0,5,6,2,0,0,0,13
060841001,1,0,0,11,0,0,0,0,12
060841002,0,2,0,4,1,0,0,0,7
060841003,0,0,0,8,2,0,0,0,10
060841101,0,0,0,8,0,0,0,0,8
060841102,0,1,0,32,0,0,0,0,33
060841201,6,0,3,62,4,0,0,0,75
060841202,1,2,1,128,8,0,0,0,140
060841203,108,20,6,72,0,0,0,0,206
060841204,47,25,53,136,52,0,0,18,331
060841205,5,3,4,208,8,0,5,0,233
060841206,18,11,43,336,5,0,0,0,413
060841207,16,9,11,161,1,0,0,2,200
060841208,34,10,49,227,15,0,0,0,335
060841209,28,5,12,148,4,2,0,0,199
060841210,14,0,90,196,6,0,0,0,306
060980101,49,28,10,204,5,0,0,0,296
060980102,37,25,16,205,6,0,0,4,293
060980103,25,31,22,232,4,2,0,0,316
060980104,26,27,20,217,5,0,0,0,295
060980105,36,18,24,187,2,0,0,0,267
060980106,44,34,17,195,9,0,0,0,299
060980107,15,32,23,161,4,0,0,0,235
060980108,24,48,12,172,1,0,0,1,258
060980109,18,31,11,192,2,0,0,0,254
060980110,40,27,21,216,8,0,0,0,312
060980111,23,27,22,291,3,0,0,1,367
060980112,17,16,21,183,17,0,0,0,254
060980201,43,14,16,205,5,0,0,0,283
060980202,38,13,29,256,2,1,0,8,347
060980203,8,22,21,205,11,1,0,0,268
060980204,20,37,33,308,6,1,0,1,406
060980205,38,30,33,213,5,1,0,1,321
060980206,16,26,35,220,7,0,0,0,304
060980207,29,37,28,277,5,0,0,1,377
060980208,19,34,24,250,30,1,0,2,360
060980209,23,14,18,156,9,0,0,0,220
060980210,2,23,22,253,7,2,0,1,310
060980211,7,10,9,195,5,0,0,0,226
060980212,16,21,20,373,17,2,0,0,449
060980213,14,30,14,150,6,0,0,0,214
060980214,4,15,14,195,7,0,0,1,236
060980215,9,11,15,207,2,0,1,1,246
060980301,26,2,3,106,0,0,0,0,137
060980302,32,58,1,37,0,0,0,0,128
060980303,13,26,27,285,10,1,0,1,363
060980304,2,10,16,238,15,1,0,3,285
060980305,21,14,23,188,10,0,0,4,260
060980306,9,23,25,288,14,1,0,4,364
060980307,8,71,6,162,11,0,0,0,258
060980308,14,7,60,328,13,1,0,1,424
060980309,51,4,2,407,6,2,1,4,477
060980310,14,6,16,432,17,3,0,4,492
060980311,9,6,17,193,7,0,0,2,234
060980312,34,3,5,125,1,0,0,0,168
060980313,28,84,5,20,1,0,0,2,140
060980401,1,1,3,47,3,0,0,0,55
060980402,5,5,2,126,3,2,1,0,144
060980403,1,6,22,141,5,1,3,0,179
060980404,5,4,9,78,3,1,1,0,101
060980405,0,0,0,10,0,0,0,0,10
060980406,9,3,12,135,6,3,1,0,169
060980407,1,1,10,61,2,1,0,0,76
060980408,0,1,5,36,2,0,1,0,45
060980501,25,38,20,195,7,1,1,3,290
060980502,21,30,16,287,14,0,2,0,370
060980503,10,33,15,239,12,0,1,1,311
060980504,6,31,23,218,8,1,0,3,290
060980505,12,42,4,260,7,1,0,2,328
060980506,19,23,7,182,26,0,0,6,263
060980507,30,59,13,124,11,3,0,0,240
060980508,4,13,14,218,15,0,0,0,264
060980509,8,13,20,226,11,1,0,0,279
060980510,16,19,10,265,6,0,0,3,319
060980601,34,15,20,191,4,0,0,0,264
060980602,20,30,50,279,6,1,0,1,387
060980603,23,29,42,382,12,0,1,2,491
060980604,4,12,17,188,6,0,0,4,231
060980605,21,34,26,296,7,0,0,3,387
060980606,23,23,20,226,5,1,0,0,298
060980607,16,35,37,202,8,0,0,2,300
060980608,14,23,129,163,9,0,0,7,345
060980609,17,42,46,294,13,0,1,7,420
060980610,12,7,48,158,1,0,0,0,226
060980611,22,26,29,229,7,1,0,2,316
060980612,6,21,1,157,7,0,0,0,192
060980613,4,7,3,207,8,10,0,1,240
060980614,4,27,34,191,5,0,0,0,261
060980615,9,30,34,173,7,0,0,1,254
060980616,15,17,20,250,7,0,0,0,309
060980617,8,17,65,140,2,0,0,0,232
060980701,22,16,3,188,14,5,0,3,251
060980702,15,76,3,488,9,0,1,4,596
060980703,23,30,14,97,1,0,0,0,165
060980704,35,16,18,214,10,0,0,0,293
060980705,34,12,21,235,6,0,0,1,309
060980706,42,87,19,211,4,3,1,1,368
060980707,1,1,0,11,0,0,0,0,13
060980801,21,17,38,247,12,1,0,0,336
060980802,3,34,2,317,6,2,1,2,367
060980803,19,26,2,177,9,2,0,5,240
060980804,12,45,11,196,5,1,0,3,273
060980805,9,24,18,110,3,0,0,0,164
060980806,26,66,22,142,7,0,0,1,264
060980807,36,36,18,92,2,0,0,3,187
060980808,23,31,5,172,11,0,0,1,243
060980809,27,40,12,160,1,0,0,2,242
060980810,27,113,44,255,9,1,1,8,458
060980811,27,72,8,144,7,0,0,2,260
060980812,27,32,15,150,7,0,0,0,231
060980813,4,26,18,185,5,1,0,0,239
060980814,14,29,13,244,4,1,0,1,306
060980815,21,37,19,238,11,0,0,0,326
060980816,21,21,47,213,3,0,0,6,311
060980817,17,23,14,302,14,4,1,3,378
061050101,13,33,34,310,0,0,0,0,390
061050102,37,23,19,248,5,0,0,0,332
061050103,16,33,15,219,5,1,0,0,289
061050104,38,49,18,264,7,2,0,0,378
061050105,28,45,27,140,0,1,0,0,241
061050106,39,59,9,142,3,0,0,1,253
061050107,27,20,18,232,5,0,0,0,302
061050108,18,31,21,255,6,0,0,0,331
061050109,28,20,13,186,2,0,0,1,250
061050201,22,37,17,262,9,1,0,0,348
061050202,10,48,22,251,4,1,0,4,340
061050203,36,37,25,219,8,0,0,0,325
061050204,19,17,11,117,1,0,0,0,165
061050205,30,33,26,210,5,0,0,0,304
061050206,12,45,27,190,2,0,1,0,277
061050207,22,47,25,265,5,0,0,1,365
061050208,23,28,9,87,4,0,0,0,151
061050209,12,24,12,154,5,0,0,0,207
061050210,19,38,18,202,10,0,0,0,287
061050211,25,32,13,254,20,0,0,2,346
061050301,8,2,3,86,1,0,0,1,101
061050401,1,3,2,39,1,0,0,0,46
061050402,0,0,0,22,0,0,0,0,22
061050403,1,3,4,71,0,0,0,0,79
061050501,1,2,2,32,2,0,1,0,40
061050601,2,2,4,55,1,0,0,1,65
061050602,2,1,1,33,0,0,0,0,37
061050701,1,2,1,40,0,0,0,0,44
061050801,2,15,4,116,1,0,0,0,138
061050802,6,7,3,161,2,0,0,0,179
061050803,11,6,1,242,12,1,0,0,273
061050804,0,0,0,4,0,0,0,0,4
061050805,1,3,9,53,4,0,0,0,70
061050806,0,2,1,28,0,0,0,0,31
061050807,1,0,2,35,0,0,0,0,38
061050808,0,1,0,55,1,0,0,0,57
061050809,0,0,0,35,0,0,0,0,35
061050901,2,3,1,35,1,0,0,0,42
061051001,1,0,6,45,0,0,1,1,54
061051002,6,3,0,42,1,0,0,0,52
061051101,0,0,2,55,1,0,0,1,59
061051102,3,13,2,142,0,1,1,1,163
061051103,1,20,10,125,0,0,0,0,156
061051104,4,11,7,148,7,0,0,1,178
061051105,8,10,4,296,2,1,0,1,322
061051106,2,5,0,92,0,0,1,0,100
061051107,0,4,0,108,1,0,0,0,113
061051201,3,0,1,35,0,0,0,1,40
061051301,3,18,5,147,2,1,0,0,176
061051302,7,19,11,88,3,0,0,0,128
061051303,11,19,34,165,1,3,0,0,233
061051304,7,4,4,59,5,0,0,0,79
061051401,6,23,38,340,15,1,0,1,424
061051402,5,8,5,240,2,1,0,1,262
061051403,13,17,25,126,1,0,0,0,182
061051404,5,15,5,169,0,1,0,0,195
061051405,2,12,21,182,8,0,0,0,225
061051406,2,6,99,159,5,0,0,0,271
061051407,0,0,159,120,3,1,0,0,283
061051408,0,2,0,75,2,0,0,0,79
061051409,0,3,2,25,0,0,0,0,30
061051410,7,24,9,272,1,0,0,1,314
061051411,1,23,19,118,3,1,0,0,165
061051412,12,22,10,154,0,0,0,0,198
061051413,14,13,44,262,6,0,0,0,339
061120101,20,38,0,168,1,1,0,3,231
061120102,49,43,3,261,5,1,0,3,365
061120103,75,44,21,263,3,2,0,0,408
061120104,50,51,3,66,2,0,0,0,172
061120105,51,63,5,110,0,0,0,0,229
061120106,64,81,5,130,3,1,0,0,284
061120107,37,56,7,163,8,0,0,0,271
061120108,71,44,20,125,1,2,0,0,263
061120109,43,35,2,320,4,1,0,4,409
061120110,24,59,4,402,3,0,0,0,492
061120111,65,50,5,208,1,0,0,1,330
061120112,28,39,11,359,3,0,0,0,440
061120113,11,8,1,249,0,0,0,2,271
061120201,14,14,1,271,15,0,0,3,318
061120202,33,139,4,161,3,1,0,0,341
061120203,36,60,6,281,11,0,1,0,395
061120204,11,19,4,138,5,0,0,1,178
061120205,34,61,6,239,2,0,0,0,342
061120206,52,63,9,182,1,0,0,0,307
061120207,20,57,5,189,3,0,0,0,274
061120208,3,8,0,101,1,0,0,0,113
061120209,38,19,1,135,2,0,0,2,197
061120210,34,42,4,212,5,0,0,0,297
061120211,174,38,12,245,1,0,0,0,470
061120301,5,14,0,52,1,0,0,0,72
061120302,0,1,0,8,0,0,0,0,9
061120303,0,1,0,6,0,0,0,0,7
061120304,1,2,0,4,0,0,0,1,8
061120305,0,2,0,6,4,0,0,0,12
061120306,0,1,1,6,0,0,0,0,8
061120307,0,3,1,5,1,0,0,0,10
061120308,0,0,0,9,0,0,0,0,9
061120309,0,2,2,6,0,0,0,0,10
061120310,6,15,1,42,0,0,0,0,64
061120401,0,0,0,6,0,0,0,0,6
061120402,0,0,0,6,0,0,0,0,6
061120403,1,0,1,3,0,0,0,0,5
061120501,23,8,1,121,2,0,0,1,156
061120502,0,1,0,9,0,0,0,0,10
061120503,0,0,0,4,0,0,0,0,4
061120504,1,0,0,3,0,0,0,0,4
061120505,1,1,1,6,0,0,0,0,9
061120506,0,3,0,4,0,0,0,0,7
061120601,0,0,1,13,1,0,0,0,15
061120602,1,3,2,3,0,0,0,0,9
061120603,0,1,1,12,0,0,0,0,14
061120604,0,0,0,15,0,0,0,0,15
061120605,0,0,0,10,0,0,0,0,10
061120606,0,0,0,7,1,0,0,0,8
061120701,11,40,7,98,1,0,0,0,157
061120702,28,97,21,203,1,0,0,0,350
061120703,1,20,1,55,1,0,0,0,78
061120704,1,1,0,8,0,0,0,0,10
061120705,1,2,2,3,0,0,0,0,8
061120706,0,0,0,7,0,0,0,0,7
061120707,0,0,0,6,0,0,0,0,6
061120708,0,1,1,4,0,0,0,0,6
061120709,8,47,5,103,1,0,0,0,164
061120710,3,7,0,67,2,0,0,0,79
061120801,1,0,0,6,0,0,0,0,7
061120802,1,0,2,22,0,0,0,0,25
061120803,0,1,1,11,0,0,0,0,13
061120804,1,1,1,3,0,0,0,0,6
061120805,0,2,1,10,0,0,0,0,13
061120901,0,1,0,36,0,0,1,2,40
061120902,0,0,0,2,0,0,0,0,2
061120903,0,0,0,11,0,0,0,0,11
061120904,0,0,0,14,0,0,0,0,14
061120905,0,1,1,4,0,0,0,0,6
061120906,0,0,1,26,0,0,0,0,27
061120907,0,0,0,10,0,0,0,0,10
061120908,1,0,0,2,0,0,0,0,3
061121001,0,1,1,42,1,0,0,1,46
061121002,28,31,13,80,10,0,0,0,162
061121003,26,9,6,317,18,0,0,0,376
061121004,4,4,1,46,0,0,0,0,55
061121005,35,24,93,40,2,0,0,0,194
061121101,24,18,1,149,2,0,0,1,195
061121102,2,16,1,55,0,0,0,0,74
061121103,25,8,1,144,3,0,0,0,181
061121104,3,3,0,41,6,0,0,0,53
061121105,0,0,0,0,0,0,0,0,0
061121106,6,5,8,17,0,0,0,0,36
061121107,3,0,0,3,0,0,0,1,7
061121108,27,4,86,215,3,0,0,1,336
061121109,17,34,148,230,5,0,0,1,435
061121201,0,0,0,10,0,0,0,0,10
061121202,1,0,0,4,0,0,0,0,5
061121203,1,1,1,3,0,0,0,0,6
061121204,0,0,1,2,1,0,0,0,4
061121205,0,1,0,4,0,0,0,0,5
061121301,8,1,1,114,3,1,0,0,128
061121302,1,1,0,8,0,0,1,0,11
061121303,0,1,0,22,0,0,1,0,24
061121304,0,0,2,11,0,0,0,0,13
061121305,5,3,0,77,0,0,0,1,86
061121401,17,23,3,242,5,1,0,0,291
061121402,15,55,3,260,1,0,0,0,334
061121403,56,38,11,174,2,0,0,1,282
061121404,57,59,6,191,3,0,0,1,317
061121405,66,55,6,169,3,0,0,0,299
061121406,89,57,7,123,0,0,0,0,276
061121407,43,75,7,143,6,0,0,0,274
061121408,63,57,11,166,1,0,0,1,299
061121409,67,65,8,127,3,1,0,1,272
061121410,70,75,2,128,3,0,0,1,279
061190101,3,0,2,19,3,0,0,0,27
061190102,3,1,1,7,1,0,0,0,13
061190103,1,0,1,10,0,0,0,0,12
061190104,0,2,0,13,0,0,0,0,15
061190201,0,0,3,7,0,0,0,0,10
061190202,0,0,0,14,4,0,0,0,18
061190203,7,11,7,86,1,0,0,0,112
061190204,0,0,1,27,0,0,0,0,28
061190205,0,2,6,26,4,0,0,0,38
061190206,0,2,1,14,0,0,0,0,17
061190301,34,60,35,163,4,0,0,0,296
061190302,21,86,53,142,5,0,0,1,308
061190303,44,84,90,143,6,0,1,0,368
061190304,29,42,57,301,16,0,0,2,447
061190305,20,43,121,185,13,1,1,0,384
061190306,6,6,2,164,2,0,1,0,181
061190307,15,29,25,199,12,0,0,4,284
061190308,10,12,13,276,9,0,0,1,321
061190309,9,4,3,260,1,1,0,0,278
061190310,2,3,3,52,4,0,0,0,64
061190401,4,10,9,120,5,0,0,5,153
061190402,0,0,2,9,1,0,0,0,12
061190403,11,2,6,98,5,1,0,0,123
061190404,0,7,9,35,4,0,0,0,55
061190405,2,1,1,19,3,0,0,0,26
061190406,4,5,12,16,2,0,0,0,39
061190407,24,54,43,185,11,0,0,4,321
061190408,4,6,12,81,7,1,0,0,111
061190409,8,21,26,174,17,0,0,0,246
061190501,6,7,21,38,0,0,0,1,73
061190502,3,2,3,21,1,0,0,0,30
061190601,0,2,1,15,1,0,0,0,19
061190602,0,1,2,16,0,0,0,0,19
061190603,0,0,0,26,0,0,0,0,26
061190701,9,18,102,63,8,0,0,1,201
061190702,7,12,38,287,17,1,0,2,364
061190703,0,0,0,22,1,0,0,0,23
061190704,0,3,1,8,0,0,0,0,12
061190705,0,1,2,14,0,0,0,0,17
061190706,1,0,0,6,0,0,0,0,7
061190707,11,10,55,153,8,1,0,0,238
061190801,6,2,3,67,1,1,1,1,82
061190802,2,0,2,8,0,0,0,0,12
061190804,0,0,1,2,2,1,0,1,7
061190805,0,0,0,14,1,0,0,0,15
061190806,0,3,0,17,0,0,0,0,20
061190901,0,1,3,57,6,0,0,0,67
061190902,0,1,0,19,1,0,0,0,21
061190903,0,0,3,14,0,0,0,0,17
061190904,0,4,8,80,6,0,0,0,98
061191001,1,10,2,64,3,0,0,0,80
061191002,18,29,10,285,11,1,0,3,357
061191003,13,17,7,284,17,0,0,2,340
061191004,9,9,0,190,12,2,1,1,224
061191005,19,26,18,220,11,0,0,0,294
061191006,19,38,21,341,6,0,0,1,426
061191007,28,59,25,155,8,0,0,0,275
061191008,38,67,43,196,6,0,1,1,352
061191009,26,22,12,199,7,1,0,0,267
061191010,1,2,3,25,3,0,0,0,34
061260101,110,135,18,18,1,0,0,0,282
061260102,122,166,81,90,5,1,0,0,465
061260103,57,107,41,88,4,1,1,0,299
061260104,33,90,30,68,10,0,0,0,231
061260105,55,91,47,58,4,0,0,0,255
061260106,60,129,30,37,5,0,0,0,261
061260107,29,104,56,58,3,0,0,0,250
061260108,77,101,33,54,0,0,0,0,265
061260109,34,107,125,57,2,0,0,3,328
061260110,41,70,120,49,4,0,0,2,286
061260111,71,101,50,29,2,0,0,0,253
061260112,38,92,178,40,13,0,0,1,362
061260113,38,100,28,70,5,1,0,0,242
061260114,62,76,57,31,0,0,0,1,227
061260201,41,27,13,275,23,6,1,7,393
061260202,56,131,21,219,8,1,1,5,442
061260203,42,103,137,60,4,0,0,1,347
061260204,69,84,74,94,2,0,0,1,324
061260205,57,93,183,39,1,0,0,1,374
061260206,58,100,26,48,6,0,0,0,238
061260207,33,99,34,76,3,0,1,1,247
061260208,26,94,32,123,5,0,0,6,286
061260209,70,107,34,157,12,1,1,0,382
061260210,21,130,34,138,7,3,1,1,335
061260211,57,112,4,33,1,0,0,0,207
061260301,65,105,37,46,1,0,0,2,256
061260302,96,82,14,78,1,0,0,2,273
061260303,83,183,34,39,7,0,0,11,357
061260304,92,37,14,24,0,0,0,0,167
061260305,47,57,39,46,2,0,0,0,191
061260306,101,66,25,51,0,0,0,2,245
061260307,93,127,45,49,3,1,0,1,319
061260308,32,127,12,46,4,0,0,2,223
061260309,82,142,20,56,1,0,0,0,301
061260310,139,109,43,73,4,0,0,0,368
061260311,70,126,40,64,3,0,0,5,308
061260401,37,84,108,20,0,0,0,0,249
061260402,23,93,94,20,0,0,1,17,248
061260403,0,1,5,10,1,0,0,0,17
061260404,36,14,0,325,14,18,8,17,432
061260405,2,1,1,23,1,0,0,0,28
061260406,0,0,0,15,0,0,0,0,15
061260407,45,26,5,329,28,40,11,8,492
061260501,51,66,47,146,6,3,0,2,321
061260502,15,81,163,110,3,1,0,2,375
061260503,9,25,39,211,15,8,0,10,317
061260504,40,32,6,230,6,3,2,1,320
061260505,100,139,15,110,6,3,1,3,377
061260506,26,92,12,141,6,0,0,0,277
061260507,22,112,11,115,3,0,0,0,263
061260508,3,3,0,346,6,1,0,0,359
061260509,80,57,10,314,15,15,2,9,502
061260510,29,50,4,135,11,1,0,7,237
061260511,41,60,17,117,5,1,2,0,243
061260512,34,66,17,245,21,10,0,1,394
061260513,27,60,25,126,12,2,2,3,257
061260514,31,47,16,122,14,6,0,10,246
061260515,50,42,21,168,20,11,7,2,321
061260516,38,43,18,217,15,10,0,8,349
061260517,1,1,2,9,0,2,1,1,17
061260601,7,14,29,57,7,0,3,0,117
061260602,2,0,2,13,0,0,0,0,17
061260603,2,6,6,17,0,0,0,1,32
061260604,9,11,38,43,6,0,0,1,108
061260605,6,7,50,37,1,0,1,0,102
061260606,5,4,24,75,2,1,3,2,116
061260607,8,2,96,2,0,0,0,0,108
061260608,8,8,38,41,2,1,1,0,99
061260609,1,6,81,19,1,0,0,0,108
061260701,46,109,21,173,5,2,0,1,357
061260702,21,124,21,107,12,0,0,11,296
061260703,48,119,18,247,18,1,1,2,454
061260704,69,53,4,159,9,2,0,2,298
061260705,50,48,15,208,11,4,0,4,340
061260706,24,85,33,82,9,0,0,0,233
061260707,63,107,11,129,9,0,1,11,331
061260708,54,106,14,134,15,5,0,0,328
061260709,31,54,187,190,3,0,1,2,468
061260710,8,2,74,207,4,0,0,0,295
061260801,4,8,3,15,1,1,0,0,32
061260802,50,68,15,47,2,0,0,0,182
061260803,29,94,26,56,7,5,0,2,219
061260804,65,108,12,80,7,0,0,1,273
061260805,109,71,20,111,6,2,0,0,319
061260806,78,92,28,59,3,0,0,0,260
061260807,56,93,27,89,2,0,0,2,269
061260808,90,124,29,53,4,0,0,1,301
061260809,95,92,28,30,1,0,0,0,246
061260901,51,176,20,227,16,1,2,2,495
061260902,77,68,3,107,20,2,0,0,277
061260903,45,62,12,147,11,1,0,0,278
061260905,7,6,11,64,1,0,0,0,89
061260906,7,6,3,62,4,3,1,0,86
061260907,5,37,447,3,0,0,0,0,492
061260908,72,155,70,8,1,0,0,2,308
061260909,78,92,18,210,6,8,3,5,420
061260910,44,111,21,221,16,2,0,5,420
061260911,4,25,306,3,0,0,0,5,343
061260912,0,0,0,1,0,0,0,0,1
061260913,2,6,95,10,1,0,0,0,114
061260914,28,8,3,182,7,13,3,1,245
061260915,31,5,6,114,2,4,1,2,165
061260916,4,12,14,30,0,0,0,0,60
061260917,2,6,15,45,3,0,1,2,74
061260918,14,54,8,102,6,1,0,4,189
061260919,3,6,10,60,2,0,0,0,81
061261001,2,6,1,80,1,0,1,2,93
061261002,0,4,1,36,3,1,0,1,46
061261003,5,21,25,135,17,0,0,0,203
061261004,1,3,5,19,9,0,0,0,37
061261005,0,0,0,30,2,9,0,1,42
061340101,13,27,34,199,15,0,0,0,288
061340102,15,19,13,93,11,1,0,0,152
061340103,34,32,7,128,20,1,0,2,224
061340104,7,12,10,62,2,1,0,0,94
061340105,11,42,13,353,7,0,1,0,427
061340106,20,41,5,164,15,1,0,2,248
061340107,19,26,33,86,19,0,0,0,183
061340108,9,7,9,35,3,0,0,0,63
061340109,12,15,11,113,10,2,0,0,163
061340110,4,2,6,124,7,1,0,1,145
061340111,7,9,30,76,2,0,0,0,124
061340112,25,10,178,11,1,0,0,0,225
061340113,0,0,2,30,1,0,0,0,33
061340114,0,7,3,28,4,0,0,0,42
061340201,19,29,26,266,11,0,0,3,354
061340202,8,19,39,180,8,0,0,1,255
061340203,8,17,3,247,19,3,1,3,301
061340204,57,24,89,263,5,0,0,0,438
061340205,2,0,6,38,2,0,0,0,48
061340206,8,18,23,134,14,0,0,1,198
061340207,24,34,24,279,23,1,0,1,386
061340208,14,36,40,207,24,0,0,0,321
061340209,8,9,17,255,9,1,1,6,306
061340301,32,37,67,397,17,0,0,0,550
061340302,33,18,46,189,6,0,0,0,292
061340303,19,22,37,169,8,1,0,1,257
061340304,50,37,74,219,5,0,0,0,385
061340305,55,45,41,143,11,0,1,0,296
061340306,78,40,41,145,1,0,0,3,308
061340307,53,52,59,289,19,1,0,1,474
061340308,59,27,50,311,13,0,0,3,463
061340309,78,43,61,260,11,0,0,1,454
061340401,0,1,2,38,1,0,1,0,43
061340402,9,3,12,156,5,0,0,0,185
061340403,20,4,4,24,3,0,0,0,55
061340404,2,2,5,56,2,0,0,0,67
061340405,0,1,4,7,0,0,0,0,12
061340406,4,4,8,131,7,2,0,2,158
061340501,10,8,14,101,8,0,0,0,141
061340502,0,1,2,28,1,0,0,0,32
061340601,1,3,1,33,6,0,1,0,45
061340602,0,3,3,31,3,0,4,1,45
061340701,3,0,2,18,1,0,0,0,24
061340702,0,0,0,18,0,0,0,0,18
061340801,6,2,3,88,6,0,0,0,105
061340802,1,1,1,11,0,0,0,0,14
061340803,1,2,4,24,0,0,0,0,31
061340804,0,0,0,11,2,0,0,0,13
061340901,2,5,0,31,0,0,0,0,38
061340902,11,15,11,116,8,1,0,0,162
061340903,4,21,18,78,11,0,1,0,133
061340904,13,23,2,94,0,1,1,7,141
061340905,12,9,0,100,6,3,0,0,130
061340906,13,31,6,113,6,0,0,0,169
061340907,19,54,18,112,4,1,0,1,209
061340908,28,45,17,216,5,3,3,6,323
061340909,49,82,20,246,6,0,0,6,409
061340910,18,58,15,181,4,0,0,4,280
061340911,40,47,15,154,8,2,0,6,272
061340912,0,5,7,28,3,0,0,1,44
061340913,22,24,40,172,11,0,0,1,270
061340914,15,11,27,97,9,0,0,0,159
061341001,3,4,7,21,3,0,0,0,38
061341002,19,9,122,224,1,0,0,6,381
061341003,6,20,22,253,16,0,0,2,319
061341004,11,21,26,217,10,2,0,4,291
061341005,24,15,23,223,10,1,0,3,299
061341006,80,30,25,155,7,0,0,0,297
061341007,6,14,40,121,11,1,0,0,193
061341008,10,33,5,230,10,0,0,2,290
061341009,43,26,28,359,44,0,1,1,502
061341010,40,29,28,288,17,0,0,3,405
061341011,3,4,1,60,5,0,0,0,73
061400101,0,2,3,30,0,0,1,0,36
061400102,0,0,0,17,0,0,0,0,17
061400103,1,5,3,17,3,0,0,0,29
061400201,0,0,0,9,0,0,0,0,9
061400202,1,1,2,11,0,0,0,0,15
061400203,1,0,10,7,2,0,0,0,20
061400204,1,2,4,11,1,0,0,0,19
061400301,13,39,8,143,14,0,0,0,217
061400302,33,105,39,207,8,4,1,4,401
061400303,11,76,35,144,15,0,1,2,284
061400304,18,106,37,107,6,0,0,1,275
061400305,36,104,45,135,4,2,0,0,326
061400306,9,17,66,138,5,0,0,1,236
061400307,37,96,53,108,5,0,0,0,299
061400308,36,95,58,112,5,0,1,1,308
061400309,1,4,107,134,4,1,0,0,251
061400310,6,6,135,44,1,0,0,0,192
061400311,0,0,0,17,0,0,0,0,17
061400312,2,3,1,11,1,0,0,0,18
061400313,0,1,1,11,0,0,0,0,13
061400314,0,0,0,11,0,0,0,0,11
061400315,11,32,52,254,1,0,0,0,350
061400316,23,36,19,250,10,0,0,0,338
061400317,19,87,50,105,10,1,1,0,273
061400318,9,30,44,162,6,0,0,0,251
061400319,14,78,22,151,13,1,0,0,279
061400401,1,10,9,60,0,1,0,1,82
061400402,0,2,3,15,3,0,0,0,23
061400403,0,5,4,21,0,0,0,0,30
061400501,1,0,3,15,0,0,0,0,19
061400502,0,1,1,11,1,0,0,0,14
061400503,0,2,0,12,0,0,0,0,14
061400601,0,0,0,6,0,0,0,0,6
061470101,24,12,2,292,7,1,0,0,338
061470102,22,32,17,243,7,0,0,0,321
061470103,37,27,10,161,1,2,0,2,240
061470104,14,15,54,190,7,0,0,0,280
061470105,67,21,15,188,0,0,0,0,291
061470106,47,21,13,207,0,0,0,1,289
061470107,38,17,5,227,4,0,0,0,291
061470108,14,20,143,103,0,1,0,4,285
061470109,5,1,15,334,2,1,1,0,359
061470201,13,1,0,152,1,0,0,0,167
061470202,1,0,0,12,0,0,0,0,13
061470203,1,1,0,37,3,1,0,0,43
061470204,2,0,1,5,1,0,0,0,9
061470205,1,1,0,7,0,0,0,0,9
061470301,11,6,0,128,0,0,0,0,145
061470302,1,2,0,21,3,0,0,0,27
061470303,0,0,0,3,0,0,0,0,3
061470304,4,0,0,12,0,0,0,0,16
061470305,2,0,0,11,2,0,0,0,15
061470306,0,0,0,6,1,0,0,0,7
061470307,0,0,0,16,1,0,0,0,17
061470401,0,0,0,8,0,0,0,0,8
061470402,0,2,0,13,0,0,0,0,15
061470403,0,2,0,12,1,0,0,0,15
061470501,27,14,2,445,8,1,0,0,497
061470502,0,1,0,12,1,0,0,0,14
061470503,0,0,1,13,0,0,0,0,14
061470601,1,0,0,3,0,0,0,0,4
061470602,19,19,0,87,0,0,0,0,125
061470603,2,4,0,13,0,1,0,0,20
061470604,0,0,0,4,0,0,0,0,4
061470701,8,14,11,190,3,0,0,2,228
061470702,0,0,0,4,0,0,0,0,4
061470703,8,4,0,59,5,0,0,0,76
061470704,1,1,0,13,1,0,0,0,16
061470705,0,0,0,4,0,0,0,0,4
061470706,0,0,0,2,0,0,0,0,2
061470707,0,0,0,0,1,0,0,0,1
061470708,0,3,0,20,2,0,0,1,26
061470709,1,1,0,5,1,0,0,0,8
061470710,0,0,0,7,0,0,0,0,7
061470711,0,0,1,7,0,0,0,0,8
061470712,0,0,0,2,0,0,0,0,2
061470801,10,5,0,167,3,0,0,0,185
061470802,0,0,0,11,0,0,0,1,12
061470803,0,0,1,5,1,0,0,0,7
061470804,0,0,0,14,1,0,0,0,15
061470805,0,0,1,19,0,0,0,0,20
061470901,7,2,0,58,6,0,0,1,74
061470902,1,1,7,34,5,0,0,0,48
061470903,2,1,0,5,1,0,0,0,9
061470904,0,0,1,9,0,0,0,0,10
061470905,0,0,2,7,0,0,0,0,9
061470906,1,0,0,10,0,1,0,0,12
061470907,5,0,0,15,2,0,0,0,22
061471001,3,2,0,64,2,0,0,2,73
061471002,1,2,0,20,0,0,0,0,23
061471003,0,0,0,13,2,0,0,0,15
061471101,3,6,1,46,1,0,0,0,57
061471102,0,0,2,7,0,0,0,0,9
061471103,0,0,0,13,0,0,0,0,13
061471201,34,65,6,225,18,0,0,1,349
061471202,19,39,3,232,8,0,0,3,304
061471203,39,40,30,215,6,0,0,0,330
061471204,22,13,2,197,8,0,3,0,245
061471205,19,27,11,169,5,1,0,1,233
061471206,33,29,9,176,5,0,0,0,252
061471207,34,38,11,197,5,0,0,0,285
061471208,14,43,25,268,12,1,0,2,365
061471209,32,32,13,225,3,0,0,0,305
061471210,3,3,1,216,7,1,0,0,231
061540101,42,10,6,70,3,1,0,1,133
061540102,20,1,0,85,1,0,0,1,108
061540103,0,0,0,14,0,0,0,0,14
061540104,2,0,0,10,1,0,0,0,13
061540105,6,1,0,14,0,0,0,0,21
061540201,24,47,39,211,21,0,0,0,342
061540202,7,6,2,118,7,1,0,0,141
061540203,2,0,0,19,0,2,0,0,23
061540204,0,4,0,18,1,0,0,0,23
061540205,2,3,58,70,0,0,0,0,133
061540206,0,0,0,9,0,0,0,0,9
061540207,0,0,0,14,1,0,0,0,15
061540208,2,0,0,25,2,1,0,0,30
061540209,28,47,32,220,24,0,0,1,352
061540210,6,18,15,98,3,0,0,0,140
061540301,0,0,0,21,3,0,0,0,24
061540302,3,0,0,29,0,0,0,0,32
061540401,6,3,1,32,3,1,0,0,46
061540402,27,7,2,103,1,0,1,0,141
061540403,0,1,1,8,0,0,0,0,10
061540404,0,1,0,11,0,0,0,0,12
061540405,1,1,0,13,2,0,0,0,17
061540501,4,1,0,8,1,0,0,0,14
061540502,0,0,0,11,1,0,0,0,12
061540601,27,18,2,115,3,0,0,0,165
061540602,2,1,36,86,17,3,0,1,146
061540603,25,17,16,106,13,0,0,0,177
061540604,25,17,16,69,10,0,0,0,137
061540605,19,7,14,93,7,0,0,0,140
061540606,10,2,5,36,6,1,0,0,60
061540607,25,21,7,178,4,0,0,0,235
061540608,45,19,5,121,9,1,0,0,200
061540609,3,0,1,16,0,0,0,0,20
061540610,4,0,2,114,0,0,0,0,120
061540611,26,18,68,76,7,0,0,0,195
061540612,20,17,11,92,109,0,0,0,249
061540701,3,0,2,17,0,0,0,0,22
061540702,5,5,2,9,1,0,0,0,22
061540703,0,0,0,14,0,1,0,0,15
061540801,6,2,0,81,2,0,0,1,92
061540802,2,5,0,38,1,0,0,0,46
061540803,0,0,1,14,4,0,0,0,19
061540804,1,0,1,12,0,0,0,2,16
061540805,0,0,1,20,0,1,0,0,22
061540806,8,0,0,27,0,0,0,0,35
061540901,1,0,1,25,0,0,0,0,27
061540902,1,0,0,9,1,0,0,0,11
061610101,8,2,29,141,0,2,0,2,184
061610102,7,9,14,176,2,0,0,0,208
061610103,5,25,12,154,7,0,0,0,203
061610104,4,5,13,104,2,0,0,1,129
061610105,6,5,12,146,4,0,0,1,174
061610106,7,22,22,207,8,0,0,0,266
061610107,12,36,21,90,3,1,0,1,164
061610108,17,35,15,100,4,2,0,0,173
061610109,24,54,28,165,3,1,0,0,275
061610110,7,5,35,132,3,0,0,0,182
061610111,3,7,115,91,5,0,0,9,230
061610112,5,2,12,141,4,0,0,0,164
061610113,9,40,21,215,10,0,0,4,299
061610114,6,21,24,154,10,0,0,2,217
061610115,12,1,130,5,0,0,0,0,148
061610116,3,29,24,140,3,0,0,1,200
061610117,19,50,107,160,10,0,0,3,349
061610118,1,2,50,56,0,0,0,0,109
061610201,0,1,0,10,0,0,0,0,11
061610202,0,0,1,7,1,0,0,2,11
061610203,0,0,1,4,2,0,0,0,7
061610204,0,2,0,14,1,0,0,0,17
061610301,0,0,1,28,1,0,0,0,30
061610302,0,0,1,7,0,0,0,0,8
061610401,2,5,0,18,1,0,0,0,26
061610402,0,1,1,21,1,0,0,1,25
061610403,3,12,17,143,1,0,0,0,176
061610404,2,4,56,18,5,0,0,0,85
061610405,8,2,9,26,0,1,1,0,47
061610406,13,13,13,90,2,0,0,0,131
061610501,2,0,1,11,0,0,0,0,14
061610502,3,0,0,4,0,0,0,0,7
061610503,0,0,0,7,0,0,0,0,7
061610504,1,0,1,30,0,1,0,0,33
061610601,9,16,25,59,1,1,0,0,111
061610602,0,0,0,10,0,0,0,0,10
061610603,0,0,0,6,0,0,0,0,6
061610604,0,0,2,11,0,0,0,0,13
061610605,0,2,1,21,0,0,0,0,24
061610606,2,3,9,14,0,0,0,0,28
061610701,1,1,7,16,1,0,0,0,26
061610702,0,0,0,17,3,0,0,0,20
061610703,0,0,1,9,1,0,0,0,11
061610801,0,0,11,30,0,0,0,0,41
061610802,0,3,0,12,1,0,0,0,16
061610803,0,0,0,1,1,0,0,0,2
061610804,0,2,0,12,0,0,0,0,14
061680101,0,1,3,7,0,0,0,1,12
061680102,1,0,0,9,0,0,0,0,10
061680103,0,0,1,10,1,0,0,0,12
061680104,0,0,2,7,1,0,0,0,10
061680201,0,0,0,11,0,0,0,0,11
061680202,0,2,0,5,1,0,0,0,8
061680203,0,0,3,7,3,0,0,0,13
061680204,0,0,1,2,1,0,0,0,4
061680301,0,0,0,15,0,0,0,1,16
061680302,0,0,0,3,0,0,0,0,3
061680303,0,1,3,10,2,0,0,0,16
061680401,0,0,0,6,0,0,0,0,6
061680402,0,0,1,6,3,0,0,0,10
061680403,0,0,1,7,0,0,0,0,8
061680404,0,0,0,1,1,0,0,1,3
061680405,0,0,0,1,0,0,0,0,1
061680406,0,0,0,2,0,0,0,0,2
061680501,5,1,3,37,0,1,0,0,47
061680502,1,0,0,5,1,0,0,0,7
061680503,0,1,0,7,0,0,0,0,8
061680601,0,0,0,4,0,0,0,0,4
061680602,0,0,0,5,0,0,0,0,5
061680603,0,0,1,8,4,0,0,0,13
061680604,0,0,0,6,1,0,0,0,7
061680701,0,0,0,7,1,1,0,1,10
061680702,0,0,0,5,1,0,0,1,7
061680801,0,0,2,15,0,0,0,0,17
061680802,0,0,1,10,1,0,0,0,12
061680803,1,0,0,17,3,0,0,0,21
061680804,0,0,0,6,0,0,0,0,6
061680805,2,0,4,32,0,0,0,0,38
061680806,0,0,0,9,0,0,0,0,9
061680807,4,2,13,163,12,1,0,1,196
061680901,10,3,87,135,16,0,0,1,252
061680902,13,5,52,212,2,0,0,0,284
061680903,5,9,32,166,7,0,0,1,220
061680904,19,7,36,264,19,1,0,2,348
061680905,9,5,37,248,13,0,0,4,316
061680906,3,5,43,166,6,0,0,0,223
061680907,3,2,106,69,3,0,0,0,183
061680908,1,3,73,93,4,2,1,1,178
061681001,3,2,12,71,6,1,0,0,95
061681002,0,0,2,7,0,0,0,0,9
061681003,0,0,2,20,0,0,0,0,22
061681101,0,0,4,20,1,0,0,0,25
061681102,0,2,0,11,1,0,0,0,14
061750101,10,6,0,62,1,0,0,0,79
061750102,6,4,1,19,0,0,0,0,30
061750103,0,0,1,11,0,0,0,0,12
061750104,1,1,0,4,1,0,0,0,7
061750201,9,15,2,42,1,0,0,0,69
061750202,3,0,0,2,0,0,0,0,5
061750203,0,0,0,4,1,0,0,0,5
061750204,1,0,0,1,0,0,0,0,2
061750301,3,0,0,3,0,0,0,0,6
061750302,2,0,0,3,0,0,0,0,5
061750303,0,1,2,2,0,0,0,0,5
061750304,0,1,0,0,0,0,0,0,1
061750401,5,2,3,19,1,0,0,0,30
061750402,68,67,14,177,5,0,0,4,335
061750403,17,21,5,223,4,2,1,0,273
061750404,72,39,1,70,4,0,0,1,187
061750405,117,93,14,38,2,0,0,11,275
061750406,123,75,5,50,1,0,0,0,254
061750407,116,91,19,30,4,0,0,0,260
061750408,142,125,40,56,6,0,0,1,370
061750409,55,83,31,150,5,0,2,1,327
061750410,147,82,15,76,3,0,0,1,324
061750411,82,67,12,35,1,1,0,0,198
061750412,94,64,16,78,5,0,0,1,258
061750413,82,59,25,28,2,1,0,0,197
061750414,85,68,21,95,3,0,0,0,272
061750415,24,17,15,103,2,1,1,1,164
061750416,11,38,29,64,2,0,1,1,146
061750417,11,11,3,71,1,0,0,0,97
061750501,2,2,0,16,0,0,0,1,21
061750502,4,4,3,19,1,0,0,0,31
061750503,0,0,0,5,0,0,0,0,5
061750504,0,1,0,3,0,1,0,0,5
061750505,2,7,0,24,2,0,0,0,35
061750601,43,93,64,79,1,0,0,3,283
061750602,58,78,12,80,3,0,0,1,232
061750603,45,19,1,162,14,0,0,5,246
061750604,41,61,6,163,6,1,0,0,278
061750605,76,148,16,102,6,1,0,2,351
061750606,51,60,17,53,2,0,0,2,185
061750607,52,63,7,79,2,0,0,0,203
061750608,72,45,4,167,6,0,1,0,295
061750609,37,22,2,202,9,0,0,3,275
061750610,78,61,3,149,5,2,1,2,301
061750611,88,87,24,74,1,1,0,0,275
061750612,10,19,2,250,3,0,0,0,284
061750613,8,19,1,556,6,1,0,1,592
061750614,2,4,1,76,0,0,1,1,85
061750615,0,1,0,14,1,0,0,0,16
061820101,35,124,79,12,0,0,0,1,251
061820102,71,89,24,186,4,1,0,0,375
061820103,5,23,241,105,1,0,0,1,376
061820104,3,88,233,3,0,0,0,1,328
061820105,18,131,134,72,3,1,0,0,359
061820106,25,66,37,136,7,0,0,0,271
061820107,18,97,38,141,10,0,0,1,305
061820108,44,54,0,105,0,0,0,0,203
061820109,14,98,1,215,58,0,0,1,387
061820110,7,13,292,1,0,0,0,0,313
061820111,15,19,245,42,2,0,0,1,324
061820112,5,49,257,11,1,0,0,1,324
061820113,30,103,116,0,0,0,0,1,250
061820114,2,2,117,205,0,0,0,0,326
061820201,19,21,152,26,0,0,0,0,218
061820202,54,138,17,110,6,0,0,1,326
061820203,73,85,14,103,3,0,0,0,278
061820204,25,130,14,95,1,0,0,0,265
061820205,30,124,9,79,2,0,0,1,245
061820206,42,98,16,98,3,0,0,3,260
061820207,49,95,10,115,2,0,0,1,272
061820208,41,99,12,124,2,0,0,1,279
061820209,42,95,11,102,2,0,0,0,252
061820210,53,87,10,123,1,0,0,3,277
061820211,5,4,200,9,0,0,0,0,218
061820212,35,90,16,81,3,0,0,0,225
061820213,54,74,5,106,1,1,0,1,242
061820301,3,0,29,0,0,0,0,0,32
061820302,0,0,6,0,0,0,0,0,6
061820303,0,1,37,6,2,0,0,0,46
061820304,0,1,46,5,0,0,0,0,52
061820305,11,36,20,1,0,0,0,0,68
061820306,0,1,0,0,0,0,0,0,1
061820307,0,0,0,0,0,0,0,0,0
061820308,0,0,7,0,7,0,0,0,14
061820309,0,0,191,1,0,0,0,1,193
061820310,9,7,0,2,0,0,0,0,18
061820311,2,7,141,2,0,0,0,0,152
061820312,1,0,23,0,0,0,0,0,24
061820401,0,1,3,18,0,0,0,0,22
061820501,19,7,32,84,0,0,0,0,142
061820502,25,57,4,38,3,0,0,0,127
061820503,38,50,7,49,2,0,0,3,149
061820504,69,121,7,60,4,0,0,2,263
061820505,7,30,6,57,4,0,0,0,104
061820601,1,2,1,16,0,0,0,0,20
061820602,5,4,1,50,0,1,0,0,61
061820603,1,1,0,14,0,0,1,1,18
061820604,10,15,157,154,3,0,0,3,342
061820605,21,33,30,340,17,0,0,1,442
061820606,25,70,21,276,10,0,0,1,403
061820607,35,101,36,232,4,0,0,0,408
061820608,36,13,155,106,4,2,0,1,317
061820609,19,55,67,128,2,0,0,0,271
061820701,0,0,0,14,0,0,0,0,14
061820702,8,5,11,172,2,0,0,1,199
061820703,28,116,15,198,1,0,0,1,359
061820704,39,75,19,105,0,0,0,0,238
061820705,26,61,18,184,2,0,0,1,292
061820706,7,5,3,104,0,0,0,0,119
061820707,0,0,0,0,0,0,0,0,0
061820708,25,58,28,162,2,0,0,1,276
061820709,46,75,11,145,2,0,0,2,281
061820710,38,138,13,166,14,0,0,2,371
061820801,0,1,0,23,2,0,0,0,26
061820901,5,8,12,53,18,0,0,0,96
061820902,1,6,11,21,2,0,0,0,41
061820903,3,0,1,11,0,0,0,0,15
061820904,3,14,12,37,4,0,1,0,71
061820905,1,2,12,19,2,2,1,0,39
061821001,22,79,12,71,5,0,0,6,195
061821002,40,38,9,68,2,0,0,1,158
061821003,74,88,25,133,4,9,0,5,338
061821004,43,103,13,164,5,0,0,1,329
061821005,45,90,21,115,13,0,0,0,284
061821006,64,83,10,97,2,0,0,0,256
061821007,33,87,10,117,0,0,0,0,247
061821008,72,98,40,120,2,0,0,0,332
061821009,53,153,31,137,4,0,0,0,378
061821010,72,87,35,121,3,0,0,2,320
061821011,55,117,15,96,4,0,0,1,288
061821101,20,96,13,80,5,1,0,1,216
061821102,36,96,60,127,2,0,0,1,322
061821103,55,137,12,129,2,0,0,1,336
061821104,24,97,29,84,3,0,0,1,238
061821105,25,91,22,59,2,0,0,0,199
061821106,21,66,32,130,2,0,0,2,253
061821107,20,71,31,76,0,0,0,1,199
061821108,10,58,18,178,4,1,0,2,271
061821109,23,49,64,170,0,0,0,2,308
061821110,7,6,3,59,0,1,0,0,76
061890101,0,0,2,7,0,0,0,0,9
061890102,0,0,4,6,0,0,0,0,10
061890103,0,0,0,3,0,0,0,0,3
061890104,0,0,1,6,0,0,0,0,7
061890201,0,0,0,1,0,0,0,0,1
061890202,0,0,0,2,0,0,0,0,2
061890203,0,0,1,1,0,0,0,1,3
061890204,0,0,0,1,0,0,0,0,1
061890205,0,0,0,1,0,0,0,0,1
061890206,0,0,1,5,0,0,0,0,6
061890207,0,0,2,6,1,0,0,0,9
061890301,0,0,0,23,1,0,0,0,24
061890302,0,0,2,3,0,0,0,0,5
061890303,1,0,0,6,0,0,0,0,7
061890304,0,0,0,2,0,0,0,0,2
061890305,0,0,0,5,0,0,0,0,5
061890401,0,0,0,2,0,0,0,0,2
061890402,1,0,1,3,0,0,0,0,5
061890403,0,0,2,6,0,0,0,0,8
061890501,0,0,0,2,0,0,0,0,2
061890502,0,0,1,3,0,0,0,0,4
061890503,0,0,0,6,0,0,0,0,6
061890504,0,0,1,4,0,0,0,0,5
061890505,0,0,0,3,1,0,0,0,4
061890601,0,0,1,13,3,0,0,0,17
061890602,0,0,0,10,0,0,0,0,10
061890603,0,1,1,3,0,0,0,0,5
061890604,0,0,1,5,0,1,0,0,7
061890605,0,0,0,1,0,0,0,0,1
061890606,0,0,0,1,0,0,0,0,1
061890607,1,1,1,1,0,0,0,0,4
061890608,0,0,0,7,0,0,0,0,7
061890701,0,0,1,3,2,0,0,0,6
061890702,1,0,0,2,0,0,0,0,3
061890703,0,0,4,6,1,0,0,0,11
061890704,0,0,1,0,0,1,0,0,2
061890705,0,0,0,3,1,0,2,0,6
061890706,0,0,1,1,0,0,0,0,2
061890707,0,0,1,8,1,0,0,0,10
061890801,0,0,1,1,0,0,0,0,2
061890802,0,0,3,6,0,0,0,0,9
061890803,0,0,0,4,0,0,0,0,4
061890804,1,0,0,2,0,0,0,0,3
061890901,0,0,1,6,0,0,0,0,7
061890902,0,0,3,11,2,0,0,0,16
061891001,4,7,14,183,1,0,0,0,209
061891002,11,9,51,164,5,0,0,0,240
061891003,16,10,70,155,1,0,0,0,252
061891004,7,2,29,235,5,0,0,0,278
061891005,5,19,19,212,3,0,0,0,258
061891006,16,23,28,236,5,0,0,0,308
061891007,15,14,26,275,9,0,1,1,341
061891008,1,3,62,148,2,0,0,0,216
061891009,3,0,98,85,2,0,0,1,189
061891010,0,1,0,15,1,0,0,0,17
061891101,0,0,0,4,0,0,0,0,4
061891102,0,0,1,9,0,0,0,0,10
061891103,0,0,0,5,0,0,0,0,5
061891104,0,0,0,4,0,0,0,0,4
061891105,0,0,0,13,2,0,0,0,15
061891106,1,0,0,3,1,0,0,0,5
061891107,0,0,0,3,0,0,0,0,3
061891201,2,1,1,141,6,0,0,0,151
061891202,3,0,0,3,1,0,0,0,7
061891203,0,0,1,6,0,0,0,0,7
061891204,0,0,0,3,0,0,0,0,3
061891205,0,0,1,5,0,0,0,0,6
061891206,0,0,0,6,1,0,0,0,7
061891207,0,0,1,1,0,0,0,0,2
061891208,0,0,0,5,0,0,0,0,5
061891209,0,0,0,3,0,0,0,0,3
061891210,0,0,0,8,1,0,0,0,9
061891211,3,1,1,130,1,0,0,0,136
061891301,1,0,2,30,1,0,0,0,34
061891302,0,0,0,7,0,0,0,0,7
061891303,0,0,3,8,1,0,0,0,12
061891304,0,0,1,4,1,0,0,0,6
061891305,0,0,0,2,0,0,0,0,2
061891306,0,0,0,2,2,0,0,0,4
061891307,0,0,1,9,1,0,0,0,11
061891308,0,0,2,3,0,0,0,0,5
061891309,0,0,0,1,0,0,0,0,1
061891401,0,0,0,5,0,0,0,0,5
061891402,0,0,0,1,1,0,0,0,2
061891403,0,0,1,6,0,0,0,0,7
061891404,0,0,0,2,0,0,0,0,2
061891405,0,0,1,3,0,0,0,0,4
061891406,0,0,0,1,5,0,0,0,6
061891501,2,3,32,113,6,0,0,0,156
061891502,2,7,28,256,69,0,0,1,363
061891503,2,6,1,45,7,0,0,2,63
061891504,1,1,2,19,0,1,0,0,24
061891505,1,0,0,17,0,0,0,0,18
061891506,0,0,0,2,0,0,0,0,2
061891507,0,0,0,3,2,0,0,0,5
061891508,1,0,1,7,0,0,0,0,9
061891509,1,3,8,153,14,0,0,0,179
061891601,0,0,1,9,1,0,0,0,11
061891602,0,0,0,1,0,0,0,0,1
061891603,0,0,1,10,0,0,0,0,11
061891604,0,0,0,3,0,0,0,0,3
061891605,0,0,0,4,0,0,0,0,4
061891701,0,0,0,22,1,0,0,0,23
061891702,11,1,42,113,5,0,1,0,173
061891703,13,20,20,254,7,0,0,0,314
061891704,16,11,11,176,4,0,0,0,218
061891705,11,15,7,177,5,1,0,1,217
061891706,17,32,13,159,2,0,0,2,225
061891707,8,16,47,248,4,0,0,5,328
061891708,17,8,10,223,8,1,0,2,269
061891709,0,0,1,9,0,1,0,0,11
061960101,18,7,3,252,2,1,0,1,284
061960102,34,30,50,191,5,1,0,0,311
061960103,9,18,52,186,1,0,0,0,266
061960104,11,18,27,195,7,0,0,0,258
061960105,12,8,2,73,1,2,0,0,98
061960106,3,1,0,98,4,0,0,0,106
061960107,3,0,8,106,0,0,0,0,117
061960108,7,7,110,183,0,0,0,0,307
061960109,4,2,2,105,5,2,0,1,121
061960110,3,5,0,112,0,0,0,2,122
061960111,2,1,55,57,3,0,0,0,118
061960112,4,3,100,228,3,0,0,0,338
061960113,25,19,7,177,4,0,0,1,233
061960114,30,32,13,124,3,0,0,0,202
061960115,35,51,15,93,2,1,0,0,197
061960116,50,41,31,202,7,2,0,6,339
061960117,19,26,2,132,1,0,0,1,181
061960118,11,20,1,123,2,0,0,0,157
061960119,9,15,0,138,1,0,0,1,164
061960201,2,0,1,72,2,0,0,0,77
061960202,1,1,0,93,4,0,0,0,99
061960203,3,0,1,99,1,0,0,0,104
061960204,10,16,1,204,10,0,0,2,243
061960205,71,48,28,201,9,0,0,0,357
061960206,38,82,14,181,2,0,0,1,318
061960207,37,30,20,147,3,0,0,0,237
061960208,37,31,9,184,0,0,0,0,261
061960209,37,57,17,204,3,2,0,1,321
061960210,31,42,38,204,0,0,0,0,315
061960211,1,3,0,150,0,0,0,0,154
061960212,5,10,1,119,2,0,0,0,137
061960213,37,24,6,135,0,0,0,0,202
061960214,22,17,4,156,4,0,0,0,203
061960301,0,2,0,7,0,0,0,0,9
061960302,1,1,1,7,0,0,0,0,10
061960303,0,0,0,8,0,0,0,0,8
061960304,0,0,0,4,0,0,0,0,4
061960305,1,0,0,6,0,0,0,0,7
061960306,0,0,0,10,0,0,0,0,10
061960401,0,0,0,18,0,1,0,0,19
061960402,1,0,0,9,0,0,0,0,10
061960403,0,0,0,6,0,0,0,0,6
061960404,0,0,0,7,0,0,0,0,7
061960501,1,1,0,4,0,0,0,0,6
061960502,0,0,0,2,0,0,0,0,2
061960503,0,0,0,12,0,0,0,0,12
061960504,0,0,0,4,0,0,0,0,4
061960601,0,0,0,7,0,0,0,0,7
061960602,0,0,0,3,0,0,0,0,3
061960603,0,1,0,6,0,0,0,0,7
061960604,1,0,1,2,0,0,0,0,4
061960701,6,15,0,108,5,1,0,1,136
061960702,0,0,0,5,0,0,0,0,5
061960703,0,0,0,2,1,0,0,0,3
061960704,0,0,0,6,0,0,0,0,6
061960705,0,1,0,9,2,0,0,0,12
061960706,0,0,2,1,0,0,0,0,3
061960707,2,0,0,19,0,0,0,0,21
061960708,1,4,1,23,5,0,0,0,34
061960709,0,2,3,14,0,0,0,0,19
061960801,1,0,0,8,0,0,0,0,9
061960802,1,0,1,10,0,0,0,1,13
061960803,0,1,1,7,2,0,0,0,11
061960804,0,0,0,13,0,0,0,0,13
061960805,0,0,0,1,0,0,0,0,1
061960806,0,1,1,8,0,0,0,0,10
061960901,0,0,0,1,0,0,0,0,1
061960902,0,1,1,3,0,0,0,0,5
061960903,0,0,0,12,0,0,0,0,12
061960904,0,0,3,12,0,0,0,0,15
061960905,0,0,0,10,0,0,0,1,11
061961001,0,0,0,9,0,0,0,0,9
061961002,0,0,2,7,0,0,0,0,9
061961003,2,1,0,0,0,0,0,0,3
061961004,0,0,0,5,0,0,0,0,5
061961005,0,0,1,12,0,0,0,0,13
061961101,0,1,0,7,0,0,0,0,8
061961102,0,11,0,8,0,0,0,0,19
061961103,0,0,1,11,0,0,0,0,12
061961104,0,0,0,7,0,0,0,0,7
061961105,0,0,1,15,0,0,0,0,16
061961106,0,0,1,7,0,0,0,0,8
061961107,0,0,0,6,0,0,0,0,6
061961108,0,1,1,5,0,0,0,0,7
061961201,0,0,0,4,0,0,0,0,4
061961202,0,0,2,14,0,0,0,0,16
061961203,0,0,1,5,0,0,0,0,6
061961204,0,0,0,2,0,0,0,0,2
061961205,2,0,0,12,0,0,0,0,14
061961206,0,0,0,9,0,0,0,0,9
061961301,0,0,0,2,1,0,0,0,3
061961302,0,1,0,4,0,0,0,0,5
061961303,0,0,1,9,0,0,0,0,10
061961304,1,0,0,11,0,0,0,0,12
061961305,0,0,0,11,0,0,0,0,11
061961401,1,0,0,3,1,0,0,0,5
061961402,1,0,0,12,0,0,0,0,13
061961403,0,0,0,10,0,0,0,0,10
061961501,0,0,1,67,2,0,0,1,71
061961502,0,0,1,8,0,0,0,0,9
061961503,0,0,0,5,1,0,0,0,6
061961504,0,0,0,5,1,0,0,0,6
061961505,0,0,1,1,0,0,0,0,2
061961506,1,0,1,87,2,0,0,0,91
061961507,1,3,41,101,4,0,0,0,150
061961508,4,1,5,87,1,0,0,0,98
062030101,16,41,33,243,5,0,0,1,339
062030102,23,60,20,136,15,0,0,2,256
062030103,48,61,13,169,2,0,0,0,293
062030104,27,35,13,199,5,0,0,0,279
062030105,20,25,17,205,2,0,0,0,269
062030106,23,32,23,195,7,0,0,0,280
062030107,23,23,9,173,0,0,0,0,228
062030108,14,6,6,263,3,0,0,2,294
062030109,6,9,7,197,1,0,0,0,220
062030110,5,11,5,275,21,0,0,0,317
062030111,16,15,14,241,4,1,0,2,293
062030112,7,30,16,248,6,0,0,1,308
062030113,7,7,9,239,0,1,0,0,263
062030201,5,12,19,145,1,0,0,0,182
062030202,7,11,22,184,2,0,0,0,226
062030203,9,12,15,164,1,0,0,0,201
062030204,2,2,1,171,2,2,1,0,181
062030205,0,0,0,18,0,0,0,0,18
062030206,0,0,0,11,0,0,0,0,11
062030207,0,0,1,35,0,0,0,0,36
062030208,0,0,0,10,0,0,0,0,10
062030209,0,0,0,9,0,0,0,0,9
062030210,1,11,25,205,3,0,2,1,248
062030211,0,4,2,140,1,0,0,0,147
062030212,6,2,7,303,4,0,0,0,322
062030213,2,1,0,122,2,0,0,0,127
062030214,3,1,0,22,0,0,0,0,26
062030215,8,9,9,166,3,0,0,0,195
062030301,0,0,0,14,0,0,0,0,14
062030302,0,0,3,10,0,0,0,0,13
062030303,0,1,0,7,0,0,0,0,8
062030304,0,0,1,13,0,0,0,0,14
062030305,0,0,0,9,0,0,0,0,9
062030306,0,0,2,6,1,0,0,0,9
062030401,2,1,1,55,0,0,0,0,59
062030402,0,0,0,5,0,0,0,0,5
062030403,0,0,0,10,0,0,0,0,10
062030404,0,0,0,5,0,0,0,0,5
062030405,0,0,0,6,0,0,0,0,6
062030406,0,0,0,6,0,0,0,0,6
062030407,0,0,0,5,0,0,0,0,5
062030408,0,0,0,11,1,0,0,0,12
062030501,1,1,1,35,0,0,0,0,38
062030502,0,0,0,3,0,0,0,0,3
062030503,1,0,2,7,0,0,0,0,10
062030504,0,1,0,13,0,0,0,0,14
062030505,0,0,1,6,0,0,0,0,7
062030506,0,0,0,7,0,0,0,0,7
062030507,0,2,0,1,0,0,0,0,3
062030601,0,0,0,9,0,0,0,0,9
062030602,0,0,0,8,0,0,0,0,8
062030603,0,0,0,5,0,0,0,0,5
062030604,1,1,0,9,1,0,0,0,12
062030605,0,0,0,4,1,0,0,0,5
062030701,0,0,0,2,0,0,0,0,2
062030702,0,0,0,5,0,0,0,0,5
062030703,0,0,0,5,0,0,0,0,5
062030704,0,0,0,5,0,0,0,0,5
062030705,0,0,0,4,0,0,0,0,4
062030706,0,0,0,3,0,0,0,0,3
062030707,0,0,0,4,0,0,0,0,4
062030708,0,0,0,2,0,0,0,0,2
062030709,0,0,0,2,0,0,0,0,2
062030710,0,0,0,8,0,0,0,1,9
062030711,0,0,0,5,0,0,0,0,5
062030801,0,0,1,11,0,0,0,0,12
062030802,3,0,1,24,0,0,0,0,28
062030803,3,4,11,201,15,0,0,0,234
062030804,9,19,13,312,3,0,0,0,356
062030805,25,47,37,310,5,0,0,0,424
062030806,21,22,52,295,2,0,0,0,392
062030807,34,29,30,259,1,0,0,0,353
062030808,10,10,50,410,1,0,0,2,483
062030809,18,12,11,290,2,0,0,0,333
062030810,8,12,16,277,0,0,0,2,315
062030811,4,3,8,76,0,0,0,3,94
062030812,2,2,63,100,0,0,0,0,167
062030901,0,0,0,9,0,0,0,0,9
062030902,0,0,0,14,0,0,0,0,14
062030903,0,0,0,2,0,0,0,0,2
062030904,0,0,0,4,0,0,0,0,4
062030905,0,0,0,3,0,0,0,0,3
062030906,0,0,0,1,0,0,0,0,1
062030907,0,0,0,5,0,0,0,0,5
062031001,0,0,0,1,0,0,0,0,1
062031002,0,0,1,10,0,0,0,0,11
062031003,0,0,2,9,1,0,0,0,12
062031004,0,0,0,6,0,0,0,0,6
062031005,0,0,0,5,0,0,0,1,6
062031101,0,0,0,12,0,0,0,0,12
062031102,0,0,0,11,1,0,0,0,12
062031103,0,0,0,0,0,0,0,0,0
062031104,0,1,0,3,0,0,0,0,4
062031105,0,0,0,3,0,0,0,0,3
062031106,0,0,0,3,0,0,0,0,3
062031201,0,0,1,6,0,0,0,0,7
062031202,0,0,0,6,0,0,0,0,6
062031203,0,0,0,12,0,0,0,0,12
062031204,0,0,0,12,0,0,0,0,12
062031205,1,0,1,11,0,0,0,0,13
062031301,0,0,0,7,0,0,0,0,7
062031302,0,0,0,5,0,0,0,0,5
062031303,0,0,2,4,1,0,0,0,7
062031304,1,1,0,9,1,0,0,0,12
062031305,1,0,1,9,2,0,0,0,13
062031306,1,0,0,8,0,0,0,0,9
062031307,0,0,2,9,0,0,0,0,11
062031308,0,0,2,8,0,0,0,0,10
062031401,4,7,22,111,8,0,0,0,152
062031402,0,0,1,10,0,0,0,0,11
062031403,0,0,1,6,0,0,0,0,7
062031404,0,0,0,3,1,0,0,1,5
062031405,0,0,2,14,6,0,0,0,22
062031406,0,0,0,5,0,0,0,0,5
062031407,0,0,0,3,0,0,0,0,3
062031408,0,0,0,0,0,0,0,0,0
062031501,0,0,0,4,0,0,0,0,4
062031502,0,0,3,13,1,0,0,0,17
062031503,0,0,0,11,0,0,0,0,11
062031504,0,0,0,8,0,0,0,0,8
062031601,15,6,23,365,9,10,0,0,428
062031602,7,0,3,281,1,0,0,0,292
062031603,8,2,20,220,2,0,0,3,255
062031604,4,8,157,254,1,0,0,1,425
062031605,6,10,31,221,4,2,0,0,274
062031606,3,4,4,144,2,1,0,0,158
062031607,9,8,88,212,4,0,1,0,322
062031608,4,8,10,279,2,1,0,2,306
062031609,4,0,7,392,2,0,0,0,405
062031610,6,4,5,297,5,1,0,2,320
062031611,0,2,1,101,1,0,0,0,105
062031612,15,1,4,254,0,0,0,0,274
062031613,8,2,10,275,3,1,0,0,299
062100101,15,23,4,153,2,0,0,0,197
062100102,6,27,14,136,0,1,0,3,187
062100103,5,24,2,132,1,0,0,0,164
062100104,14,47,4,96,7,0,0,0,168
062100105,10,26,9,127,6,0,0,0,178
062100106,46,64,21,135,3,0,0,2,271
062100107,9,21,11,235,3,0,0,0,279
062100108,36,58,12,118,0,0,0,0,224
062100109,36,55,11,71,1,0,0,0,174
062100110,31,51,9,75,2,0,0,0,168
062100111,57,96,9,106,1,0,0,3,272
062100112,41,33,4,82,0,0,0,1,161
062100113,6,38,9,143,7,0,0,0,203
062100114,1,11,3,131,2,1,0,1,150
062100115,34,42,13,187,4,0,0,0,280
062100116,48,72,11,167,2,1,0,2,303
062100117,38,77,10,181,8,1,0,0,315
062100118,38,35,11,181,8,0,1,0,274
062100119,14,19,6,248,8,0,0,3,298
062100120,33,33,8,231,1,0,0,0,306
062100121,26,51,8,181,4,0,0,1,271
062100201,5,23,13,232,5,1,0,0,279
062100202,16,41,23,304,6,1,0,1,392
062100203,33,32,7,323,16,4,1,1,417
062100204,19,104,18,204,2,0,0,1,348
062100205,35,60,10,104,3,0,0,0,212
062100206,23,47,4,122,2,0,0,0,198
062100207,56,73,10,293,8,0,0,0,440
062100208,50,74,13,152,0,0,0,0,289
062100209,48,111,6,90,7,0,0,2,264
062100210,23,82,28,276,5,1,0,1,416
062100301,1,7,2,58,2,0,0,0,70
062100401,2,1,2,47,0,0,0,0,52
062100501,0,4,9,107,3,0,0,0,123
062100601,1,3,2,17,0,1,0,1,25
062100602,0,1,0,17,1,1,0,0,20
062100603,4,8,4,146,1,2,0,0,165
062100604,1,0,0,50,0,0,0,0,51
062100605,8,11,7,82,9,0,0,0,117
062100606,3,29,11,154,0,0,0,0,197
062100607,4,12,1,108,0,0,0,1,126
062100608,5,1,1,85,2,0,0,0,94
062100609,0,0,1,12,1,0,0,0,14
062100610,0,2,4,15,0,0,0,0,21
062100611,0,0,2,62,0,0,0,0,64
062100612,7,9,5,111,2,0,0,0,134
062100613,2,8,3,54,1,0,0,0,68
062100701,1,0,2,59,2,0,0,0,64
062100801,3,3,2,108,2,0,0,1,119
062100802,18,21,3,220,3,0,0,0,265
062100803,19,29,3,241,18,2,1,1,314
062100804,31,71,57,216,11,1,0,2,389
062100805,18,26,122,355,8,2,1,2,534
062100806,5,4,2,192,2,0,1,2,208
062100807,3,5,3,63,2,0,0,0,76
062100808,33,12,7,737,21,5,0,3,818
062100809,16,15,6,241,5,1,0,1,285
062100810,4,5,0,332,4,3,1,3,352
062100811,7,5,1,71,3,0,0,0,87
062100901,22,57,5,132,2,1,0,3,222
062100902,30,58,13,134,5,0,0,1,241
062100903,2,8,2,45,3,0,2,3,65
062101001,2,6,5,32,3,1,0,0,49
062101101,0,0,1,15,1,0,0,0,17
062101201,3,8,1,68,0,0,1,0,81
062101301,42,121,21,168,1,0,0,2,355
062101302,31,36,16,216,8,0,1,1,309
062101303,24,29,5,127,1,1,0,0,187
062101304,52,92,15,184,1,0,0,0,344
062101305,26,47,17,143,4,2,0,0,239
062101306,63,76,8,249,7,0,0,1,404
062101307,21,31,5,223,1,1,0,0,282
062101308,44,72,9,263,25,3,0,3,419
062101309,21,39,3,255,13,1,0,0,332
062170101,30,75,20,154,5,0,0,1,285
062170102,37,41,18,202,3,1,0,0,302
062170103,30,27,17,178,2,0,0,0,254
062170104,22,20,16,270,3,0,0,0,331
062170105,48,40,12,194,7,1,0,0,302
062170106,39,29,10,91,2,0,0,0,171
062170107,48,68,31,137,1,0,0,0,285
062170108,37,39,24,116,2,0,0,0,218
062170109,44,36,55,117,4,0,0,0,256
062170110,37,40,56,98,5,0,0,1,237
062170111,19,39,20,132,2,0,2,0,214
062170112,39,41,33,149,4,0,0,0,266
062170113,35,63,98,201,6,0,0,1,404
062170114,29,35,3,80,0,0,0,0,147
062170201,1,3,2,24,0,0,0,0,30
062170202,0,1,1,21,1,0,0,0,24
062170203,0,0,0,9,0,0,0,0,9
062170204,1,0,1,21,0,0,0,0,23
062170205,0,0,1,19,1,0,0,0,21
062170206,1,0,1,12,1,0,0,0,15
062170207,0,0,0,13,2,0,0,0,15
062170301,0,1,7,38,1,0,1,0,48
062170302,0,1,7,37,3,0,1,0,49
062170303,0,2,1,76,0,0,0,0,79
062170304,0,1,8,27,1,0,0,0,37
062170401,5,2,12,120,3,2,2,0,146
062170402,1,5,6,180,5,1,0,1,199
062170403,3,13,12,96,0,0,0,1,125
062170404,12,11,7,131,7,0,0,1,169
062170405,0,2,12,84,3,0,0,0,101
062170406,4,5,5,60,7,1,1,0,83
062170407,14,10,8,53,5,0,0,0,90
062170408,4,9,29,51,1,0,0,0,94
062170409,7,10,27,118,13,0,0,0,175
062170410,8,15,55,141,3,0,0,1,223
062170411,10,14,17,167,12,0,0,0,220
062170412,12,3,4,170,4,0,0,1,194
062170413,12,12,7,361,26,0,0,0,418
062170414,16,18,17,374,6,1,0,0,432
062170415,17,7,7,202,10,1,0,0,244
062170416,4,13,12,217,6,2,1,0,255
062170501,0,2,3,6,0,0,0,0,11
062170502,0,0,0,3,0,0,0,0,3
062170503,1,1,2,2,0,0,0,0,6
062170504,0,0,0,4,1,0,0,0,5
062170505,4,0,11,37,3,0,0,1,56
062170506,0,0,1,13,0,1,0,0,15
062170507,0,0,2,18,0,0,0,0,20
062170508,0,0,0,18,0,0,1,0,19
062170509,0,0,1,3,0,0,0,0,4
062170510,0,0,0,7,0,0,0,0,7
062170511,0,1,0,10,1,0,0,0,12
062170512,0,0,0,6,0,0,0,0,6
062170601,0,0,1,8,0,0,0,0,9
062170602,0,1,0,5,0,0,0,0,6
062170603,0,3,1,5,0,0,0,0,9
062170604,1,2,1,18,0,0,0,0,22
062170605,0,0,0,15,1,0,0,1,17
062170701,2,0,0,6,0,0,0,0,8
062170702,0,1,0,10,0,0,0,1,12
062170801,0,0,1,25,0,0,1,0,27
062170802,1,1,2,15,2,0,0,0,21
062170803,1,2,2,17,0,0,0,0,22
062170901,0,1,0,17,0,0,0,0,18
062170902,0,0,0,30,1,0,0,0,31
062170903,0,0,3,19,1,0,0,1,24
062170904,0,1,0,22,1,0,0,0,24
062170905,0,0,1,8,1,0,1,0,11
062170906,1,1,1,15,2,0,0,0,20
062170907,1,0,1,15,1,0,0,0,18
062171001,28,14,21,189,9,1,1,0,263
062171002,14,6,31,373,13,1,1,1,440
062171003,33,19,43,275,3,0,2,2,377
062171004,15,13,41,219,7,0,0,0,295
062171005,0,0,2,15,0,0,0,1,18
062171006,1,0,3,16,1,0,1,0,22
062171007,0,1,2,13,1,1,0,0,18
062171008,0,2,1,18,0,0,0,0,21
062171009,0,1,2,19,0,0,0,0,22
062171010,0,3,3,67,1,0,0,0,74
062171011,0,1,4,72,0,0,0,0,77
062171012,0,0,0,11,0,0,0,0,11
062171013,4,34,75,105,5,0,0,0,223
062171101,0,1,10,44,2,0,0,0,57
062171102,1,0,0,15,1,1,0,0,18
062171103,1,1,0,15,2,0,0,1,20
062171104,0,0,0,8,1,0,0,0,9
062171105,0,0,1,28,8,0,0,0,37
062171106,0,0,0,12,0,0,1,0,13
062171201,13,11,49,164,4,2,1,1,245
062171202,5,2,0,546,37,2,0,0,592
062171203,8,20,63,205,4,0,0,0,300
062171204,10,21,4,173,7,0,0,0,215
062171205,10,9,12,277,9,2,2,4,325
062171206,14,20,22,182,10,0,0,1,249
062171207,24,22,13,169,6,1,0,0,235
062171208,19,19,25,190,4,0,0,0,257
062171209,29,55,15,120,7,0,0,0,226
062171210,50,16,170,192,4,0,0,0,432
062171211,12,24,34,122,2,0,0,1,195
062171212,4,17,10,263,4,0,0,1,299
062171213,9,30,103,124,4,0,0,1,271
062171214,22,28,49,78,1,0,0,0,178
062171215,13,28,93,79,3,0,0,0,216
062240101,1,7,1,155,1,0,0,1,166
062240102,19,96,5,188,3,0,0,0,311
062240103,37,89,17,261,2,0,2,0,408
062240104,26,73,4,146,1,0,0,0,250
062240105,20,58,10,229,1,2,0,15,335
062240106,35,38,42,169,0,0,0,0,284
062240107,39,89,10,176,4,0,1,1,320
062240108,46,61,22,85,2,0,0,0,216
062240109,58,72,17,175,3,1,0,0,326
062240110,40,105,14,134,1,0,0,0,294
062240111,46,130,10,172,2,0,1,0,361
062240112,76,152,7,97,1,1,0,5,339
062240113,9,75,2,8,185,0,0,3,282
062240114,12,29,14,260,1,0,0,5,321
062240115,8,10,3,155,0,1,1,0,178
062240116,22,24,7,115,5,0,0,0,173
062240117,7,24,6,196,4,0,0,0,237
062240201,16,25,9,169,2,1,0,0,222
062240202,47,21,9,170,1,0,0,0,248
062240203,2,9,3,122,14,0,0,2,152
062240204,22,52,19,289,26,0,0,0,408
062240205,13,39,27,185,1,0,0,2,267
062240206,12,53,15,184,5,0,0,4,273
062240207,25,59,18,195,3,0,0,0,300
062240208,58,81,14,205,5,1,0,2,366
062240209,33,39,15,182,4,0,0,0,273
062240210,70,141,11,91,1,1,0,1,316
062240211,62,88,8,103,0,0,0,0,261
062240212,5,8,6,111,3,0,0,0,133
062240213,0,6,1,92,2,0,1,3,105
062240214,12,19,13,188,4,0,0,2,238
062240301,36,59,7,167,5,1,0,2,277
062240302,2,45,12,242,2,0,0,1,304
062240303,15,78,5,209,3,0,0,0,310
062240304,10,61,180,34,3,0,0,0,288
062240305,5,52,4,148,4,0,0,1,214
062240306,6,23,31,175,2,0,0,0,237
062240307,7,16,12,243,13,1,0,2,294
062240308,4,17,2,276,3,0,0,1,303
062240309,2,33,0,126,3,0,0,3,167
062240310,12,21,3,224,5,0,0,1,266
062240401,4,11,2,224,5,0,1,1,248
062240402,62,75,11,282,3,0,0,0,433
062240403,31,72,11,253,11,0,0,5,383
062240404,57,116,7,103,2,0,0,1,286
062240405,48,112,22,177,3,0,0,1,363
062240406,24,109,12,136,1,0,0,0,282
062240407,58,111,17,133,2,0,0,0,321
062240408,48,121,6,66,3,0,0,24,268
062240409,24,66,10,268,1,0,0,0,369
062240410,12,58,6,157,2,0,0,0,235
062240411,11,50,11,244,1,0,0,0,317
062240412,17,10,3,110,7,2,1,0,150
062240413,50,111,15,150,9,0,0,1,336
062240414,8,7,1,139,0,0,0,0,155
062240415,3,4,3,115,6,0,0,3,134
062240416,7,24,4,133,0,0,0,0,168
062240417,3,9,2,230,1,0,0,3,248
062240501,2,0,0,10,0,0,0,0,12
062240502,0,1,0,7,0,0,0,0,8
062240503,6,1,1,15,1,0,0,1,25
062240504,0,0,0,4,0,0,0,0,4
062240505,0,1,0,15,0,0,0,0,16
062240601,0,0,2,16,0,0,0,1,19
062240602,0,5,0,24,0,0,0,0,29
062240603,4,12,3,15,1,0,0,1,36
062240604,7,2,0,26,0,0,0,0,35
062240701,0,0,0,2,0,0,0,0,2
062240702,0,0,1,13,0,0,0,0,14
062240703,2,0,2,11,0,0,0,0,15
062240801,0,0,0,10,0,0,0,0,10
062240802,0,0,0,12,0,0,0,0,12
062240901,4,24,15,97,0,0,0,0,140
062240902,8,64,5,209,0,1,0,0,287
062240903,2,9,18,55,0,1,0,0,85
062240904,1,1,0,55,1,1,0,0,59
062240905,1,0,0,9,0,0,0,0,10
062240906,3,6,3,55,2,0,0,1,70
062240907,4,0,2,22,0,1,0,0,29
062240908,4,34,7,231,4,0,0,1,281
062240909,3,2,1,74,1,2,0,0,83
062240910,0,2,0,52,0,0,0,1,55
062240911,12,27,3,122,1,0,0,0,165
062240912,2,20,10,99,12,0,1,0,144
062240913,1,8,6,54,0,0,0,0,69
062240914,3,12,15,38,0,0,0,0,68
062240915,22,6,4,141,3,0,0,0,176
062241001,1,2,0,6,0,0,0,0,9
062241002,0,0,1,20,0,0,0,0,21
062241101,2,6,2,22,1,0,0,0,33
062241102,8,2,0,33,3,0,0,0,46
062241103,9,1,1,55,0,1,1,0,68
062241201,11,1,0,34,0,0,0,1,47
062241202,1,0,0,9,0,0,0,0,10
062241203,1,3,0,18,0,0,0,0,22
062241204,9,9,31,49,4,0,0,0,102
062241301,3,11,9,45,2,1,0,0,71
062241302,0,1,1,12,0,0,0,0,14
062241303,1,0,1,9,2,0,0,0,13
062241401,2,2,1,7,0,0,0,0,12
062241402,0,3,0,20,0,0,0,1,24
062241403,7,1,3,38,1,0,1,0,51
062241501,0,0,0,8,0,0,0,0,8
062241502,1,0,2,14,1,0,0,0,18
062241503,0,1,1,8,0,0,0,0,10
062241601,2,0,0,6,1,0,0,0,9
062241602,0,1,1,5,0,0,0,0,7
062241701,12,2,0,58,0,0,0,0,72
062241702,2,1,1,13,0,0,0,0,17
062241703,2,3,0,19,0,0,0,0,24
062241801,0,2,0,4,4,0,0,0,10
062241802,0,1,0,17,0,0,0,0,18
062241901,1,4,0,43,0,0,0,0,48
062241902,0,0,1,8,0,0,0,0,9
062241903,1,0,1,10,2,0,0,0,14
062241904,0,2,0,15,1,0,0,0,18
062242001,7,11,10,88,0,0,0,1,117
062242002,8,4,20,96,1,0,0,0,129
062242003,31,20,8,231,3,1,0,0,294
062242004,0,0,0,5,0,0,0,0,5
062242005,0,1,0,16,1,0,0,0,18
062242006,0,0,0,6,0,0,0,0,6
062242007,0,0,0,11,0,0,0,0,11
062242008,0,0,0,11,0,0,0,0,11
062242009,2,9,1,67,0,0,0,0,79
062242010,6,7,4,114,1,0,0,2,134
062242101,1,0,0,8,0,0,0,0,9
062242102,0,0,0,4,0,0,0,0,4
062242103,0,0,1,6,0,0,0,0,7
062242201,37,107,10,77,2,0,0,0,233
062242202,29,94,7,131,0,0,0,0,261
062242203,50,79,5,192,3,0,0,2,331
062242204,53,137,12,109,2,0,0,3,316
062242205,86,85,12,105,4,0,0,4,296
062242206,77,114,9,151,0,0,0,3,354
062242207,16,39,2,182,2,0,0,1,242
062242208,44,124,11,92,3,0,0,4,278
062242209,5,41,4,167,0,0,1,1,219
062242210,17,24,3,157,26,0,0,0,227
062310101,5,12,39,171,0,0,0,0,227
062310102,1,19,17,127,2,1,0,0,167
062310103,0,0,0,16,0,0,0,0,16
062310104,4,0,27,49,0,0,0,0,80
062310105,0,0,3,19,0,0,0,0,22
062310106,3,3,0,23,0,0,0,0,29
062310107,2,25,32,130,1,0,0,0,190
062310201,0,0,0,22,0,0,0,0,22
062310202,0,0,2,18,1,0,0,0,21
062310203,0,0,0,12,1,0,0,0,13
062310204,0,0,0,8,0,0,0,0,8
062310301,0,0,1,10,0,0,0,0,11
062310302,0,0,1,24,0,0,0,0,25
062310303,0,0,4,16,2,0,0,0,22
062310304,0,0,0,8,0,0,0,0,8
062310401,0,0,0,2,0,0,0,0,2
062310402,0,0,0,7,0,0,0,0,7
062310403,0,0,0,9,0,0,0,0,9
062310404,5,0,0,8,0,0,0,0,13
062310405,0,0,2,4,1,0,0,0,7
062310501,1,1,0,8,2,0,0,0,12
062310502,0,0,0,9,1,0,0,0,10
062310601,0,0,0,3,0,0,0,0,3
062310602,0,0,0,8,0,0,0,0,8
062310603,1,0,3,29,0,0,0,0,33
062310604,0,0,0,5,0,0,0,0,5
062310605,0,0,0,6,1,0,0,0,7
062310606,0,0,0,23,0,0,0,0,23
062310701,1,3,0,9,1,0,0,0,14
062310702,0,1,0,9,0,0,0,0,10
062310703,0,0,1,9,0,0,0,0,10
062310704,0,1,0,15,0,0,0,0,16
062310705,0,0,0,1,0,0,0,0,1
062310706,0,0,0,5,0,0,0,0,5
062310707,0,0,0,4,0,0,0,0,4
062310801,0,2,2,10,0,0,0,0,14
062310802,0,0,0,1,1,0,0,0,2
062310803,4,3,16,193,11,1,0,1,229
062310804,0,0,0,2,0,0,0,0,2
062310805,0,0,0,6,0,0,0,0,6
062310901,0,0,0,16,0,0,0,0,16
062310902,0,1,3,32,1,0,0,0,37
062310903,0,0,0,15,0,0,0,0,15
062311001,1,1,77,279,1,2,0,0,361
062311002,0,1,0,2,0,0,0,0,3
062311003,0,1,0,10,0,0,0,0,11
062311004,0,0,0,0,0,0,0,1,1
062311005,0,10,2,44,0,0,0,0,56
062311101,0,0,0,2,0,0,0,0,2
062311201,3,7,144,157,2,2,0,0,315
062311202,9,28,2,256,1,0,0,1,297
062311203,3,19,12,184,5,0,0,0,223
062311204,9,36,18,259,2,0,0,0,324
062311205,12,44,29,208,4,0,0,0,297
062311206,2,42,14,136,3,0,0,0,197
062311207,10,63,34,222,2,0,0,1,332
062311208,9,32,16,336,3,2,0,0,398
062311209,10,33,44,152,2,0,0,0,241
062311210,7,48,27,205,1,1,0,0,289
062311211,5,17,8,323,2,0,0,1,356
062311212,3,7,3,161,2,0,0,0,176
062311213,6,4,10,154,6,0,0,0,180
062311214,0,1,0,38,0,0,0,0,39
062380101,1,1,8,171,12,0,0,0,193
062380102,2,9,15,158,10,0,0,0,194
062380103,10,19,42,260,21,3,0,1,356
062380104,11,8,26,286,29,0,0,2,362
062380105,9,21,22,283,25,2,0,0,362
062380106,10,12,32,187,6,0,0,0,247
062380107,6,22,24,331,34,1,0,2,420
062380108,20,11,42,156,7,0,0,0,236
062380109,8,17,26,205,5,0,0,1,262
062380110,24,28,48,200,33,1,0,1,335
062380111,9,22,30,157,9,0,0,0,227
062380112,10,58,159,23,2,0,0,0,252
062380113,23,1,4,122,12,0,0,1,163
062380114,3,7,19,121,5,0,0,1,156
062380201,7,4,3,223,8,0,0,0,245
062380202,9,9,28,318,34,0,0,0,398
062380203,11,14,34,255,13,0,1,0,328
062380204,6,45,19,124,2,0,0,0,196
062380205,4,18,40,165,14,0,0,1,242
062380206,14,14,41,198,7,0,0,0,274
062380207,29,27,25,303,17,0,0,2,403
062380208,8,15,32,250,29,0,0,2,336
062380209,16,14,23,242,19,0,0,0,314
062380210,1,1,17,190,15,3,0,1,228
062380211,2,0,0,80,4,1,0,3,90
062380212,7,11,29,261,26,1,0,1,336
062380213,2,7,15,121,8,0,0,0,153
062380214,11,1,11,142,10,0,1,0,176
062380215,1,0,2,16,1,0,0,0,20
062380301,0,1,6,90,3,0,0,0,100
062380302,0,2,4,17,2,0,0,0,25
062380401,0,0,2,26,0,0,0,1,29
062380501,0,7,1,39,3,0,0,1,51
062380601,1,8,8,106,7,0,1,0,131
062380602,0,2,27,57,2,0,0,0,88
062380603,4,8,6,184,4,1,0,0,207
062380604,0,3,155,97,1,0,0,4,260
062380605,0,0,2,6,1,0,0,0,9
062380606,1,1,0,16,0,0,0,0,18
062380607,0,1,2,40,0,0,0,0,43
062380608,1,0,0,1,2,0,0,0,4
062380609,8,0,2,121,8,1,0,0,140
062380610,3,0,0,9,4,0,0,0,16
062380611,15,35,5,115,11,0,0,2,183
062380701,1,2,9,30,8,0,0,1,51
062380702,0,2,13,29,0,0,0,1,45
062380801,0,0,2,20,0,0,0,0,22
062380901,0,0,1,39,3,0,0,0,43
062381001,0,0,0,7,1,0,0,0,8
062381101,0,0,0,26,1,0,0,0,27
062450101,32,40,37,290,4,0,0,1,404
062450102,40,21,41,244,26,1,0,3,376
062450103,53,46,52,255,13,0,0,1,420
062450104,54,35,17,158,4,0,0,2,270
062450105,73,26,19,226,5,1,0,1,351
062450106,60,51,14,287,6,0,0,6,424
062450107,24,44,15,175,0,0,0,1,259
062450108,57,32,14,185,1,0,0,1,290
062450109,44,11,13,193,1,0,0,0,262
062450110,62,32,10,200,6,1,0,0,311
062450111,59,31,19,190,1,0,0,1,301
062450201,15,29,24,320,6,0,0,1,395
062450202,10,17,13,195,12,0,0,1,248
062450203,8,18,160,0,0,0,0,0,186
062450204,28,11,113,66,1,0,0,0,219
062450205,23,35,27,281,3,1,0,2,372
062450206,50,52,88,287,9,2,0,6,494
062450207,63,73,29,229,3,0,0,0,397
062450208,40,24,15,224,5,0,0,1,309
062450209,22,23,20,284,5,0,0,2,356
062450210,29,28,6,119,4,0,0,0,186
062450211,67,74,52,263,28,1,0,3,488
062450212,23,38,28,289,13,2,1,23,417
062450213,25,14,10,213,5,1,0,2,270
062450214,1,20,246,0,0,0,0,0,267
062450215,12,23,22,178,5,1,0,1,242
062450301,88,70,12,137,2,3,0,0,312
062450302,32,45,18,255,27,3,0,2,382
062450303,29,33,20,268,10,0,0,6,366
062450304,38,45,10,379,15,3,1,10,501
062450305,34,43,8,312,15,1,1,9,423
062450306,55,46,20,251,15,2,2,14,405
062450307,26,18,35,185,7,0,0,1,272
062450308,25,15,12,188,13,1,0,5,259
062450309,4,46,89,246,3,1,0,3,392
062450310,6,4,0,300,7,0,0,0,317
062450311,4,60,1,252,0,0,0,0,317
062450401,16,24,16,132,19,0,1,2,210
062450402,22,11,8,89,11,2,0,2,145
062450403,10,31,34,160,20,1,0,0,256
062450404,20,15,37,137,23,1,1,1,235
062450405,16,21,52,115,27,0,0,1,232
062450406,6,13,15,125,27,1,0,4,191
062450407,22,2,8,212,22,4,0,2,272
062450408,3,21,44,66,1,0,1,3,139
062450409,19,7,1,187,10,1,0,6,231
062450410,12,14,1,196,9,0,0,1,233
062450411,3,1,2,34,0,0,0,1,41
062450412,3,5,6,60,7,1,0,0,82
062450413,24,4,15,177,13,3,0,0,236
062450414,3,10,40,43,3,0,0,1,100
062450415,11,12,10,386,25,6,1,2,453
062450416,9,11,43,57,1,0,0,0,121
062450417,17,3,3,65,2,0,0,2,92
062450418,1,6,16,101,5,1,0,0,130
062450501,48,30,8,207,7,1,0,1,302
062450502,27,11,8,157,3,0,0,0,206
062450503,32,6,8,162,2,0,0,2,212
062450504,55,53,7,160,1,0,0,2,278
062450505,82,51,24,360,3,0,2,7,529
062450506,1,0,0,2,0,0,0,0,3
062450507,0,1,1,51,1,0,0,0,54
062520101,8,14,10,99,4,3,6,3,147
062520102,16,27,25,191,9,2,2,2,274
062520103,5,11,1,146,6,3,0,4,176
062520104,28,26,40,332,10,4,1,1,442
062520105,29,56,17,279,10,0,1,2,394
062520106,38,69,39,322,12,2,4,7,493
062520107,40,116,121,246,18,0,1,1,543
062520108,29,120,47,308,20,0,0,0,524
062520109,17,99,69,58,4,0,0,4,251
062520110,19,53,32,59,1,0,1,0,165
062520111,17,84,57,69,2,0,0,7,236
062520112,25,86,78,211,8,0,0,5,413
062520113,30,93,124,85,3,0,0,0,335
062520114,28,70,35,114,19,0,1,0,267
062520115,18,93,54,136,6,1,0,2,310
062520201,11,28,30,35,0,0,0,0,104
062520202,9,7,111,11,2,0,1,0,141
062520203,5,18,89,78,4,0,2,2,198
062520204,13,22,124,63,6,1,1,1,231
062520205,4,11,68,46,2,0,2,0,133
062520206,6,8,82,32,2,0,0,0,130
062520207,8,32,59,61,10,0,2,1,173
062520208,3,6,4,48,6,0,2,0,69
062520209,16,39,18,296,12,1,1,4,387
062520210,8,30,74,97,3,0,1,5,218
062520211,9,80,53,123,6,0,0,1,272
062520212,12,38,31,105,2,0,0,0,188
062520213,12,66,56,106,13,0,0,0,253
062520214,17,98,37,125,3,0,0,7,287
062520215,36,74,40,263,7,4,5,1,430
062520216,12,34,15,217,10,2,0,1,291
062520217,24,49,15,199,4,2,1,0,294
062520301,6,2,0,37,3,2,1,1,52
062520302,1,5,32,25,3,1,0,18,85
062520303,14,20,32,36,10,0,0,0,112
062520304,12,34,36,126,18,2,3,1,232
062520305,60,42,4,286,25,5,7,16,445
062520306,33,70,34,219,18,2,3,0,379
062520307,4,13,8,49,8,0,0,1,83
062520308,8,10,57,13,0,0,0,0,88
062520309,17,28,62,81,10,2,0,4,204
062520401,35,21,35,228,17,1,6,4,347
062520402,26,65,36,271,9,1,1,1,410
062520403,21,42,15,95,1,0,2,1,177
062520404,22,69,35,134,2,0,0,3,265
062520405,24,63,102,120,5,2,2,1,319
062520406,16,95,40,85,3,1,0,4,244
062520407,19,47,49,105,0,0,0,5,225
062520408,38,23,235,139,11,4,6,19,475
062520409,58,63,51,300,16,4,7,10,509
062520410,4,24,171,41,6,0,0,2,248
062520411,3,11,1,13,1,0,1,1,31
062520412,26,99,32,349,15,2,4,8,535
062520413,16,14,186,128,10,0,0,3,357
062520501,83,104,60,135,15,1,0,1,399
062520502,32,116,24,90,1,0,0,0,263
062520503,57,75,96,126,3,0,0,0,357
062520504,95,179,58,91,9,0,0,2,434
062520505,32,117,66,68,1,0,0,4,288
062520506,64,61,26,51,3,0,1,1,207
062520507,33,110,83,214,10,0,0,5,455
062520508,27,95,74,267,9,0,0,0,472
062520509,13,114,29,208,11,1,0,2,378
062520601,7,111,7,107,6,0,1,0,239
062520602,0,0,0,3,0,0,0,0,3
062520603,11,7,8,54,4,2,2,1,89
062520604,21,11,48,119,16,0,7,6,228
062520605,11,49,41,203,18,3,2,0,327
062520606,40,20,139,81,6,0,1,4,291
062520607,3,2,3,26,1,0,1,1,37
062520608,3,0,5,17,0,0,0,0,25
062520609,1,4,0,33,1,0,0,1,40
062520610,4,2,8,22,0,0,0,0,36
062520611,14,50,19,25,4,0,0,0,112
062520612,8,13,46,79,6,0,1,1,154
062520613,7,18,34,118,8,0,0,0,185
062520614,4,29,17,141,4,1,0,3,199
062520701,20,65,54,188,6,0,1,1,335
062520702,38,98,58,153,22,1,0,4,374
062520703,18,80,71,221,18,4,3,5,420
062520704,38,120,35,247,6,0,0,13,459
062520705,30,149,42,241,12,1,0,7,482
062520706,44,122,34,316,30,6,0,14,566
062520707,43,36,24,221,16,4,4,4,352
062520708,27,59,48,276,18,0,3,2,433
062520709,14,67,44,148,11,2,1,1,288
062520710,19,50,54,132,6,0,1,0,262
062520711,34,49,123,240,13,2,2,3,466
062520801,5,9,3,40,1,0,2,0,60
062520802,24,63,41,302,20,5,1,9,465
062520803,26,55,22,306,10,2,0,4,425
062520804,40,56,23,275,10,6,3,3,416
062520805,52,56,38,225,15,3,9,3,401
062520806,41,105,62,201,6,0,0,0,415
062520807,25,84,50,149,5,0,0,0,313
062520808,13,52,36,159,9,2,1,2,274
062520809,3,3,58,21,0,0,0,0,85
062520810,21,5,116,12,1,0,1,1,157
062520901,134,49,321,305,13,9,0,10,841
062520902,85,114,28,250,15,2,1,6,501
062520903,81,119,20,194,23,1,0,17,455
062520904,82,130,22,153,21,1,0,18,427
062520905,61,134,18,181,14,1,0,3,412
062520906,67,100,30,115,12,1,1,11,337
062520907,31,156,26,105,7,1,1,4,331
062520908,21,95,26,93,5,0,0,5,245
062520909,30,122,38,108,9,2,1,0,310
062520910,41,158,47,139,14,0,0,0,399
062520911,62,182,35,187,14,1,3,9,493
062520912,83,113,17,173,17,4,2,5,414
062520913,112,72,17,364,29,21,6,16,637
062520914,138,142,28,164,16,4,4,8,504
062521001,2,12,142,15,0,0,0,1,172
062521002,1,1,25,15,0,0,0,0,42
062521003,16,37,132,133,12,1,4,5,340
062521004,19,27,121,147,15,1,3,10,343
062521005,18,36,34,124,4,2,0,0,218
062521006,31,57,50,170,11,3,0,0,322
062521007,18,54,23,170,17,0,3,1,286
062521008,17,20,12,160,6,3,0,0,218
062521009,54,57,47,139,9,0,0,11,317
062521010,21,28,155,100,3,0,1,3,311
062521011,42,79,22,163,23,8,0,2,339
062521012,50,42,19,234,23,5,1,14,388
062521013,54,42,115,184,14,4,3,9,425
062521014,12,26,113,63,5,6,0,0,225
062521015,12,12,135,35,4,0,1,0,199
062521016,20,73,80,139,11,1,5,1,330
062521017,2,28,94,72,8,0,1,0,205
062521101,31,41,73,105,12,2,0,0,264
062521102,38,78,138,194,17,2,2,0,469
062521103,19,49,69,83,13,1,0,0,234
062521104,47,74,111,125,8,0,0,1,366
062521105,31,87,117,180,18,1,0,0,434
062521106,23,53,67,109,20,0,2,7,281
062521107,10,48,90,140,12,0,2,5,307
062521108,8,8,64,16,0,0,1,0,97
062521109,10,11,60,70,10,1,2,2,166
062521110,62,76,83,101,6,0,0,0,328
062521201,13,81,34,194,23,3,1,1,350
062521202,31,118,89,249,21,0,1,11,520
062521203,25,148,39,196,15,3,0,2,428
062521204,29,169,32,219,22,0,0,2,473
062521205,55,152,68,207,18,0,1,4,505
062521206,43,77,63,153,14,0,0,10,360
062521207,33,98,25,239,19,1,0,5,420
062521208,23,81,25,183,17,1,2,8,340
062521301,15,54,39,98,14,0,1,2,223
062521302,48,87,29,183,21,0,0,2,370
062521303,26,112,49,173,22,2,1,2,387
062521304,30,115,22,137,9,2,0,4,319
062521305,25,138,50,134,12,0,0,2,361
062521306,21,82,52,151,6,0,1,5,318
062521307,8,61,61,90,12,0,1,0,233
062521308,28,54,76,80,10,0,0,3,251
062521309,27,47,57,98,2,0,0,2,233
062521310,6,75,48,79,7,1,1,2,219
062521311,38,78,68,99,8,2,0,0,293
062521312,27,91,48,152,12,1,1,0,332
062521401,84,47,32,167,7,2,1,0,340
062521402,45,88,42,238,13,0,1,4,431
062521403,42,86,40,299,18,2,7,7,501
062521404,24,68,18,176,10,7,2,4,309
062521405,9,67,45,89,3,0,0,1,214
062521406,33,62,12,105,7,1,0,1,221
062521407,33,113,14,132,13,2,0,3,310
062521408,59,131,66,209,26,0,0,1,492
062521409,29,88,68,132,15,1,0,3,336
062521410,19,102,88,83,5,0,0,3,300
062521411,12,86,50,125,18,0,1,1,293
062521412,20,69,24,223,20,8,3,28,395
062521413,45,130,59,315,23,7,3,8,590
062521414,20,84,20,174,26,2,0,1,327
062521415,40,58,21,137,9,0,0,1,266
062521416,18,73,40,135,16,1,1,10,294
062521417,37,75,66,107,4,1,0,2,292
062521418,22,65,44,135,16,1,0,1,284
062521419,29,132,34,193,13,3,0,8,412
062521501,0,1,2,0,1,0,0,0,4
062521502,0,1,0,1,0,0,0,0,2
062521503,35,36,204,60,9,2,0,5,351
062521504,22,132,66,181,24,0,0,1,426
062521505,7,117,61,157,14,2,0,4,362
062521506,28,123,19,199,11,0,2,10,392
062521507,27,179,17,152,11,0,2,6,394
062521508,39,101,19,236,15,1,0,8,419
062521509,31,90,107,162,13,1,1,6,411
062521510,16,12,145,16,1,0,1,3,194
062521511,64,72,44,181,10,1,2,6,380
062521512,25,156,68,226,9,1,0,7,492
062521513,32,39,106,64,6,0,0,1,248
062521514,194,227,0,0,0,0,0,0,421
062521515,363,214,0,0,0,0,0,2,579
062521601,5,7,11,135,13,1,2,1,175
062660101,3,2,0,2,1,0,0,0,8
062660102,2,3,4,59,1,0,1,0,70
062660103,0,3,3,24,1,0,0,0,31
062660104,0,12,5,43,2,0,0,0,62
062660201,3,2,0,10,0,0,0,0,15
062660202,0,3,11,23,1,0,0,0,38
062660203,0,1,2,21,1,0,1,0,26
062660204,7,3,6,257,35,0,1,0,309
062660205,4,10,11,93,4,0,3,0,125
062660301,9,23,34,227,10,1,0,0,304
062660302,24,37,43,172,8,1,0,0,285
062660303,26,24,34,183,6,0,0,1,274
062660304,9,25,50,99,16,0,0,3,202
062660305,4,2,8,97,3,0,0,0,114
062660306,21,26,34,84,1,0,0,0,166
062660307,30,36,32,86,2,0,0,0,186
062660308,26,24,18,77,11,2,0,1,159
062660309,40,21,18,111,6,0,0,1,197
062660310,21,32,38,166,20,0,1,1,279
062660311,31,14,17,194,9,1,0,5,271
062660312,8,0,1,17,0,0,0,0,26
062660401,3,5,3,38,4,0,0,0,53
062660402,0,0,0,5,0,0,0,0,5
062660403,3,13,9,61,2,1,1,0,90
062660501,12,16,54,295,28,4,0,3,412
062660502,10,22,20,121,3,0,0,1,177
062660503,8,9,38,79,3,2,0,0,139
062660504,4,10,23,28,1,0,1,1,68
062660505,4,2,25,18,1,0,3,1,54
062660506,10,2,15,41,2,0,4,2,76
062660507,1,2,8,23,3,0,2,0,39
062660508,8,12,39,149,12,0,3,0,223
062660509,0,8,35,29,1,0,1,1,75
062660601,8,12,11,97,11,0,2,1,142
062660602,15,18,102,81,2,1,3,1,223
062660603,3,7,30,68,2,0,2,1,113
062660604,3,6,29,33,5,0,1,0,77
062660605,3,14,46,38,2,1,1,0,105
062660606,2,5,41,7,2,0,1,3,61
062660607,4,3,48,10,0,0,0,0,65
062660608,10,4,53,28,1,0,2,4,102
062660609,11,11,34,124,11,0,3,2,196
062660610,4,24,50,70,1,1,1,0,151
062660611,8,5,54,42,3,0,2,0,114
062660612,6,9,27,61,3,0,8,1,115
062660701,16,36,17,162,13,0,1,0,245
062660702,17,21,64,159,16,1,5,0,283
062660703,25,25,32,311,21,9,3,3,429
062660704,3,18,8,74,4,0,0,0,107
062660705,39,34,39,294,41,5,3,3,458
062660706,5,6,13,47,5,0,1,3,80
062660707,18,38,55,129,16,0,0,1,257
062660708,57,38,30,192,17,0,1,5,340
062660709,14,52,50,255,27,1,1,3,403
062660710,14,9,20,188,84,1,0,2,318
062660711,7,5,17,122,8,0,0,0,159
062770101,0,0,0,4,0,0,0,0,4
062770102,0,13,3,102,1,0,0,1,120
062770103,1,6,1,104,1,0,0,0,113
062770104,0,2,0,20,0,0,0,0,22
062770105,0,0,0,7,0,0,0,0,7
062770106,0,2,0,39,4,0,0,0,45
062770107,6,11,5,235,3,0,0,0,260
062770108,2,4,5,215,2,0,0,0,228
062770109,8,2,1,200,2,0,0,0,213
062770110,9,17,2,205,9,1,0,0,243
062770111,17,43,12,350,5,1,0,1,429
062770112,10,30,15,156,8,0,0,0,219
062770113,9,25,13,212,0,0,0,0,259
062770114,5,15,6,197,6,0,0,0,229
062770115,4,18,11,269,1,0,0,0,303
062770116,0,1,1,18,0,0,0,0,20
062770201,1,2,1,26,1,0,0,0,31
062770202,0,1,6,90,2,0,0,0,99
062770203,0,0,0,28,1,0,0,0,29
062770204,2,1,1,64,0,0,0,0,68
062770205,0,1,0,10,0,0,0,0,11
062770206,1,1,2,26,3,0,0,1,34
062800101,16,28,12,78,40,2,0,4,180
062800102,30,22,33,60,31,0,0,1,177
062800103,20,29,34,81,17,1,1,1,184
062800104,23,33,49,83,38,3,1,0,230
062800105,20,13,10,63,30,0,5,4,145
062800106,19,11,14,72,17,3,0,1,137
062800107,15,5,10,215,6,1,0,2,254
062800108,30,12,11,84,21,3,0,1,162
062800109,21,5,10,74,8,2,0,9,129
062800110,18,22,18,84,25,2,0,2,171
062800201,28,41,73,78,75,0,0,7,302
062800202,35,29,68,66,31,0,0,2,231
062800203,33,23,72,41,5,0,0,3,177
062800204,19,26,48,56,90,1,0,1,241
062800205,38,35,123,107,34,1,0,4,342
062800206,22,27,115,58,21,0,0,1,244
062800207,50,46,115,65,14,0,0,0,290
062800208,47,40,54,23,5,0,0,0,169
062800301,10,6,25,8,2,0,0,5,56
062800302,21,20,6,3,0,0,0,0,50
062800303,12,25,14,9,1,0,0,1,62
062800304,18,22,11,4,0,0,0,1,56
062800305,22,21,35,3,2,0,0,0,83
062800306,12,16,16,4,0,0,1,1,50
062800307,35,41,9,5,0,0,0,0,90
062800308,15,24,5,1,0,0,0,3,48
062800309,15,29,2,0,0,0,0,0,46
062800310,17,29,5,0,1,0,0,0,52
062800311,19,18,0,0,0,0,0,0,37
062800312,15,12,0,1,0,0,0,0,28
062800313,4,23,1,1,0,0,0,0,29
062800401,19,22,171,30,7,1,0,0,250
062800402,2,6,45,2,1,0,0,0,56
062800403,7,12,15,1,0,0,0,0,35
062800404,2,11,0,0,0,0,0,0,13
062800405,11,9,22,3,0,0,0,0,45
062800406,11,15,67,9,0,0,0,1,103
062800407,4,4,37,19,3,1,0,1,69
062800408,9,15,26,36,10,0,0,0,96
062800409,17,12,37,50,11,0,0,0,127
062800410,5,12,44,34,4,0,0,0,99
062800501,0,0,0,6,1,0,0,0,7
062800502,0,0,2,10,1,0,0,0,13
062800503,1,0,2,1,3,0,0,0,7
062800504,0,0,0,1,1,0,0,1,3
062800505,0,0,1,6,2,0,0,0,9
062800506,0,1,1,6,4,0,0,0,12
062800507,0,0,2,6,0,0,0,0,8
062800508,3,0,3,13,0,0,0,0,19
062800509,0,0,1,4,2,0,0,0,7
062800601,0,0,2,3,0,0,0,0,5
062800602,0,1,0,5,1,0,0,0,7
062800603,4,1,16,8,4,0,0,0,33
062800604,1,4,14,5,0,0,0,0,24
062800605,1,3,6,2,0,0,0,0,12
062800606,6,19,104,50,14,2,0,0,195
062800607,9,9,19,28,2,0,0,1,68
062800608,23,13,23,35,20,1,0,1,116
062800609,0,1,11,28,1,0,0,0,41
062800610,24,22,19,45,14,0,0,4,128
062800611,8,10,20,25,8,1,0,1,73
062800612,0,7,9,16,6,1,0,0,39
062800613,3,2,7,10,4,0,0,0,26
062800614,1,3,20,6,3,0,0,0,33
062800615,2,3,10,18,9,1,0,1,44
062800616,4,1,23,4,2,0,0,0,34
062800617,3,0,15,6,1,0,0,1,26
062800701,1,0,2,4,3,0,0,0,10
062800702,0,0,4,5,0,0,0,0,9
062800703,1,0,4,13,3,0,0,0,21
062800704,3,3,11,31,5,1,0,0,54
062800705,0,0,3,10,4,0,0,1,18
062800706,4,0,1,9,1,0,0,0,15
062800707,0,0,2,6,2,0,0,0,10
062800708,1,0,6,13,2,1,0,0,23
062800709,1,1,1,11,5,0,0,0,19
062800710,0,0,0,9,0,0,0,1,10
062800711,2,2,1,5,0,0,0,1,11
062800801,21,0,12,61,2,0,0,1,97
062800802,0,0,0,3,1,0,0,0,4
062800803,0,0,1,3,1,0,0,0,5
062800804,0,0,1,4,0,0,0,0,5
062800805,0,0,1,2,0,0,0,0,3
062800806,0,0,1,5,1,0,0,0,7
062800807,2,0,1,10,0,0,0,0,13
062800808,1,1,0,0,4,0,0,0,6
062800809,0,0,4,12,1,0,0,0,17
062800810,0,0,2,7,0,0,0,0,9
062800811,0,0,1,7,0,0,0,0,8
062800812,0,1,5,9,0,0,0,0,15
062800813,0,0,2,6,3,0,0,0,11
062800814,0,1,2,2,1,1,0,0,7
062800815,0,0,2,9,3,0,0,0,14
062800816,3,0,4,30,1,0,0,0,38
062800817,0,0,1,5,4,0,0,0,10
062800818,0,0,0,4,0,0,0,0,4
062800819,13,11,72,104,16,0,0,0,216
062800820,2,3,4,84,4,0,0,2,99
062800901,0,4,13,12,6,1,0,0,36
062800902,0,3,3,6,0,0,0,0,12
062800903,1,0,1,1,2,0,0,0,5
062800904,0,1,2,8,0,0,0,0,11
062800905,1,0,1,6,9,0,0,0,17
062800906,0,1,9,12,0,0,0,0,22
062800907,1,0,0,4,1,0,0,0,6
062800908,0,0,0,11,0,0,0,0,11
062800909,1,12,10,7,10,0,0,1,41
062800910,1,0,6,0,3,0,0,0,10
062800911,2,4,4,0,0,0,0,1,11
062800912,2,4,7,36,8,0,0,0,57
062801001,12,13,136,29,10,0,0,0,200
062801002,14,19,133,25,6,0,0,0,197
062801003,13,7,49,10,0,0,0,0,79
062801004,16,24,71,6,1,0,0,0,118
062801005,31,37,20,4,1,0,0,2,95
062801006,6,20,2,2,0,0,0,0,30
062801007,18,28,15,1,0,0,0,2,64
062801008,15,32,62,12,4,0,0,0,125
062801101,19,44,50,96,28,0,0,1,238
062801102,22,31,119,103,20,1,1,2,299
062801103,40,48,121,113,39,1,0,1,363
062801104,10,24,61,36,9,2,0,0,142
062801105,17,19,80,45,13,0,0,0,174
062801106,31,25,61,48,10,0,0,1,176
062801107,30,28,61,22,12,0,0,0,153
062801108,11,27,73,33,23,0,1,2,170
062801109,20,19,75,71,26,1,0,2,214
062801110,20,18,30,39,23,2,1,1,134
062801111,17,22,16,65,25,3,1,4,153
062801112,14,15,29,45,32,1,0,1,137
062801201,3,0,3,27,6,0,0,0,39
062801202,0,0,0,28,2,0,0,0,30
062801203,0,1,0,2,0,0,0,0,3
062801204,5,1,4,17,2,0,0,0,29
062801205,53,19,63,257,44,1,0,1,438
062801206,31,15,67,197,23,0,0,3,336
062801207,74,16,100,174,25,1,1,1,392
062801208,56,14,41,300,43,1,0,3,458
062801209,24,9,19,105,34,1,0,0,192
062801210,51,12,16,98,16,0,0,0,193
062870101,0,3,8,76,2,0,0,2,91
062870201,1,2,3,48,0,0,0,3,57
062870301,0,0,0,6,3,0,0,0,9
062870302,0,0,1,10,3,0,0,0,14
062870401,0,0,1,58,7,0,0,0,66
062870402,1,1,0,7,0,0,0,0,9
062870403,1,1,12,74,2,1,0,0,91
062870404,2,3,1,170,2,0,0,0,178
062870405,11,9,41,204,25,0,1,0,291
062870406,6,18,12,160,3,0,0,0,199
062870407,7,14,38,188,1,0,0,0,248
062870408,1,3,46,149,3,1,0,2,205
062870409,3,1,3,108,3,0,0,6,124
062870410,17,8,3,98,2,3,0,1,132
062870411,16,21,25,202,6,0,0,1,271
062870412,7,20,25,136,2,0,0,0,190
062870413,9,46,11,274,6,3,0,1,350
062870414,7,17,14,160,18,1,0,6,223
062870415,5,2,109,157,6,0,0,0,279
062870416,1,0,0,27,0,0,0,0,28
062870417,0,0,0,7,0,0,0,0,7
062870501,0,0,3,21,3,0,0,0,27
062870502,3,7,0,41,9,0,0,0,60
062870601,2,3,2,56,3,0,0,0,66
062870701,0,1,1,41,1,0,0,1,45
062870702,2,1,1,41,3,0,0,0,48
062940101,0,6,0,3,0,0,0,0,9
062940102,0,2,0,0,0,0,0,0,2
062940103,0,0,0,0,0,0,0,0,0
062940201,0,2,0,4,0,0,0,0,6
062940202,4,19,1,74,0,0,0,0,98
062940203,86,78,37,176,5,0,1,0,383
062940204,75,158,29,71,3,0,0,0,336
062940205,0,9,5,6,0,0,0,0,20
062940206,2,4,0,2,0,0,0,0,8
062940207,1,4,0,3,0,0,0,0,8
062940208,0,1,0,0,0,0,0,0,1
062940209,5,1,0,5,0,0,0,0,11
062940210,0,0,0,10,0,0,0,0,10
062940211,11,15,4,66,0,0,0,0,96
062940301,0,1,1,8,0,0,0,0,10
062940302,0,0,0,4,1,0,0,0,5
062940303,0,2,0,5,0,0,0,0,7
062940401,8,27,53,144,0,0,0,1,233
062940402,16,76,31,205,1,2,0,0,331
062940403,28,109,25,221,4,1,0,1,389
062940404,9,49,7,89,7,0,0,1,162
062940405,0,3,0,33,1,0,0,1,38
062940406,3,7,1,41,0,0,0,0,52
062940407,0,1,0,8,0,0,0,0,9
062940408,9,71,10,200,15,0,0,0,305
062940501,1,1,0,25,0,0,0,0,27
062940502,0,3,0,2,0,0,0,0,5
062940503,1,3,0,1,0,0,0,0,5
062940504,0,3,0,1,0,0,0,0,4
062940505,0,3,0,10,0,0,0,0,13
062940506,2,6,0,17,1,0,0,0,26
062940601,34,79,17,126,2,2,0,3,263
062940602,11,58,17,59,0,0,0,1,146
062940603,48,74,17,75,1,0,0,1,216
062940604,14,23,2,87,2,1,0,2,131
062940605,1,0,0,3,0,0,0,0,4
062940606,1,6,1,9,0,0,0,0,17
062940607,3,1,1,10,0,0,0,0,15
062940608,4,6,12,46,2,1,0,0,71
062940609,21,39,3,59,1,0,0,0,123
062940610,6,27,1,97,2,0,0,0,133
062940701,0,1,1,5,0,0,0,0,7
062940702,1,6,1,4,0,0,0,0,12
062940703,0,5,0,1,0,0,0,1,7
062940704,0,4,1,3,0,0,0,0,8
062940705,0,0,0,8,1,0,0,0,9
062940706,0,0,0,0,0,0,0,0,0
062940801,0,4,17,43,0,0,0,0,64
062940802,35,84,15,69,3,0,0,0,206
062940803,47,65,14,68,5,0,0,0,199
062940804,54,44,11,16,1,0,0,0,126
062940805,35,69,15,23,0,0,0,1,143
062940806,34,83,6,38,0,1,0,0,162
062940807,18,26,16,156,1,1,0,0,218
062940808,63,96,13,75,1,0,0,0,248
062940809,6,17,1,31,1,0,0,0,56
062940810,4,13,0,86,4,0,0,1,108
062940811,1,2,0,0,0,0,0,0,3
062940812,0,1,0,2,0,0,0,0,3
062940813,1,0,0,0,0,0,0,0,1
062940814,1,3,0,3,0,0,0,0,7
062940815,0,2,0,10,0,0,0,0,12
063010101,5,0,9,162,15,0,0,4,195
063010201,0,1,7,39,1,0,0,0,48
063010301,2,0,2,40,0,0,0,0,44
063010401,5,1,2,50,2,0,0,0,60
063010501,0,0,0,5,0,0,0,0,5
063010502,0,2,3,48,0,1,0,1,55
063010503,0,0,2,26,0,0,1,0,29
063010504,9,4,3,195,4,2,0,2,219
063010505,3,7,8,195,8,1,0,0,222
063010506,6,1,7,198,5,5,0,0,222
063010507,7,7,13,156,2,0,2,0,187
063010508,18,8,24,189,7,0,0,0,246
063010509,5,3,47,202,2,0,0,0,259
063010510,5,4,18,207,6,0,0,2,242
063010511,38,8,18,215,8,0,0,0,287
063010512,24,10,32,258,9,0,0,4,337
063010513,11,0,46,327,15,0,0,2,401
063010514,4,4,2,176,2,0,0,0,188
063010601,0,0,4,71,3,0,0,0,78
063010701,1,0,13,62,2,0,0,0,78
063010801,1,2,6,82,0,0,0,0,91
063010802,1,1,3,33,2,0,1,0,41
063010803,0,8,4,41,3,0,0,1,57
063010804,0,6,10,38,1,0,0,0,55
063010805,11,8,12,147,11,1,1,0,191
063010806,9,16,25,212,14,0,0,0,276
063010807,10,11,14,78,4,0,0,0,117
063010808,9,24,23,222,3,0,0,0,281
063010809,18,18,25,183,2,1,0,1,248
063010810,12,2,13,111,6,0,1,1,146
063010811,8,9,25,236,1,0,0,1,280
063010812,11,13,52,272,10,0,0,0,358
063010813,9,6,11,203,5,0,0,0,234
063010814,11,2,2,198,7,0,1,1,222
063010815,1,0,1,4,1,0,0,2,9
063080101,0,0,2,17,0,0,0,0,19
063080201,0,0,1,15,0,0,0,0,16
063080301,0,1,4,21,1,0,0,0,27
063080401,0,0,3,21,0,0,0,0,24
063080501,0,0,47,54,0,0,0,0,101
063080502,0,2,20,57,5,0,0,1,85
063080601,9,1,15,101,3,1,0,1,131
063080602,7,0,26,108,2,0,0,0,143
063080603,2,0,2,25,1,0,0,1,31
063080604,0,0,1,3,0,0,0,0,4
063080701,0,0,0,27,1,0,0,0,28
063080801,0,0,2,10,0,0,0,0,12
063080901,1,0,0,34,0,0,0,0,35
063081001,3,0,3,31,2,0,0,0,39
063081002,34,3,34,186,23,1,0,2,283
063081003,0,0,1,26,0,0,0,0,27
063150101,18,13,47,133,23,0,0,0,234
063150102,35,23,87,212,25,4,0,0,386
063150103,11,11,20,123,13,1,1,0,180
063150104,45,56,66,125,22,0,0,1,315
063150105,38,44,73,156,9,1,0,0,321
063150106,36,28,81,146,17,1,0,2,311
063150107,15,13,35,122,15,0,0,0,200
063150108,23,8,27,125,33,9,2,0,227
063150109,44,38,139,142,4,1,0,0,368
063150110,31,25,118,175,26,0,1,0,376
063150111,40,43,124,206,38,1,0,1,453
063150112,14,39,80,145,20,4,1,1,304
063150113,31,21,54,193,33,0,0,1,333
063150114,12,26,149,156,18,9,0,2,372
063150115,7,2,23,218,10,0,0,1,261
063150116,14,5,14,139,24,3,0,0,199
063150117,12,0,4,106,58,12,2,0,194
063150118,25,11,96,140,15,2,0,0,289
063150201,0,1,7,41,5,1,0,1,56
063150301,10,14,31,172,29,3,1,1,261
063150302,11,8,6,68,11,1,0,0,105
063150303,13,10,12,90,17,1,0,0,143
063150401,3,0,3,75,3,0,0,0,84
063150501,3,1,6,56,11,0,0,1,78
063150502,3,10,4,75,6,4,0,20,122
063150601,6,2,7,96,7,2,0,2,122
063150701,2,1,2,28,5,0,0,0,38
063220101,0,0,0,2,0,0,0,0,2
063220102,0,0,0,3,0,0,0,0,3
063220103,0,0,0,11,0,0,0,0,11
063220201,0,0,0,16,0,0,0,0,16
063220202,0,0,0,5,1,0,0,0,6
063220203,2,0,0,2,0,0,0,0,4
063220204,0,0,1,6,0,0,0,0,7
063220301,4,3,3,87,0,0,0,0,97
063220302,0,2,1,16,0,0,0,0,19
063220303,0,0,1,3,0,0,0,0,4
063220304,0,0,0,16,1,0,0,1,18
063220305,0,0,0,13,0,0,0,0,13
063220306,0,1,1,6,1,0,0,2,11
063220307,2,3,9,108,3,0,0,0,125
063220401,0,0,0,6,0,0,0,0,6
063220402,0,0,0,6,0,0,0,0,6
063220403,0,1,0,8,1,0,0,0,10
063220404,0,0,0,5,1,0,0,0,6
063220405,0,0,0,5,0,0,0,0,5
063220501,0,0,1,9,0,0,0,0,10
063220502,0,0,0,9,1,0,0,0,10
063220503,0,0,1,7,1,0,0,0,9
063220504,0,0,0,3,1,0,0,0,4
063220505,1,0,1,8,1,0,0,0,11
063220601,6,8,71,241,61,0,1,0,388
063220602,10,30,66,152,13,0,0,1,272
063220603,8,14,20,136,11,2,0,0,191
063220604,4,9,58,113,11,0,0,2,197
063220605,9,15,37,142,8,0,0,1,212
063220606,5,13,20,85,15,0,0,2,140
063220607,4,10,21,122,37,0,0,0,194
063220608,0,0,0,26,2,0,0,0,28
063220609,0,1,0,4,0,0,0,0,5
063220610,0,0,0,1,0,0,0,0,1
063220611,1,1,2,37,11,0,1,0,53
063220612,1,1,0,240,2,0,0,0,244
063220613,1,2,54,62,22,0,0,1,142
063220614,0,0,142,27,8,0,0,0,177
063220615,4,10,22,89,21,0,0,0,146
063220616,5,4,16,128,34,0,0,1,188
063220617,1,1,125,120,7,0,0,1,255
063220701,2,0,3,60,3,0,0,0,68
063220702,1,0,0,11,4,0,0,0,16
063220703,0,0,4,11,1,1,0,0,17
063220704,0,0,0,6,0,0,0,0,6
063220705,0,0,0,9,1,0,0,0,10
063220801,0,0,0,6,2,0,0,0,8
063220802,1,0,0,6,1,0,0,0,8
063220803,0,2,0,14,0,0,0,0,16
063220901,0,0,4,11,2,0,0,0,17
063220902,0,0,0,9,1,0,0,0,10
063220903,0,0,0,5,0,0,0,0,5
063221001,7,4,4,92,5,0,0,0,112
063221002,2,2,0,21,0,0,0,0,25
063221003,0,0,0,9,0,0,0,0,9
063221004,1,0,1,18,4,0,0,0,24
063221005,0,0,1,20,1,0,0,0,22
063221006,0,0,0,9,0,0,0,0,9
063221007,0,1,4,39,0,0,0,0,44
063221008,0,1,0,15,0,0,0,0,16
063221101,0,1,0,8,1,0,0,1,11
063221102,1,0,0,10,0,0,0,1,12
063221103,0,0,0,9,1,0,0,0,10
063221201,1,0,1,6,2,0,0,0,10
063221202,0,0,1,3,0,0,0,0,4
063221203,0,0,0,7,0,0,0,0,7
063221301,0,0,1,5,0,0,0,0,6
063221302,1,0,0,7,1,0,0,0,9
063221303,1,0,1,10,0,0,0,0,12
063221304,0,1,0,6,1,0,0,0,8
063290101,1,0,1,13,0,0,0,0,15
063290102,1,3,0,31,1,0,0,0,36
063290103,2,0,1,21,0,0,0,0,24
063290104,1,2,1,18,1,0,0,0,23
063290201,7,8,0,43,2,0,0,0,60
063290202,1,1,3,13,0,0,0,0,18
063290203,0,1,2,22,5,0,0,0,30
063290301,9,2,1,19,2,0,0,0,33
063290302,1,8,4,26,5,0,0,0,44
063290303,3,4,5,47,4,1,0,0,64
063290304,25,45,43,124,8,0,1,1,247
063290305,19,37,30,189,19,1,1,8,304
063290306,11,42,21,135,6,0,1,1,217
063290307,9,18,15,98,13,0,0,0,153
063290308,20,47,34,204,11,1,1,0,318
063290309,32,55,33,114,16,0,0,1,251
063290310,31,61,39,158,14,0,0,4,307
063290311,33,51,71,162,11,0,0,0,328
063290312,32,80,50,161,7,0,0,2,332
063290313,16,42,28,99,4,0,0,1,190
063290314,6,33,63,82,8,0,0,0,192
063290315,21,42,78,145,5,0,2,1,294
063290316,11,27,61,147,15,1,1,1,264
063290317,4,8,107,25,3,0,0,0,147
063290401,2,5,4,21,0,0,0,0,32
063290402,3,12,4,49,4,0,0,0,72
063290403,4,7,7,60,1,1,0,0,80
063290501,1,16,5,70,3,0,0,0,95
063290502,0,3,4,87,6,0,1,0,101
063290503,0,3,4,29,0,0,0,0,36
063290504,0,0,0,24,1,0,0,0,25
063290505,5,16,6,77,7,1,0,0,112
063290506,6,10,11,119,8,0,1,1,156
063290601,1,0,3,19,2,0,0,0,25
063290602,1,0,0,13,2,0,0,0,16
063360101,0,2,2,25,4,1,0,1,35
063360201,3,2,68,93,8,1,0,0,175
063360202,3,8,68,62,7,1,0,0,149
063360203,0,1,45,41,2,0,0,0,89
063360204,0,1,2,10,0,1,0,0,14
063360205,3,4,54,58,5,2,0,0,126
063360301,0,1,1,21,3,0,0,1,27
063360401,0,2,3,10,1,0,0,0,16
063360501,12,25,10,49,13,5,0,2,116
063360601,2,0,1,15,1,0,0,0,19
063360701,3,3,10,41,5,0,0,0,62
063360801,1,0,0,32,12,0,0,0,45
063360901,0,0,6,24,3,0,0,0,33
063361001,6,30,10,47,19,8,1,2,123
063361002,10,25,13,70,24,2,1,2,147
063430101,17,7,3,201,6,0,0,0,234
063430102,0,1,7,18,2,0,0,0,28
063430103,0,0,2,62,1,1,0,0,66
063430104,0,0,1,20,0,0,0,0,21
063430105,1,0,3,20,1,0,0,0,25
063430201,3,3,2,34,2,0,0,0,44
063430301,1,1,1,26,1,0,0,0,30
063430302,0,0,2,14,0,0,0,0,16
063430303,1,0,2,16,0,0,0,0,19
063430401,2,1,2,20,2,0,0,0,27
063430402,2,1,0,26,0,1,0,0,30
063430501,3,0,0,13,0,0,0,0,16
063430502,0,0,0,20,0,0,0,0,20
063430503,1,2,2,27,0,0,0,0,32
063430601,8,6,16,147,4,0,1,1,183
063430602,3,6,1,79,8,0,0,0,97
063430603,1,1,1,21,1,0,0,0,25
063430604,0,0,0,10,1,0,0,0,11
063430605,1,0,0,14,1,0,1,0,17
063430606,0,0,0,4,0,0,0,0,4
063430701,2,0,1,92,4,2,0,0,101
063430702,4,5,4,164,2,0,0,0,179
063430703,19,15,28,203,9,1,1,1,277
063430704,15,6,6,106,3,0,0,0,136
063430705,9,1,80,144,1,0,1,0,236
063430706,50,15,12,179,7,0,0,0,263
063430707,22,11,10,200,8,1,0,1,253
063430708,15,3,8,132,5,0,0,1,164
063430709,63,28,17,193,7,0,0,1,309
063430710,40,23,32,233,10,0,0,2,340
063430711,16,1,3,185,10,0,0,0,215
063430712,11,2,4,155,10,0,0,0,182
063430713,9,2,13,110,8,2,1,3,148
063430801,0,0,0,16,0,0,0,0,16
063430802,0,0,1,17,0,0,0,0,18
063510101,0,4,1,7,0,0,0,0,12
063510102,4,37,35,58,1,0,0,0,135
063510103,2,45,26,66,1,0,0,0,140
063510104,0,2,0,9,0,0,0,0,11
063510201,1,4,3,41,1,0,0,0,50
063510202,2,0,3,8,8,1,0,0,22
063510301,0,0,0,18,0,0,0,0,18
063510302,0,0,0,5,2,0,0,0,7
063510303,0,0,0,4,0,0,0,0,4
063510304,2,1,0,10,0,0,0,0,13
063510401,3,31,3,157,9,0,2,0,205
063510402,0,1,0,12,0,0,0,0,13
063510403,1,1,1,12,3,0,0,0,18
063510404,0,2,0,15,0,0,0,0,17
063510405,0,2,0,12,1,0,0,0,15
063510406,19,54,24,178,15,0,0,0,290
063510501,0,0,0,15,0,0,0,0,15
063510502,0,0,0,6,0,0,0,0,6
063510601,1,9,0,146,0,1,0,0,157
063510602,1,8,21,70,0,1,0,0,101
063510603,4,22,35,242,7,1,0,1,312
063510604,11,26,16,316,0,1,0,1,371
063510605,6,0,2,242,1,1,0,1,253
063510606,5,28,12,305,4,1,0,2,357
063510607,12,32,49,238,8,1,0,0,340
063510608,7,2,1,86,1,0,0,0,97
063510609,0,0,0,2,0,0,0,0,2
063510610,0,0,0,4,0,0,0,0,4
063510611,0,0,0,9,0,0,0,0,9
063510612,1,0,0,3,0,0,0,0,4
063510613,0,0,0,14,1,0,0,0,15
063510614,0,0,0,10,1,0,0,0,11
063510615,0,0,0,269,5,1,0,0,275
063510701,1,0,2,13,0,0,0,0,16
063510702,0,0,0,13,0,0,0,0,13
063510703,0,0,1,6,1,0,0,1,9
063510801,1,0,0,20,0,0,0,0,21
063510802,0,0,2,7,0,0,0,2,11
063510803,0,0,0,26,0,0,0,0,26
063510901,9,35,31,335,1,0,0,1,412
063510902,0,0,0,8,0,0,0,0,8
063510903,0,4,0,35,5,1,0,0,45
063511001,0,1,0,6,0,0,0,0,7
063511002,0,0,0,9,0,0,0,0,9
063511003,0,0,0,12,0,0,0,0,12
063570101,26,55,90,72,13,3,0,1,260
063570102,19,59,131,94,22,1,0,0,326
063570103,49,58,115,116,16,2,1,2,359
063570104,29,44,221,67,10,3,0,1,375
063570105,11,45,233,46,7,0,0,2,344
063570106,42,67,83,43,9,0,0,3,247
063570107,98,145,8,0,2,0,0,2,255
063570108,5,23,258,50,3,0,0,2,341
063570109,16,15,168,49,6,0,0,1,255
063570201,15,43,135,84,9,0,0,1,287
063570202,10,17,133,89,5,0,0,4,258
063570203,5,15,205,32,10,0,0,0,267
063570204,17,25,241,52,6,2,0,0,343
063570205,5,14,226,20,4,0,0,1,270
063570206,6,14,223,32,1,0,0,0,276
063570207,6,12,170,21,3,0,0,1,213
063570208,5,12,151,19,3,1,0,0,191
063570209,18,18,211,32,2,0,0,0,281
063570210,10,21,188,20,5,0,0,0,244
063570301,6,32,75,32,1,0,0,1,147
063570302,10,38,82,39,2,0,0,0,171
063570303,7,25,76,19,2,0,0,0,129
063570304,14,31,100,54,6,3,0,1,209
063570305,19,32,138,30,4,0,1,3,227
063570306,58,24,212,29,4,0,0,0,327
063570307,100,146,29,6,1,0,0,0,282
063570308,14,24,281,21,1,0,0,2,343
063570309,11,15,276,56,4,0,0,1,363
063570310,12,9,230,36,2,0,0,1,290
063570311,10,25,286,31,2,0,0,1,355
063570401,12,23,173,19,3,0,0,1,231
063570402,10,52,98,10,1,0,0,0,171
063570403,23,29,90,17,2,0,0,0,161
063570404,4,16,131,8,1,0,0,0,160
063570405,7,12,126,8,0,1,0,0,154
063570406,11,20,145,8,2,0,1,0,187
063570407,13,47,189,13,3,0,0,1,266
063570408,8,14,257,18,4,0,0,3,304
063570409,3,11,205,9,0,0,0,0,228
063570410,14,37,141,17,1,0,0,13,223
063570501,17,17,300,32,3,1,0,0,370
063570502,10,28,267,27,5,1,0,2,340
063570503,5,7,229,9,0,0,0,1,251
063570504,13,32,186,10,2,0,0,1,244
063570505,8,8,164,11,0,0,0,0,191
063570506,13,24,185,11,4,0,0,0,237
063570507,6,11,155,10,1,0,0,0,183
063570508,1,11,173,6,1,0,0,4,196
063570509,5,23,288,17,5,0,0,0,338
063570510,11,6,270,16,3,0,0,0,306
063570511,4,59,96,12,0,0,0,0,171
063570512,33,24,127,6,1,0,0,0,191
063570513,8,16,113,7,1,0,0,2,147
063570514,4,19,86,1,0,0,0,6,116
063570601,44,41,119,86,16,0,0,1,307
063570602,22,61,111,54,11,0,0,2,261
063570603,24,39,124,48,12,0,0,0,247
063570604,39,86,165,70,19,0,0,2,381
063570605,28,45,96,70,20,0,0,1,260
063570606,63,43,95,22,11,0,0,2,236
063570607,130,120,46,28,9,0,0,0,333
063570608,24,55,217,31,13,0,0,0,340
063570609,16,66,241,42,6,2,0,0,373
063570610,26,56,174,40,14,0,0,3,313
063570611,10,18,209,34,18,0,0,1,290
063570701,101,25,108,45,8,0,0,0,287
063570702,14,65,181,73,3,9,0,1,346
063570703,9,20,182,45,2,0,0,3,261
063570704,10,28,205,57,4,1,0,2,307
063570705,23,29,226,92,7,1,0,1,379
063570706,17,55,164,85,18,3,0,1,343
063570707,16,63,126,64,13,0,0,0,282
063570708,21,59,99,75,12,0,1,1,268
063570709,54,79,154,117,16,1,1,2,424
063570710,38,77,91,71,29,0,0,2,308
063570711,32,44,66,86,10,3,0,0,241
063570801,56,78,66,130,29,2,3,6,370
063570802,34,55,89,89,12,1,0,1,281
063570803,23,53,73,44,8,0,0,3,204
063570804,17,10,204,13,5,0,0,0,249
063570805,28,87,96,91,16,0,0,2,320
063570806,39,41,84,94,7,0,1,0,266
063570807,35,57,146,71,11,0,0,0,320
063570808,26,47,117,59,11,0,0,2,262
063570809,45,63,124,96,21,0,0,1,350
063570810,103,72,106,71,17,0,0,1,370
063570811,49,78,153,81,10,0,0,0,371
063570812,45,67,110,117,16,0,0,1,356
063570813,19,40,102,45,7,0,0,0,213
063570814,25,29,58,32,6,0,0,0,150
063570901,67,76,154,105,17,2,0,5,426
063570902,71,103,60,70,7,0,6,1,318
063570903,37,82,67,68,23,2,1,4,284
063570904,49,65,100,105,22,1,1,6,349
063570905,44,105,82,92,16,2,1,6,348
063570906,62,107,62,120,20,1,0,4,376
063570907,82,94,54,78,19,0,0,0,327
063570908,40,108,34,108,20,7,1,1,319
063570909,38,67,49,115,32,0,1,2,304
063570910,48,89,154,69,12,3,0,4,379
063570911,48,127,104,75,9,1,0,3,367
063570912,59,103,146,95,14,2,0,3,422
063570913,47,62,106,70,18,0,0,5,308
063571001,13,22,132,51,8,0,0,2,228
063571002,31,56,124,2,1,0,0,0,214
063571003,16,63,295,7,1,0,0,0,382
063571004,25,49,155,61,6,1,0,1,298
063571005,76,54,116,61,11,5,14,0,337
063571006,37,85,207,46,12,0,0,7,394
063571007,77,64,33,83,12,3,3,11,286
063571008,79,84,68,150,22,2,1,0,406
063571009,44,54,37,93,10,4,1,0,243
063571010,27,40,69,69,19,0,0,1,225
063571011,29,110,86,81,22,1,1,0,330
063571012,35,93,70,75,25,1,0,3,302
063571013,31,49,46,74,11,3,2,1,217
063571014,19,87,65,75,15,0,0,5,266
063571015,31,77,62,48,12,1,3,1,235
063571101,17,28,79,45,42,0,0,2,213
063571102,94,68,50,103,19,2,0,0,336
063571103,28,60,102,46,13,1,0,2,252
063571104,82,100,73,126,17,3,0,3,404
063571105,56,57,88,104,17,4,1,0,327
063571106,75,85,43,115,7,2,3,3,333
063571107,95,67,49,67,25,8,2,1,314
063571108,26,59,79,41,3,1,0,1,210
063571109,70,103,140,89,13,0,0,2,417
063571110,12,49,112,76,12,0,0,8,269
063571111,36,34,154,49,14,1,0,1,289
063571112,43,84,98,86,24,2,2,3,342
063571201,51,68,72,101,28,0,0,2,322
063571202,27,50,60,53,5,1,0,0,196
063571203,34,55,79,108,16,2,1,3,298
063571204,55,51,67,73,23,0,0,5,274
063571205,45,49,155,111,15,2,0,4,381
063571206,10,54,64,67,13,0,0,0,208
063571207,93,48,49,125,8,2,0,2,327
063571208,103,65,41,123,19,20,0,4,375
063571209,73,89,58,98,11,1,4,4,338
063571210,83,70,31,125,17,3,5,4,338
063571211,33,19,15,282,18,0,3,2,372
063571212,51,91,47,86,21,3,0,6,305
063571213,61,72,52,73,19,1,0,1,279
063571214,43,60,191,0,0,0,0,1,295
063571215,27,25,123,200,5,0,0,0,380
063571301,34,29,112,82,19,2,0,3,281
063571302,51,48,106,85,18,0,1,0,309
063571303,24,64,195,90,40,2,0,0,415
063571304,68,102,162,110,28,0,1,1,472
063571305,31,39,89,78,17,1,0,0,255
063571306,48,134,108,95,19,1,4,6,415
063571307,78,118,66,79,16,4,1,2,364
063571308,21,91,136,21,7,0,1,5,282
063571309,2,153,30,0,0,0,0,0,185
063571401,48,54,140,116,17,0,0,0,375
063571402,76,47,93,84,26,0,0,2,328
063571403,45,70,157,134,14,1,0,1,422
063571404,37,50,126,96,15,0,0,2,326
063571405,13,30,86,79,10,0,0,1,219
063571406,92,89,39,72,9,0,0,1,302
063571407,58,45,140,119,16,1,0,4,383
063571408,75,87,100,87,10,0,0,0,359
063571409,50,78,71,102,16,0,0,2,319
063571501,47,55,187,52,10,0,0,0,351
063571502,4,29,132,33,8,0,0,2,208
063571503,14,25,207,24,2,0,0,0,272
063571504,36,58,193,55,8,0,0,2,352
063571505,30,66,196,53,10,1,0,0,356
063571506,28,49,91,51,24,0,0,2,245
063571507,229,395,28,17,2,0,0,30,701
063571508,61,158,103,27,9,1,1,1,361
063571509,47,56,95,82,9,1,0,4,294
063571510,77,72,75,67,10,0,0,2,303
063571511,37,32,37,48,9,0,0,0,163
063571601,25,87,101,47,9,0,0,0,269
063571602,31,57,98,65,12,0,0,1,264
063571603,39,58,94,87,10,0,0,0,288
063571604,63,104,84,61,6,0,0,3,321
063571605,14,136,14,33,2,2,0,0,201
063571606,35,56,71,49,5,0,0,1,217
063571607,25,58,66,28,3,0,0,8,188
063571608,20,58,76,52,11,0,0,1,218
063571609,18,50,45,27,4,0,0,11,155
063571610,73,37,26,26,3,0,0,1,166
063571611,48,48,29,38,5,2,0,0,170
063571612,70,28,33,24,2,0,0,1,158
063571613,46,35,58,53,13,0,0,0,205
063571701,30,42,140,50,4,0,0,0,266
063571702,8,21,68,9,3,0,0,0,109
063571703,16,34,104,25,4,0,0,0,183
063571704,11,26,132,26,4,0,0,0,199
063571705,44,64,143,105,18,2,0,3,379
063571706,23,31,109,28,4,0,0,0,195
063571707,17,27,104,18,6,0,0,0,172
063571708,19,27,153,48,2,0,0,0,249
063571709,2,13,182,25,4,0,0,0,226
063571710,5,11,138,26,5,0,0,0,185
063571801,18,37,198,21,8,0,0,0,282
063571802,13,34,134,9,1,0,0,0,191
063571803,18,44,69,5,4,0,0,0,140
063571804,9,23,171,19,2,0,0,0,224
063571805,27,33,229,27,4,0,0,1,321
063571806,11,17,199,26,1,1,0,0,255
063571807,21,26,179,16,4,0,1,0,247
063571808,25,47,201,29,8,0,0,0,310
063571809,10,45,166,4,9,0,0,0,234
063571810,23,53,123,8,1,0,0,1,209
063571901,51,59,121,43,14,0,0,0,288
063571902,12,62,58,22,11,0,0,1,166
063571903,17,52,63,16,1,0,0,6,155
063571904,27,44,11,0,0,0,0,0,82
063571905,125,24,13,0,0,0,0,0,162
063571906,4,67,41,11,4,0,0,0,127
063571907,74,37,78,37,8,0,0,0,234
063571908,66,80,38,21,2,1,0,1,209
063571909,32,67,11,6,7,0,0,0,123
063571910,53,46,9,0,0,1,0,1,110
063571911,35,105,4,2,0,0,0,0,146
063572001,36,116,14,12,0,0,0,0,178
063572002,98,226,1,2,0,0,0,2,329
063572003,120,29,8,1,0,0,0,16,174
063572004,73,62,2,1,0,0,0,13,151
063572005,22,77,5,0,0,0,0,0,104
063572006,52,54,4,2,0,0,0,0,112
063572007,52,86,11,1,1,0,0,0,151
063572008,6,35,2,1,0,0,0,0,44
063572009,38,36,16,0,0,0,0,2,92
063572101,21,93,33,9,1,0,0,0,157
063572102,73,115,49,34,1,0,0,0,272
063572103,59,78,44,33,0,0,0,0,214
063572104,24,47,29,28,3,0,0,0,131
063572105,113,85,61,43,1,0,0,1,304
063572106,63,105,20,7,1,0,0,0,196
063572107,97,59,22,15,3,0,0,0,196
063572108,105,109,1,1,0,0,0,0,216
063572201,74,117,2,1,0,0,0,0,194
063572202,39,66,2,3,0,0,0,0,110
063572203,65,125,1,1,1,0,0,0,193
063572204,107,50,6,1,0,0,0,1,165
063572205,115,56,9,0,0,0,0,0,180
063572206,100,136,2,3,0,0,0,1,242
063572207,71,117,1,4,0,0,0,0,193
063572208,71,141,2,7,3,0,0,0,224
063572209,153,79,5,1,2,0,0,7,247
063572210,86,86,0,0,0,0,0,1,173
063572211,68,97,1,1,0,0,0,1,168
063572212,96,89,0,0,0,0,0,1,186
063572213,3,121,3,2,0,0,0,7,136
063572214,93,106,3,2,0,0,0,0,204
063572301,72,68,24,0,1,0,0,0,165
063572302,33,133,29,2,1,0,0,1,199
063572303,38,71,0,0,0,0,0,1,110
063572304,45,121,0,0,0,0,0,0,166
063572305,11,82,0,0,0,0,0,0,93
063572306,103,72,1,0,0,0,0,0,176
063572307,22,88,0,0,0,0,0,0,110
063572308,31,26,0,0,0,0,0,1,58
063572401,45,23,0,0,0,0,0,0,68
063572402,31,19,0,0,2,0,0,0,52
063572403,65,89,1,0,0,0,0,1,156
063572404,81,63,0,0,0,0,0,0,144
063572405,51,185,0,0,0,0,0,2,238
063572501,103,144,1,1,0,0,0,0,249
063572502,74,167,0,0,0,0,0,0,241
063572503,53,82,3,0,0,0,0,0,138
063572601,152,91,0,0,0,0,0,0,243
063572602,135,181,0,0,0,0,0,7,323
063572603,102,145,1,0,0,0,0,16,264
063572604,83,191,1,0,0,0,0,1,276
063572701,52,125,0,0,0,0,0,1,178
063572702,77,103,0,1,0,0,0,1,182
063572703,134,105,0,1,0,0,0,0,240
063572704,75,78,0,0,0,0,0,10,163
063572705,107,124,0,0,0,0,0,8,239
063572801,83,158,1,1,1,0,0,2,246
063572802,107,17,0,1,1,0,0,7,133
063572803,76,83,0,0,0,0,0,0,159
063572804,48,76,0,0,0,0,0,9,133
063572805,113,80,8,0,0,0,0,0,201
063572806,56,120,1,0,0,0,0,0,177
063572901,73,76,0,0,0,0,0,0,149
063572902,31,79,0,0,0,0,0,0,110
063572903,67,68,1,0,0,0,0,1,137
063572904,164,34,0,0,0,0,0,8,206
063572905,24,27,0,0,0,0,0,0,51
063572906,152,127,0,1,0,0,0,0,280
063573001,54,118,0,0,0,0,0,0,172
063573002,59,101,1,0,0,0,0,0,161
063573003,22,54,0,1,0,0,0,0,77
063573004,120,59,0,3,0,0,0,0,182
063573005,58,100,1,0,0,0,0,0,159
063573006,41,187,6,11,1,0,0,1,247
063573007,66,61,1,1,0,0,0,1,130
063573008,6,103,1,1,0,0,0,0,111
063573009,81,126,0,6,0,0,0,0,213
063573010,86,73,0,1,0,0,0,0,160
063573011,68,131,0,1,0,0,0,5,205
063573101,120,144,3,2,2,0,0,1,272
063573102,129,54,9,5,12,0,0,4,213
063573103,107,63,2,5,1,0,0,1,179
063573104,30,77,3,0,0,0,0,1,111
063573105,65,127,0,14,0,0,0,2,208
063573106,45,120,10,0,0,0,0,14,189
063573107,226,71,4,0,0,0,0,1,302
063573108,76,144,1,0,0,0,0,32,253
063573109,60,192,2,1,0,0,0,3,258
063573201,122,36,52,21,12,0,0,0,243
063573202,104,42,56,30,9,0,0,19,260
063573203,84,101,31,24,5,0,0,0,245
063573204,87,186,18,19,1,0,0,0,311
063573205,33,95,8,0,3,0,0,0,139
063573206,59,156,0,1,3,0,0,0,219
063573207,101,113,5,7,0,0,0,0,226
063573208,31,76,6,4,0,0,0,0,117
063573209,119,126,2,3,2,0,0,0,252
063573210,67,107,19,6,1,0,0,0,200
063573301,49,110,64,39,7,0,0,1,270
063573302,25,92,124,82,13,1,0,1,338
063573303,18,162,69,47,6,0,0,3,305
063573304,73,108,70,46,8,0,0,1,306
063573305,108,95,42,22,3,0,0,1,271
063573306,64,116,25,20,1,0,0,0,226
063573307,109,138,16,14,0,0,0,0,277
063573308,41,136,35,14,3,0,0,11,240
063573309,46,71,38,17,3,0,0,5,180
063573310,16,52,30,32,7,0,0,0,137
063573311,30,89,36,15,0,0,0,0,170
063573401,51,74,41,10,0,0,0,0,176
063573402,106,48,37,4,2,0,0,0,197
063573403,36,108,7,0,0,0,0,0,151
063573404,205,153,4,0,1,0,0,2,365
063573405,64,52,46,11,3,0,0,0,176
063573406,59,81,14,5,3,0,0,0,162
063573407,50,93,40,4,0,0,0,2,189
063573408,48,43,5,2,0,0,0,0,98
063573501,117,123,0,1,0,0,0,15,256
063573502,157,156,0,0,0,0,0,1,314
063573503,123,28,5,0,0,0,0,0,156
063573504,126,60,2,0,0,0,0,8,196
063573505,93,154,7,4,0,0,0,11,269
063573506,81,106,7,1,0,0,0,22,217
063573507,111,101,17,0,0,0,2,0,231
063573508,95,176,0,1,1,0,0,0,273
063573509,122,117,0,0,0,0,0,0,239
063573510,96,36,0,0,0,0,0,0,132
063573601,131,113,3,0,0,0,0,0,247
063573602,96,164,0,1,0,0,0,0,261
063573603,113,59,1,0,0,0,0,0,173
063573604,60,193,0,0,0,0,0,0,253
063573605,31,24,0,0,0,0,0,2,57
063573701,128,85,0,0,0,0,0,0,213
063573702,122,84,0,0,0,0,0,15,221
063573703,85,117,4,0,0,0,0,0,206
063573704,63,77,3,0,0,0,0,0,143
063573705,114,98,1,0,0,0,0,0,213
063573706,78,90,2,0,0,0,0,0,170
063573707,80,75,4,0,0,0,0,0,159
063573708,26,59,32,1,8,0,0,1,127
063573801,117,113,6,0,0,0,0,2,238
063573802,21,150,7,0,0,0,0,1,179
063573803,113,99,0,0,0,0,0,0,212
063573804,36,75,0,0,0,0,0,0,111
063573901,116,86,4,0,0,0,0,0,206
063573902,24,134,3,0,0,0,0,1,162
063573903,88,76,1,0,0,0,0,3,168
063573904,145,81,1,55,0,0,0,8,290
063573905,49,86,2,1,0,0,0,0,138
063573906,1,88,4,0,0,0,0,0,93
063573907,46,119,37,7,0,0,0,0,209
063573908,5,152,12,4,0,0,0,0,173
063573909,67,21,12,1,0,0,0,0,101
063574001,7,8,7,2,0,0,0,0,24
063574002,66,102,31,36,8,0,0,3,246
063574003,75,85,0,0,0,0,0,0,160
063574004,76,129,2,0,0,0,0,0,207
063574005,35,107,0,0,0,0,0,1,143
063574006,27,118,10,0,0,0,0,6,161
063574007,106,129,32,1,0,0,0,0,268
063574008,109,82,0,3,0,0,0,0,194
063574101,28,59,206,4,1,0,0,1,299
063574102,74,82,98,6,0,0,0,7,267
063574103,117,141,3,0,0,0,0,0,261
063574104,82,120,4,0,0,0,0,1,207
063574105,98,100,0,0,0,0,0,10,208
063574106,12,50,0,0,0,0,0,0,62
063574107,14,89,12,0,0,0,0,0,115
063574201,53,107,1,0,0,0,0,2,163
063574202,45,46,30,2,0,0,0,5,128
063574203,29,59,4,0,0,0,0,0,92
063574204,20,44,4,0,0,0,0,0,68
063574205,35,97,5,0,0,0,0,0,137
063574206,51,111,2,5,0,0,0,1,170
063574207,6,19,64,2,2,0,0,0,93
063574301,31,25,23,1,0,0,0,0,80
063574302,20,41,27,1,0,0,0,0,89
063574303,52,27,25,0,0,0,0,3,107
063574304,25,17,113,0,0,0,0,11,166
063574305,7,43,5,0,0,0,0,0,55
063574306,21,32,49,2,0,0,0,0,104
063574307,5,32,93,4,0,0,0,1,135
063574308,13,30,4,0,0,0,0,0,47
063574309,29,37,36,0,0,0,0,1,103
063574310,6,88,0,0,0,0,0,2,96
063574311,19,41,19,1,0,0,0,1,81
063574312,12,74,5,1,0,0,0,0,92
063574401,5,10,11,1,0,0,0,0,27
063574402,2,2,62,8,0,0,0,0,74
063574403,11,10,209,2,2,0,0,1,235
063574404,6,5,212,8,3,0,0,1,235
063574405,44,15,135,1,0,0,0,15,210
063574406,16,78,17,0,0,0,0,1,112
063574407,21,54,70,5,1,0,0,0,151
063574408,14,11,99,2,0,0,0,0,126
063574409,15,53,15,1,0,0,0,0,84
063574501,56,67,33,6,9,0,0,0,171
063574502,69,39,58,10,8,0,0,0,184
063574503,69,34,94,16,9,0,0,0,222
063574504,16,26,161,23,1,0,0,0,227
063574505,44,63,32,12,0,0,0,0,151
063574506,73,171,54,15,2,0,0,0,315
063574507,46,67,146,19,2,1,0,2,283
063574508,38,62,157,6,6,0,0,0,269
063574509,41,11,253,21,7,0,0,3,336
063574510,2,11,257,8,0,0,0,0,278
063574511,48,41,37,0,0,0,0,0,126
063574512,35,83,6,0,0,0,0,10,134
063574513,35,25,14,0,0,0,0,0,74
063574514,17,52,25,2,1,0,0,0,97
063574515,26,126,10,0,0,0,0,0,162
063574516,29,112,107,15,4,0,0,1,268
063574601,26,65,59,22,4,0,0,2,178
063574602,32,66,66,26,7,0,0,0,197
063574603,109,25,91,8,5,0,0,0,238
063574604,39,15,70,22,3,0,0,0,149
063574605,40,83,114,36,9,0,0,0,282
063574606,72,77,95,56,9,0,0,0,309
063574607,43,52,86,15,0,0,0,1,197
063574608,31,69,73,21,5,0,1,2,202
063574609,40,35,161,27,8,0,0,3,274
063574610,12,38,172,35,1,0,0,2,260
063574611,11,10,215,4,4,0,0,0,244
063574612,13,12,207,17,0,0,0,0,249
063574613,25,54,94,13,9,0,0,0,195
063574701,64,46,120,74,13,0,0,0,317
063574702,60,44,98,63,14,0,0,0,279
063574703,92,109,76,27,12,0,0,1,317
063574704,62,40,109,45,4,0,0,1,261
063574705,100,61,107,51,9,0,0,20,348
063574706,104,29,18,29,5,0,0,0,185
063574707,65,67,17,16,8,0,0,0,173
063574708,71,110,68,31,6,0,0,1,287
063574709,89,49,110,42,8,0,0,2,300
063574710,73,55,148,38,10,0,0,3,327
063574801,67,112,92,81,11,0,0,0,363
063574802,50,69,99,89,17,0,0,1,325
063574803,29,65,118,74,11,0,0,0,297
063574804,20,41,31,46,9,0,0,0,147
063574805,91,23,43,43,2,0,1,1,204
063574806,21,40,55,38,11,0,0,1,166
063574807,23,53,52,62,7,0,0,2,199
063574808,29,48,51,55,12,1,0,1,197
063574809,23,28,56,44,20,1,0,0,172
063574810,80,73,78,74,13,0,0,3,321
063574811,69,32,116,70,11,0,0,1,299
063574812,25,66,56,36,5,0,0,0,188
063574813,24,41,89,48,8,0,0,0,210
063574814,41,52,74,55,15,0,0,0,237
063574815,103,28,51,29,3,0,0,0,214
063574901,30,38,67,76,21,2,0,0,234
063574902,68,40,84,106,9,0,0,4,311
063574903,40,42,76,43,21,0,0,0,222
063574904,66,38,68,52,7,0,0,1,232
063574905,47,120,43,65,11,0,0,1,287
063574906,87,71,40,44,3,0,0,0,245
063574907,97,73,64,50,6,0,0,1,291
063574908,55,38,74,72,7,0,0,0,246
063575001,35,41,80,81,15,2,1,2,257
063575002,46,63,90,83,23,1,0,4,310
063575003,37,69,108,72,5,0,0,10,301
063575004,42,84,86,114,15,0,1,1,343
063575005,61,59,103,108,14,0,0,4,349
063575006,43,66,117,109,12,0,0,1,348
063575007,66,63,61,146,27,2,0,2,367
063575008,157,295,0,78,3,0,0,1,534
063575009,183,221,3,183,18,0,0,16,624
063575010,54,34,65,46,9,0,0,0,208
063575011,17,30,62,39,6,0,1,0,155
063575012,37,95,130,81,8,0,0,1,352
063575013,18,44,72,51,5,0,0,2,192
063575014,33,54,72,33,9,0,0,0,201
063575101,15,45,106,58,12,0,0,1,237
063575102,164,38,77,5,0,0,0,0,284
063575103,32,202,44,56,8,0,0,16,358
063575104,114,52,88,22,7,1,0,1,285
063575105,38,80,82,105,25,0,4,1,335
063575106,57,62,45,107,23,0,1,1,296
063575107,33,99,86,123,13,1,1,4,360
063575108,60,63,49,91,15,8,0,2,288
063575109,42,96,117,126,29,3,0,5,418
063575201,91,91,94,133,15,1,2,5,432
063575202,78,107,47,140,21,1,0,4,398
063575203,60,212,40,57,4,1,1,4,379
063575204,63,88,68,116,42,0,2,4,383
063575205,46,64,64,81,19,1,0,8,283
063575206,26,58,48,103,6,1,0,1,243
063575207,65,104,86,110,15,0,2,0,382
063575208,47,78,42,78,23,1,0,1,270
063575209,11,3,152,73,1,0,0,3,243
063575210,94,90,58,188,28,0,8,12,478
063575211,55,94,52,119,34,2,1,4,361
063575212,79,63,51,107,23,0,0,1,324
063575213,54,93,37,138,14,1,0,3,340
063575214,77,97,42,125,23,2,5,10,381
063575215,95,107,45,172,16,4,2,2,443
063575216,84,121,48,171,17,4,1,1,447
063575301,27,74,153,63,14,0,0,1,332
063575302,37,64,150,67,19,1,0,5,343
063575303,15,61,239,47,10,3,0,3,378
063575304,30,50,108,92,15,1,0,2,298
063575305,34,89,87,42,11,0,0,1,264
063575306,82,56,58,46,16,0,0,1,259
063575307,38,76,146,98,20,0,1,6,385
063575308,57,69,84,116,19,0,0,1,346
063575309,57,78,148,106,21,1,1,1,413
063575310,54,69,121,92,30,1,0,1,368
063575311,49,58,47,120,44,5,1,5,329
063575312,62,72,82,122,19,3,0,6,366
063575313,30,44,74,82,14,1,1,5,251
063575314,32,34,70,72,23,2,0,1,234
063575315,64,51,55,103,20,1,1,3,298
063575316,16,16,24,197,2,0,1,0,256
063575401,41,73,68,97,19,2,0,1,301
063575402,49,185,32,46,7,0,0,6,325
063575403,71,200,2,91,5,0,0,0,369
063575404,80,88,116,96,18,1,0,2,401
063575405,25,56,148,45,5,0,1,0,280
063575406,18,44,116,49,7,0,0,13,247
063575407,35,50,100,44,8,0,0,4,241
063575408,25,37,123,44,3,0,0,0,232
063575501,29,45,82,37,4,0,0,2,199
063575502,37,51,103,65,15,0,0,1,272
063575503,89,53,130,80,9,4,0,0,365
063575504,41,61,213,111,9,0,0,3,438
063575505,27,34,101,18,5,0,0,0,185
063575506,8,20,202,24,3,0,0,0,257
063575507,21,21,154,22,8,0,0,1,227
063575508,20,40,319,48,11,0,0,0,438
063575601,20,60,183,64,6,0,0,7,340
063575602,76,41,140,85,8,0,0,2,352
063575603,52,72,131,44,12,0,0,1,312
063575604,56,64,165,80,8,0,0,0,373
063575605,74,22,147,35,10,0,0,0,288
063575606,16,38,174,49,7,0,0,0,284
063575607,38,56,171,69,12,0,0,0,346
063575608,27,47,170,62,13,3,0,0,322
063575609,74,43,120,44,4,0,0,1,286
063575610,8,48,54,41,9,0,0,0,160
063575611,40,76,212,56,12,0,0,1,397
063575612,48,55,123,48,12,0,0,1,287
063575701,56,74,174,129,36,2,0,2,473
063575702,41,60,158,69,16,0,0,2,346
063575703,23,59,105,79,14,0,0,0,280
063575704,21,97,204,75,20,0,0,0,417
063575705,16,39,118,36,8,0,0,0,217
063575706,40,36,174,82,11,0,0,0,343
063575707,23,19,141,24,15,0,0,1,223
063575708,28,21,117,37,5,0,0,0,208
063575709,53,47,200,54,19,1,0,2,376
063575710,11,36,131,48,10,1,0,0,237
063575801,23,44,127,58,19,0,0,1,272
063575802,40,43,114,54,22,1,0,3,277
063575803,68,55,118,26,8,1,0,4,280
063575804,44,45,131,59,16,0,0,3,298
063575805,59,45,120,94,31,0,0,1,350
063575806,33,71,157,72,20,1,0,1,355
063575807,29,35,178,36,11,2,0,2,293
063575808,50,98,186,63,34,5,0,1,437
063575901,163,156,33,1,0,0,0,0,353
063575902,32,20,221,14,13,1,0,0,301
063575903,26,28,182,10,5,0,0,1,252
063575904,9,13,257,10,1,0,0,1,291
063575905,14,11,235,24,2,0,0,0,286
063575906,35,33,324,17,5,0,0,0,414
063575907,66,20,117,59,20,4,2,23,311
063575908,48,40,196,20,4,0,0,1,309
063575909,21,34,104,18,1,0,0,3,181
063575910,11,34,108,32,6,1,0,0,192
063575911,35,50,181,42,5,0,0,5,318
063576001,36,57,161,45,20,1,1,0,321
063576002,15,34,111,40,23,0,0,3,226
063576003,70,161,38,22,1,0,0,0,292
063576004,28,38,75,50,14,0,0,0,205
063576005,40,49,135,47,7,0,0,2,280
063576006,29,67,162,61,16,0,1,1,337
063576007,33,66,122,80,13,0,0,1,315
063576008,48,33,93,48,16,2,0,0,240
063576009,16,48,76,58,14,0,0,0,212
063576010,42,48,60,58,30,7,1,0,246
063576011,43,49,58,61,19,0,0,0,230
063576101,7,9,259,32,3,0,0,0,310
063576102,38,61,228,45,15,1,0,0,388
063576103,9,30,92,24,6,0,0,1,162
063576104,33,21,145,13,11,0,0,0,223
063576105,5,11,224,42,2,0,0,0,284
063576106,11,10,319,32,1,0,0,0,373
063576107,38,26,57,34,3,1,0,1,160
063576108,0,0,10,1,0,0,0,0,11
063576109,40,51,93,24,1,0,0,1,210
063576110,50,93,106,65,5,1,0,2,322
063576111,82,85,28,5,0,0,0,2,202
063576112,10,25,5,44,0,0,0,0,84
063576113,105,108,22,2,0,0,0,1,238
063576201,38,51,163,59,20,0,1,2,334
063576202,21,36,87,35,9,0,0,0,188
063576203,20,25,77,39,6,0,0,2,169
063576204,31,55,150,31,23,0,0,2,292
063576205,21,45,147,45,14,0,0,4,276
063576206,29,68,119,37,14,0,0,0,267
063576207,51,24,63,68,22,0,0,1,229
063576208,24,28,73,45,12,0,0,1,183
063576209,91,117,42,7,3,0,0,1,261
063576210,16,22,34,12,17,0,0,1,102
063576211,40,58,63,41,13,0,0,1,216
063576301,0,2,0,1,0,0,0,1,4
063576302,6,21,28,1,0,0,0,0,56
063576303,6,21,41,1,1,0,0,1,71
063576304,10,7,99,5,3,0,0,0,124
063576305,2,21,107,3,0,0,0,0,133
063576306,5,25,28,1,0,0,0,0,59
063576307,9,17,29,1,0,0,0,1,57
063576308,13,7,63,0,0,0,0,0,83
063576309,9,11,32,0,0,0,0,3,55
063576401,32,40,197,66,3,5,0,9,352
063576402,27,49,181,94,7,0,0,0,358
063576403,21,27,98,51,2,0,1,1,201
063576404,27,42,82,66,5,1,0,2,225
063576405,8,19,147,25,2,0,0,3,204
063576406,5,14,103,16,4,1,0,0,143
063576407,4,17,132,14,3,0,0,0,170
063576408,1,9,120,8,2,0,0,0,140
063576409,2,20,52,5,2,0,0,0,81
063576410,0,15,48,3,0,0,0,0,66
063576411,16,33,64,2,2,0,0,1,118
063576501,26,27,91,26,6,0,1,1,178
063576502,29,51,107,29,7,0,0,3,226
063576503,0,0,0,1,1,0,0,1,3
063576504,14,35,268,15,2,0,0,0,334
063576505,9,13,180,10,3,0,0,1,216
063576506,5,26,151,8,1,2,0,0,193
063576507,11,20,190,23,5,1,0,2,252
063576508,11,30,246,30,6,0,0,0,323
063576509,5,31,198,26,2,0,0,0,262
063576510,3,26,150,7,1,0,0,0,187
063576511,5,18,166,9,1,0,0,0,199
063576512,7,9,177,7,2,0,0,0,202
063576513,6,22,40,2,0,0,0,0,70
063576514,6,28,61,2,1,0,0,0,98
063576601,48,46,102,69,13,3,0,4,285
063576602,19,52,175,26,17,0,0,0,289
063576603,64,47,162,98,33,3,1,0,408
063576604,50,59,170,48,21,1,1,2,352
063576605,15,30,163,39,15,1,0,0,263
063576606,27,41,134,41,8,0,0,2,253
063576607,42,47,106,48,31,0,0,0,274
063576608,21,57,89,36,9,0,0,1,213
063576701,25,42,79,27,12,0,0,1,186
063576702,28,57,80,53,19,0,0,5,242
063576703,45,79,140,41,15,1,1,0,322
063576704,54,63,115,48,18,1,0,3,302
063576705,79,70,61,80,34,0,0,0,324
063576706,28,70,64,50,21,2,3,3,241
063576707,48,96,94,126,29,4,4,1,402
063576708,33,59,74,63,18,1,2,2,252
063576709,60,86,71,56,16,1,1,0,291
063576710,52,89,75,87,16,2,3,2,326
063576711,84,86,61,120,16,0,1,11,379
063576712,58,64,95,87,26,1,0,1,332
063576713,65,43,37,57,9,2,0,0,213
063576714,42,40,54,58,0,2,4,6,206
063576715,120,73,70,78,20,2,1,1,365
063576801,52,67,224,75,14,0,2,3,437
063576802,76,81,111,89,24,0,0,1,382
063576803,22,55,74,64,31,0,0,5,251
063576804,28,42,83,32,15,0,0,0,200
063576805,31,30,70,37,14,0,0,1,183
063576806,30,49,121,40,11,1,0,1,253
063576807,28,75,102,49,18,1,2,0,275
063576808,18,52,95,46,23,0,0,0,234
063576809,22,78,124,47,6,0,1,2,280
063576810,58,57,130,60,13,4,0,3,325
063576901,35,43,76,67,15,0,1,3,240
063576902,24,41,76,59,25,0,0,0,225
063576903,15,40,47,73,16,1,0,2,194
063576904,35,73,58,70,11,0,1,2,250
063576905,63,49,54,73,6,0,1,2,248
063576906,59,46,72,93,13,1,0,0,284
063576907,49,74,82,110,39,3,3,12,372
063576908,46,72,53,92,21,0,2,3,289
063576909,59,91,53,72,11,0,0,3,289
063576910,93,43,70,88,19,1,1,11,326
063576911,47,47,39,50,9,0,0,2,194
063577001,80,23,75,66,11,0,5,1,261
063577002,43,75,147,56,18,0,0,2,341
063577003,35,72,234,77,26,0,0,3,447
063577004,15,52,318,25,9,0,0,0,419
063577005,28,43,78,37,16,1,0,1,204
063577006,50,51,53,80,17,0,0,2,253
063577007,56,94,109,73,47,0,0,1,380
063577008,54,72,140,85,24,0,0,0,375
063577009,35,39,49,88,20,0,0,1,232
063577010,39,62,56,69,13,0,1,1,241
063577011,37,47,43,109,17,2,0,6,261
063577012,19,52,54,69,13,0,0,0,207
063577013,64,41,35,101,19,1,1,5,267
063577014,41,54,65,101,22,1,0,2,286
063577101,34,70,32,86,8,2,1,1,234
063577102,39,81,100,75,9,0,0,2,306
063577103,35,74,183,72,32,1,0,0,397
063577104,18,56,255,64,11,1,0,3,408
063577105,31,44,127,40,23,2,0,2,269
063577106,41,44,119,172,12,0,0,6,394
063577107,41,29,216,26,8,0,0,1,321
063577108,24,68,266,52,13,1,0,0,424
063577109,64,20,317,19,0,0,0,1,421
063577110,58,54,48,107,28,3,0,3,301
063577111,81,68,53,154,27,7,1,0,391
063577201,85,41,14,111,26,2,4,6,289
063577202,96,54,24,128,20,4,0,1,327
063577203,79,37,24,93,13,2,1,7,256
063577204,99,87,48,118,9,4,1,4,370
063577205,77,74,60,121,36,1,0,0,369
063577206,53,70,50,96,20,4,0,0,293
063577207,48,93,92,73,32,2,0,1,341
063577208,2,25,155,6,3,0,0,20,211
063577209,45,61,77,162,13,5,3,5,371
063577210,59,108,113,126,18,0,0,2,426
063577211,37,103,56,127,21,1,1,2,348
063577301,10,3,7,43,3,0,0,1,67
063577302,65,28,43,177,31,17,3,5,369
063577303,1,0,1,6,3,1,2,5,19
063577304,4,15,13,18,11,0,1,1,63
063577305,19,15,261,45,5,2,0,2,349
063577306,2,1,340,3,0,0,0,1,347
063577307,20,1,2,38,5,3,0,2,71
063577308,24,12,9,80,9,8,3,0,145
063577309,24,22,30,63,10,7,1,3,160
063577310,0,0,1,2,0,0,0,0,3
063577311,10,8,39,43,12,1,0,1,114
063577312,3,11,21,32,4,2,0,1,74
063577401,4,17,314,0,1,0,0,0,336
063577402,74,53,51,107,17,10,1,5,318
063577403,27,41,75,65,16,2,0,2,228
063577404,100,30,26,91,11,9,6,6,279
063577405,66,19,16,101,9,8,1,4,224
063577406,129,50,41,138,17,6,2,6,389
063577407,19,48,88,61,5,1,1,1,224
063577408,32,52,88,78,6,1,0,0,257
063577409,22,26,70,48,6,3,1,2,178
063577410,15,36,89,38,4,0,0,0,182
063577411,3,5,81,35,5,1,0,1,131
063577412,3,8,82,63,2,2,0,3,163
063577413,18,34,103,43,1,5,0,7,211
063577414,34,60,118,95,21,2,0,0,330
063577415,7,12,45,97,7,3,0,4,175
063577416,2,11,71,65,2,4,0,3,158
063577417,10,12,74,85,9,1,0,2,193
063577418,5,2,62,98,7,0,0,3,177
063577501,6,20,112,6,4,1,0,0,149
063577502,12,4,51,4,0,0,0,0,71
063577503,9,6,12,0,0,0,0,0,27
063577504,2,8,76,26,2,1,0,0,115
063577505,8,12,41,3,0,0,0,0,64
063577506,5,25,81,15,1,0,0,1,128
063577507,15,33,110,30,5,1,0,2,196
063577508,16,22,86,10,1,2,1,0,138
063577509,9,10,56,7,0,0,0,0,82
063577510,0,9,57,6,0,0,1,0,73
063577511,7,8,81,12,4,0,0,0,112
063577512,18,19,82,37,2,4,0,0,162
063577513,11,14,61,52,9,4,0,0,151
063577514,1,14,54,19,2,2,0,0,92
063577515,2,8,43,16,4,1,0,0,74
063577516,1,3,46,6,1,0,0,1,58
063577601,19,9,12,46,8,1,0,3,98
063577602,29,43,42,33,6,0,0,0,153
063577603,3,6,32,9,5,1,0,0,56
063577604,8,17,54,18,0,0,0,6,103
063577605,3,15,61,12,2,0,0,0,93
063577606,2,15,21,6,0,1,0,0,45
063577607,5,14,65,7,1,1,0,1,94
063577608,10,28,78,13,1,0,0,1,131
063577609,5,35,62,27,7,0,0,2,138
063577610,43,55,75,49,17,2,0,1,242
063577611,19,19,40,23,7,1,0,1,110
063577612,4,16,45,20,2,2,0,0,89
063577613,6,9,51,7,4,1,0,2,80
063577614,2,9,37,0,0,0,0,1,49
063577615,2,3,45,26,2,1,0,0,79
063577616,5,9,37,26,0,1,0,1,79
063577617,4,10,33,12,4,2,1,1,67
063577701,18,41,23,92,14,1,2,4,195
063577702,23,46,21,82,14,1,0,0,187
063577703,4,10,3,35,8,2,0,0,62
063577704,0,4,5,27,7,0,0,0,43
063577705,1,2,16,32,1,0,0,0,52
063577706,1,0,9,10,1,0,0,0,21
063577707,9,8,15,25,2,0,0,0,59
063577708,1,6,24,7,3,0,1,0,42
063577709,9,10,59,36,13,3,0,0,130
063577710,4,3,32,26,11,0,0,0,76
063577711,2,14,10,32,3,0,0,0,61
063577712,6,5,34,10,3,0,0,0,58
063577713,10,7,17,21,2,0,0,3,60
063577714,4,13,36,7,1,0,1,1,63
063577715,5,6,17,13,7,0,0,0,48
063577716,9,13,28,11,4,1,0,0,66
063577717,0,1,27,4,2,0,0,0,34
063577718,3,11,15,9,1,0,0,1,40
063577801,1,0,2,9,0,0,0,0,12
063577802,27,28,13,69,24,1,0,0,162
063577803,24,12,15,50,8,0,0,2,111
063577804,30,41,52,131,27,2,4,2,289
063577805,44,43,47,107,28,2,0,3,274
063577806,4,4,2,26,11,0,5,0,52
063577807,13,10,8,55,20,4,0,2,112
063577808,11,10,55,95,27,1,0,1,200
063577809,80,52,8,78,9,4,1,1,233
063577810,29,22,149,37,49,5,4,1,296
063577811,105,94,23,115,13,2,0,3,355
063577812,154,104,24,123,15,3,1,4,428
063577813,44,41,58,97,17,2,0,2,261
063577814,92,37,39,124,34,13,2,1,342
063577815,49,23,20,90,7,4,1,0,194
063577816,76,31,16,64,12,5,0,3,207
063577901,0,0,0,2,0,0,0,0,2
063577902,27,13,190,49,5,0,0,0,284
063577903,3,3,8,58,8,2,0,2,84
063577904,87,11,4,107,1,9,2,10,231
063577905,99,28,8,79,8,2,0,1,225
063577906,96,37,13,67,4,1,0,1,219
063577907,83,14,5,87,4,2,2,2,199
063577908,70,57,43,116,15,4,2,4,311
063577909,41,16,63,211,26,7,5,8,377
063577910,61,19,19,101,17,4,2,5,228
063577911,33,14,18,89,8,2,0,1,165
063577912,19,41,53,73,29,2,0,6,223
063577913,43,39,78,180,22,1,0,6,369
063577914,49,62,70,175,61,4,0,6,427
063577915,79,82,70,262,58,5,1,3,560
063577916,7,1,16,34,0,3,3,0,64
063577917,0,2,3,38,0,0,0,0,43
063578001,51,46,112,115,18,8,1,2,353
063578002,26,47,110,54,8,2,0,2,249
063578003,50,57,60,86,25,3,1,9,291
063578004,76,32,51,115,18,0,1,3,296
063578005,56,48,98,163,29,7,1,4,406
063578006,26,36,113,123,19,7,0,2,326
063578007,44,12,26,82,5,5,0,1,175
063578008,25,25,44,75,6,1,0,4,180
063578009,15,3,36,59,14,1,0,1,129
063578010,11,13,48,30,4,4,1,0,111
063578011,18,16,78,23,5,0,3,0,143
063578012,13,15,23,40,9,0,0,0,100
063578013,15,14,43,71,9,2,0,2,156
063578014,12,26,22,56,15,2,0,4,137
063578015,0,0,0,3,0,0,0,0,3
063578016,26,42,76,66,17,2,0,1,230
063578017,14,40,47,31,6,1,0,1,140
063578018,7,20,47,20,8,0,0,0,102
063578101,5,3,5,66,11,1,0,4,95
063578102,1,0,4,12,1,0,0,0,18
063578103,0,0,2,6,2,0,0,0,10
063578104,2,5,8,56,7,0,0,0,78
063578105,5,3,16,40,6,0,0,0,70
063578106,18,11,25,61,20,1,0,3,139
063578107,6,12,23,63,16,3,0,1,124
063578108,7,11,47,79,7,2,0,0,153
063578109,4,30,49,72,7,0,0,0,162
063578110,10,12,50,85,18,0,1,0,176
063578111,5,10,81,74,0,0,0,1,171
063578112,15,24,59,49,19,1,1,0,168
063578113,41,16,17,66,8,0,3,3,154
063578114,76,37,43,142,37,2,1,2,340
063578201,2,1,6,19,7,0,0,0,35
063578202,5,0,14,23,5,0,0,0,47
063578203,27,14,29,129,18,2,2,6,227
063578204,12,22,26,92,20,3,0,0,175
063578205,9,22,31,176,25,3,0,0,266
063578206,6,18,46,114,17,16,0,0,217
063578207,1,9,46,21,1,0,0,0,78
063578208,1,1,33,51,3,1,0,0,90
063578209,2,3,18,39,5,0,0,0,67
063578210,3,2,35,32,0,0,0,0,72
063578211,0,8,75,59,2,1,1,5,151
063578212,5,6,61,78,0,1,0,2,153
063578213,12,9,13,67,6,9,2,5,123
063578301,2,5,17,56,6,0,1,0,87
063578302,13,10,14,80,22,2,0,0,141
063640101,14,33,14,260,6,1,1,1,330
063640102,41,43,28,107,6,0,1,1,227
063640103,6,61,74,207,19,0,1,0,368
063640104,7,34,19,187,15,0,0,0,262
063640105,24,43,46,181,7,0,1,0,302
063640106,7,61,38,153,14,0,1,1,275
063640107,7,33,10,133,31,2,0,4,220
063640108,8,26,16,188,18,0,0,1,257
063640109,12,26,8,175,14,3,2,5,245
063640110,15,30,18,160,18,1,2,8,252
063640111,28,36,38,155,11,0,2,4,274
063640112,6,28,33,104,16,0,0,0,187
063640113,25,40,21,105,7,1,5,1,205
063640114,30,61,29,261,21,2,0,7,411
063640115,14,39,40,95,5,2,0,1,196
063640116,35,33,36,98,3,0,0,2,207
063640117,14,47,39,91,0,0,0,0,191
063640118,25,47,33,90,4,0,0,3,202
063640119,31,88,53,200,5,1,0,1,379
063640201,8,31,41,84,3,1,7,1,176
063640202,11,43,55,171,13,2,4,1,300
063640203,15,58,107,158,18,0,3,3,362
063640204,26,6,4,148,23,2,1,13,223
063640205,23,33,49,197,9,0,5,2,318
063640206,7,12,60,129,16,10,0,0,234
063640207,8,21,9,254,31,7,2,3,335
063640208,8,27,32,158,3,1,1,0,230
063640209,20,15,8,165,15,6,2,2,233
063640210,13,40,55,160,12,0,1,2,283
063640211,2,18,24,59,7,3,0,3,116
063640212,1,15,28,46,10,0,0,0,100
063640213,4,24,27,71,10,2,5,0,143
063640214,1,9,40,57,9,0,0,0,116
063640301,3,32,17,138,11,3,5,0,209
063640302,18,32,12,166,26,3,2,1,260
063640303,16,33,6,143,26,2,2,2,230
063640304,13,35,10,121,13,4,3,3,202
063640305,14,17,16,127,8,2,0,3,187
063640306,19,129,31,120,0,0,1,1,301
063640307,18,52,21,329,18,3,5,2,448
063640308,15,39,15,218,14,2,1,1,305
063640309,4,31,11,101,7,0,0,2,156
063640310,12,18,8,103,14,2,0,4,161
063640311,0,8,0,128,0,0,0,0,136
063640312,3,7,0,262,1,0,0,0,273
063640313,26,3,0,76,1,0,0,0,106
063640314,0,0,0,0,0,0,0,0,0
063640315,0,6,0,161,0,0,0,0,167
063640316,0,0,0,0,0,0,0,0,0
063640317,1,8,27,49,8,0,0,1,94
063640318,9,42,12,218,5,1,4,2,293
063640401,35,82,14,209,28,3,2,2,375
063640402,64,35,4,196,35,8,2,1,345
063640403,22,48,6,236,24,5,1,8,350
063640404,5,30,0,61,12,3,2,5,118
063640405,32,51,9,203,17,2,2,21,337
063640406,25,33,10,123,16,2,2,2,213
063640407,23,29,18,100,15,1,1,3,190
063640408,30,35,7,142,8,3,4,8,237
063640409,21,43,6,144,13,1,5,7,240
063640410,22,47,18,138,22,2,1,6,256
063640411,11,43,4,83,10,2,0,10,163
063640412,44,23,7,114,13,2,1,13,217
063640413,21,17,10,130,13,1,3,5,200
063640414,3,5,4,29,4,0,0,2,47
063640501,10,18,12,216,34,6,10,3,309
063640502,1,2,3,15,2,0,1,0,24
063640503,0,0,1,13,0,0,0,1,15
063640504,2,6,4,80,10,1,0,0,103
063640601,0,1,0,11,0,0,0,0,12
063640602,1,0,2,11,0,0,0,0,14
063640603,0,3,5,16,0,0,0,0,24
063640604,0,1,0,17,1,0,0,0,19
063640701,24,44,68,102,22,1,1,1,263
063640702,20,47,57,117,15,1,2,5,264
063640703,19,31,41,121,19,0,1,2,234
063640704,15,28,148,126,13,2,0,0,332
063640705,67,158,36,9,0,0,0,0,270
063640706,59,88,35,110,17,0,0,0,309
063640707,13,57,39,138,2,0,0,2,251
063640708,15,72,32,133,4,0,0,2,258
063640709,21,97,67,204,6,0,2,0,397
063640710,31,70,25,55,2,0,0,3,186
063640711,9,59,60,80,1,0,1,0,210
063640712,26,77,97,215,3,1,0,1,420
063640713,19,59,60,138,1,0,0,0,277
063640714,23,43,35,169,3,0,0,1,274
063640715,8,28,21,155,14,1,0,0,227
063640716,18,5,10,132,12,3,2,1,183
063640717,13,25,13,93,12,1,1,1,159
063640801,10,15,49,57,6,0,1,3,141
063640802,13,11,7,109,7,0,1,0,148
063640803,17,18,13,116,17,2,5,2,190
063640804,5,21,29,77,17,0,0,8,157
063640805,61,32,26,137,5,4,1,18,284
063640806,14,23,16,130,11,2,5,7,208
063640807,10,52,10,148,25,8,1,5,259
063640808,25,38,7,114,9,0,2,4,199
063640809,22,55,17,134,23,4,5,3,263
063640810,22,63,39,143,17,5,1,0,290
063640811,10,24,3,112,8,1,2,1,161
063640812,9,21,4,98,9,7,0,4,152
063640813,13,48,26,143,23,4,0,2,259
063640814,11,33,34,99,15,3,0,1,196
063640815,17,34,22,105,4,0,0,6,188
063640816,17,54,47,83,14,3,0,3,221
063640817,30,41,5,133,16,9,2,1,237
063640818,22,42,9,161,20,1,2,5,262
063640819,8,41,30,161,20,1,6,0,267
063640820,14,40,7,119,9,1,0,5,195
063640821,1,28,8,99,17,1,2,1,157
063640822,2,22,27,103,11,2,0,11,178
063640823,12,55,48,171,15,0,3,1,305
063850101,18,56,4,166,7,0,0,0,251
063850102,1,2,2,9,0,0,0,0,14
063850103,0,1,0,14,0,0,0,0,15
063850104,0,0,0,1,0,0,0,0,1
063850105,0,1,0,7,1,0,0,0,9
063850106,8,32,2,141,1,0,0,0,184
063850107,5,52,4,163,1,0,0,0,225
063850201,4,20,3,88,2,0,0,0,117
063850202,0,1,1,10,0,0,0,0,12
063850203,0,5,0,13,0,1,0,1,20
063850204,0,1,2,8,0,0,0,0,11
063850301,0,0,1,5,0,0,0,0,6
063850302,0,2,0,6,0,0,0,0,8
063850303,2,0,0,11,0,0,0,0,13
063850401,2,7,1,52,0,0,0,1,63
063850402,2,4,1,12,0,0,0,0,19
063850403,1,5,0,7,0,0,0,0,13
063850404,0,0,1,9,0,0,0,0,10
063850405,0,0,0,5,0,0,0,0,5
063850501,0,0,2,5,0,0,0,0,7
063850601,0,1,3,13,1,0,1,0,19
063850701,19,65,18,213,4,0,0,0,319
063850702,10,42,23,202,12,0,0,0,289
063850703,4,12,7,179,2,0,0,0,204
063850704,1,8,4,285,3,1,0,0,302
063850705,16,77,28,187,2,1,0,0,311
063850706,14,63,16,111,1,0,0,2,207
063850707,22,122,33,146,4,0,0,0,327
063850708,14,92,33,163,6,0,0,1,309
063850709,10,39,3,208,10,0,0,0,270
063850710,3,23,43,190,6,0,0,0,265
063850711,9,52,1,142,5,0,0,0,209
063850712,0,5,0,42,0,0,0,0,47
063850713,4,28,23,185,1,0,0,0,241
063850714,4,43,10,219,2,1,0,5,284
063850715,23,46,12,187,4,0,0,0,272
063850716,13,55,35,96,16,0,0,0,215
063850717,11,81,25,93,8,0,0,0,218
063850718,4,3,2,43,0,0,0,1,53
063850801,1,3,2,27,0,0,0,0,33
063850802,0,0,1,14,3,0,0,0,18
063850901,0,2,1,27,0,0,0,0,30
063850902,0,3,2,20,0,0,0,0,25
063851001,78,115,31,89,3,0,0,0,316
063851002,4,5,4,436,9,2,3,2,465
063851101,0,2,0,14,0,0,0,0,16
063851102,0,2,1,13,3,0,0,0,19
063920101,10,11,0,219,1,0,0,0,241
063920102,6,66,46,310,8,0,1,2,439
063920103,7,26,31,155,1,0,0,0,220
063920104,4,45,15,143,1,0,0,1,209
063920105,32,71,27,225,2,1,0,0,358
063920106,14,83,42,239,7,0,0,0,385
063920107,23,54,28,207,0,0,0,0,312
063920108,27,62,18,212,1,0,0,0,320
063920109,10,54,51,246,4,0,0,2,367
063920110,26,50,12,215,4,0,0,1,308
063920111,6,56,12,170,4,0,0,0,248
063920112,34,35,10,222,2,0,0,0,303
063920113,5,6,3,159,142,1,2,0,318
063920114,1,25,23,252,2,0,0,1,304
063920115,2,27,34,194,4,0,0,1,262
063920116,8,48,29,119,0,0,0,0,204
063920201,0,0,0,17,2,0,0,0,19
063920202,0,1,0,19,0,0,0,0,20
063920203,0,3,1,9,1,0,0,0,14
063920204,0,0,0,6,0,0,0,0,6
063920301,10,54,19,171,1,1,0,0,256
063920302,0,0,1,9,0,0,0,0,10
063920303,0,0,0,16,2,0,0,0,18
063920304,0,3,0,3,0,0,0,0,6
063920305,0,0,1,19,1,0,0,0,21
063920306,0,2,2,23,2,0,0,0,29
063920401,1,20,3,96,3,0,0,1,124
063920402,0,1,1,10,0,0,0,0,12
063920403,2,0,3,14,3,0,0,0,22
063920404,1,1,0,3,1,0,0,0,6
063920405,0,0,1,10,0,0,0,0,11
063920501,0,0,0,6,0,0,0,0,6
063920502,0,1,5,21,1,0,0,0,28
063920503,1,0,0,10,0,0,0,0,11
063920504,0,0,0,9,0,0,0,0,9
063920505,0,1,0,0,0,0,0,0,1
063920601,5,25,2,54,9,0,0,1,96
063920602,0,6,0,17,0,0,0,0,23
063920603,0,1,0,6,0,0,0,0,7
063920604,1,2,1,19,4,0,0,0,27
063920605,0,2,2,47,3,0,0,0,54
063920701,1,0,0,11,0,0,0,0,12
063920702,3,41,14,139,7,0,0,0,204
063920703,2,2,0,53,1,0,0,0,58
063920704,0,1,0,15,1,0,0,0,17
063920705,2,31,3,67,7,1,0,0,111
063920706,17,37,21,41,3,1,0,0,120
063920707,12,35,17,46,3,0,0,0,113
063920708,0,43,23,79,5,0,0,0,150
063920709,0,2,0,21,0,0,0,0,23
063920710,1,3,0,19,0,0,1,0,24
063920801,9,64,35,147,3,0,0,0,258
063920802,1,1,0,29,0,0,0,0,31
063920803,4,7,0,31,0,0,0,0,42
063920804,0,0,0,16,1,0,0,0,17
063920805,1,1,0,23,0,2,0,0,27
063920806,12,86,27,245,4,1,0,0,375
063920901,3,110,10,185,1,1,0,0,310
063920902,2,12,3,60,0,0,0,0,77
063920903,1,10,2,89,0,0,0,0,102
063920904,4,3,1,26,1,0,0,0,35
063920905,0,1,0,19,0,0,0,0,20
063920906,4,13,7,103,2,0,0,1,130
063920907,8,30,0,132,4,0,1,2,177
063921001,0,4,2,13,0,0,0,0,19
063921002,0,0,4,7,0,0,0,0,11
063921003,0,0,0,6,0,0,0,0,6
063921004,0,1,1,14,3,0,0,0,19
063921005,1,1,1,40,1,1,0,1,46
063921006,0,0,0,8,0,0,0,0,8
063921101,0,1,0,8,0,0,0,0,9
063921102,0,1,1,18,0,0,0,0,20
063921103,0,0,0,2,0,0,0,0,2
063921201,14,6,0,254,8,1,1,0,284
063921202,5,9,1,267,6,1,0,1,290
063921203,0,19,1,275,5,0,0,0,300
063921204,1,4,0,35,1,1,0,0,42
063921205,0,1,0,15,0,0,0,0,16
063921206,5,15,13,210,2,1,0,1,247
063921207,0,4,1,103,1,0,0,0,109
063921208,1,1,1,16,0,0,0,0,19
063921209,1,2,1,14,1,0,0,0,19
063921301,0,1,2,21,0,0,0,0,24
063921302,0,3,0,22,1,0,0,0,26
063921303,15,2,1,8,0,0,0,0,26
063921401,0,1,0,17,0,0,0,0,18
063921402,0,0,0,9,0,1,0,0,10
063921403,0,0,1,1,0,0,0,0,2
063921404,0,1,0,9,0,0,0,0,10
063921501,8,10,3,200,2,0,0,0,223
063921502,19,11,12,170,5,1,0,0,218
063921503,0,1,4,53,0,0,0,0,58
063921504,0,0,3,20,0,0,0,0,23
063921505,0,2,1,10,0,0,0,0,13
063921506,21,13,1,112,0,0,0,0,147
063921507,0,2,0,9,0,0,0,0,11
063990101,39,51,41,147,3,0,0,0,281
063990102,13,36,23,157,2,1,0,0,232
063990103,17,28,20,74,1,0,0,0,140
063990104,1,0,3,19,0,0,0,0,23
063990105,17,5,13,200,2,0,0,1,238
063990106,9,12,168,101,1,0,0,0,291
063990107,7,11,35,77,0,0,0,0,130
063990108,14,41,36,86,1,0,0,0,178
063990109,14,17,43,106,1,0,0,1,182
063990201,0,0,0,11,0,0,0,0,11
063990202,1,0,5,31,1,0,0,0,38
063990301,2,3,0,36,1,1,0,0,43
063990302,1,2,0,53,3,0,0,0,59
063990303,4,6,27,95,2,0,0,0,134
063990304,11,18,41,148,6,1,0,1,226
063990401,0,0,2,19,0,0,0,0,21
063990402,0,1,0,17,0,0,0,0,18
063990501,9,14,50,337,5,0,0,2,417
063990502,5,1,10,137,3,0,0,0,156
063990503,1,1,3,39,2,0,0,0,46
063990504,0,1,8,57,2,0,0,0,68
063990601,0,0,2,48,0,0,0,1,51
063990602,0,0,1,35,3,0,0,0,39
063990701,0,0,0,8,0,0,0,3,11
063990702,1,1,2,83,6,0,0,0,93
063990703,2,16,29,216,7,1,1,3,275
063990704,9,18,29,211,5,0,0,0,272
063990705,8,22,10,170,6,1,0,0,217
063990706,9,18,45,148,2,0,0,0,222
063990801,0,0,2,16,2,0,0,0,20
063990802,1,2,1,21,2,0,0,0,27
063990803,0,0,2,18,0,0,0,0,20
063990804,0,1,2,22,0,0,0,0,25
063990805,1,2,0,16,1,0,0,0,20
064060101,0,0,0,3,0,0,0,0,3
064060102,0,0,0,2,0,0,0,0,2
064060103,0,1,0,14,1,0,0,0,16
064060104,0,0,0,6,1,0,0,0,7
064060105,1,1,1,6,0,0,0,0,9
064060106,0,3,1,4,0,0,0,0,8
064060107,0,0,0,1,0,0,0,0,1
064060201,13,22,26,207,2,0,9,1,280
064060202,22,64,40,186,8,1,0,0,321
064060203,14,42,16,232,3,0,0,0,307
064060204,4,25,37,278,4,0,0,0,348
064060205,32,56,40,214,3,3,0,1,349
064060206,20,53,28,221,6,1,0,0,329
064060207,0,5,5,211,14,0,0,0,235
064060208,0,0,1,22,0,0,0,0,23
064060209,0,0,0,5,0,0,0,0,5
064060210,3,5,6,87,1,0,0,0,102
064060211,0,2,0,18,0,0,0,0,20
064060212,0,0,0,6,0,0,0,0,6
064060213,1,3,2,10,0,2,0,0,18
064060214,16,30,21,152,4,0,0,0,223
064060215,29,34,46,177,9,1,0,2,298
064060216,0,17,12,178,6,1,0,0,214
064060301,7,0,0,2,1,0,0,0,10
064060302,8,10,1,27,1,0,0,0,47
064060303,0,0,0,11,1,0,0,0,12
064060304,0,1,2,21,0,0,0,0,24
064060305,0,1,0,13,0,0,0,2,16
064060306,0,0,3,11,0,0,0,0,14
064060307,0,0,0,5,0,0,0,0,5
064060308,1,0,0,33,3,0,0,0,37
064060309,0,0,0,6,0,0,0,0,6
064130101,5,99,3,166,5,0,1,0,279
064130102,26,128,8,121,9,0,0,1,293
064130103,36,149,8,95,7,0,0,0,295
064130104,50,289,6,27,0,0,0,0,372
064130105,17,131,60,66,7,1,0,0,282
064130106,32,254,44,47,3,0,0,0,380
064130107,74,197,10,48,2,0,0,0,331
064130108,71,179,5,36,8,0,0,0,299
064130109,43,178,9,52,3,0,0,0,285
064130110,34,223,30,56,1,0,0,0,344
064130201,11,120,85,183,7,2,0,0,408
064130202,30,86,7,160,6,0,0,2,291
064130203,64,151,7,97,3,0,0,0,322
064130204,6,68,1,193,4,1,0,0,273
064130205,27,138,5,146,12,0,0,1,329
064130206,52,87,3,140,12,0,0,0,294
064130207,68,197,6,91,5,0,0,1,368
064130208,82,169,2,59,3,0,0,1,316
064130209,92,147,6,59,7,0,0,0,311
064130210,101,129,7,72,2,0,0,11,322
064130211,40,159,5,94,0,0,0,0,298
064130212,25,169,36,62,4,2,0,3,301
064130213,14,56,2,184,1,0,1,0,258
064130301,26,77,3,33,0,0,0,0,139
064130302,28,127,8,88,4,0,0,1,256
064130303,29,256,15,11,2,0,0,0,313
064130304,53,85,7,67,3,0,0,0,215
064130305,23,138,33,43,3,0,0,0,240
064130306,73,137,12,44,8,0,0,0,274
064130307,28,183,17,133,1,0,0,1,363
064130308,12,92,5,105,3,0,0,0,217
064130309,50,116,4,129,9,6,0,0,314
064130310,73,124,3,87,5,0,0,0,292
064130311,28,158,27,51,2,1,0,0,267
064130401,43,118,38,64,1,0,0,1,265
064130402,49,138,3,34,1,0,0,0,225
064130403,79,135,22,82,6,0,0,0,324
064130404,144,123,42,84,10,0,0,0,403
064130405,38,158,16,73,3,0,0,0,288
064130406,58,155,13,62,1,0,0,3,292
064130407,40,165,20,29,2,0,0,0,256
064130408,58,219,61,91,9,1,0,0,439
064130409,52,234,33,64,3,0,0,0,386
064130410,34,125,14,19,1,0,0,0,193
064130411,50,213,20,64,4,0,0,0,351
064130412,29,125,23,66,2,0,0,3,248
064130413,45,195,55,84,1,0,0,0,380
064130501,70,150,1,172,7,0,0,0,400
064130502,38,154,25,79,1,0,0,1,298
064130503,37,156,11,119,3,0,0,3,329
064130504,66,162,14,75,0,0,0,1,318
064130505,12,130,0,15,2,0,0,0,159
064130506,64,148,4,49,0,0,0,1,266
064130507,67,233,14,69,0,0,0,1,384
064130508,49,146,13,63,0,0,0,0,271
064130509,58,202,10,56,1,0,0,0,327
064130510,3,133,25,49,0,0,0,0,210
064130511,53,212,21,44,0,0,0,0,330
064130512,35,193,49,58,2,0,0,2,339
064130513,22,73,7,46,0,0,0,0,148
064130601,24,112,8,52,1,0,0,0,197
064130602,46,159,23,46,3,0,0,0,277
064130603,95,151,17,75,0,0,0,0,338
064130604,61,171,11,127,3,0,0,0,373
064130605,55,156,24,104,1,0,0,0,340
064130606,36,194,11,65,0,0,0,1,307
064130607,57,196,23,96,5,1,0,0,378
064130608,64,137,8,39,2,0,0,0,250
064130609,39,127,4,159,3,0,0,0,332
064130610,38,93,4,96,7,1,0,0,239
064130611,32,173,11,74,2,1,0,2,295
064130612,8,72,12,153,1,0,0,0,246
064130703,0,0,0,36,1,0,0,0,37
064130704,0,0,0,32,0,0,0,0,32
064130901,4,10,1,27,0,0,0,0,42
064130902,0,5,0,4,0,0,0,0,9
064131101,1,13,0,32,1,0,0,0,47
064131106,6,14,2,18,0,0,0,0,40
064131301,4,37,1,69,2,3,1,1,118
064131302,12,54,4,231,27,4,0,0,332
064131303,7,43,4,108,7,1,1,1,172
064131304,7,59,2,213,4,0,0,1,286
064131305,13,44,2,98,0,0,0,1,158
064131306,2,6,0,25,2,0,0,0,35
064131307,26,116,2,207,4,3,0,0,358
064131308,12,27,0,94,5,0,0,2,140
064131309,8,64,1,130,13,0,0,1,217
064131401,0,7,2,26,0,1,0,0,36
064131402,0,10,0,26,0,0,0,0,36
064131403,21,13,2,47,2,0,0,0,85
064131404,8,16,0,0,0,0,0,0,24
064131405,0,1,0,0,0,0,0,0,1
064131406,5,21,45,75,0,0,0,1,147
064131407,18,77,82,184,10,0,0,0,371
064131408,2,2,0,174,0,0,0,0,178
064131409,1,9,1,117,1,0,0,0,129
064131501,4,22,0,81,1,0,0,0,108
064131502,0,2,0,25,0,0,0,0,27
064131503,2,4,0,14,2,0,0,0,22
064131504,0,0,0,2,0,0,0,0,2
064131505,2,5,8,25,0,0,0,0,40
064131506,1,0,0,6,0,0,0,0,7
064131507,1,9,0,51,7,0,0,0,68
064131508,0,7,8,19,0,0,0,0,34
064131509,3,8,7,16,0,0,0,0,34
064131601,1,2,0,4,1,0,0,0,8
064131801,10,37,0,55,4,0,0,0,106
064131802,9,7,0,23,0,0,0,0,39
064131803,0,3,1,10,0,0,0,0,14
064131804,0,1,1,1,0,0,0,0,3
064131805,0,1,0,3,0,0,0,0,4
064131806,1,6,0,10,0,0,0,0,17
064131901,1,4,1,9,0,0,0,0,15
064131902,21,43,13,85,3,0,0,0,165
064131903,1,7,1,31,0,0,0,0,40
064131904,4,5,5,32,0,0,0,0,46
064131905,4,12,5,22,1,0,0,0,44
064131906,2,15,1,17,0,0,0,0,35
064132101,24,183,8,216,5,0,0,0,436
064132102,20,53,136,85,11,0,0,0,305
064132103,93,78,9,37,10,0,0,1,228
064132104,105,207,10,125,5,0,0,0,452
064132105,31,170,9,74,2,1,0,0,287
064132106,41,117,4,47,1,0,0,0,210
064132107,43,139,2,83,0,0,0,0,267
064132108,43,238,6,146,5,0,0,0,438
064132109,35,248,10,175,5,0,0,0,473
064132110,183,147,4,48,4,1,0,5,392
064132201,1,43,1,70,1,0,0,2,118
064132202,7,37,2,68,3,0,0,0,117
064132203,3,9,11,19,0,0,0,0,42
064132204,5,15,13,17,0,0,0,0,50
064132205,7,54,4,112,0,0,0,1,178
064132206,7,21,16,63,0,0,0,1,108
064132207,2,18,1,47,0,0,0,0,68
064132208,4,37,1,66,1,0,0,1,110
064132209,18,52,16,42,0,0,0,0,128
064132210,4,31,86,30,6,0,0,0,157
064132211,12,44,104,43,1,0,0,0,204
064132212,6,21,8,62,0,0,0,0,97
064200101,0,2,0,3,2,0,0,0,7
064200102,20,50,28,32,22,3,0,0,155
064200103,25,35,23,18,5,2,0,1,109
064200104,17,70,89,30,13,2,1,0,222
064200105,17,30,35,6,4,1,0,0,93
064200106,6,23,44,8,1,1,0,0,83
064200107,9,15,30,4,0,0,0,1,59
064200108,7,16,42,10,6,0,0,0,81
064200109,18,52,27,32,5,0,0,0,134
064200110,20,71,59,20,8,1,1,1,181
064200111,34,34,38,10,4,0,0,1,121
064200112,9,13,32,3,0,0,0,1,58
064200113,6,39,13,3,2,0,0,0,63
064200114,8,28,26,4,2,0,0,0,68
064200115,14,29,17,3,1,0,0,5,69
064200116,26,65,57,9,11,2,0,1,171
064200201,10,14,5,0,0,0,0,0,29
064200202,10,25,2,0,0,0,0,0,37
064200203,4,21,0,7,0,0,0,4,36
064200204,8,28,6,2,3,0,0,0,47
064200205,9,14,0,0,0,0,0,0,23
064200206,6,8,11,1,0,0,0,0,26
064200207,19,15,19,0,2,0,0,0,55
064200208,11,41,26,5,1,0,0,4,88
064200209,13,17,27,4,1,0,1,4,67
064200210,10,18,29,1,1,0,0,0,59
064200211,10,19,28,4,1,0,0,1,63
064200212,38,33,29,6,5,0,0,2,113
064200213,10,54,112,16,3,0,1,1,197
064200214,19,31,31,10,3,0,1,1,96
064200215,27,43,47,8,5,2,0,0,132
064200216,36,85,74,17,10,4,0,1,227
064200301,8,21,35,4,6,1,0,1,76
064200302,12,20,40,5,0,0,0,1,78
064200303,7,19,27,10,0,0,0,0,63
064200304,7,53,27,12,1,0,3,1,104
064200305,21,32,27,16,4,0,0,3,103
064200306,21,22,35,3,5,0,0,0,86
064200307,23,42,27,5,0,0,0,0,97
064200308,23,65,19,29,4,1,0,0,141
064200309,9,31,12,24,7,3,0,0,86
064200310,15,29,9,12,5,2,0,0,72
064200311,15,52,16,40,9,2,0,1,135
064200312,10,53,8,14,7,0,0,0,92
064200313,4,5,22,6,3,0,0,0,40
064200314,3,13,18,13,1,0,0,1,49
064200315,0,7,2,9,2,0,0,0,20
064200316,3,8,16,2,5,1,0,0,35
064200317,4,20,33,1,0,0,0,0,58
064200318,3,15,15,4,2,0,0,0,39
064200319,7,21,11,9,9,1,0,0,58
064200320,9,37,63,15,4,3,0,1,132
064200401,12,20,17,3,0,0,0,1,53
064200402,11,22,28,7,2,1,0,0,71
064200403,22,53,26,21,7,2,0,2,133
064200404,20,44,23,6,3,2,0,2,100
064200405,7,22,34,10,1,4,0,1,79
064200406,8,26,60,6,1,0,0,1,102
064200407,7,26,77,4,0,0,0,0,114
064200408,10,7,36,4,0,0,0,0,57
064200409,6,18,22,0,0,0,0,0,46
064200410,19,28,51,12,7,0,0,0,117
064200411,11,48,23,10,7,0,0,2,101
064200412,10,47,18,19,7,1,0,1,103
064200413,3,21,26,10,0,1,0,0,61
064200414,7,18,37,6,3,1,0,5,77
064200415,9,15,42,5,0,0,0,1,72
064200416,15,23,29,2,1,0,0,0,70
064200417,8,9,18,1,1,0,0,1,38
064200418,4,16,22,0,0,0,0,0,42
064200419,7,17,43,6,2,3,0,0,78
064200501,0,1,2,1,0,0,0,0,4
064200502,13,19,5,0,0,0,0,0,37
064200503,5,59,73,26,0,1,2,1,167
064200504,9,29,108,5,6,1,1,2,161
064200505,23,36,67,6,3,2,0,3,140
064200506,33,80,105,9,0,1,0,0,228
064200507,17,34,100,14,2,4,1,2,174
064200508,22,96,68,17,4,4,0,1,212
064200509,36,109,95,20,10,1,0,3,274
064200510,6,39,41,7,2,1,0,2,98
064200511,9,29,40,2,1,2,0,0,83
064200512,10,18,44,5,1,1,0,0,79
064200601,6,18,50,5,0,0,0,0,79
064200602,2,10,5,0,2,0,0,0,19
064200603,5,14,48,2,0,0,0,0,69
064200604,9,30,14,2,0,1,0,1,57
064200605,16,26,6,2,0,0,0,0,50
064200606,5,9,0,0,0,0,0,1,15
064200607,10,19,9,0,1,0,0,3,42
064200608,17,25,34,1,0,0,0,0,77
064200609,13,21,31,1,0,0,0,0,66
064200610,12,22,13,2,0,1,0,0,50
064200611,3,5,0,0,0,0,0,0,8
064200612,8,10,6,3,0,0,0,2,29
064200701,15,22,17,1,0,0,0,0,55
064200702,7,14,8,0,0,1,0,0,30
064200703,5,2,6,0,0,0,0,0,13
064200704,10,19,4,6,1,0,0,0,40
064200705,10,15,26,0,0,0,0,3,54
064200706,8,20,57,0,2,0,0,1,88
064200707,15,26,20,2,1,0,0,4,68
064200708,14,33,4,1,0,0,0,1,53
064200709,4,8,10,2,0,0,0,0,24
064200710,11,10,16,2,1,0,0,1,41
064200711,9,10,19,1,0,1,0,1,41
064200801,21,141,52,40,4,4,1,4,267
064200802,22,157,64,13,3,1,0,2,262
064200803,21,34,58,8,2,0,0,2,125
064200804,18,34,51,8,2,0,0,7,120
064200805,23,55,51,12,5,1,2,1,150
064200806,17,28,38,4,1,1,1,2,92
064200807,15,35,56,2,1,0,0,2,111
064200808,15,14,53,3,1,0,0,0,86
064200809,7,6,38,2,0,0,0,1,54
064200901,36,181,70,34,5,3,1,2,332
064200902,6,97,22,20,5,5,2,6,163
064200903,26,96,39,30,2,2,0,5,200
064200904,10,35,45,8,0,1,0,2,101
064200905,11,19,44,0,0,0,0,2,76
064200906,5,20,27,3,2,1,0,2,60
064200907,8,22,51,3,1,0,1,0,86
064200908,10,33,24,12,2,1,0,0,82
064200909,5,15,27,1,0,0,1,1,50
064200910,6,8,32,2,0,0,0,0,48
064200911,2,18,38,2,1,0,0,3,64
064200912,4,6,13,0,0,0,0,0,23
064201001,15,49,12,21,9,1,0,3,110
064201002,3,26,22,0,1,0,0,0,52
064201003,6,4,16,0,1,0,0,2,29
064201004,8,24,29,4,3,4,0,0,72
064201005,17,38,51,9,3,2,2,0,122
064201006,6,40,48,13,1,1,0,2,111
064201007,7,57,44,10,5,2,0,5,130
064201008,5,17,26,1,1,0,0,1,51
064201009,13,14,28,3,1,0,0,0,59
064201010,10,30,48,7,0,0,0,1,96
064201011,6,45,55,9,1,1,0,3,120
064201012,3,16,30,9,0,0,0,0,58
064201013,6,39,55,5,3,0,0,2,110
064201101,8,30,19,7,1,1,0,1,67
064201102,0,7,39,0,0,0,0,1,47
064201103,4,14,23,2,0,0,0,0,43
064201104,5,13,47,2,0,0,0,0,67
064201105,3,18,34,2,2,0,0,0,59
064201106,12,25,29,18,5,0,0,0,89
064201107,1,16,37,2,0,0,0,1,57
064201108,5,13,20,0,1,0,0,0,39
064201109,2,9,24,4,0,0,0,0,39
064201110,10,44,53,11,2,1,0,0,121
064201111,11,30,28,1,1,0,0,3,74
064201112,7,50,22,17,0,2,0,0,98
064201113,0,22,51,2,2,2,0,1,80
064201114,12,20,38,2,0,0,0,2,74
064201115,9,22,36,3,0,1,0,0,71
064201116,3,36,67,7,1,0,0,1,115
064201117,6,52,41,17,8,3,0,8,135
064201201,13,33,62,6,2,0,0,1,117
064201202,0,6,5,3,0,0,0,0,14
064201203,6,24,64,5,2,0,0,0,101
064201204,2,13,25,5,0,0,0,0,45
064201205,4,26,37,2,0,0,0,0,69
064201206,0,18,21,17,2,2,0,2,62
064201207,2,2,19,22,0,0,0,0,45
064201208,9,20,49,10,1,0,0,1,90
064201209,0,0,0,0,0,0,0,0,0
064201210,3,5,10,1,0,0,0,0,19
064201211,5,12,36,7,0,1,0,0,61
064201212,6,11,20,4,3,0,0,2,46
064201213,3,7,26,11,2,0,0,0,49
064201214,2,1,53,33,6,11,0,4,110
064201301,1,6,14,2,0,0,0,1,24
064201302,5,7,27,3,1,1,0,0,44
064201303,2,6,32,2,0,1,1,0,44
064201304,4,3,9,0,0,0,0,0,16
064201305,3,6,21,0,0,0,0,1,31
064201306,3,5,44,5,2,0,0,0,59
064201307,5,15,59,3,3,0,0,1,86
064201308,5,11,19,4,0,0,0,0,39
064201309,8,20,17,1,1,0,0,0,47
064201310,7,22,39,4,1,0,1,3,77
064201311,4,19,42,4,4,1,0,0,74
064201401,5,22,25,3,1,1,0,0,57
064201402,2,5,22,3,0,0,0,4,36
064201403,3,21,63,12,3,5,0,1,108
064201404,13,33,83,20,7,8,0,4,168
064201405,7,10,21,0,0,0,0,0,38
064201406,5,7,13,0,0,0,0,0,25
064201407,6,11,6,0,0,0,0,0,23
064201408,5,10,13,1,0,1,0,1,31
064201409,8,15,10,0,0,0,0,0,33
064201410,2,2,21,0,0,0,0,0,25
064201501,1,8,3,0,0,0,0,0,12
064201502,8,15,0,0,0,0,0,1,24
064201503,4,19,6,1,0,0,0,0,30
064201504,4,8,5,0,0,0,0,0,17
064201505,5,4,16,0,0,0,0,1,26
064201506,5,10,35,3,0,0,0,3,56
064201507,9,9,14,0,0,0,0,0,32
064201508,15,25,91,22,0,0,0,3,156
064201509,5,23,47,15,8,2,0,0,100
064201510,12,23,79,33,5,4,1,7,164
064201601,11,6,3,0,0,0,0,2,22
064201602,7,8,4,0,0,0,0,0,19
064201603,5,17,6,0,0,0,0,2,30
064201604,3,7,5,0,0,0,0,0,15
064201605,3,5,5,0,0,0,0,1,14
064201606,1,9,7,0,0,0,1,0,18
064201607,1,3,11,1,0,0,0,0,16
064201608,1,4,19,1,0,0,0,0,25
064201609,0,5,30,1,0,0,0,0,36
064201610,1,7,26,3,0,0,0,0,37
064201611,16,20,109,16,5,1,0,4,171
064201612,31,30,125,20,3,1,0,0,210
064201701,17,23,24,7,5,0,0,0,76
064201702,2,1,2,0,0,0,0,0,5
064201703,9,10,6,0,0,0,0,0,25
064201704,3,8,18,0,1,0,0,3,33
064201705,8,16,9,1,0,0,0,0,34
064201706,0,8,19,0,0,0,0,0,27
064201707,2,5,32,5,0,0,0,0,44
064201708,10,37,66,7,7,2,2,0,131
064201709,18,46,107,15,4,1,0,5,196
064201710,9,24,53,26,2,2,0,1,117
064201801,2,11,3,0,0,0,0,0,16
064201802,3,8,4,0,0,0,0,0,15
064201803,4,20,8,1,0,0,0,0,33
064201804,7,5,10,1,0,0,0,0,23
064201805,1,15,7,0,0,0,0,0,23
064201806,5,3,11,0,2,0,0,0,21
064201807,2,3,17,1,0,0,0,0,23
064201808,17,19,62,8,4,1,0,3,114
064201809,7,7,21,3,0,0,0,0,38
064201810,4,10,9,0,0,0,0,0,23
064201811,2,5,1,1,0,0,0,1,10
064201812,32,42,66,17,11,5,0,1,174
064201901,2,4,4,0,0,0,0,0,10
064201902,4,11,2,0,0,0,0,0,17
064201903,13,36,43,5,2,1,0,0,100
064201904,15,36,61,14,1,0,0,6,133
064201905,17,48,57,21,13,1,0,1,158
064201906,26,52,57,22,14,1,0,6,178
064201907,16,51,48,16,13,3,0,1,148
064201908,10,22,29,8,4,0,0,6,79
064201909,5,17,22,5,11,1,0,0,61
064201910,17,36,56,21,2,4,0,0,136
064201911,6,31,42,14,13,1,0,0,107
064201912,4,23,24,2,0,0,0,1,54
064202001,2,7,168,23,2,0,0,5,207
064202002,9,10,100,6,0,0,0,5,130
064202003,1,4,82,4,1,0,0,1,93
064202004,8,35,1,0,0,0,0,0,44
064202005,10,12,21,1,0,0,0,0,44
064202006,21,21,3,1,2,0,0,3,51
064202007,11,17,3,0,0,0,0,1,32
064202008,12,13,0,0,0,0,0,0,25
064202009,14,22,15,1,1,0,0,0,53
064202010,6,25,26,10,2,0,0,1,70
064202011,4,16,21,3,2,0,0,0,46
064202012,10,20,25,1,2,0,0,0,58
064202013,13,14,49,4,2,0,0,4,86
064202101,12,27,30,3,4,2,0,2,80
064202102,10,26,20,6,5,0,0,1,68
064202103,13,55,55,20,6,0,0,0,149
064202104,13,53,54,17,7,0,1,0,145
064202105,12,27,75,14,8,1,0,3,140
064202106,38,59,117,18,8,0,0,1,241
064202107,30,43,102,37,5,7,0,2,226
064202108,18,92,114,57,19,5,0,5,310
064202109,51,107,82,67,43,10,1,22,383
064202110,39,61,39,29,24,3,0,5,200
064202111,30,66,50,34,14,2,0,1,197
064202112,28,99,70,45,20,7,0,10,279
064202201,24,45,42,45,5,3,1,3,168
064202202,40,47,112,20,12,0,1,5,237
064202203,9,42,65,15,4,5,2,4,146
064202204,9,11,34,8,3,0,0,0,65
064202205,14,17,39,7,3,0,0,1,81
064202206,14,36,41,19,8,1,0,2,121
064202207,6,8,26,16,4,4,0,1,65
064202208,7,17,27,14,4,0,0,0,69
064202209,20,20,33,31,16,5,0,4,129
064202210,3,9,28,18,0,2,2,1,63
064202211,5,12,10,28,2,2,0,0,59
064202212,2,7,21,20,3,1,0,1,55
064202213,1,20,21,20,2,0,0,0,64
064202214,0,2,1,20,3,0,0,0,26
064410101,39,49,34,173,3,1,0,0,299
064410102,51,68,19,158,5,2,0,0,303
064410103,32,21,18,156,5,0,0,1,233
064410104,29,27,35,160,7,0,0,0,258
064410105,67,139,4,18,0,0,0,0,228
064410106,105,69,0,31,3,0,0,0,208
064410107,58,35,5,143,3,0,0,0,244
064410108,22,41,12,109,2,0,0,3,189
064410109,53,62,14,171,5,0,0,0,305
064410110,90,114,6,107,22,0,0,1,340
064410111,71,62,2,56,1,0,0,3,195
064410112,84,111,3,99,12,0,0,0,309
064410113,23,46,9,100,3,0,0,0,181
064410201,42,34,46,87,3,0,0,0,212
064410202,31,164,0,37,0,0,0,1,233
064410203,78,159,1,37,0,0,0,6,281
064410204,22,147,5,32,2,0,0,0,208
064410205,67,149,3,21,0,0,0,2,242
064410206,75,161,4,60,3,0,0,2,305
064410207,141,206,3,55,5,0,0,2,412
064410208,10,14,2,18,1,0,0,0,45
064410209,69,96,41,180,4,0,0,2,392
064410210,77,59,11,228,7,0,0,0,382
064410211,56,29,9,124,4,0,0,1,223
064410301,33,37,19,124,0,0,0,1,214
064410302,91,45,12,256,7,0,0,4,415
064410303,71,29,9,80,0,0,0,0,189
064410304,22,34,7,180,4,0,0,0,247
064410305,32,73,7,144,2,0,0,0,258
064410306,75,85,6,113,18,0,0,0,297
064410307,43,67,8,237,0,0,0,10,365
064410308,40,24,8,162,5,0,0,0,239
064410401,79,69,14,211,4,0,0,0,377
064410402,79,38,16,211,7,1,0,2,354
064410403,53,52,16,246,4,0,0,1,372
064410404,58,13,4,107,8,0,0,1,191
064410405,24,34,5,132,2,1,0,1,199
064410406,44,71,4,130,2,0,0,1,252
064410407,68,83,11,148,2,0,0,1,313
064410408,68,72,4,149,1,0,0,0,294
064410409,80,104,2,98,6,0,0,0,290
064410410,54,124,4,85,4,0,0,1,272
064410411,121,137,4,88,1,2,0,0,353
064410412,103,101,5,76,0,0,0,1,286
064410413,52,39,6,110,0,0,0,1,208
064410414,87,63,5,85,4,0,0,1,245
064410501,105,81,11,102,2,0,0,2,303
064410502,69,38,2,154,3,2,0,8,276
064410503,29,72,6,116,1,0,0,0,224
064410504,55,99,3,92,2,0,0,0,251
064410505,15,79,4,74,0,1,0,3,176
064410506,67,60,3,88,0,0,0,1,219
064410507,31,36,2,75,1,0,0,0,145
064410508,63,37,3,92,15,0,0,0,210
064410509,32,77,9,37,2,0,0,0,157
064410601,38,155,2,51,1,0,0,1,248
064410602,89,55,0,21,0,0,0,7,172
064410603,86,109,0,27,3,0,0,2,227
064410604,60,92,3,29,0,0,0,6,190
064410605,75,133,3,58,1,0,0,1,271
064410606,62,77,2,61,1,0,1,0,204
064410607,80,113,3,23,0,0,0,0,219
064410608,69,86,3,24,6,0,0,2,190
064410609,81,113,3,97,2,0,0,2,298
064410701,19,112,1,13,0,0,0,2,147
064410702,41,135,2,12,1,0,0,0,191
064410703,105,174,0,7,0,0,0,1,287
064410704,60,133,2,30,0,0,0,0,225
064410705,105,195,1,20,0,0,0,0,321
064410706,34,138,0,9,0,0,0,0,181
064410707,110,150,0,7,0,0,0,2,269
064410708,80,84,2,6,0,0,0,0,172
064410709,47,169,4,22,2,0,0,2,246
064410801,102,177,3,31,1,0,0,2,316
064410802,61,150,0,44,1,0,0,0,256
064410803,29,83,0,0,2,0,0,5,119
064410804,61,73,0,7,0,0,0,0,141
064410805,42,115,0,0,0,0,0,0,157
064410806,6,35,0,0,0,0,0,1,42
064410807,45,101,1,31,1,0,0,1,180
064410808,37,182,2,7,0,0,0,3,231
064410809,63,177,0,3,1,0,0,1,245
064410901,39,64,2,48,0,0,0,0,153
064410902,76,185,8,20,2,0,0,2,293
064410903,22,146,2,30,0,1,0,0,201
064410904,72,203,1,32,0,0,0,0,308
064410905,33,163,0,35,0,0,0,0,231
064410906,95,128,0,39,1,0,0,3,266
064410907,72,132,0,21,21,0,0,1,247
064410908,81,108,1,22,0,0,0,0,212
064410909,33,194,1,12,2,0,0,1,243
064410910,4,59,0,7,1,0,0,0,71
064410911,50,130,0,28,0,0,0,2,210
064410912,103,127,2,51,1,0,0,0,284
064410913,96,121,0,17,0,0,0,0,234
064410914,45,133,1,16,0,0,0,0,195
064411001,85,42,25,233,14,1,0,0,400
064411002,44,17,13,129,5,0,0,2,210
064411003,42,18,18,136,7,1,0,0,222
064411004,47,45,22,87,4,0,0,4,209
064411005,46,44,20,64,3,0,0,2,179
064411006,66,91,20,129,3,0,0,3,312
064411007,39,56,36,72,3,0,0,1,207
064411008,65,48,32,87,1,0,0,1,234
064411009,68,79,33,177,11,0,0,3,371
064411010,34,44,13,104,0,0,0,0,195
064411011,37,61,14,77,3,0,0,1,193
064411012,20,113,5,104,0,0,0,6,248
064411013,44,72,4,119,2,1,0,0,242
064411014,73,42,4,62,1,0,0,9,191
064411015,42,55,2,17,0,0,0,61,177
064411101,38,56,11,81,6,0,0,3,195
064411102,89,64,14,105,3,0,0,0,275
064411103,36,34,17,105,1,0,0,0,193
064411104,35,59,9,68,1,0,0,1,173
064411105,38,94,21,66,7,0,0,2,228
064411106,21,88,11,58,1,0,0,1,180
064411107,37,37,12,86,1,0,0,0,173
064411108,16,75,11,88,1,0,0,1,192
064411109,24,110,3,51,1,0,0,11,200
064411110,61,68,10,42,0,0,0,2,183
064411111,77,98,12,107,3,0,0,1,298
064411112,68,73,37,181,4,0,0,10,373
064411113,101,64,15,134,8,0,0,1,323
064411114,71,100,7,92,0,0,0,23,293
064411115,64,70,4,61,1,0,0,2,202
064411116,41,122,2,31,6,0,0,1,203
064411201,61,139,1,7,1,0,0,6,215
064411202,103,120,0,22,0,0,0,3,248
064411203,44,79,0,16,0,0,0,10,149
064411204,82,91,2,23,0,0,0,19,217
064411205,76,149,4,69,8,0,0,2,308
064411206,65,71,3,44,1,0,0,5,189
064411207,71,110,3,26,0,0,0,24,234
064411208,33,87,0,10,0,0,0,1,131
064411209,56,84,2,11,0,0,0,10,163
064411210,49,34,3,11,1,0,1,7,106
064411211,50,174,4,21,0,1,0,15,265
064411212,50,88,0,20,0,0,0,3,161
064411213,42,141,1,11,0,1,0,4,200
064411214,34,90,5,37,0,0,0,3,169
064411215,65,83,0,6,0,0,0,3,157
064411216,68,91,1,13,1,0,0,3,177
064411301,75,85,0,9,0,0,0,23,192
064411302,114,146,2,6,0,0,0,0,268
064411303,36,64,0,0,0,0,0,0,100
064411304,86,175,0,19,0,0,0,1,281
064411305,80,52,0,10,0,0,0,0,142
064411306,41,97,0,11,0,0,0,0,149
064411307,38,169,0,6,2,0,0,0,215
064411308,47,141,0,11,1,0,0,0,200
064411309,53,150,5,48,1,0,0,0,257
064411401,54,64,4,50,1,0,0,0,173
064411402,44,102,1,6,0,0,0,2,155
064411403,48,122,1,18,1,0,0,0,190
064411404,102,130,0,29,0,0,0,1,262
064411405,73,205,0,21,1,0,0,1,301
064411406,42,103,1,13,0,0,0,0,159
064411407,89,104,1,18,0,0,0,3,215
064411408,43,178,1,8,0,0,0,1,231
064411409,42,116,5,22,6,0,0,0,191
064411501,44,213,2,30,1,0,0,0,290
064411502,45,185,6,46,1,0,0,0,283
064411503,54,138,3,32,1,0,0,0,228
064411504,70,112,5,52,0,0,0,2,241
064411505,103,100,2,66,1,0,0,4,276
064411506,52,126,5,25,3,0,0,1,212
064411507,77,104,3,45,2,0,0,3,234
064411508,123,21,4,49,0,0,0,5,202
064411509,77,153,5,91,1,0,0,2,329
064411510,53,123,6,87,0,0,0,1,270
064411511,63,84,3,95,2,0,0,0,247
064411512,53,75,2,61,1,0,0,3,195
064411601,85,96,13,133,2,0,0,0,329
064411602,57,52,4,85,7,0,0,1,206
064411603,44,34,10,124,1,1,0,0,214
064411604,85,16,10,102,2,0,0,1,216
064411605,16,11,13,130,8,0,0,3,181
064411606,38,50,20,242,1,0,0,0,351
064411607,68,65,27,193,3,0,0,0,356
064411608,36,22,9,131,0,0,0,2,200
064411609,36,33,10,133,8,0,0,0,220
064411610,49,66,16,262,5,0,0,0,398
064411611,89,65,16,176,7,0,1,2,356
064411612,57,96,8,103,2,0,0,2,268
064411613,30,39,5,84,0,0,0,8,166
064411614,150,134,6,40,0,0,0,2,332
064411615,54,4,3,28,0,0,0,0,89
064411701,25,49,7,100,7,4,0,0,192
064411702,20,69,2,121,1,0,0,0,213
064411703,43,53,8,156,3,0,0,1,264
064411704,42,40,11,101,6,0,0,3,203
064411705,59,28,14,208,5,0,0,0,314
064411706,62,40,7,81,0,0,0,0,190
064411707,29,41,5,111,6,0,0,1,193
064411708,56,67,2,117,0,0,0,3,245
064411709,44,36,12,104,0,0,0,0,196
064411710,16,24,7,131,1,0,0,0,179
064411711,36,32,8,129,0,0,0,0,205
064411712,67,29,7,192,3,0,0,0,298
064411713,33,21,13,137,6,0,1,0,211
064411801,21,119,1,12,0,0,0,7,160
064411802,30,180,2,10,1,0,0,0,223
064411803,39,105,4,23,1,0,0,0,172
064411804,86,34,3,44,1,0,0,11,179
064411805,51,87,13,90,0,0,0,3,244
064411806,16,50,4,96,2,0,0,0,168
064411807,77,72,8,82,0,0,0,1,240
064411808,94,130,5,59,1,0,0,1,290
064411809,22,118,9,53,1,0,0,1,204
064411810,47,106,14,73,3,0,0,13,256
064411811,94,147,8,136,5,0,0,2,392
064411812,34,49,20,104,3,0,0,0,210
064411813,37,87,10,65,1,0,0,3,203
064411901,104,142,3,26,0,0,0,0,275
064411902,87,76,15,138,1,0,0,0,317
064411903,45,91,8,84,1,0,0,1,230
064411904,53,86,6,78,3,0,0,0,226
064411905,21,53,4,77,1,0,0,1,157
064411906,52,58,10,128,0,1,0,2,251
064411907,59,80,7,73,3,0,0,0,222
064411908,35,56,6,65,4,0,0,4,170
064411909,15,109,4,75,1,0,0,0,204
064411910,62,41,7,62,3,1,0,8,184
064411911,33,73,12,118,3,0,0,2,241
064412001,80,67,15,144,14,0,0,2,322
064412002,65,52,8,99,1,1,0,0,226
064412003,47,118,5,92,4,1,0,1,268
064412004,24,84,4,53,0,0,0,1,166
064412005,40,102,4,68,0,0,0,0,214
064412006,48,56,6,86,1,0,0,12,209
064412007,59,72,9,43,1,1,0,0,185
064412008,94,62,8,62,2,0,0,0,228
064412009,61,94,16,88,2,0,0,1,262
064412010,46,87,4,40,0,0,0,1,178
064412011,11,113,0,14,0,0,0,2,140
064412012,42,76,1,12,0,0,0,0,131
064412013,49,47,3,48,0,0,0,1,148
064412014,26,26,2,3,0,0,0,0,57
064412015,48,93,2,19,1,0,0,0,163
064412016,38,103,2,8,0,0,0,0,151
064412017,32,60,3,51,0,0,0,1,147
064412101,49,44,14,83,2,0,0,1,193
064412102,55,55,11,91,4,0,0,2,218
064412103,79,89,42,168,5,0,0,0,383
064412104,79,49,37,191,2,0,0,13,371
064412105,31,39,40,203,4,0,0,1,318
064412106,30,47,12,108,0,0,0,0,197
064412107,60,39,16,82,2,0,0,0,199
064412108,66,76,9,44,0,0,0,1,196
064412109,16,62,5,116,4,0,0,1,204
064412110,32,23,15,154,1,0,0,0,225
064412111,50,27,10,95,7,0,0,0,189
064412112,60,43,6,94,0,0,0,1,204
064412113,82,83,25,161,1,0,0,0,352
064412114,30,35,16,117,2,3,0,0,203
064412115,47,79,23,192,4,0,0,5,350
064412201,39,93,28,89,0,1,0,13,263
064412202,36,46,26,176,1,0,0,3,288
064412203,67,107,33,131,4,0,0,20,362
064412204,53,85,67,169,4,0,0,0,378
064412205,53,47,33,156,10,0,0,1,300
064412206,27,111,22,70,3,0,0,0,233
064412207,46,35,21,109,3,0,1,1,216
064412208,43,54,47,108,1,0,0,0,253
064412209,32,44,46,126,6,0,0,0,254
064412301,51,62,25,114,3,0,0,1,256
064412302,31,42,12,92,9,0,0,0,186
064412303,48,53,18,111,4,0,0,0,234
064412304,43,39,15,91,3,0,0,0,191
064412305,45,29,25,128,3,0,0,1,231
064412306,20,55,11,137,2,0,0,2,227
064412307,25,68,35,121,2,1,0,2,254
064412308,32,27,21,154,3,0,1,0,238
064412309,37,39,8,81,0,0,0,0,165
064412401,38,67,10,87,2,0,0,0,204
064412402,40,37,6,119,5,0,0,1,208
064412403,10,28,12,136,0,0,0,0,186
064412404,40,28,19,119,3,0,0,3,212
064412405,45,80,41,241,3,0,0,1,411
064412406,70,62,30,161,0,0,0,2,325
064412407,34,46,10,97,2,0,0,1,190
064412408,22,41,21,103,6,0,0,0,193
064412409,71,63,23,114,5,0,0,0,276
064412410,13,66,8,99,1,0,0,0,187
064412411,50,60,39,224,2,0,0,2,377
064412501,30,90,14,89,3,0,0,6,232
064412502,76,61,18,103,2,0,1,4,265
064412503,42,41,18,90,7,0,0,0,198
064412504,64,123,0,0,0,0,0,0,187
064412505,68,73,21,165,2,0,0,2,331
064412506,11,81,10,124,2,0,0,3,231
064412507,48,36,21,103,6,0,0,1,215
064412508,17,29,15,160,2,0,0,1,224
064412509,39,40,16,103,0,0,0,0,198
064412510,40,54,11,164,4,0,0,1,274
064412601,54,30,13,122,1,0,0,0,220
064412602,42,38,10,123,1,0,0,0,214
064412603,47,33,13,139,2,0,0,0,234
064412604,20,43,14,84,3,0,0,1,165
064412605,38,36,17,104,1,0,0,0,196
064412606,29,47,29,197,4,7,0,1,314
064412607,39,44,22,155,3,0,0,3,266
064412608,36,28,7,96,3,0,0,0,170
064412609,27,25,19,122,10,0,0,0,203
064412610,61,71,34,220,10,0,0,4,400
064412611,24,77,9,109,0,0,0,0,219
064412612,26,91,9,113,10,0,0,0,249
064412613,55,21,11,117,10,0,0,2,216
064412614,60,50,15,145,3,0,0,0,273
064412701,78,49,10,191,3,0,0,0,331
064412702,83,50,33,186,2,0,0,4,358
064412703,43,26,11,225,8,0,0,0,313
064412704,47,42,23,213,5,0,0,1,331
064412705,62,30,11,275,6,0,0,0,384
064412706,22,25,6,157,4,0,0,0,214
064412707,51,16,14,135,20,0,0,2,238
064412708,64,80,25,213,2,0,0,0,384
064412709,82,44,24,192,4,0,0,1,347
064412801,48,25,21,128,10,0,0,0,232
064412802,57,84,18,141,6,0,0,1,307
064412803,42,36,18,121,20,0,0,3,240
064412804,49,28,4,87,1,0,0,2,171
064412805,28,34,9,139,2,0,0,1,213
064412806,24,24,14,131,1,0,0,3,197
064412807,26,10,18,115,2,0,0,0,171
064412808,14,40,9,152,2,0,0,0,217
064412809,39,35,28,136,5,0,0,0,243
064412810,47,40,20,147,6,2,0,12,274
064412811,55,73,25,153,6,0,0,1,313
064412812,47,57,46,208,12,0,1,0,371
064412813,50,34,46,219,3,0,1,3,356
064412901,23,57,25,105,0,0,0,2,212
064412902,36,52,20,92,10,0,0,0,210
064412903,28,58,38,114,3,0,0,0,241
064412904,7,35,45,96,6,0,0,0,189
064412905,19,33,53,124,2,1,0,2,234
064412906,21,34,23,116,1,1,0,1,197
064412907,53,36,25,127,1,0,0,0,242
064412908,9,31,32,118,1,0,0,0,191
064412909,44,137,29,88,2,0,0,3,303
064412910,49,24,29,93,6,0,0,1,202
064412911,32,22,38,96,0,0,0,1,189
064412912,32,23,19,105,1,0,0,0,180
064412913,81,53,44,149,3,0,0,0,330
064412914,70,30,46,187,3,1,0,0,337
064413001,32,39,24,213,6,0,0,2,316
064413002,33,27,45,242,12,1,0,0,360
064413003,40,25,36,175,9,0,0,0,285
064413004,47,32,121,162,1,0,1,3,367
064413005,23,25,38,150,2,0,0,1,239
064413006,33,32,68,223,4,0,0,2,362
064413007,41,27,11,112,3,0,0,0,194
064413008,34,31,21,130,9,0,0,0,225
064413009,53,21,17,218,1,2,0,0,312
064413101,44,35,42,250,5,1,0,0,377
064413102,22,29,13,164,1,0,1,1,231
064413103,16,22,15,158,3,0,0,2,216
064413104,31,13,18,113,2,0,0,0,177
064413105,16,18,16,148,7,0,0,0,205
064413106,26,30,43,167,5,0,1,0,272
064413107,33,27,36,130,7,0,0,0,233
064413108,51,32,19,104,4,0,0,1,211
064413109,16,28,24,163,1,0,0,3,235
064413110,31,33,13,140,1,0,0,0,218
064413111,66,37,41,252,4,0,0,0,400
064413112,34,32,36,187,3,0,0,0,292
064413113,25,24,13,151,3,0,0,0,216
064413114,56,26,22,151,4,0,0,2,261
064413115,51,14,32,137,2,0,0,2,238
064413116,27,13,40,146,2,0,0,1,229
064413201,26,16,16,129,15,1,1,2,206
064413202,34,17,27,97,6,0,0,2,183
064413203,45,33,29,289,6,0,0,5,407
064413204,39,24,38,303,5,0,0,1,410
064413205,65,41,38,238,5,1,0,2,390
064413206,32,24,32,212,8,0,0,1,309
064413207,38,33,41,211,11,0,0,0,334
064413208,40,79,119,78,1,2,0,0,319
064413209,33,22,21,160,9,0,0,3,248
064413210,31,21,13,216,9,0,0,2,292
064413211,20,42,19,291,5,0,0,2,379
064413301,113,86,11,128,3,1,0,3,345
064413302,12,10,15,134,0,0,0,2,173
064413303,31,39,24,178,3,0,0,2,277
064413304,28,21,23,149,1,0,1,0,223
064413305,16,28,17,199,7,0,0,1,268
064413306,55,68,18,275,13,0,0,4,433
064413307,24,29,23,162,2,1,0,2,243
064413308,36,26,17,129,19,0,0,3,230
064413309,35,25,27,293,18,0,0,4,402
064413310,42,30,18,213,11,0,0,0,314
064413311,44,25,46,296,11,0,1,0,423
064413401,15,27,13,147,6,2,0,5,215
064413402,9,18,40,180,5,0,0,0,252
064413403,37,43,19,259,10,0,2,9,379
064413404,22,15,19,200,1,1,0,0,258
064413405,12,32,40,217,6,0,0,10,317
064413406,25,19,83,118,2,0,0,0,247
064413407,5,16,124,100,2,0,0,1,248
064413408,35,95,127,94,5,0,0,2,358
064413409,4,7,169,36,4,1,0,2,223
064413410,18,28,59,127,5,1,0,1,239
064413411,24,19,35,141,10,0,0,2,231
064413412,3,1,150,9,1,0,0,1,165
064413413,17,31,20,222,9,1,0,1,301
064413414,23,39,14,206,8,0,0,1,291
064413415,32,62,17,324,22,1,0,2,460
064413501,17,35,32,292,1,0,0,4,381
064413502,25,39,43,263,3,0,0,15,388
064413503,46,17,15,111,15,2,0,1,207
064413504,20,44,23,103,10,0,0,1,201
064413505,19,46,58,246,7,0,0,1,377
064413506,9,38,24,161,7,0,0,2,241
064413507,15,41,20,181,25,1,0,2,285
064413508,15,47,192,105,2,0,1,4,366
064413509,5,8,271,68,4,3,0,2,361
064413510,4,23,104,186,13,3,0,1,334
064413511,2,59,189,176,4,0,0,0,430
064413512,41,29,20,253,4,0,0,2,349
064413513,6,168,189,5,0,0,0,1,369
064413514,42,1,250,7,0,0,0,0,300
064413515,28,51,17,296,26,6,9,1,434
064413516,53,95,20,522,37,8,2,15,752
064413601,38,26,24,195,5,1,0,0,289
064413602,40,76,149,6,0,0,0,0,271
064413603,17,29,21,160,7,0,1,0,235
064413604,28,24,30,130,8,0,0,0,220
064413605,18,33,86,200,19,0,0,2,358
064413606,13,14,6,289,14,3,0,1,340
064413607,4,21,23,214,4,1,1,3,271
064413608,33,81,14,130,3,0,1,2,264
064413609,15,37,17,227,10,1,0,2,309
064413610,24,43,43,242,17,2,0,1,372
064413611,23,31,12,225,21,1,0,1,314
064413612,15,29,20,241,19,0,0,1,325
064413701,27,18,15,258,18,0,0,2,338
064413702,23,18,15,283,12,13,1,4,369
064413703,14,27,1,144,6,1,0,4,197
064413704,9,20,0,176,1,0,1,2,209
064413705,15,63,1,237,11,3,2,5,337
064413706,31,56,32,220,15,0,1,3,358
064413707,26,25,17,178,5,0,0,0,251
064413708,11,21,17,243,5,0,0,0,297
064413709,19,33,34,281,8,0,0,1,376
064413710,21,54,34,289,17,1,1,3,420
064413711,27,23,24,289,21,0,3,1,388
064413712,33,33,10,315,18,3,0,1,413
064413713,15,12,8,210,7,0,1,2,255
064413714,47,22,14,241,21,2,4,2,353
064413801,30,42,37,378,9,3,0,2,501
064413802,12,25,6,193,10,0,1,3,250
064413803,17,10,12,220,11,0,0,0,270
064413804,28,19,3,151,12,1,2,8,224
064413805,27,25,18,215,2,1,0,0,288
064413806,40,24,31,206,6,0,0,0,307
064413807,34,38,25,235,14,1,0,2,349
064413808,22,10,3,166,4,0,1,2,208
064413809,11,39,23,221,6,2,3,6,311
064413810,40,38,24,188,12,3,0,0,305
064413901,24,41,23,203,12,0,0,5,308
064413902,29,20,19,161,3,0,0,0,232
064413903,22,26,37,140,3,0,1,3,232
064413904,12,24,31,195,2,0,1,3,268
064413905,22,36,51,139,5,0,1,26,280
064413906,22,52,25,192,10,2,0,0,303
064413907,13,27,13,179,4,0,0,2,238
064413908,12,37,34,206,1,1,0,4,295
064413909,27,29,30,179,3,1,0,2,271
064413910,57,50,23,294,8,0,1,2,435
064414001,16,24,22,205,6,0,0,3,276
064414002,30,26,17,184,11,3,0,1,272
064414003,14,47,124,46,3,1,0,3,238
064414004,2,32,188,6,0,0,0,0,228
064414005,16,13,55,92,2,0,0,4,182
064414006,24,51,61,211,0,0,0,1,348
064414007,10,40,40,193,4,1,0,5,293
064414008,30,10,21,184,13,1,0,6,265
064414009,12,24,10,224,3,2,0,5,280
064414010,18,31,14,286,15,2,1,4,371
064414011,42,39,25,263,13,2,1,1,386
064414012,14,38,1,250,7,3,3,16,332
064414013,30,41,28,322,5,0,0,5,431
064414101,54,57,25,427,16,0,0,9,588
064414102,39,22,6,261,5,1,1,1,336
064414103,15,24,9,288,13,1,3,4,357
064414104,36,31,43,291,15,0,2,0,418
064414105,17,36,51,291,7,0,1,0,403
064414106,25,19,20,175,20,6,1,6,272
064414107,20,27,11,222,10,0,1,2,293
064414108,28,42,39,329,5,1,0,2,446
064414109,40,31,6,252,10,1,0,0,340
064414110,37,28,10,199,9,1,1,3,288
064414111,18,8,0,95,1,0,1,0,123
064414112,16,8,12,139,4,5,0,0,184
064414201,89,42,12,332,12,5,3,13,508
064414202,25,6,4,151,5,1,2,12,206
064414203,35,33,16,252,13,1,0,7,357
064414204,35,25,13,253,9,1,0,5,341
064414205,46,23,10,267,9,0,1,4,360
064414206,34,57,15,319,18,5,0,1,449
064414207,33,29,17,266,12,6,1,17,381
064414208,13,13,105,95,5,0,0,0,231
064414209,10,25,24,212,9,3,0,0,283
064414210,30,23,30,363,12,2,3,6,469
064414211,18,25,19,219,4,0,2,11,298
064414212,14,36,58,172,3,0,0,0,283
064414213,28,6,11,90,2,0,0,0,137
064414214,14,9,1,105,1,0,0,1,131
064414215,18,113,1,291,14,1,6,3,447
064414216,38,17,20,264,13,2,8,2,364
064414217,65,29,23,280,4,2,1,4,408
064414218,19,21,50,281,22,0,0,2,395
064414219,29,11,184,141,5,0,0,0,370
064414301,11,19,61,170,4,0,0,0,265
064414302,50,28,28,182,6,0,0,3,297
064414303,24,29,41,141,3,0,0,3,241
064414304,31,37,41,231,4,0,0,0,344
064414305,26,26,19,161,4,0,0,2,238
064414306,21,35,40,219,3,0,0,4,322
064414307,9,25,26,161,8,0,0,0,229
064414308,10,16,37,165,17,0,0,0,245
064414309,26,24,60,249,6,0,0,2,367
064414310,25,28,29,328,11,0,0,2,423
064414311,16,18,31,141,12,1,1,8,228
064414312,17,19,28,142,9,0,0,1,216
064414313,13,27,16,178,10,0,0,0,244
064414314,12,29,18,248,15,1,2,3,328
064414315,49,49,39,271,29,18,3,3,461
064414401,14,20,19,196,25,1,0,8,283
064414402,19,15,27,178,10,1,0,1,251
064414403,27,36,21,262,15,3,1,3,368
064414404,13,28,10,189,12,1,1,4,258
064414405,15,29,47,200,7,1,0,1,300
064414406,14,19,36,218,7,0,0,0,294
064414407,24,31,26,298,6,0,1,1,387
064414408,7,31,4,179,7,0,0,1,229
064414409,25,22,1,187,9,1,4,3,252
064414410,56,50,41,430,14,2,0,9,602
064414501,29,14,26,155,4,1,0,1,230
064414502,23,19,43,169,10,0,0,0,264
064414503,11,42,21,211,6,2,1,4,298
064414504,59,25,10,224,24,1,2,2,347
064414505,11,25,34,170,10,0,0,0,250
064414506,23,18,16,238,13,0,0,5,313
064414507,23,32,20,224,8,1,0,2,310
064414508,21,28,15,228,8,2,0,3,305
064414509,81,37,2,221,12,1,0,2,356
064414510,30,22,13,250,9,2,3,10,339
064414511,16,34,10,298,12,4,1,7,382
064414601,35,18,26,197,13,0,1,5,295
064414602,40,30,19,253,9,3,0,1,355
064414603,25,17,30,186,25,0,0,0,283
064414604,21,29,53,185,4,1,0,0,293
064414605,18,23,23,185,4,0,0,0,253
064414606,7,22,29,167,3,0,0,4,232
064414607,39,36,72,149,4,1,0,1,302
064414608,9,34,15,255,13,0,0,0,326
064414609,11,37,19,193,54,3,0,5,322
064414701,34,80,215,164,13,1,0,13,520
064414702,25,94,47,187,14,0,0,1,368
064414703,15,77,20,187,13,1,0,2,315
064414704,30,37,74,300,15,0,0,0,456
064414705,16,32,57,246,3,2,0,4,360
064414706,35,22,44,174,9,0,0,4,288
064414707,16,84,248,138,6,1,3,0,496
064414708,25,52,73,166,19,0,0,5,340
064414709,22,55,38,448,15,3,1,8,590
064414710,7,70,7,149,16,3,1,4,257
064414801,27,46,64,171,20,1,0,0,329
064414802,5,19,65,82,3,0,0,0,174
064414803,6,55,37,130,14,1,0,1,244
064414804,58,88,148,110,13,0,0,0,417
064414805,6,10,50,75,61,0,0,0,202
064414806,27,57,29,159,11,0,0,0,283
064414807,116,215,0,0,0,0,0,1,332
064414808,28,97,0,71,0,0,0,1,197
064414809,4,31,36,156,7,0,0,2,236
064414901,35,37,75,162,2,3,0,0,314
064414902,32,48,59,127,7,1,0,0,274
064414903,45,45,88,119,3,0,0,0,300
064414904,39,23,37,114,1,0,0,2,216
064414905,21,40,26,94,9,0,0,0,190
064414906,33,31,51,144,5,0,0,0,264
064414907,35,44,48,151,4,0,0,0,282
064414908,9,25,55,95,9,0,0,0,193
064414909,84,56,24,82,3,1,0,0,250
064414910,45,98,36,22,0,0,0,0,201
064415001,41,21,17,111,5,0,0,3,198
064415002,16,24,3,155,4,0,0,2,204
064415003,61,46,31,260,4,1,0,2,405
064415004,25,19,20,131,7,2,0,0,204
064415005,20,14,15,140,5,0,0,5,199
064415006,37,23,20,154,0,0,0,1,235
064415007,13,34,24,101,6,1,0,0,179
064415008,43,29,48,112,3,0,0,0,235
064415009,22,28,59,133,9,1,0,0,252
064415010,43,41,44,120,11,0,0,4,263
064415101,22,22,271,270,8,2,0,1,596
064415102,21,28,60,135,13,3,0,0,260
064415103,22,5,12,170,1,0,1,0,211
064415104,23,29,26,205,9,0,0,0,292
064415105,40,63,52,235,9,1,0,2,402
064415106,3,5,3,153,9,2,0,3,178
064415107,28,23,12,178,1,2,0,2,246
064415108,51,36,10,182,3,0,0,0,282
064415109,22,27,52,112,2,0,0,0,215
064415110,28,11,36,96,0,0,0,0,171
064415111,47,22,26,148,3,1,0,0,247
064415112,19,13,7,137,1,0,0,0,177
064415113,16,18,21,154,4,0,0,0,213
064415114,33,14,13,166,1,0,0,0,227
064415115,7,20,19,163,4,0,0,0,213
064415116,12,15,18,108,4,0,0,3,160
064415117,60,48,34,260,16,0,1,2,421
064415118,52,24,23,227,5,0,0,2,333
064415201,9,6,100,176,3,0,0,2,296
064415202,11,38,19,180,5,1,0,0,254
064415203,12,29,28,129,2,1,0,3,204
064415204,34,30,21,250,15,1,0,1,352
064415205,10,24,25,200,14,0,0,1,274
064415206,13,19,29,101,7,0,0,2,171
064415207,27,32,64,190,5,1,0,2,321
064415208,14,31,57,177,4,0,0,0,283
064415209,18,16,43,103,3,0,0,3,186
064415210,21,59,45,120,4,0,0,3,252
064415301,41,28,39,98,5,0,0,3,214
064415302,31,34,124,178,5,1,0,4,377
064415303,7,22,38,122,2,0,0,0,191
064415304,20,25,69,173,9,0,0,1,297
064415305,20,24,16,310,9,4,1,4,388
064415306,56,16,16,140,4,0,0,2,234
064415307,12,30,22,140,7,0,0,3,214
064415308,37,37,57,139,5,0,0,0,275
064415309,25,39,82,206,11,0,1,5,369
064415310,21,73,17,258,17,1,0,4,391
064415401,13,37,54,186,8,0,0,1,299
064415402,10,42,10,183,3,1,1,14,264
064415403,6,60,101,119,2,0,0,0,288
064415404,27,21,110,86,6,0,0,0,250
064415405,23,21,149,184,10,0,0,0,387
064415406,8,12,79,52,3,0,0,0,154
064415407,21,11,114,99,6,0,0,1,252
064415408,11,10,119,26,1,0,1,0,168
064415409,12,12,87,99,2,0,0,2,214
064415410,9,31,74,173,4,0,0,2,293
064415411,20,15,70,84,5,0,0,0,194
064415412,15,17,87,175,10,1,0,3,308
064415413,3,15,19,83,5,1,0,0,126
064415414,20,25,29,166,4,0,0,1,245
064415415,24,30,7,129,7,1,0,6,204
064415416,15,25,28,161,11,0,0,0,240
064415417,30,21,51,233,18,0,0,1,354
064415418,16,13,102,180,5,0,0,2,318
064415501,26,35,47,357,18,3,0,1,487
064415502,27,41,52,342,22,1,2,9,496
064415503,7,19,21,158,7,0,0,0,212
064415504,16,10,27,167,8,0,1,1,230
064415505,9,26,57,219,9,1,0,0,321
064415506,11,27,109,179,8,0,1,0,335
064415507,14,18,86,121,4,0,0,0,243
064415508,13,37,170,109,5,0,0,0,334
064415509,14,31,16,176,7,1,0,1,246
064415510,18,9,8,90,4,0,0,1,130
064415511,4,7,14,173,7,0,0,0,205
064415601,5,19,138,100,5,1,1,0,269
064415602,7,20,133,206,2,0,0,1,369
064415603,10,19,73,86,3,0,0,1,192
064415604,12,23,123,103,4,0,0,0,265
064415605,27,27,162,176,11,0,0,0,403
064415606,13,37,120,209,6,3,1,0,389
064415607,16,19,127,124,10,0,0,0,296
064415608,18,43,172,181,11,0,0,1,426
064415701,0,3,3,34,1,0,0,0,41
064415702,21,19,85,122,7,1,0,0,255
064415703,6,16,13,148,8,0,0,1,192
064415704,12,24,71,125,9,0,0,0,241
064415705,20,26,59,237,20,2,0,0,364
064415706,14,32,94,261,9,0,0,0,410
064415707,43,30,49,316,13,0,0,3,454
064415708,12,18,51,197,8,2,0,1,289
064415709,14,9,21,188,8,3,0,2,245
064415710,7,24,17,182,6,2,1,1,240
064415711,17,33,86,192,9,1,1,1,340
064415712,14,33,132,159,6,0,0,0,344
064415713,9,17,89,122,3,0,0,4,244
064415801,22,11,156,56,2,0,0,0,247
064415802,8,17,145,67,4,1,0,1,243
064415803,14,24,112,123,3,0,0,0,276
064415804,7,10,103,57,3,0,0,0,180
064415805,12,9,92,52,3,0,0,0,168
064415806,5,17,111,59,5,0,0,0,197
064415807,18,22,70,106,4,1,0,7,228
064415808,7,15,92,70,9,0,0,0,193
064415901,10,13,89,102,14,0,0,0,228
064415902,8,18,86,122,4,0,0,0,238
064415903,10,19,74,92,8,0,0,1,204
064415904,11,23,142,100,6,0,0,0,282
064415905,23,18,98,102,3,0,0,2,246
064415906,16,12,108,81,6,0,0,1,224
064415907,21,17,74,189,0,1,0,0,302
064415908,10,27,59,233,8,0,0,0,337
064415909,7,20,117,113,10,0,0,0,267
064415910,10,36,98,226,12,0,2,1,385
064416001,26,25,110,178,18,1,1,5,364
064416002,16,22,87,95,5,0,0,0,225
064416003,24,30,56,139,6,0,1,1,257
064416004,30,43,47,239,16,0,1,6,382
064416005,43,36,35,264,14,4,0,5,401
064416006,6,13,64,153,8,0,0,3,247
064416007,15,24,36,204,7,2,1,1,290
064416008,11,20,65,118,6,1,0,2,223
064416009,20,16,43,257,5,0,0,4,345
064416010,17,13,102,153,5,1,0,0,291
064416101,39,178,0,4,0,0,0,31,252
064416102,7,30,55,116,5,0,0,0,213
064416103,11,30,31,143,11,1,0,0,227
064416104,14,20,38,147,8,0,0,0,227
064416105,10,39,116,116,7,0,0,0,288
064416106,26,50,70,214,6,2,0,2,370
064416107,6,16,102,132,7,0,0,1,264
064416108,1,17,26,49,2,0,0,0,95
064416109,8,14,62,138,3,0,1,2,228
064416110,7,19,36,141,9,1,1,6,220
064416111,2,23,82,149,6,1,0,1,264
064416112,6,11,112,102,7,1,4,2,245
064416201,3,9,40,51,8,0,0,0,111
064416202,9,23,25,191,9,1,1,0,259
064416203,8,25,23,167,4,0,0,1,228
064416204,29,27,37,169,12,2,0,5,281
064416205,8,10,17,30,0,0,0,0,65
064416206,86,196,0,1,0,1,0,2,286
064416207,12,18,57,107,5,2,0,1,202
064416208,11,39,78,193,9,1,0,0,331
064416209,10,30,44,106,5,1,0,1,197
064416210,13,17,52,95,2,1,2,1,183
064416211,43,22,67,286,14,2,0,3,437
064416212,9,12,35,113,8,0,0,0,177
064416213,52,17,14,256,5,2,2,3,351
064416301,24,25,65,94,5,1,0,2,216
064416302,3,17,98,95,6,0,0,0,219
064416303,7,22,95,136,8,1,1,4,274
064416304,16,18,25,213,16,3,1,1,293
064416305,5,9,41,118,6,0,0,1,180
064416306,7,28,69,138,7,0,0,3,252
064416307,10,22,100,80,12,0,0,1,225
064416308,2,14,23,131,13,1,0,0,184
064416309,2,5,34,94,5,0,0,0,140
064416310,9,14,23,167,9,0,0,0,222
064416311,6,10,25,88,8,1,1,1,140
064416401,20,41,30,289,18,3,0,1,402
064416402,11,11,3,109,3,0,0,3,140
064416403,13,4,4,107,3,1,0,5,137
064416404,17,7,2,109,8,3,2,10,158
064416405,17,6,3,100,3,1,1,5,136
064416406,13,11,5,111,9,1,0,5,155
064416407,13,20,33,89,2,0,0,0,157
064416408,1,15,8,22,2,0,0,0,48
064416409,32,15,14,313,7,3,4,7,395
064416410,0,1,7,28,1,0,0,0,37
064416411,8,13,18,140,5,0,1,0,185
064416412,12,11,7,86,6,0,0,0,122
064416413,19,13,18,39,2,0,0,0,91
064416414,6,9,36,109,1,2,0,1,164
064416415,16,23,44,221,22,2,1,0,329
064416416,7,13,25,100,3,0,1,1,150
064416417,23,16,11,151,12,1,0,4,218
064416418,22,29,58,59,9,0,0,0,177
064416419,8,13,52,217,23,5,1,10,329
064416501,7,9,24,113,13,1,0,2,169
064416502,14,15,20,117,4,1,2,6,179
064416503,30,8,6,99,10,6,6,13,178
064416504,3,8,3,22,2,1,0,1,40
064416505,9,3,6,43,4,4,2,1,72
064416506,10,3,4,56,16,5,1,3,98
064416507,3,7,9,41,1,0,2,1,64
064416508,1,7,6,27,1,1,2,0,45
064416509,15,3,33,135,26,53,7,6,278
064416510,55,75,29,233,21,12,7,10,442
064416511,19,16,38,209,28,6,1,9,326
064416512,2,7,24,65,0,0,0,1,99
064416513,12,6,15,95,10,3,0,9,150
064416514,8,15,17,150,13,1,1,1,206
064416515,13,23,22,239,9,2,1,3,312
064416516,24,18,15,195,3,0,0,8,263
064416517,23,20,32,237,10,0,1,1,324
064416518,18,11,1,146,3,2,0,5,186
064416519,44,10,9,254,12,15,2,6,352
064416520,56,8,9,112,11,6,4,3,209
064416521,3,3,15,84,1,0,5,2,113
064416601,25,22,5,148,9,3,26,0,238
064416602,18,16,12,180,10,2,0,3,241
064416603,67,16,15,317,14,9,11,23,472
064416604,0,1,240,43,15,0,1,6,306
064416605,1,2,0,14,2,0,0,0,19
064416606,11,6,13,215,13,1,1,1,261
064416607,32,47,36,263,9,0,1,2,390
064416608,11,21,41,214,7,1,0,0,295
064416609,22,17,20,246,2,0,4,0,311
064416610,12,14,42,142,3,0,1,5,219
064416611,14,36,62,243,13,0,1,3,372
064416612,27,33,24,244,6,1,2,0,337
064416613,15,11,7,163,3,2,1,2,204
064416614,46,13,13,145,7,0,8,3,235
064416615,96,10,4,260,13,8,7,1,399
064416616,20,14,22,190,11,2,4,3,266
064416617,46,13,26,215,17,6,19,11,353
064416618,41,21,20,192,12,1,2,4,293
064416701,11,2,3,100,2,2,0,2,122
064416702,4,1,2,33,1,0,0,1,42
064416703,11,11,26,37,2,0,0,0,87
064416704,28,3,6,61,5,0,4,1,108
064416801,11,21,6,182,9,2,0,1,232
064416802,33,41,53,286,21,1,0,11,446
064416803,8,19,31,172,6,0,0,2,238
064416804,15,16,27,151,24,0,0,0,233
064416805,103,119,16,112,3,1,0,2,356
064416806,13,10,6,123,6,4,0,0,162
064416807,6,9,19,108,19,2,0,3,166
064416808,2,10,22,101,8,0,0,3,146
064416809,3,10,23,99,6,0,0,0,141
064416810,4,2,10,54,2,0,0,0,72
064416811,2,11,6,77,7,0,6,2,111
064416812,3,2,15,71,2,0,2,1,96
064416813,1,1,5,27,1,1,0,0,36
064416814,11,5,4,160,4,1,1,0,186
064416815,13,2,15,107,5,3,0,2,147
064416816,9,5,6,129,10,4,0,4,167
064416817,4,1,4,26,2,1,1,0,39
064416901,11,32,14,280,7,0,0,0,344
064416902,23,26,19,254,13,1,2,1,339
064416903,21,20,28,233,22,0,0,2,326
064416904,34,32,14,278,24,4,2,14,402
064416905,12,36,17,228,7,3,0,7,310
064416906,65,28,30,322,10,3,0,0,458
064416907,17,15,5,183,6,0,0,1,227
064416908,20,34,7,269,10,2,0,7,349
064416909,62,30,7,229,10,5,0,7,350
064416910,78,102,3,41,7,1,0,0,232
064416911,18,35,22,224,12,4,1,3,319
064416912,5,5,5,90,9,0,0,1,115
064417001,19,47,46,287,19,1,0,5,424
064417002,12,21,14,207,5,1,0,0,260
064417003,10,27,13,173,1,0,0,0,224
064417004,56,51,21,311,17,1,0,0,457
064417005,29,26,12,269,6,0,1,3,346
064417006,27,62,7,179,9,11,2,1,298
064417007,21,5,24,156,13,3,1,1,224
064417101,2,2,7,29,7,0,0,0,47
064480101,2,1,11,97,1,0,0,0,112
064480102,0,0,0,8,0,0,0,0,8
064480103,0,1,0,12,1,0,0,0,14
064480201,0,0,0,10,0,0,0,0,10
064480202,0,0,0,6,0,0,0,0,6
064480203,0,0,0,16,0,0,0,0,16
064480301,0,0,0,7,0,0,0,0,7
064480302,0,0,0,5,0,0,0,0,5
064480303,0,1,0,4,0,0,0,0,5
064480401,2,1,0,5,0,0,0,1,9
064480402,0,0,0,4,0,0,0,0,4
064480403,0,0,0,0,0,0,0,0,0
064480501,0,0,0,11,0,0,0,0,11
064480502,0,2,0,6,0,0,0,0,8
064480503,0,0,0,4,0,0,0,0,4
064480601,14,56,62,264,62,0,0,6,464
064480602,15,47,10,282,3,0,0,0,357
064480603,14,33,4,179,18,1,1,0,250
064480604,15,63,16,160,1,0,0,0,255
064480605,3,40,4,150,4,0,0,0,201
064480606,14,20,3,249,46,0,0,1,333
064480607,24,49,10,193,7,2,0,0,285
064480608,15,52,16,298,4,0,0,0,385
064480609,14,8,9,198,1,0,0,0,230
064480610,2,1,1,57,2,0,0,0,63
064480611,0,1,0,3,1,0,0,1,6
064480612,0,0,0,32,0,0,0,0,32
064480613,0,0,0,2,0,0,0,0,2
064480614,26,15,1,138,66,0,0,0,246
064480701,0,0,0,10,0,0,0,0,10
064480702,0,0,0,1,0,0,0,0,1
064480703,0,0,0,5,0,0,0,0,5
064480801,4,1,0,0,0,0,0,0,5
064480802,0,1,1,4,1,1,0,0,8
064480803,0,0,0,8,0,0,0,0,8
064480901,0,0,0,5,0,0,0,0,5
064480902,0,0,0,8,0,0,0,0,8
064480903,0,0,0,3,0,0,0,0,3
064480904,0,1,0,4,0,0,1,0,6
064481001,0,0,1,5,0,0,0,0,6
064481002,0,0,0,7,0,0,0,0,7
064481003,0,0,0,3,0,0,0,0,3
064481004,0,0,0,3,0,0,0,0,3
064481101,0,0,0,6,0,0,0,0,6
064481102,0,0,0,10,0,0,0,0,10
064481103,0,0,0,6,0,0,0,0,6
064481201,0,0,0,7,0,0,0,0,7
064481202,0,0,0,5,0,0,0,0,5
064481203,0,0,1,6,1,0,0,0,8
064481204,0,0,0,3,1,0,0,0,4
064481205,0,0,0,15,1,0,0,0,16
064481206,0,0,0,4,0,0,0,0,4
064550101,2,1,10,296,3,1,1,0,314
064550102,9,5,26,219,9,1,0,1,270
064550103,12,29,30,177,3,0,0,0,251
064550104,8,10,19,187,2,0,0,0,226
064550105,7,7,11,231,2,0,0,0,258
064550106,9,6,49,215,7,1,1,0,288
064550107,1,1,3,169,6,0,1,2,183
064550108,25,9,4,214,8,1,0,3,264
064550109,3,10,18,223,9,0,0,0,263
064550110,17,13,21,212,7,0,0,1,271
064550111,3,4,1,130,4,0,0,1,143
064550112,8,5,13,155,3,1,0,1,186
064550113,5,8,73,124,1,0,0,0,211
064550114,5,3,8,238,1,0,2,0,257
064550115,9,2,55,84,4,0,0,0,154
064550201,0,2,3,27,0,0,0,0,32
064550301,0,1,6,38,2,0,0,0,47
064550401,0,0,6,72,1,0,1,0,80
064550501,0,0,2,24,1,0,0,0,27
064550601,0,1,5,53,0,0,0,2,61
064550602,0,1,0,17,0,0,0,0,18
064550603,0,0,2,38,0,0,0,0,40
064550604,0,2,0,51,2,1,0,0,56
064550605,0,0,0,22,0,0,0,0,22
064550606,0,0,1,13,1,0,0,0,15
064550607,0,1,1,52,1,0,0,0,55
064550701,1,0,6,56,2,0,1,0,66
064550801,0,0,0,18,0,0,0,0,18
064550802,0,0,0,26,0,0,0,0,26
064550901,0,1,0,34,1,0,0,0,36
064551001,0,0,1,24,0,0,0,0,25
064551101,1,2,5,50,1,0,0,0,59
064551201,0,0,1,60,1,0,0,0,62
064551301,1,0,4,130,10,1,1,0,147
064551401,6,2,153,149,2,0,0,8,320
064551402,9,0,12,398,8,0,0,0,427
064551403,2,0,5,133,2,1,1,0,144
064551404,8,3,19,126,3,0,1,0,160
064551405,5,4,11,255,4,0,0,1,280
064551406,6,11,18,284,1,0,0,1,321
064551407,7,10,28,259,2,0,0,0,306
064551408,4,6,17,292,8,1,1,0,329
064551409,0,1,4,70,2,0,0,0,77
064551410,2,5,9,252,14,0,1,1,284
064551411,2,2,3,208,1,0,0,0,216
064551412,3,8,55,288,1,0,0,0,355
064551413,7,13,15,282,4,0,0,0,321
064551414,8,12,16,205,1,0,0,0,242
064620101,1,1,0,10,0,0,0,0,12
064620201,0,1,1,29,1,0,1,0,33
064620202,0,0,1,10,0,0,0,1,12
064620203,0,2,0,5,0,0,0,0,7
064620301,0,0,0,8,1,0,0,0,9
064620401,3,22,4,81,1,0,0,0,111
064620402,33,46,23,170,3,1,0,0,276
064620403,36,87,12,255,2,0,0,0,392
064620404,0,2,3,33,0,0,0,0,38
064620405,0,3,3,30,0,0,0,0,36
064620406,8,14,2,85,1,0,0,0,110
064620501,0,0,0,6,0,0,0,0,6
064620502,0,2,0,10,0,0,0,0,12
064620601,3,9,1,91,0,0,0,0,104
064620602,0,3,0,5,0,0,0,0,8
064620603,0,1,1,16,0,0,0,0,18
064620604,1,1,0,11,0,0,0,0,13
064620605,0,2,1,11,1,0,0,0,15
064620701,17,54,39,186,21,1,0,1,319
064620702,29,73,18,164,7,0,0,1,292
064620703,46,110,41,190,8,0,0,3,398
064620704,14,54,27,197,6,0,0,4,302
064620705,31,93,36,148,3,0,0,1,312
064620706,31,100,14,292,8,1,0,0,446
064620707,22,85,10,278,5,0,0,1,401
064620708,11,79,25,161,5,0,0,1,282
064620709,0,2,0,6,1,0,0,0,9
064620710,2,3,1,34,0,0,0,0,40
064620711,0,2,0,6,0,0,0,0,8
064620712,0,0,0,3,0,0,0,0,3
064620801,3,2,3,18,3,0,0,0,29
064620802,2,11,9,299,6,0,0,0,327
064620901,0,2,0,11,0,0,0,0,13
064621001,1,3,0,16,0,0,0,0,20
064621002,8,40,8,285,3,0,2,0,346
064621101,0,1,2,12,1,0,0,0,16
064621102,0,1,0,7,0,0,0,0,8
064621201,1,26,0,83,0,2,0,0,112
064621202,39,129,34,227,7,0,0,8,444
064621203,38,66,22,174,3,0,0,0,303
064621204,0,0,0,8,0,0,0,0,8
064621205,3,1,5,84,1,0,0,4,98
064621206,0,0,0,13,0,0,0,0,13
064621207,0,2,0,20,0,0,0,0,22
064690101,11,31,9,215,4,0,0,0,270
064690102,14,52,40,237,1,2,0,0,346
064690103,2,30,12,190,2,0,0,0,236
064690104,34,63,42,316,6,0,0,0,461
064690105,5,43,9,173,16,0,0,0,246
064690106,36,78,28,224,1,0,0,0,367
064690107,28,88,20,119,4,1,0,2,262
064690108,19,53,46,231,5,0,0,1,355
064690109,9,43,20,357,4,0,0,2,435
064690110,2,14,2,213,6,1,0,0,238
064690111,11,15,64,202,5,0,0,0,297
064690112,11,24,38,143,2,0,0,0,218
064690113,12,34,20,182,11,0,0,2,261
064690114,15,28,5,203,9,1,0,1,262
064690201,20,46,41,171,2,0,0,0,280
064690202,13,63,41,217,9,0,0,2,345
064690203,5,20,5,290,1,0,0,0,321
064690204,6,51,74,260,3,0,0,0,394
064690205,37,59,32,163,2,0,0,3,296
064690206,15,45,49,106,0,0,0,1,216
064690207,11,53,51,200,4,0,0,0,319
064690208,14,45,47,281,6,0,0,1,394
064690209,6,25,11,157,7,0,0,0,206
064690210,1,20,11,240,4,1,1,1,279
064690211,1,12,15,229,5,0,0,0,262
064690212,0,7,1,250,6,0,0,0,264
064690213,5,26,28,117,3,0,0,3,182
064690214,2,20,6,246,3,0,0,0,277
064690301,0,1,3,32,0,0,0,3,39
064690302,0,2,0,9,1,0,0,0,12
064690303,0,2,1,4,1,0,0,2,10
064690304,1,1,2,22,0,0,1,0,27
064690305,1,3,0,6,0,0,0,0,10
064690306,1,4,1,8,0,0,0,3,17
064690401,3,4,7,179,7,1,0,0,201
064690402,0,4,1,13,2,0,0,0,20
064690403,1,1,1,5,1,0,0,0,9
064690404,0,0,2,12,0,0,0,0,14
064690405,0,0,0,12,0,0,0,0,12
064690406,0,0,1,13,1,0,0,0,15
064690501,1,0,0,10,0,0,0,0,11
064690502,0,0,1,2,1,0,0,0,4
064690503,0,0,1,7,0,0,0,0,8
064690504,0,1,0,5,0,0,0,0,6
064690601,11,9,30,201,2,1,0,1,255
064690602,19,6,188,187,10,2,1,0,413
064690603,1,13,9,219,0,0,0,1,243
064690604,0,3,0,141,3,1,0,0,148
064690605,6,7,75,278,11,0,1,10,388
064690606,1,7,50,296,5,0,0,3,362
064690701,0,2,0,7,0,0,0,1,10
064690702,2,0,0,5,0,0,0,0,7
064690703,0,0,0,15,0,0,0,0,15
064690801,1,3,9,209,5,0,0,1,228
064690802,1,3,2,40,2,0,0,1,49
064690803,0,1,0,22,0,0,0,0,23
064690804,3,3,3,29,0,0,0,0,38
064690805,0,2,1,17,3,0,0,0,23
064690806,12,0,1,19,0,0,0,0,32
064690807,2,12,6,158,8,1,0,1,188
064690901,4,29,15,189,4,0,1,0,242
064690902,0,1,0,9,0,0,0,0,10
064690903,1,2,13,79,19,0,0,0,114
064690904,1,0,0,9,0,0,0,1,11
064690905,0,1,0,5,0,0,0,0,6
064690906,0,0,3,12,0,0,0,0,15
064690907,0,0,2,12,0,0,0,0,14
064690908,0,2,0,16,0,0,0,0,18
064690909,5,25,16,196,7,0,0,0,249
064691001,8,8,6,102,1,0,0,0,125
064691002,0,4,2,75,0,0,0,0,81
064691003,2,3,0,21,0,0,0,0,26
064691004,1,2,0,16,2,0,0,0,21
064691005,0,0,0,3,0,0,0,0,3
064691006,0,0,0,4,0,0,0,0,4
064691007,9,4,3,153,2,0,0,0,171
064691101,1,6,2,84,0,1,0,0,94
064691102,0,2,2,5,1,0,0,0,10
064691103,0,0,0,5,0,0,0,0,5
064691104,0,1,1,11,0,0,0,0,13
064691105,0,2,0,6,2,0,0,0,10
064691106,6,8,31,140,0,0,0,1,186
064691107,0,1,1,26,1,0,0,0,29
064691201,0,0,0,8,0,0,0,0,8
064691202,0,1,0,7,0,0,1,0,9
064691203,2,0,0,10,0,0,0,0,12
064691204,0,0,0,10,0,0,0,0,10
064691301,2,29,25,206,2,1,0,0,265
064691302,15,51,18,343,6,0,0,2,435
064691303,0,0,5,25,0,1,0,0,31
064691304,0,0,1,10,0,0,0,0,11
064691305,0,2,5,112,1,0,0,0,120
064691306,0,1,0,16,0,0,0,0,17
064691307,2,21,10,223,2,0,0,1,259
064691401,0,0,0,16,1,0,0,0,17
064691402,0,0,0,9,1,0,0,0,10
064691403,2,2,3,17,0,0,0,0,24
064691404,0,0,1,10,1,0,0,0,12
064691501,12,15,15,278,4,0,0,0,324
064691502,0,0,5,8,0,0,0,0,13
064691503,0,0,0,4,0,0,0,0,4
064691504,0,0,0,2,0,0,0,0,2
064691505,0,0,0,4,0,0,0,0,4
064691506,0,1,0,15,0,0,0,0,16
064691507,1,1,2,59,2,0,0,3,68
064691508,7,12,10,240,4,0,0,1,274
064760101,3,0,6,217,7,0,0,0,233
064760102,18,17,64,165,28,0,0,0,292
064760103,13,10,28,129,14,0,0,0,194
064760104,20,8,18,140,4,0,0,0,190
064760105,10,28,26,136,9,0,0,0,209
064760106,7,5,32,196,17,1,0,2,260
064760107,15,9,31,193,17,0,0,0,265
064760108,9,5,11,205,64,0,0,2,296
064760201,6,4,55,312,30,0,0,0,407
064760202,8,3,5,39,0,0,0,0,55
064760203,0,0,11,30,1,0,0,0,42
064760204,0,0,11,13,1,0,0,0,25
064760205,0,1,1,33,1,0,0,0,36
064760206,0,0,6,17,0,0,0,0,23
064760207,0,2,0,22,1,0,0,0,25
064760208,1,0,1,17,1,0,0,0,20
064760301,3,0,1,25,0,0,0,0,29
064760302,2,0,3,13,0,0,0,0,18
064760303,0,0,2,8,0,0,0,0,10
064760401,0,0,0,7,0,0,0,0,7
064760402,1,0,0,4,3,0,0,0,8
064760403,0,1,1,5,0,0,0,0,7
064760404,0,1,0,12,2,0,0,0,15
064760501,0,0,3,15,3,0,0,0,21
064760502,1,1,1,23,0,0,0,0,26
064760503,4,0,3,9,0,0,0,0,16
064760504,0,0,4,9,2,0,0,0,15
064760505,1,0,1,9,0,0,0,0,11
064760601,0,1,1,7,0,0,0,0,9
064760602,0,0,0,11,1,0,0,0,12
064760603,2,0,12,20,3,0,0,0,37
064760604,0,1,0,4,2,0,0,0,7
064760701,1,2,5,84,4,0,0,0,96
064760702,0,0,1,47,0,0,0,0,48
064760703,4,0,3,70,4,0,0,1,82
064760704,2,1,2,33,8,0,0,0,46
064760705,5,2,3,40,1,0,0,0,51
064760706,0,0,0,5,1,0,0,0,6
064760707,2,2,2,118,8,1,0,0,133
064760708,5,8,2,152,15,0,0,0,182
064760709,1,0,0,14,0,0,0,0,15
064760801,0,0,3,13,3,0,0,0,19
064760802,1,0,0,11,5,0,0,0,17
064760803,0,0,1,13,0,0,0,0,14
064760804,4,0,1,11,1,0,0,0,17
064760901,0,0,1,18,0,0,0,0,19
064760902,1,0,0,15,0,0,0,0,16
064760903,0,1,1,12,1,1,0,0,16
064760904,0,0,1,5,2,0,0,0,8
064760905,0,0,2,5,0,0,0,0,7
064761001,0,0,3,25,2,0,0,0,30
064761002,0,0,3,6,1,0,0,0,10
064761003,1,0,0,9,0,0,0,0,10
064761101,1,0,1,6,2,0,0,0,10
064761102,1,0,2,18,3,0,0,0,24
064761103,0,0,2,15,3,0,0,0,20
064761104,0,0,0,8,0,0,0,0,8
064761105,0,1,2,12,4,0,0,0,19
064761201,2,0,0,1,0,0,0,0,3
064761202,2,2,0,17,5,0,0,0,26
064761203,0,0,0,16,10,0,0,0,26
064761204,0,0,9,10,2,0,0,0,21
064761205,0,2,5,7,12,0,0,0,26
064761206,0,0,1,19,7,0,0,0,27
064761301,0,1,2,30,5,0,0,0,38
064761401,5,3,6,192,27,0,0,9,242
064761402,23,2,3,234,20,0,0,1,283
064761403,21,11,23,254,12,0,0,1,322
064761404,9,10,10,208,20,0,0,0,257
064761405,14,10,14,166,15,0,0,1,220
064761406,18,7,18,156,9,0,0,0,208
064761407,19,7,11,105,5,0,1,0,148
064761408,16,7,15,253,18,0,0,3,312
064830101,27,25,45,350,8,0,0,1,456
064830102,8,23,22,299,12,2,0,2,368
064830103,27,23,48,284,5,0,0,1,388
064830104,12,30,15,191,4,0,0,1,253
064830105,21,28,17,208,3,0,0,0,277
064830106,22,25,21,223,5,1,2,8,307
064830107,18,79,13,103,2,0,0,0,215
064830108,11,33,19,171,3,0,0,0,237
064830109,17,19,9,229,5,0,0,1,280
064830110,12,45,21,220,4,1,0,3,306
064830111,9,19,39,180,10,0,0,0,257
064830112,4,12,20,161,8,0,0,0,205
064830113,4,8,14,209,8,0,0,0,243
064830114,3,4,13,272,8,0,0,0,300
064830115,1,8,7,190,7,0,0,1,214
064830116,2,10,10,181,21,0,0,0,224
064830117,4,9,12,246,4,3,0,0,278
064830118,8,11,16,199,4,0,0,1,239
064830201,0,1,2,9,1,0,0,0,13
064830202,0,1,2,30,0,0,0,0,33
064830203,1,0,1,19,1,0,0,0,22
064830301,0,3,1,87,3,0,0,0,94
064830302,2,5,4,68,7,0,0,1,87
064830303,6,4,11,47,4,0,0,1,73
064830304,8,2,3,38,1,1,0,0,53
064830401,5,3,10,458,19,12,0,5,512
064830402,4,8,10,151,6,0,0,1,180
064830403,6,3,10,132,3,0,0,0,154
064830404,3,8,18,324,9,0,0,1,363
064830405,2,4,21,240,7,0,0,0,274
064830406,0,2,8,88,9,2,0,0,109
064830407,12,25,9,302,24,0,0,0,372
064830408,6,14,44,188,7,0,0,0,259
064830409,5,8,34,240,3,0,1,1,292
064830410,5,6,9,161,2,0,0,0,183
064830411,8,12,10,164,7,0,0,0,201
064830412,15,12,12,227,2,0,0,3,271
064830413,18,15,9,345,10,0,0,0,397
064830414,5,6,79,174,4,0,0,1,269
064830415,4,9,11,292,10,0,0,0,326
064830416,1,6,6,203,7,0,0,5,228
064830417,1,2,10,101,3,0,0,1,118
064830501,11,8,31,285,5,1,0,0,341
064830502,0,1,1,38,1,0,1,0,42
064830503,1,2,0,53,1,0,0,0,57
064830504,0,0,1,61,9,0,0,0,71
064830505,0,0,0,40,2,0,0,0,42
064830506,0,0,1,8,0,0,0,0,9
064830601,0,0,4,26,2,0,0,0,32
064830602,2,10,24,80,2,0,0,1,119
064830701,1,3,1,106,1,0,0,0,112
064830702,1,0,1,47,1,0,0,0,50
064830703,0,2,2,26,0,0,0,0,30
064830704,0,0,0,8,0,0,0,0,8
064830705,2,4,2,9,0,0,0,0,17
064830706,0,0,3,24,3,0,0,0,30
064830801,1,5,18,79,3,0,0,0,106
064830802,2,0,4,37,0,0,0,0,43
064830803,0,3,1,25,1,0,0,0,30
064830804,2,0,2,32,0,0,0,0,36
064830805,1,0,1,12,2,0,0,0,16
064830806,5,6,9,112,5,0,0,0,137
064830901,3,8,8,62,6,0,0,0,87
064830902,0,1,3,37,0,0,0,0,41
064830903,0,5,9,56,4,0,0,0,74
064830904,0,1,10,22,0,0,0,1,34
064830905,0,0,3,35,1,0,0,0,39
064830906,0,0,9,19,0,0,0,0,28
064830907,0,1,1,23,1,0,1,0,27
064830908,6,9,18,45,6,0,0,1,85
064831001,0,0,0,29,0,0,0,0,29
064831002,3,0,4,40,0,0,0,0,47
064970101,17,83,67,209,5,0,0,0,381
064970102,8,53,17,117,7,0,0,0,202
064970103,22,25,15,139,3,0,0,0,204
064970104,41,39,53,174,5,0,0,1,313
064970105,13,43,32,201,5,0,0,1,295
064970106,27,51,45,200,4,0,0,0,327
064970107,10,29,39,132,4,0,0,0,214
064970108,9,56,45,114,4,0,0,1,229
064970109,8,14,8,137,9,0,0,20,196
064970110,9,36,16,186,6,0,0,0,253
064970111,8,24,45,196,5,0,0,0,278
064970112,5,16,3,219,8,1,0,0,252
064970201,9,6,8,128,10,1,4,1,167
064970202,1,1,1,19,0,0,0,0,22
064970203,1,2,2,29,5,0,2,0,41
064970204,1,0,1,18,0,0,0,0,20
064970205,1,0,1,5,1,0,0,0,8
064970206,0,1,1,13,2,0,0,0,17
064970207,3,0,2,36,5,0,1,0,47
064970301,0,1,1,5,2,0,0,0,9
064970302,31,29,21,259,27,1,0,1,369
064970303,12,24,19,157,17,1,1,0,231
064970304,0,1,0,23,0,0,0,0,24
064970305,5,6,137,58,7,0,0,0,213
064970306,7,11,18,156,7,1,3,2,205
064970307,9,19,2,386,11,0,5,0,432
064970308,4,9,5,315,14,0,1,2,350
064970309,4,6,1,142,8,0,4,0,165
064970310,4,7,2,94,11,0,0,0,118
064970311,7,17,8,237,10,0,3,1,283
064970312,12,17,58,233,47,2,1,1,371
064970401,1,4,6,17,6,0,0,0,34
064970402,0,2,6,48,4,0,0,0,60
064970403,4,11,7,76,10,0,2,0,110
064970404,13,25,15,152,12,0,1,0,218
064970405,4,9,19,123,16,0,1,9,181
064970406,10,16,26,117,8,0,0,5,182
064970407,5,18,19,140,11,0,0,2,195
064970408,5,5,7,82,1,1,1,1,103
064970409,13,8,15,163,15,2,1,1,218
064970410,5,20,15,175,18,0,1,0,234
064970501,6,10,44,168,2,0,0,0,230
064970502,15,32,20,146,4,0,0,1,218
064970503,54,100,23,144,4,0,0,0,325
064970504,12,12,1,280,17,0,9,3,334
064970505,13,13,3,362,12,4,6,0,413
064970506,13,18,6,302,18,6,11,0,374
064970507,33,33,10,259,10,0,0,0,345
064970508,8,34,16,263,5,1,0,0,327
064970509,13,52,32,292,20,0,0,0,409
064970510,24,36,61,295,10,1,1,1,429
064970511,10,10,77,265,4,1,2,1,370
064970512,22,29,11,229,28,0,1,2,322
064970513,15,53,34,242,7,0,1,0,352
064970601,9,25,28,262,12,0,2,0,338
064970602,24,26,39,237,5,1,0,0,332
064970603,2,11,6,122,21,2,0,0,164
064970604,18,49,37,182,8,0,1,0,295
064970605,15,21,63,189,19,0,0,0,307
064970606,4,4,5,84,3,0,0,0,100
064970607,27,18,28,262,21,1,2,2,361
064970608,2,2,2,19,1,0,0,0,26
064970609,7,21,20,132,8,0,0,0,188
064970610,15,6,8,169,6,0,0,1,205
064970611,4,18,80,82,4,0,1,0,189
064970612,3,1,3,54,3,0,0,0,64
064970613,3,18,21,132,17,1,4,3,199
064970614,0,8,22,86,10,0,6,1,133
064970701,48,59,45,138,7,0,0,0,297
064970702,18,25,2,82,0,0,0,0,127
064970703,18,50,9,68,2,0,0,0,147
064970704,32,27,8,71,4,0,0,0,142
064970705,30,38,23,211,4,0,0,0,306
064970706,56,103,8,122,1,0,0,1,291
064970707,25,55,0,73,2,0,0,0,155
064970708,37,48,30,177,3,0,0,0,295
064970709,3,35,34,130,4,0,0,1,207
064970710,46,23,23,136,9,0,0,1,238
064970801,94,80,1,42,2,0,0,0,219
064970802,5,11,17,234,6,0,2,0,275
064970803,7,8,34,166,14,1,1,1,232
064970804,1,5,12,50,2,0,0,1,71
064970805,1,0,9,36,2,0,0,0,48
064970806,6,11,7,183,5,0,0,1,213
064970807,9,10,9,200,6,0,0,0,234
064970808,0,12,9,56,2,0,0,0,79
064970809,10,8,14,234,25,0,3,3,297
064970810,5,18,10,260,5,0,0,0,298
064970811,11,29,20,335,11,0,0,0,406
064970812,12,27,15,428,18,0,0,2,502
064970813,17,19,12,151,6,0,0,0,205
064970814,9,22,22,157,6,0,0,2,218
064970815,15,23,37,228,13,1,0,1,318
064970901,0,1,0,26,2,0,0,0,29
064971001,23,20,13,145,9,2,1,1,214
064971002,1,5,7,31,5,0,0,0,49
064971003,0,2,1,12,2,0,0,0,17
064971004,0,4,5,18,2,0,1,0,30
064971005,0,2,0,9,0,0,0,0,11
064971006,0,0,0,19,2,1,0,0,22
064971007,2,1,0,8,0,0,0,0,11
064971008,7,16,11,269,24,0,0,9,336
064971101,21,53,44,235,6,0,0,0,359
064971102,40,46,37,244,1,0,0,6,374
064971103,39,51,33,180,18,0,0,7,328
064971104,24,81,55,227,15,0,0,0,402
064971105,42,43,60,207,4,0,0,0,356
064971106,30,63,60,223,6,0,0,0,382
064971107,12,60,82,147,6,0,1,0,308
064971108,14,37,48,158,8,0,0,0,265
064971201,4,46,12,228,12,0,0,0,302
064971202,7,32,14,350,12,0,4,0,419
064971203,19,32,44,192,5,0,0,1,293
064971204,8,34,67,149,7,0,0,0,265
064971205,11,39,49,260,7,1,1,2,370
064971206,10,13,89,176,8,0,0,0,296
064971207,9,21,21,264,4,0,2,0,321
064971208,6,12,40,59,1,0,0,0,118
064971209,4,2,5,31,2,0,0,1,45
064971210,7,21,34,64,1,0,0,0,127
064971211,6,4,17,93,8,0,2,0,130
064971212,2,8,32,42,5,0,1,1,91
064971301,18,27,25,374,13,0,3,0,460
064971302,16,15,9,306,14,0,0,0,360
064971303,3,22,38,92,9,0,1,0,165
064971304,3,3,36,92,3,0,0,0,137
064971305,1,4,16,52,2,0,2,0,77
064971306,30,32,41,201,11,2,1,1,319
064971307,32,12,73,137,6,1,0,0,261
064971308,29,28,22,183,11,0,0,0,273
064971309,1,12,8,135,2,0,0,1,159
064971310,1,0,1,26,1,0,0,0,29
064971311,0,0,1,0,3,0,0,0,4
064971401,17,24,20,336,19,2,1,0,419
064971402,40,26,14,303,11,0,0,0,394
064971403,10,30,94,359,9,0,0,0,502
064971404,0,2,2,16,4,0,0,0,24
064971405,10,22,16,274,8,0,1,0,331
064971406,24,44,21,294,6,1,0,2,392
064971407,23,38,3,93,5,0,0,0,162
064971408,21,42,19,158,3,0,0,0,243
064971409,15,35,26,228,7,0,0,0,311
064971410,16,22,23,227,4,0,0,0,292
065050101,0,0,0,27,0,0,0,0,27
065050102,0,1,2,33,0,0,0,0,36
065050103,3,1,4,56,3,2,0,3,72
065050104,0,0,0,7,1,0,0,0,8
065050105,0,0,1,32,0,0,0,0,33
065050106,2,0,0,12,1,0,0,0,15
065050201,3,4,5,134,5,0,0,2,153
065050202,0,1,3,20,0,0,0,0,24
065050203,5,0,0,5,1,0,0,0,11
065050204,2,2,8,89,7,0,0,0,108
065050205,1,2,7,76,5,1,1,0,93
065050206,2,0,2,40,0,0,0,0,44
065050207,0,0,0,12,1,0,0,0,13
065050208,0,1,1,22,0,0,0,0,24
065050209,1,0,6,27,0,0,0,0,34
065050210,18,14,7,141,3,0,0,0,183
065050211,15,5,13,141,4,0,0,1,179
065050212,8,2,16,116,5,0,0,0,147
065050301,5,1,2,34,6,0,0,0,48
065050302,1,2,5,42,12,0,1,0,63
065050303,4,0,7,47,3,0,0,1,62
065050304,4,1,3,44,11,0,0,3,66
065050305,1,3,5,40,3,0,0,0,52
065050306,10,2,23,170,129,0,0,3,337
065050307,7,7,19,124,16,0,0,0,173
065050308,10,7,79,139,23,0,0,1,259
065050309,25,16,16,152,25,0,0,1,235
065050310,7,4,5,127,16,0,1,3,163
065050311,20,34,15,171,14,1,0,1,256
065050312,17,8,21,175,22,0,0,0,243
065050313,15,4,18,90,32,1,0,1,161
065050314,9,4,25,195,32,0,0,0,265
065050315,11,5,41,195,28,0,1,0,281
065050316,2,1,5,73,7,0,0,0,88
065050317,6,3,5,64,10,2,0,1,91
065050318,0,1,0,87,18,0,0,0,106
065050319,16,9,19,228,36,0,1,1,310
065050320,12,5,16,120,24,0,0,2,179
065050321,3,2,8,129,19,0,1,0,162
065050322,9,5,21,136,21,0,0,1,193
065050401,0,1,2,89,2,0,1,0,95
065050402,1,1,4,81,9,0,1,0,97
065050403,4,0,1,22,3,0,0,0,30
065050404,1,1,1,29,4,0,0,0,36
065050405,1,2,2,13,0,0,0,1,19
065050406,0,2,0,35,1,0,0,0,38
065050407,0,0,2,39,5,0,0,0,46
065110101,0,0,0,18,0,0,0,0,18
065110102,0,0,1,9,0,0,0,0,10
065110201,0,0,1,15,1,0,0,0,17
065110202,0,0,4,21,1,0,0,0,26
065110301,2,0,0,29,2,0,0,0,33
065110302,0,0,0,9,5,0,0,0,14
065110303,0,0,2,18,2,0,0,0,22
065110304,0,0,1,37,4,0,0,0,42
065110401,4,0,4,18,4,0,1,0,31
065110402,0,0,0,6,0,0,0,0,6
065110501,3,2,11,78,5,1,0,0,100
065110502,24,17,51,194,14,1,0,1,302
065110503,33,19,83,214,26,3,0,1,379
065110504,32,13,39,188,5,0,0,0,277
065110505,28,10,19,229,19,1,0,0,306
065110506,43,18,22,154,1,0,0,0,238
065110507,42,26,50,169,7,0,1,2,297
065110508,33,13,49,205,21,1,0,0,322
065110509,46,8,8,123,12,3,1,0,201
065110510,1,0,0,5,1,0,0,0,7
065110511,0,0,0,14,1,1,0,0,16
065110512,16,56,36,243,3,0,0,6,360
065110513,5,1,23,159,8,1,0,0,197
065110601,9,8,14,77,16,2,0,7,133
065110602,0,0,3,23,1,0,0,0,27
065110603,1,0,1,18,3,0,1,0,24
065110701,0,0,1,21,3,0,0,0,25
065110702,0,0,3,14,0,0,0,0,17
065180101,8,2,90,59,27,0,0,0,186
065180102,2,3,27,83,7,1,0,0,123
065180103,21,3,63,88,4,0,1,6,186
065180104,1,1,4,44,5,0,0,0,55
065180105,0,0,0,6,1,0,0,0,7
065180106,0,0,0,3,0,0,0,0,3
065180107,0,0,3,8,0,0,0,0,11
065180108,0,0,1,5,0,0,0,0,6
065180109,0,0,1,8,0,0,0,0,9
065180110,1,0,0,1,1,0,0,0,3
065180111,3,0,10,34,5,0,0,0,52
065180112,0,0,3,21,2,0,0,0,26
065180113,1,0,2,13,1,0,0,0,17
065180114,8,1,38,82,13,0,0,2,144
065180115,8,3,43,75,68,0,0,0,197
065180201,2,1,4,36,52,1,0,0,96
065180202,16,0,25,96,56,0,0,1,194
065180203,35,9,53,141,8,1,0,0,247
065180204,46,8,100,143,32,0,0,3,332
065180205,26,15,64,245,8,1,0,0,359
065180206,19,3,24,117,25,1,0,1,190
065180207,0,1,0,16,1,0,0,0,18
065180208,3,1,2,26,2,1,0,0,35
065180209,8,3,18,48,2,0,0,0,79
065180210,0,0,0,0,0,0,0,0,0
065180211,18,2,24,91,76,3,0,0,214
065180212,22,2,14,119,7,0,0,0,164
065180301,10,0,8,42,14,1,0,0,75
065180302,7,0,9,78,17,0,0,0,111
065180303,1,3,10,47,6,0,0,0,67
065180304,4,0,4,26,7,0,1,0,42
065180305,0,0,5,19,3,1,0,0,28
065180401,2,0,1,8,1,1,0,0,13
065180402,1,0,1,18,0,0,0,0,20
065180403,0,0,0,4,2,0,0,0,6
065180404,1,0,1,19,0,0,0,0,21
065180405,1,0,0,13,0,0,0,0,14
065180406,0,0,0,5,1,0,0,0,6
065180407,1,0,1,4,0,0,0,0,6
065180408,0,0,0,9,1,0,0,0,10
065180409,1,0,1,2,1,0,0,0,5
065180410,0,0,1,5,0,0,0,0,6
065180411,0,0,1,2,0,0,0,0,3
065180412,1,0,5,2,4,0,0,0,12
065180501,0,0,1,9,1,0,0,0,11
065180502,0,0,1,9,1,0,0,0,11
065180503,0,1,1,5,11,0,0,0,18
065180504,29,15,66,105,21,0,0,1,237
065180505,0,0,1,6,0,0,0,0,7
065180506,4,2,5,49,7,0,0,0,67
065180507,1,0,1,4,1,1,0,0,8
065180508,0,1,0,5,0,0,0,0,6
065180509,1,0,0,2,0,0,0,0,3
065180510,1,2,3,13,3,0,0,0,22
065180511,3,4,6,17,4,0,0,0,34
065180601,1,10,39,3,0,0,0,0,53
065180602,2,9,51,10,5,0,0,1,78
065180603,6,12,55,6,0,0,0,0,79
065180604,10,20,136,21,2,0,0,1,190
065180605,1,12,42,13,4,0,0,3,75
065180606,6,11,43,21,3,1,0,1,86
065180607,1,11,36,12,3,1,0,2,66
065180608,1,2,1,0,0,0,0,0,4
065180609,2,7,33,18,1,0,1,0,62
065180610,7,11,13,7,0,0,0,0,38
065180611,11,6,21,13,1,0,0,0,52
065180612,3,9,52,6,3,0,0,2,75
065180613,5,7,35,9,1,0,1,3,61
065180614,3,12,44,30,5,0,1,1,96
065180615,0,0,1,5,3,0,0,0,9
065180701,0,1,11,14,1,0,0,0,27
065180702,5,11,9,12,4,0,1,0,42
065180703,6,19,12,23,8,0,1,1,70
065180704,11,8,38,11,8,0,0,0,76
065180705,5,8,77,6,3,2,0,0,101
065180706,5,4,36,4,2,0,1,0,52
065180707,2,7,31,11,0,2,0,0,53
065180708,7,13,90,13,5,0,0,0,128
065180709,5,13,62,18,5,0,0,2,105
065180710,9,20,49,20,2,0,0,3,103
065180711,8,28,114,31,5,1,0,2,189
065180712,21,35,93,30,5,1,0,4,189
065180713,15,19,69,22,4,0,0,1,130
065180714,11,15,62,25,1,0,0,1,115
065180715,11,11,82,14,1,0,0,4,123
065180716,3,7,79,11,1,0,0,0,101
065180717,4,5,84,6,3,1,0,1,104
065180801,0,0,1,1,1,0,0,0,3
065180802,2,7,20,11,1,1,0,0,42
065180803,1,13,46,17,1,0,0,0,78
065180804,5,10,21,8,5,0,0,0,49
065180805,0,0,0,2,1,0,0,1,4
065180806,1,0,3,3,1,0,0,0,8
065180807,3,5,9,15,3,0,0,1,36
065180808,1,7,28,37,10,0,0,0,83
065180809,7,6,44,49,5,2,0,0,113
065180810,0,2,13,34,3,2,0,0,54
065180811,0,1,3,9,1,0,0,1,15
065180812,1,3,41,20,1,0,0,0,66
065180813,1,0,2,4,0,0,0,0,7
065180814,0,0,0,3,0,0,0,0,3
065250101,7,24,4,93,24,2,1,0,155
065250102,20,23,27,80,6,0,0,0,156
065250103,6,31,12,77,3,0,0,1,130
065250104,9,55,3,111,9,1,0,1,189
065250105,33,33,20,186,10,1,0,1,284
065250106,31,54,34,176,14,2,3,3,317
065250107,99,78,59,78,5,1,1,1,322
065250108,100,118,33,73,5,2,0,1,332
065250109,85,78,47,126,11,0,0,1,348
065250110,64,94,45,52,3,0,0,0,258
065250111,62,109,45,174,8,0,0,1,399
065250112,11,20,10,137,9,2,1,0,190
065250113,12,33,35,67,11,0,0,2,160
065250114,26,47,25,142,9,2,0,5,256
065250201,0,2,0,29,1,0,0,0,32
065250202,3,1,3,25,7,1,0,0,40
065250203,21,22,93,156,12,0,0,1,305
065250204,12,6,79,38,4,0,1,6,146
065250301,4,4,1,23,3,0,0,0,35
065250302,1,8,1,19,3,0,0,3,35
065250303,30,205,2,180,27,2,0,3,449
065250304,25,33,10,163,17,4,1,1,254
065250401,54,154,12,149,24,0,1,19,413
065250402,46,154,9,186,14,6,1,17,433
065250403,27,43,0,148,8,0,0,2,228
065250404,47,96,8,172,20,6,0,3,352
065250405,58,122,7,201,28,1,0,5,422
065250406,78,112,19,264,12,3,0,0,488
065250407,29,91,17,135,6,0,0,3,281
065250408,19,19,18,139,215,1,2,1,414
065250409,15,11,20,96,195,0,0,1,338
065250410,1,1,0,11,1,0,0,0,14
065250411,5,5,3,62,5,0,0,1,81
065250412,4,3,2,61,9,1,0,0,80
065250413,8,2,1,59,3,0,0,0,73
065250414,30,82,10,229,17,3,1,1,373
065250415,12,36,5,201,5,2,0,2,263
065250416,7,29,11,79,8,1,0,0,135
065250417,65,61,16,268,25,0,0,2,437
065250418,22,77,33,247,15,1,1,4,400
065250501,24,135,25,296,28,3,2,3,516
065250502,0,3,4,22,0,0,0,4,33
065250503,2,0,0,15,2,0,0,0,19
065250504,4,13,11,86,3,1,0,0,118
065250601,19,9,3,82,11,1,0,4,129
065250602,10,13,4,82,3,2,0,2,116
065250603,17,19,3,99,6,1,0,2,147
065250604,26,42,18,97,6,0,1,0,190
065250605,34,35,11,110,6,0,0,0,196
065250606,148,133,82,125,8,0,0,1,497
065250607,77,124,104,217,18,2,4,3,549
065250608,28,41,13,135,12,3,3,1,236
065250609,16,28,3,196,22,2,0,4,271
065250610,65,85,56,137,16,0,0,1,360
065250611,90,158,95,130,6,1,0,3,483
065250612,21,67,15,188,9,2,0,3,305
065250613,67,120,33,82,1,0,0,0,303
065250614,36,47,28,50,8,1,0,1,171
065320101,64,191,34,168,117,0,0,0,574
065320102,61,170,21,111,13,1,0,0,377
065320103,49,144,15,86,2,1,0,2,299
065320104,34,176,21,100,3,0,0,0,334
065320105,40,167,19,69,0,0,0,0,295
065320106,86,126,27,70,12,0,0,0,321
065320107,50,79,18,98,1,0,0,0,246
065320108,61,117,10,81,1,0,0,0,270
065320109,25,110,12,86,0,0,0,0,233
065320110,68,116,9,90,1,0,0,0,284
065320111,25,157,5,140,8,1,0,0,336
065320112,63,139,4,101,5,0,0,0,312
065320201,40,165,0,28,1,0,0,1,235
065320202,40,133,16,103,2,0,1,0,295
065320203,47,146,23,78,11,0,0,0,305
065320204,42,118,13,100,6,0,0,3,282
065320205,27,90,11,76,0,0,0,1,205
065320206,53,120,27,47,1,0,0,0,248
065320207,35,119,22,167,4,1,0,1,349
065320208,62,82,20,81,11,0,0,2,258
065320301,51,111,20,135,2,0,0,1,320
065320302,29,178,34,255,8,0,0,0,504
065320303,25,65,75,110,6,0,0,0,281
065320304,11,37,33,136,7,0,1,0,225
065320305,18,58,1,220,8,0,1,1,307
065320306,2,89,16,182,4,1,0,2,296
065320307,14,47,8,230,9,0,0,1,309
065320308,58,83,17,177,9,0,0,11,355
065320309,19,129,17,244,11,0,0,2,422
065320310,8,75,18,164,12,0,0,0,277
065320311,28,95,18,115,7,0,0,0,263
065320312,46,99,15,65,5,0,0,0,230
065320313,8,56,24,94,10,0,0,0,192
065320401,1,6,1,64,7,0,0,2,81
065320402,1,1,1,21,0,0,0,0,24
065320403,1,6,6,74,2,0,0,2,91
065320501,2,0,0,8,1,0,0,0,11
065320502,1,2,8,18,0,0,0,1,30
065320503,1,3,4,35,6,0,0,0,49
065320504,2,7,3,37,0,0,0,0,49
065320601,0,0,0,6,1,0,0,0,7
065320602,1,0,0,7,0,0,0,0,8
065320603,1,0,2,10,0,0,0,0,13
065320604,0,1,0,9,0,0,0,0,10
065320701,4,2,7,28,1,0,0,0,42
065320801,0,1,1,19,1,0,0,0,22
065320802,2,4,0,23,0,0,0,0,29
065320803,0,1,4,8,0,0,0,1,14
065320804,2,5,4,21,2,0,0,1,35
065320805,0,4,4,33,1,0,0,1,43
065320901,12,42,26,393,16,1,0,0,490
065320902,9,14,53,137,2,0,0,0,215
065320903,23,7,12,71,6,1,0,2,122
065320904,14,15,17,129,17,1,2,1,196
065320905,5,21,34,114,2,1,0,1,178
065320906,2,9,5,75,2,0,0,0,93
065320907,10,13,5,79,7,0,1,1,116
065320908,3,7,5,109,2,0,2,3,131
065320909,5,22,31,96,1,0,0,4,159
065320910,35,70,33,666,22,1,0,1,828
065320911,8,39,44,146,2,0,0,0,239
065320912,4,13,15,71,1,0,0,0,104
065321001,9,12,10,283,18,2,1,1,336
065321002,0,1,4,16,0,0,0,0,21
065321003,1,4,1,19,6,0,0,1,32
065321004,0,0,2,12,4,0,0,0,18
065321005,7,1,5,9,1,0,0,0,23
065321101,2,6,1,46,7,0,0,0,62
065321102,1,2,3,55,2,0,0,1,64
065321103,0,5,1,19,0,0,0,0,25
065321104,0,0,2,8,0,1,0,0,11
065321201,0,0,2,13,1,0,0,0,16
065321202,0,0,1,8,0,0,0,0,9
065321203,0,1,0,15,0,0,0,0,16
065321301,1,0,2,10,0,0,0,0,13
065321302,0,0,0,11,0,0,0,0,11
065321303,1,0,3,2,0,0,0,0,6
065321401,32,156,13,74,2,0,0,0,277
065321402,39,133,24,89,1,0,0,1,287
065321403,55,186,28,80,2,0,0,1,352
065321404,73,156,21,58,6,1,0,1,316
065321405,35,150,13,94,1,0,0,0,293
065321406,44,154,11,65,2,0,0,0,276
065321407,31,87,10,67,0,0,0,0,195
065321408,53,132,14,77,2,0,0,0,278
065321501,37,86,34,103,1,0,0,1,262
065321502,26,90,26,164,8,0,0,1,315
065321503,44,102,26,100,9,0,0,0,281
065321504,14,60,27,193,10,0,0,0,304
065321505,6,55,12,217,20,0,0,1,311
065321506,11,36,57,231,5,0,0,1,341
065321507,27,90,11,117,9,0,0,1,255
065321508,11,60,32,187,3,0,0,0,293
065321509,16,93,50,197,6,0,0,1,363
065321510,29,72,37,101,4,0,0,1,244
065321511,42,293,20,49,5,0,0,0,409
065321512,40,93,104,186,8,0,0,0,431
065470101,0,0,3,29,3,0,0,0,35
065470102,2,0,3,15,2,0,0,0,22
065470201,10,2,7,177,2,0,0,0,198
065470202,0,1,3,25,1,0,0,0,30
065470203,1,1,3,39,0,0,0,0,44
065470301,0,1,0,25,6,0,0,0,32
065470302,1,1,1,38,3,0,0,0,44
065470303,0,1,2,22,2,0,0,0,27
065470304,1,1,4,25,1,1,0,0,33
065470305,0,9,5,197,27,2,1,0,241
065470306,15,7,88,267,31,1,0,1,410
065470307,7,0,0,383,11,1,0,0,402
065470308,6,3,5,92,10,0,0,0,116
065470309,1,7,11,226,16,0,0,0,261
065470310,10,7,13,83,11,0,0,0,124
065470311,4,5,40,60,8,1,0,0,118
065470312,12,26,55,271,39,1,0,2,406
065470313,0,1,5,54,2,1,0,0,63
065470401,0,0,1,9,0,0,0,1,11
065470402,2,1,0,51,4,0,0,0,58
065470501,2,0,1,22,2,0,0,0,27
065470502,0,1,3,27,0,1,0,0,32
065470503,0,0,5,16,1,0,0,0,22
065470601,5,5,4,54,4,0,0,1,73
065470602,0,3,4,21,3,0,0,0,31
065470603,7,2,5,61,3,0,1,1,80
065470701,0,0,2,13,1,0,0,0,16
065470702,0,0,1,19,0,0,0,0,20
065470703,1,2,7,22,5,0,0,0,37
065470801,0,0,3,42,25,0,1,0,71
065470802,0,1,1,34,6,0,0,0,42
065470901,15,8,16,168,10,0,1,0,218
065470902,11,5,14,257,28,0,0,3,318
065470903,7,7,4,272,17,4,0,4,315
065470904,11,25,55,326,28,0,1,0,446
065470905,7,17,32,343,29,0,0,0,428
065470906,11,23,38,265,18,0,2,2,359
065470907,7,40,61,284,22,0,0,1,415
065470908,14,28,76,235,22,0,0,1,376
065470909,11,28,45,197,22,0,0,0,303
065470910,15,24,29,208,7,0,0,0,283
065530101,5,38,79,94,36,0,0,1,253
065530102,15,21,17,75,14,0,0,1,143
065530103,11,25,29,59,19,0,0,4,147
065530104,1,4,12,27,4,0,0,0,48
065530105,6,9,17,31,14,0,1,0,78
065530106,18,14,17,24,12,1,1,1,88
065530107,4,16,14,17,7,0,0,0,58
065530108,11,27,18,22,6,0,0,2,86
065530109,9,15,9,14,4,0,0,0,51
065530110,8,6,8,10,4,0,1,0,37
065530111,4,10,2,0,1,0,0,0,17
065530201,0,0,0,5,0,0,0,0,5
065530202,1,0,5,22,4,0,0,2,34
065530203,3,5,13,31,5,0,0,3,60
065530204,13,4,139,191,37,1,0,2,387
065530205,4,7,6,32,2,0,0,1,52
065530301,5,4,6,47,6,0,0,0,68
065530302,3,10,14,46,14,0,0,0,87
065530303,9,4,8,34,9,0,0,0,64
065530304,6,6,13,46,5,0,0,1,77
065530305,4,7,25,52,9,0,0,3,100
065530306,6,16,19,27,14,0,0,0,82
065530307,6,10,15,34,7,0,1,0,73
065530308,3,7,16,10,0,0,0,1,37
065530309,5,11,7,15,4,0,0,0,42
065530310,1,11,5,4,0,1,0,0,22
065530311,3,5,7,1,1,0,0,1,18
065530312,4,4,11,8,4,0,0,1,32
065530313,9,7,6,13,5,0,0,0,40
065530314,8,5,11,19,2,0,0,0,45
065740101,0,0,0,17,3,0,1,0,21
065740102,0,2,4,21,1,0,0,0,28
065740201,1,2,0,11,0,0,0,0,14
065740202,0,1,1,48,6,0,0,0,56
065740301,0,0,0,10,0,0,0,0,10
065740302,0,2,4,25,1,0,0,0,32
065740303,4,2,2,45,3,0,0,0,56
065740401,3,1,5,60,2,0,0,0,71
065740402,3,16,16,321,14,2,1,1,374
065740403,4,17,36,257,39,0,1,2,356
065740404,0,20,185,86,6,0,0,0,297
065740405,4,32,4,185,28,0,0,1,254
065740406,8,37,10,161,18,2,0,0,236
065740407,24,26,28,209,4,0,0,0,291
065740408,18,50,37,204,2,0,0,0,311
065740409,19,16,29,187,6,0,0,2,259
065740410,12,29,105,216,8,0,0,0,370
065740411,8,37,51,151,9,0,0,0,256
065740412,14,34,21,197,9,0,0,0,275
065740413,0,1,1,6,0,0,0,0,8
065740414,5,46,31,218,18,0,0,0,318
065740415,4,28,29,208,8,0,1,0,278
065740416,3,13,75,135,11,0,0,0,237
065740501,0,1,0,25,0,0,0,0,26
065740502,2,2,1,33,1,0,0,0,39
065740503,1,1,1,37,1,0,0,0,41
065740601,1,0,2,40,0,0,0,0,43
065740602,1,1,1,14,8,0,0,0,25
065740701,4,8,17,138,0,0,0,2,169
065740702,4,4,7,50,1,0,0,0,66
065740703,0,2,1,23,1,0,0,0,27
065740704,0,3,1,11,0,0,0,0,15
065740705,0,1,2,29,0,0,0,0,32
065740706,0,2,0,22,5,0,0,0,29
065740707,1,0,1,19,1,0,0,0,22
065740708,1,0,0,23,0,0,0,0,24
065740801,2,8,4,90,0,0,0,0,104
065740802,0,2,0,25,1,0,0,0,28
065740803,0,0,0,27,0,0,0,0,27
065740804,0,1,2,20,0,0,0,0,23
065740805,2,4,27,60,0,1,0,0,94
065740901,0,0,0,14,1,0,0,0,15
065740902,0,0,2,20,3,0,0,0,25
065740903,1,0,4,34,0,0,0,0,39
065810101,12,6,29,134,176,0,0,2,359
065810102,2,8,8,201,155,0,0,0,374
065810103,1,7,113,122,149,0,0,1,393
065810104,11,16,39,213,101,1,0,0,381
065810105,15,17,107,91,187,0,0,3,420
065810106,11,19,47,115,51,0,0,0,243
065810107,4,28,43,123,75,1,0,4,278
065810108,2,16,22,101,123,0,0,1,265
065810109,0,5,2,232,38,0,0,0,277
065810110,5,4,96,61,94,0,0,3,263
065810111,3,35,6,34,158,0,0,3,239
065810201,12,18,53,155,51,0,0,2,291
065810202,19,33,36,118,33,0,0,0,239
065810203,18,81,7,16,21,1,0,0,144
065810204,13,40,40,125,34,1,0,0,253
065810205,9,79,13,49,15,0,0,0,165
065810206,50,118,19,86,24,0,0,1,298
065810207,7,20,28,151,85,0,0,0,291
065810208,14,29,50,144,50,0,0,2,289
065810209,6,27,65,113,55,1,0,1,268
065810210,4,12,27,63,140,0,0,2,248
065810211,4,2,7,108,132,4,0,4,261
065810212,6,12,22,91,111,0,0,0,242
065810301,22,59,42,121,60,0,0,0,304
065810302,19,53,69,102,80,0,0,2,325
065810303,5,15,112,77,85,0,0,0,294
065810304,3,16,52,61,71,0,0,0,203
065810305,6,22,41,97,48,1,0,0,215
065810306,8,44,33,96,28,1,0,0,210
065810307,9,61,35,93,68,0,0,1,267
065810308,3,18,74,43,67,1,0,2,208
065810401,8,22,88,120,121,0,0,1,360
065810402,6,42,56,75,29,0,0,1,209
065810403,1,17,56,46,77,0,0,0,197
065810404,12,12,106,45,51,0,0,6,232
065810405,4,27,68,125,145,1,0,1,371
065810406,2,18,33,28,65,1,0,4,151
065810407,3,17,62,89,43,0,0,0,214
065810408,25,48,106,47,35,0,0,0,261
065810409,14,15,133,51,27,0,0,0,240
065810410,13,57,65,15,19,0,0,16,185
065810411,28,26,86,26,46,0,0,0,212
065810501,7,22,36,8,4,0,0,0,77
065810502,2,41,5,2,2,0,0,0,52
065810503,37,56,1,12,17,0,0,0,123
065810504,3,67,0,2,11,0,0,0,83
065810505,4,64,0,0,0,0,0,5,73
065810506,26,12,83,16,12,0,0,0,149
065810507,32,55,4,1,1,0,0,1,94
065810508,14,72,2,13,1,0,0,0,102
065810601,0,1,1,9,0,0,0,0,11
065810602,0,1,1,33,1,0,0,0,36
065810603,0,0,4,25,2,0,0,0,31
065810604,0,0,2,8,1,0,0,0,11
065810701,1,3,6,163,9,2,0,0,184
065810702,0,0,0,7,0,0,0,0,7
065810703,0,0,2,23,0,0,0,0,25
065810704,0,0,0,16,3,0,0,0,19
065810705,0,0,0,13,1,0,0,0,14
065810706,0,0,0,18,3,0,0,1,22
065810707,0,0,1,38,0,0,0,0,39
065810708,6,1,7,156,16,0,0,0,186
065810709,3,3,24,158,25,0,1,0,214
065810710,10,3,19,120,23,0,0,0,175
065810711,4,0,14,104,51,0,0,0,173
065810712,3,0,1,128,26,0,0,0,158
065810801,3,2,53,121,9,0,0,0,188
065810802,3,3,21,130,33,0,0,2,192
065810803,0,0,2,24,7,0,0,0,33
065810804,2,2,1,14,8,1,0,0,28
065810805,2,0,0,12,1,1,0,1,17
065810806,0,0,0,12,3,0,0,0,15
065810807,0,0,0,2,0,0,0,0,2
065810808,1,0,1,9,7,0,0,0,18
065810809,0,3,9,147,20,0,0,1,180
065810810,1,3,15,138,16,0,0,0,173
065810901,0,0,1,5,1,0,0,0,7
065810902,0,0,1,6,2,1,0,0,10
065810903,0,0,0,5,3,0,0,0,8
065810904,0,0,0,6,1,0,0,0,7
065810905,0,0,0,2,1,0,0,0,3
065810906,0,1,0,6,1,0,0,0,8
065810907,0,0,0,4,0,0,0,0,4
065810908,0,0,0,2,0,0,0,0,2
065810909,0,0,0,3,0,0,0,0,3
065810910,0,0,1,3,0,0,0,0,4
065810911,0,0,0,2,0,0,0,0,2
065810912,0,0,0,6,2,0,0,1,9
065810913,0,0,1,8,2,0,0,0,11
065811001,3,0,2,123,13,0,0,0,141
065811002,0,0,1,19,2,0,0,0,22
065811003,0,0,1,13,0,0,0,0,14
065811004,0,0,0,5,2,0,0,0,7
065811005,0,0,1,6,2,0,0,0,9
065811006,0,1,0,7,5,0,0,0,13
065811101,0,0,0,2,0,0,0,0,2
065811102,1,0,0,7,0,0,0,0,8
065811103,1,1,3,8,3,0,0,0,16
065811104,0,0,0,8,0,0,0,0,8
065811105,0,2,0,14,11,0,0,0,27
065811106,0,0,0,3,1,0,0,0,4
065811107,1,2,1,15,4,0,0,0,23
065811108,0,0,1,8,2,0,0,0,11
065811109,0,0,0,3,2,0,0,0,5
065811201,0,0,3,6,3,0,0,0,12
065811202,0,0,1,3,4,0,0,0,8
065811203,0,0,3,8,4,0,0,0,15
065811204,0,0,5,15,1,0,0,0,21
065811205,0,0,3,25,7,0,0,0,35
065811206,0,3,1,23,14,0,0,1,42
065811207,0,0,0,12,4,0,0,1,17
065811301,0,4,154,41,48,0,0,1,248
065811302,1,4,1,217,0,0,0,0,223
065811303,3,5,73,167,38,0,0,0,286
065811304,8,4,18,216,29,0,0,0,275
065811305,45,62,155,13,6,0,0,0,281
065811306,44,51,326,97,4,0,0,0,522
065811307,1,2,8,51,26,0,0,0,88
065811308,4,22,15,115,34,1,0,0,191
065811309,37,4,49,75,16,0,0,0,181
065811310,0,6,65,116,15,0,1,2,205
065811311,10,7,174,78,11,0,0,0,280
065811401,5,1,3,70,16,0,0,1,96
065811402,9,9,28,125,101,0,0,3,275
065811403,9,13,6,198,104,1,1,1,333
065811404,1,5,13,57,76,0,0,0,152
065811405,0,6,11,54,92,0,0,0,163
065811406,1,1,5,98,36,1,0,1,143
065811407,4,13,10,95,112,0,1,1,236
065811408,4,13,24,120,110,0,0,0,271
065811409,0,18,14,89,136,0,0,0,257
065811410,5,15,43,96,107,1,1,0,268
065811411,1,5,11,61,141,3,0,0,222
065811412,4,16,41,177,157,0,0,0,395
065811501,1,9,6,58,51,0,0,1,126
065811502,19,12,50,97,151,0,0,3,332
065811503,2,9,32,73,78,0,0,0,194
065811504,11,18,42,173,115,0,0,0,359
065811505,2,10,19,187,79,2,1,1,301
065811506,1,5,10,88,165,0,1,9,279
065811507,3,5,27,247,120,1,0,0,403
065811508,7,6,27,99,142,1,0,0,282
065811509,4,1,173,95,55,0,0,1,329
065811510,8,21,57,98,123,0,0,0,307
065811511,7,43,39,112,79,1,0,0,281
065811601,17,27,59,140,70,0,0,0,313
065811602,8,19,78,137,94,2,0,4,342
065811603,16,33,72,96,93,0,0,1,311
065811604,23,49,113,80,54,0,0,0,319
065811605,4,18,82,57,64,0,0,0,225
065811606,10,35,96,123,147,1,0,3,415
065811607,8,15,62,85,91,0,1,1,263
065811608,2,12,27,135,95,0,0,0,271
065811701,7,12,101,32,51,0,0,0,203
065811702,9,59,114,27,29,0,0,0,238
065811703,5,16,179,19,32,1,0,0,252
065811704,14,97,40,30,8,0,0,0,189
065811705,2,15,153,41,62,0,0,1,274
065811706,1,7,96,82,48,0,0,0,234
065811707,21,15,137,20,23,0,0,0,216
065811708,2,15,104,10,11,0,0,0,142
065811709,1,21,41,11,7,0,0,1,82
065811710,6,11,120,25,17,0,0,0,179
065811711,2,16,121,69,55,0,0,1,264
065811801,7,53,148,6,78,0,0,0,292
065811802,2,20,65,8,5,0,0,4,104
065811803,4,17,62,16,8,0,0,0,107
065811804,7,22,48,10,5,0,0,2,94
065811805,2,75,8,6,20,0,0,0,111
065811806,1,57,10,5,21,0,0,0,94
065811807,4,84,50,22,19,0,0,0,179
065811808,27,78,20,1,19,0,0,0,145
065811809,9,68,2,2,14,0,0,7,102
065811901,6,10,5,22,34,6,0,1,84
065811902,0,11,6,13,10,0,0,0,40
065811903,4,14,28,30,48,0,0,0,124
065811904,4,16,37,31,49,0,0,1,138
065811905,5,16,18,89,138,0,0,3,269
065811906,2,8,3,34,81,1,0,0,129
065811907,1,6,9,52,67,0,0,2,137
065811908,6,47,62,117,118,0,0,1,351
065811909,5,7,15,70,106,1,0,3,207
065811910,4,15,36,41,69,0,0,1,166
065811911,1,18,59,32,87,2,0,0,199
065811912,3,36,42,49,125,1,0,0,256
065880101,117,72,16,150,1,0,0,1,357
065880102,95,54,10,132,2,0,0,1,294
065880103,96,78,5,192,9,0,0,1,381
065880104,79,50,8,192,4,0,0,1,334
065880105,86,100,6,115,7,0,0,0,314
065880106,112,54,12,125,1,0,0,1,305
065880107,38,68,15,109,3,0,0,1,234
065880108,42,55,2,129,2,0,0,0,230
065880109,42,29,12,140,6,1,0,3,233
065880110,40,44,8,117,1,0,0,0,210
065880111,84,101,8,216,5,1,0,1,416
065880112,29,71,0,137,3,0,0,0,240
065880113,45,39,2,155,7,1,0,0,249
065880114,41,55,5,146,0,0,0,0,247
065880115,37,49,4,118,2,0,0,3,213
065880116,29,24,8,175,2,0,0,4,242
065880117,31,27,3,171,5,0,0,0,237
065880201,103,50,10,174,5,0,0,0,342
065880202,73,75,5,178,3,0,0,2,336
065880203,48,41,2,148,4,0,0,0,243
065880204,44,45,6,228,4,1,4,1,333
065880205,16,15,1,70,0,0,0,1,103
065880206,49,53,13,79,4,0,0,0,198
065880207,68,38,6,114,0,0,0,0,226
065880208,107,66,8,74,1,0,0,0,256
065880301,7,9,1,129,5,0,2,0,153
065880302,14,13,7,154,3,0,0,0,191
065880303,8,28,12,180,3,0,0,0,231
065880304,7,4,1,75,0,0,0,0,87
065880305,3,0,0,13,0,0,0,0,16
065880306,1,0,1,15,0,0,0,0,17
065880307,0,0,0,12,0,0,0,0,12
065880308,0,0,1,16,0,0,0,0,17
065880309,3,1,1,37,0,0,0,0,42
065880401,3,0,1,18,0,0,0,0,22
065880501,26,10,0,136,3,0,0,0,175
065880502,2,0,1,14,0,0,0,0,17
065880503,0,1,1,9,1,0,0,0,12
065880504,0,0,1,6,0,1,0,0,8
065880505,1,2,1,53,5,0,0,0,62
065880601,6,10,2,40,1,0,0,0,59
065880701,5,2,2,40,0,0,0,0,49
065880702,8,4,0,76,1,0,0,0,89
065880703,13,5,0,75,2,0,0,0,95
065880801,3,3,4,45,3,1,0,0,59
065880802,2,2,0,23,1,0,0,1,29
065880901,39,47,11,165,4,0,0,0,266
065880902,73,42,5,212,9,1,0,0,342
065880903,49,17,5,72,0,0,1,5,149
065880904,4,14,4,97,4,2,2,0,127
065880905,10,10,10,67,3,1,1,1,103
065880906,6,19,3,93,1,0,0,0,122
065880907,49,15,5,117,4,0,0,0,190
065880908,68,50,5,180,5,1,0,1,310
065880909,54,55,6,172,3,0,0,1,291
065880910,16,22,1,227,10,0,0,1,277
065880911,18,8,6,334,8,0,1,0,375
065880912,9,13,2,320,2,0,0,0,346
065880913,18,9,0,314,3,0,0,1,345
065880914,24,27,0,130,3,0,0,0,184
065880915,16,22,5,184,3,0,2,2,234
065881001,33,12,1,82,1,0,0,0,129
065881002,12,3,1,59,2,0,0,0,77
065881003,1,0,1,15,0,0,0,0,17
065881004,0,0,0,5,0,0,0,0,5
065881005,10,1,4,23,1,0,0,0,39
065881006,1,0,1,14,2,0,1,0,19
065881007,3,0,0,26,0,0,0,0,29
065881008,4,1,2,12,1,0,0,0,20
065881009,0,0,0,4,0,0,0,0,4
065881010,2,0,0,6,0,0,0,0,8
065881011,0,0,0,9,0,0,0,0,9
065881012,17,22,1,91,4,0,1,1,137
065881101,1,1,0,8,0,0,0,0,10
065881102,0,0,1,10,3,0,0,0,14
065881201,3,0,0,30,2,0,0,0,35
065881202,0,2,0,7,0,0,0,0,9
065881203,5,1,1,27,0,0,0,0,34
065881301,12,3,0,151,14,0,0,1,181
065881302,1,2,1,17,0,0,0,0,21
065881303,2,2,1,17,0,0,2,0,24
065881304,4,4,1,14,0,0,0,0,23
065881305,2,0,1,21,1,0,0,1,26
065881401,15,10,1,73,2,0,0,0,101
065881402,13,9,1,101,4,0,0,4,132
065881403,0,0,0,5,1,0,0,0,6
065881404,3,2,0,12,2,0,0,0,19
065881501,28,7,4,81,1,0,0,1,122
065881502,1,0,0,10,0,0,0,0,11
065881503,0,0,1,6,0,0,0,0,7
065881504,2,1,1,14,0,0,0,0,18
065881601,49,31,7,189,1,2,0,0,279
065881602,75,44,27,188,2,0,0,0,336
065881603,8,27,0,200,6,0,1,0,242
065881604,1,0,0,10,0,0,0,0,11
065881605,0,0,0,5,0,0,0,0,5
065881606,0,1,0,11,0,0,0,0,12
065881607,0,0,0,0,0,0,0,0,0
065881608,1,0,1,8,0,0,0,0,10
065881609,0,0,0,3,0,0,0,0,3
065881701,54,43,37,138,24,0,0,2,298
065881702,44,12,1,237,2,0,0,0,296
065881703,46,52,1,139,2,0,0,0,240
065881704,75,46,3,171,21,0,0,2,318
065881705,73,68,9,171,1,0,0,0,322
065881706,80,99,7,134,2,1,0,3,326
065881707,64,57,15,97,2,0,0,2,237
065881708,56,45,6,101,3,0,0,0,211
065950101,24,49,13,198,4,1,2,0,291
065950102,3,40,115,83,3,0,0,0,244
065950103,10,108,110,167,5,0,0,0,400
065950104,13,95,76,176,5,0,0,2,367
065950105,50,108,90,104,5,0,0,2,359
065950106,18,105,75,70,3,0,0,1,272
065950107,21,74,85,115,6,0,0,1,302
065950108,56,109,91,110,6,1,0,0,373
065950109,8,72,28,149,3,0,0,0,260
065950110,44,108,71,148,0,0,0,0,371
065950201,41,93,57,86,1,0,0,0,278
065950202,29,93,80,106,5,1,0,1,315
065950203,70,105,52,60,1,0,0,1,289
065950204,117,133,20,54,0,0,0,0,324
065950205,47,106,30,40,1,0,0,0,224
065950206,116,75,31,67,2,0,0,0,291
065950207,41,97,75,81,10,0,0,1,305
065950208,50,125,83,99,5,0,0,0,362
065950209,14,47,47,106,2,0,0,0,216
065950210,49,127,139,103,6,0,0,0,424
065950211,37,63,81,35,1,0,0,0,217
065950212,29,89,35,97,4,0,0,1,255
065950213,64,63,16,53,1,0,0,0,197
065950214,39,49,46,71,0,0,0,0,205
065950215,62,45,30,62,1,0,0,1,201
065950301,19,47,105,53,2,0,0,0,226
065950302,29,100,104,69,1,0,0,0,303
065950303,38,162,26,72,1,0,0,1,300
065950304,34,178,33,72,0,0,0,0,317
065950305,101,79,37,44,0,0,0,0,261
065950306,32,101,65,91,5,1,0,0,295
065950307,44,91,40,77,5,1,0,0,258
065950308,28,98,49,79,1,0,0,0,255
065950309,22,87,56,69,0,0,0,0,234
065950310,19,112,145,101,3,6,0,0,386
065950311,33,105,86,115,2,0,0,0,341
065950312,51,84,42,77,2,0,0,0,256
065950313,41,51,87,41,1,0,0,0,221
065950401,8,96,53,65,5,0,0,0,227
065950402,213,104,1,63,16,1,0,2,400
065950403,56,164,27,44,5,1,0,1,298
065950404,22,169,27,113,5,0,0,2,338
065950405,33,88,23,185,9,0,0,5,343
065950406,7,63,45,102,4,0,0,0,221
065950407,51,78,37,92,3,0,0,0,261
065950408,27,83,30,108,5,0,0,0,253
065950409,21,117,51,137,7,0,0,0,333
065950410,2,61,118,91,3,0,0,1,276
065950411,34,77,40,86,3,0,0,3,243
065950412,30,111,59,157,7,0,1,3,368
065950413,15,122,91,117,1,0,0,0,346
065950501,1,1,3,54,1,0,0,0,60
065950601,8,10,5,60,0,0,0,0,83
065950602,1,1,0,19,1,0,0,0,22
065950603,3,9,13,82,2,0,0,0,109
065950701,6,4,1,47,4,2,0,0,64
065950801,9,5,12,146,0,0,1,0,173
065950802,1,0,1,54,2,0,0,0,58
065950901,1,2,4,58,0,0,0,0,65
065951001,0,0,2,50,2,0,0,0,54
065951101,3,0,2,38,2,0,0,0,45
065951201,0,1,3,28,1,0,0,1,34
065951301,2,0,1,48,2,0,0,0,53
065951401,4,8,5,79,2,2,0,0,100
065951501,2,1,3,42,0,1,1,0,50
065951601,11,38,94,117,1,1,0,0,262
065951602,6,49,141,136,25,0,0,0,357
065951603,25,83,22,252,5,2,0,2,391
065951604,5,18,4,45,15,2,0,1,90
065951605,2,3,16,17,0,0,0,0,38
065951606,16,19,148,53,5,0,0,0,241
065951607,8,34,71,146,3,0,0,0,262
065951608,2,42,308,104,6,0,0,6,468
065951609,0,1,234,1,1,0,0,0,237
065951610,4,2,188,0,0,0,0,0,194
065951611,3,0,202,1,0,0,0,0,206
065951612,1,1,222,0,0,0,0,0,224
065951613,1,0,188,0,0,0,0,0,189
065951701,0,0,4,42,0,0,0,0,46
065951801,1,0,0,5,0,0,0,0,6
065951802,0,0,1,8,0,0,0,0,9
065951803,0,0,1,20,0,0,0,0,21
065951804,0,0,0,2,0,1,0,0,3
065951901,8,11,5,119,11,1,0,2,157
065951902,21,14,17,140,2,0,0,2,196
065951903,18,5,211,83,0,0,0,0,317
065951904,21,6,9,98,0,0,0,0,134
065951905,2,7,12,74,0,0,0,0,95
065951906,6,3,4,76,5,0,0,0,94
065951907,10,8,17,68,1,1,0,0,105
065951908,15,12,10,165,2,1,0,0,205
065951909,11,11,6,104,0,0,0,0,132
065951910,1,2,0,184,2,0,0,0,189
065951911,13,14,48,231,7,0,0,0,313
065951912,56,34,34,50,0,0,0,1,175
065951913,5,10,3,29,0,0,0,0,47
065951914,20,47,55,212,13,0,0,3,350
065952001,32,41,17,166,0,0,0,0,256
065952002,2,1,0,8,2,0,0,0,13
065952101,4,36,6,88,41,0,0,0,175
065952102,14,64,35,91,9,0,0,2,215
065952103,22,83,16,37,3,0,0,0,161
065952104,19,84,42,73,6,0,0,0,224
065952105,22,70,28,143,21,1,0,0,285
065952106,0,0,0,1,0,0,0,0,1
065952107,4,11,3,42,0,0,0,0,60
065952201,3,11,3,54,0,0,0,0,71
065952301,4,1,2,86,3,0,1,0,97
065952401,28,85,53,119,0,0,0,0,285
065952402,31,90,62,120,4,0,0,0,307
065952403,22,68,83,116,0,0,0,0,289
065952404,29,80,69,105,0,0,0,0,283
065952405,36,135,43,62,0,0,0,1,277
065952406,21,86,48,119,2,0,0,0,276
065952407,54,104,75,108,7,0,0,4,352
065952408,27,136,49,206,6,3,0,0,427
065952409,21,69,41,164,5,1,0,0,301
065952410,14,60,20,153,9,0,0,0,256
065952411,28,86,7,101,0,0,0,0,222
065952412,14,61,33,158,6,0,0,0,272
065952501,36,282,9,38,1,0,0,1,367
065952502,45,104,29,83,1,0,0,0,262
065952503,39,127,51,143,2,0,0,2,364
065952504,46,84,123,124,1,0,0,1,379
065952505,18,84,79,103,10,0,0,0,294
065952506,10,107,67,87,3,0,0,0,274
065952507,17,98,78,56,2,0,0,1,252
065952508,21,100,66,109,2,0,0,1,299
065952509,30,104,44,74,2,0,0,1,255
065952510,14,107,28,102,11,0,0,5,267
065952511,15,113,62,108,4,0,0,0,302
065952512,8,58,59,85,3,0,0,0,213
065952513,9,64,45,90,7,0,0,0,215
065952601,1,6,9,84,4,0,1,2,107
065952602,7,57,166,161,27,1,0,2,421
065952603,8,30,19,166,14,0,0,2,239
065952604,8,70,25,127,7,2,0,0,239
065952605,14,73,66,197,9,1,0,1,361
065952606,3,2,152,13,0,0,0,2,172
065952607,5,25,195,84,9,0,0,8,326
065952608,30,59,72,156,6,0,0,0,323
065952609,8,80,26,127,4,0,0,2,247
065952610,9,67,83,157,8,0,0,1,325
065952611,10,158,65,134,4,0,0,0,371
065952612,28,143,79,137,4,0,0,0,391
065952613,6,93,21,108,6,0,0,0,234
065952614,4,49,33,87,2,0,0,0,175
065952701,0,5,316,12,0,0,0,0,333
065952702,1,13,341,89,0,0,0,0,444
065952703,10,44,49,89,6,0,0,0,198
065952704,7,23,31,53,116,1,0,1,232
065952705,0,1,1,16,0,0,0,1,19
065952706,1,17,14,27,1,0,0,0,60
065952707,17,33,33,117,13,0,0,1,214
065952708,2,0,78,16,2,0,0,0,98
065952709,11,14,39,170,8,0,0,0,242
065952710,22,17,9,139,6,0,0,0,193
065952711,24,31,13,169,5,0,0,0,242
065952712,30,19,7,128,2,0,0,0,186
066020101,0,0,0,89,10,0,0,0,99
066020201,10,4,4,133,1,0,0,0,152
066020202,1,0,1,47,3,0,0,0,52
066020203,7,3,2,56,4,0,0,1,73
066020204,0,3,1,17,2,0,0,0,23
066020205,3,1,4,27,2,0,0,1,38
066020206,0,1,0,16,1,0,0,1,19
066020207,3,2,0,28,1,0,0,0,34
066020301,5,19,69,321,2,0,0,4,420
066020302,0,5,0,198,4,0,0,0,207
066020303,0,0,0,14,0,0,0,0,14
066020304,2,2,5,169,1,0,0,0,179
066020305,2,0,1,8,1,0,0,0,12
066020306,0,2,2,28,0,0,0,0,32
066020307,0,1,1,6,0,0,0,0,8
066020308,10,25,75,318,3,3,2,1,437
066020309,7,11,24,202,4,0,0,0,248
066020401,0,0,0,19,0,1,0,0,20
066020501,0,0,0,11,0,0,0,0,11
066020601,0,0,1,10,0,1,0,0,12
066020701,0,0,0,10,0,0,0,0,10
066020801,4,11,43,178,3,0,0,1,240
066020802,6,6,52,191,9,0,0,1,265
066020803,4,8,8,97,0,0,0,0,117
066020804,4,9,19,88,4,0,0,1,125
066020805,4,3,3,80,5,0,0,2,97
066020806,1,0,0,14,0,0,0,0,15
066020901,0,1,1,32,0,0,0,0,34
066020902,0,1,1,25,0,0,0,1,28
066020903,0,0,1,10,0,0,0,0,11
066021001,1,0,0,11,1,0,0,0,13
066021002,0,0,0,6,0,0,0,0,6
066021101,17,20,3,250,4,1,0,3,298
066021102,11,22,11,155,3,3,0,2,207
066021103,26,47,8,283,7,3,0,4,378
066021104,121,140,30,10,4,0,0,20,325
066021105,56,53,35,63,17,0,0,0,224
066021106,61,70,26,78,5,0,0,7,247
066021107,89,66,10,94,2,0,0,0,261
066021108,104,125,39,126,14,4,0,17,429
066021109,39,66,66,249,13,3,0,1,437
066021110,0,1,0,7,1,0,0,1,10
066021111,58,80,57,150,6,1,0,3,355
066021112,42,54,42,131,6,1,0,3,279
066021113,25,58,43,151,9,2,0,1,289
066021201,0,1,0,40,1,0,0,1,43
066021301,2,5,3,58,0,0,0,1,69
066021401,3,3,1,30,1,0,0,0,38
066021402,4,3,3,26,2,0,0,2,40
066021403,2,8,8,28,3,0,0,1,50
066021404,2,8,7,23,0,0,0,1,41
066021405,0,3,0,38,2,0,0,0,43
066021406,1,3,0,37,2,0,1,0,44
066021501,0,0,0,1,0,0,0,0,1
066021601,12,4,1,166,5,3,0,5,196
066021602,13,16,2,136,3,4,0,1,175
066021603,31,19,3,322,17,14,0,5,411
066021604,15,20,30,157,6,1,0,0,229
066021605,52,29,57,131,8,3,0,1,281
066021606,53,70,34,136,5,0,0,2,300
066021607,45,65,41,125,3,0,0,0,279
066021608,74,59,16,99,6,0,0,1,255
066021609,29,47,8,227,14,3,0,6,334
066021610,67,49,28,159,5,1,1,4,314
066021611,26,11,6,178,2,11,0,0,234
066021612,0,2,3,11,0,0,0,0,16
066090101,14,13,30,336,14,1,0,0,408
066090102,90,96,49,163,4,0,0,0,402
066090103,61,50,32,181,5,0,0,1,330
066090104,51,24,16,179,2,0,0,0,272
066090105,75,72,9,125,2,1,0,1,285
066090106,48,41,8,112,7,0,0,1,217
066090107,69,53,11,188,0,0,0,0,321
066090108,43,23,5,133,10,1,0,0,215
066090109,32,36,4,220,3,0,0,2,297
066090110,31,29,4,157,98,0,0,3,322
066090201,73,56,11,203,4,0,0,0,347
066090202,73,42,17,136,5,0,0,1,274
066090203,42,23,19,112,8,0,0,0,204
066090204,68,44,16,132,10,2,0,0,272
066090205,75,46,21,183,4,0,0,0,329
066090206,97,49,10,257,3,2,0,0,418
066090207,17,21,84,86,1,0,0,0,209
066090208,41,74,18,315,2,0,0,0,450
066090209,63,61,19,253,7,1,0,1,405
066090210,35,24,28,165,3,0,0,0,255
066090211,57,53,12,207,3,0,0,7,339
066090212,37,51,6,220,4,0,0,0,318
066090213,36,65,30,294,6,2,0,0,433
066090214,32,53,13,155,4,0,0,0,257
066090215,29,29,16,139,4,0,0,1,218
066090301,1,0,0,4,0,0,0,0,5
066090302,1,0,0,3,0,0,0,0,4
066090303,1,0,0,4,0,0,0,0,5
066090304,3,0,0,12,0,0,0,0,15
066090401,7,4,0,78,1,0,0,0,90
066090402,1,0,0,9,0,0,0,0,10
066090403,0,0,2,12,0,0,0,0,14
066090404,1,3,0,40,0,0,0,0,44
066090501,0,1,0,8,1,0,0,0,10
066090502,3,0,2,23,1,0,0,0,29
066090503,0,0,1,35,1,0,0,0,37
066090601,3,0,1,24,0,0,0,0,28
066090602,0,1,0,5,0,0,0,0,6
066090603,0,0,0,14,0,0,0,0,14
066090604,0,4,0,2,0,0,0,0,6
066090605,4,6,1,12,0,0,0,1,24
066090606,4,1,1,16,2,0,0,1,25
066090607,2,15,19,50,0,1,0,0,87
066090608,10,5,2,58,3,1,0,1,80
066090609,2,0,0,15,0,0,0,0,17
066090610,4,2,0,52,0,0,0,0,58
066090611,0,1,0,12,0,2,0,0,15
066090612,0,0,0,2,0,0,0,0,2
066090613,9,4,10,46,1,1,0,0,71
066090701,0,0,0,4,0,0,0,0,4
066090702,0,0,0,4,0,0,0,0,4
066090703,0,1,0,5,0,0,0,0,6
066090704,0,0,0,5,0,0,0,0,5
066090705,0,1,0,17,2,1,0,1,22
066090801,0,1,0,1,0,0,0,0,2
066090802,0,0,0,3,0,0,0,0,3
066090803,0,0,0,1,0,0,0,0,1
066090804,0,1,0,4,0,0,0,0,5
066090901,1,0,0,23,0,0,0,0,24
066090902,13,22,9,185,12,0,0,1,242
066090903,9,23,7,169,8,2,1,0,219
066090904,7,28,15,126,2,0,0,0,178
066090905,1,24,2,114,9,1,0,1,152
066090906,1,0,0,16,0,0,0,0,17
066091001,10,10,2,151,4,0,0,1,178
066091002,5,24,9,98,1,0,0,1,138
066091003,1,2,0,6,0,1,0,0,10
066091004,0,0,0,11,0,0,0,0,11
066091005,0,0,0,28,1,0,0,0,29
066091006,0,0,0,4,0,1,0,0,5
066091007,4,9,4,122,0,1,0,0,140
066091101,0,1,0,11,1,0,0,0,13
066091102,2,3,0,9,0,0,0,4,18
066091201,2,2,0,10,0,0,0,0,14
066091202,1,0,3,10,1,0,0,0,15
066091301,0,4,3,60,6,1,0,0,74
066091302,0,0,1,10,0,0,0,0,11
066091303,0,1,0,3,0,0,0,0,4
066091304,0,0,2,23,0,0,0,0,25
066091305,0,0,0,9,0,0,0,0,9
066091306,0,5,3,15,1,0,0,0,24
066091401,3,1,0,6,3,0,0,0,13
066091402,0,0,0,19,1,0,0,0,20
066091501,17,1,2,50,0,1,0,2,73
066091502,0,0,0,7,0,0,0,0,7
066091503,1,0,0,2,0,0,0,0,3
066091601,0,0,1,6,0,0,0,0,7
066091602,2,0,0,3,5,0,0,0,10
066091603,1,4,1,10,0,0,0,0,16
066091604,0,0,0,0,0,0,0,0,0
066091701,14,24,64,214,9,0,0,0,325
066091702,7,37,61,173,5,0,0,1,284
066091703,0,3,1,22,0,0,0,0,26
066091704,0,2,0,10,1,0,0,0,13
066091705,0,0,0,2,0,0,0,0,2
066091706,2,1,0,1,1,0,0,0,5
066091707,0,3,1,19,0,0,0,0,23
066091708,0,0,1,12,0,0,0,0,13
066091709,0,1,0,6,1,0,0,0,8
066091801,1,0,4,7,0,0,0,0,12
066091802,0,0,0,3,0,0,0,0,3
066091901,11,22,10,372,9,0,0,1,425
066091902,37,47,10,116,0,0,0,0,210
066091903,93,68,24,211,4,1,0,1,402
066091904,59,40,23,126,3,0,0,0,251
066091905,48,17,19,116,3,0,0,0,203
066091906,79,40,33,182,2,0,0,2,338
066091907,62,45,28,235,1,0,0,1,372
066091908,59,44,61,186,39,2,0,0,391
066091909,10,8,1,232,4,0,0,0,255
066160101,0,1,0,24,0,0,0,0,25
066160102,0,0,0,23,1,0,0,0,24
066160103,1,2,0,30,0,0,0,0,33
066160104,1,2,6,52,3,0,0,0,64
066160105,2,2,0,22,0,0,0,0,26
066160106,0,0,0,1,0,0,0,0,1
066160107,0,1,0,38,0,1,0,0,40
066160108,0,1,1,17,0,0,0,0,19
066160109,1,0,0,10,0,0,0,0,11
066160110,0,2,0,23,3,0,0,0,28
066160201,0,0,2,8,0,0,0,0,10
066160202,0,0,0,7,1,0,0,0,8
066160301,0,8,2,67,153,0,0,0,230
066160302,5,38,7,164,75,0,0,0,289
066160303,22,37,39,151,7,0,0,0,256
066160304,3,30,46,169,5,0,0,1,254
066160305,15,17,27,163,4,0,0,1,227
066160306,6,28,25,110,6,0,0,0,175
066160307,10,37,24,113,2,0,0,2,188
066160308,0,5,10,27,0,0,0,0,42
066160309,5,10,36,86,10,3,0,0,150
066230101,55,121,3,69,5,0,0,4,257
066230102,84,217,9,65,4,0,0,0,379
066230103,78,219,11,78,2,0,0,12,400
066230104,76,221,9,46,8,0,0,4,364
066230105,42,230,10,46,3,0,0,0,331
066230106,69,211,5,68,7,0,0,5,365
066230107,80,205,5,54,8,0,0,2,354
066230108,89,211,5,68,5,3,0,8,389
066230109,38,188,9,39,7,0,0,1,282
066230110,15,71,5,70,3,2,0,3,169
066230111,7,69,112,58,3,0,0,1,250
066230112,35,151,12,35,5,0,0,4,242
066230201,66,151,12,24,5,0,0,0,258
066230202,92,128,10,14,2,0,0,1,247
066230203,79,198,11,16,1,0,0,4,309
066230204,75,216,3,10,6,0,0,3,313
066230205,79,119,15,17,2,0,0,0,232
066230206,79,148,18,41,3,1,0,5,295
066230207,70,149,6,37,4,0,0,3,269
066230208,84,170,11,25,1,0,0,0,291
066230209,61,187,40,31,4,0,0,3,326
066230301,40,122,6,16,0,0,0,0,184
066230302,97,214,20,49,0,0,0,3,383
066230303,74,146,7,13,0,0,0,0,240
066230304,123,76,2,6,0,0,1,7,215
066230305,124,110,11,6,0,0,0,4,255
066230306,76,195,5,11,0,0,0,0,287
066230307,43,212,0,2,0,0,0,0,257
066230308,93,131,3,6,0,0,0,3,236
066230309,97,102,10,10,1,1,0,2,223
066230310,154,126,4,5,0,0,0,2,291
066230311,43,157,12,19,0,0,0,0,231
066230401,100,198,11,30,3,1,0,2,345
066230402,70,213,14,19,4,0,0,0,320
066230403,116,159,10,14,0,0,0,2,301
066230404,80,150,7,21,0,0,0,1,259
066230405,76,173,35,41,5,0,0,2,332
066230406,78,255,37,30,4,0,0,0,404
066230407,80,190,16,42,4,0,0,0,332
066230408,66,236,54,28,7,0,0,1,392
066230409,48,149,3,93,7,0,1,1,302
066230410,45,164,5,59,7,0,0,2,282
066230501,134,155,36,7,2,0,0,3,337
066230502,90,125,24,7,2,0,0,6,254
066230503,145,150,36,9,0,0,0,3,343
066230504,122,156,24,17,0,0,0,3,322
066230505,160,196,45,22,0,0,0,0,423
066230506,132,156,73,40,1,0,0,3,405
066230507,96,163,82,52,0,0,0,0,393
066230508,79,136,86,17,0,0,0,9,327
066230509,91,126,28,16,0,0,0,9,270
066230510,138,173,40,8,2,0,0,9,370
066230601,2,1,0,1,0,0,0,0,4
066230602,2,0,0,8,0,0,0,0,10
066230603,0,0,0,0,0,0,0,0,0
066230701,26,70,17,66,1,0,0,0,180
066230702,42,82,13,79,3,0,0,0,219
066230703,1,1,1,18,1,0,0,0,22
066230704,0,1,1,12,2,0,0,0,16
066230705,1,2,0,6,0,0,0,0,9
066230801,7,5,0,44,2,0,0,0,58
066230802,2,1,0,5,1,0,0,0,9
066230803,0,1,0,7,2,0,0,0,10
066230901,3,5,2,10,0,0,0,0,20
066230902,41,47,6,76,0,0,0,0,170
066230903,20,13,4,56,2,0,0,0,95
066230904,3,3,0,22,0,0,0,0,28
066231001,0,2,0,2,3,0,0,0,7
066231002,0,4,0,10,1,0,0,0,15
066231003,1,0,0,5,0,0,0,0,6
066231101,0,4,0,16,1,0,0,0,21
066231102,0,4,1,23,1,0,0,0,29
066231103,8,16,35,98,1,0,0,1,159
066231104,10,18,6,143,0,0,0,2,179
066231201,3,0,0,8,1,0,0,0,12
066231202,0,0,0,9,0,0,0,0,9
066231301,0,1,1,0,1,0,0,0,3
066231302,0,1,1,4,2,0,0,0,8
066231401,50,68,13,134,10,1,0,1,277
066231402,46,50,13,137,9,1,0,2,258
066231403,0,2,1,22,0,0,0,0,25
066231404,6,26,0,32,0,0,0,1,65
066231501,3,20,0,55,1,0,0,0,79
066231502,6,0,1,9,0,0,0,0,16
066231503,2,2,0,8,1,0,0,0,13
066231601,20,19,0,78,6,2,1,3,129
066231602,1,2,2,10,0,0,0,0,15
066231603,4,0,1,9,1,0,0,0,15
066231604,5,3,0,11,2,0,0,1,22
066231605,35,86,15,86,8,0,0,0,230
066231701,5,2,0,11,1,0,0,0,19
066231702,3,0,0,3,0,0,0,0,6
066231703,1,5,2,3,1,0,0,0,12
066231801,0,4,2,11,1,0,0,0,18
066231802,9,58,3,52,0,0,1,2,125
066231803,31,97,5,75,4,0,0,3,215
066231804,1,7,2,5,0,0,0,0,15
066231901,4,0,0,2,0,0,0,0,6
066231902,5,4,1,8,2,0,0,0,20
066232001,37,62,13,101,11,1,1,1,227
066232002,6,82,66,225,19,1,0,1,400
066232003,15,24,230,29,1,0,0,0,299
066232004,2,25,43,34,1,0,0,1,106
066232005,6,84,53,146,4,1,0,0,294
066232006,20,65,110,59,4,0,0,0,258
066232007,44,301,11,84,5,0,0,1,446
066232008,134,211,23,25,2,0,0,1,396
066232009,32,134,5,179,8,0,0,6,364
066232010,41,128,4,74,4,0,1,6,258
066232011,31,249,15,222,18,0,0,3,538
066232012,15,33,2,102,1,1,0,4,158
066232101,8,44,4,68,15,0,0,0,139
066232102,10,20,5,40,6,0,1,0,82
066232103,3,2,0,0,0,0,0,0,5
066232104,32,44,72,86,2,0,0,3,239
066232105,2,3,5,12,0,0,0,0,22
066232106,3,6,0,49,13,0,0,0,71
066232107,0,59,1,76,6,0,0,0,142
066232201,113,115,26,9,1,0,0,3,267
066232202,97,110,22,9,1,0,0,6,245
066232203,115,107,30,5,1,0,0,3,261
066232204,114,142,18,16,1,0,0,3,294
066232205,145,134,32,8,2,0,0,0,321
066232206,119,139,22,17,1,0,0,0,298
066232207,110,122,64,20,8,0,1,3,328
066232208,113,185,51,34,6,0,1,0,390
066232209,16,20,41,3,0,0,0,3,83
066232210,42,70,39,18,1,0,0,0,170
066232211,1,6,0,0,0,0,0,3,10
066232212,1,6,1,7,0,0,0,3,18
066232213,83,88,15,9,3,0,0,3,201
066232214,13,28,2,0,1,0,0,12,56
066232301,34,82,4,52,6,0,0,3,181
066232302,0,0,1,11,0,0,0,0,12
066232303,0,3,0,9,1,0,0,0,13
066232304,6,48,6,56,3,0,0,0,119
066232305,5,5,1,14,0,0,0,0,25
066232306,28,51,4,73,3,0,0,1,160
066232401,1,0,0,19,0,0,0,0,20
066232402,0,0,0,6,0,0,0,0,6
066232403,0,0,1,14,1,0,0,0,16
066232404,2,0,1,4,1,0,0,0,8
066232501,33,23,3,59,0,0,0,0,118
066232502,1,3,0,11,2,0,0,0,17
066232503,1,3,0,6,1,0,0,0,11
066232504,4,8,6,56,0,1,1,0,76
066232505,0,1,2,10,0,0,0,0,13
066232506,26,13,2,56,4,0,0,1,102
066232601,1,8,4,11,1,0,0,0,25
066232602,2,8,5,11,0,0,0,0,26
066232701,17,40,3,76,7,0,0,0,143
066232702,0,1,1,2,0,0,0,0,4
066232703,1,3,0,6,0,0,0,0,10
066232704,2,1,1,5,0,0,0,0,9
066232801,76,116,8,214,16,0,1,1,432
066232802,35,167,21,147,6,0,0,2,378
066232803,30,67,54,20,3,0,0,0,174
066232804,27,225,18,53,5,0,0,2,330
066232805,61,218,12,49,0,1,0,0,341
066232806,88,264,16,52,2,0,0,2,424
066232807,59,173,11,85,4,2,0,11,345
066232808,29,225,7,91,10,0,0,1,363
066232809,31,136,110,84,9,0,0,1,371
066232810,39,154,12,52,4,0,0,7,268
066232811,10,90,29,44,5,0,0,1,179
066232812,41,205,17,108,2,0,1,5,379
066232813,33,103,146,164,3,0,0,0,449
066232901,29,100,114,121,9,1,0,4,378
066232902,34,193,14,147,9,1,0,4,402
066232903,18,58,34,178,3,0,0,1,292
066232904,28,117,1,36,2,0,0,0,184
066232905,18,132,58,37,1,0,0,1,247
066232906,54,163,7,105,5,0,0,3,337
066232907,20,128,6,168,6,0,0,0,328
066232908,2,10,1,178,5,0,0,2,198
066232909,37,118,5,110,4,0,0,0,274
066232910,9,19,0,201,18,2,0,1,250
066232911,4,87,1,128,7,1,0,2,230
066300101,1,1,12,95,1,0,0,0,110
066300201,0,1,0,9,1,0,0,0,11
066300202,6,3,109,158,4,0,0,0,280
066300203,2,2,28,132,8,0,1,0,173
066300204,3,7,27,120,3,0,2,0,162
066300205,3,4,60,111,7,0,0,0,185
066300301,1,0,7,35,0,0,0,0,43
066300401,2,2,2,40,0,0,0,2,48
066300501,6,1,6,54,2,0,0,0,69
066300601,0,1,13,119,1,0,0,0,134
066380101,3,5,4,33,3,0,0,1,49
066380102,58,48,26,320,12,3,2,4,473
066380103,31,47,27,144,22,1,0,3,275
066380104,10,11,20,53,8,0,1,4,107
066380105,17,15,59,90,6,0,1,2,190
066380106,30,61,30,177,17,3,8,5,331
066380107,70,31,22,183,15,4,6,22,353
066380108,96,63,25,275,20,4,0,6,489
066380109,59,89,47,213,19,1,3,2,433
066380110,82,87,20,236,13,2,5,4,449
066380111,58,59,195,306,15,4,1,7,645
066380112,120,105,318,169,11,0,1,5,729
066380113,157,127,249,226,13,7,1,12,792
066380114,37,18,199,51,3,0,0,1,309
066380201,32,14,291,3,0,0,0,1,341
066380202,28,35,198,119,4,0,0,2,386
066380203,49,70,16,94,18,0,0,5,252
066380204,69,56,62,182,30,5,0,5,409
066380205,54,74,37,156,26,0,3,2,352
066380206,38,45,13,119,19,3,0,9,246
066380207,44,34,16,139,29,3,0,4,269
066380208,40,66,37,92,13,1,0,4,253
066380209,58,83,57,86,13,1,0,5,303
066380210,55,70,68,117,15,0,1,3,329
066380211,60,144,97,133,29,3,4,2,472
066380212,32,90,50,72,10,0,0,0,254
066380213,44,54,59,120,12,0,1,4,294
066380214,33,71,34,105,11,0,0,1,255
066380301,71,56,15,204,22,5,1,6,380
066380302,108,66,26,186,14,3,2,17,422
066380303,39,149,44,135,16,3,0,14,400
066380304,101,70,20,304,24,3,2,9,533
066380305,12,40,57,99,9,2,0,2,221
066380306,20,37,68,78,8,6,0,11,228
066380307,22,15,114,11,1,0,0,0,163
066380308,8,7,108,17,0,0,0,2,142
066380309,165,92,453,94,12,1,0,9,826
066380310,14,21,119,82,3,0,0,1,240
066380311,59,98,66,237,18,1,4,7,490
066380312,44,164,90,205,25,3,2,3,536
066380313,47,73,107,163,9,1,0,7,407
066380401,50,116,47,124,25,2,0,2,366
066380402,61,103,45,222,19,0,0,1,451
066380403,31,87,22,153,17,0,2,6,318
066380404,15,54,91,72,3,0,0,0,235
066380405,76,114,17,303,27,6,8,5,556
066380406,48,36,91,112,9,1,0,2,299
066380407,50,54,78,132,8,1,10,2,335
066380408,40,53,77,159,6,3,3,6,347
066380409,8,70,99,56,13,0,0,2,248
066380410,19,48,136,76,9,0,1,2,291
066380411,10,44,104,75,6,1,2,2,244
066380412,43,21,149,52,4,0,0,1,270
066380501,4,10,62,12,1,0,0,1,90
066380502,5,5,40,14,1,0,0,0,65
066380503,19,10,44,7,2,0,1,1,84
066380504,10,4,38,5,0,0,0,0,57
066380505,20,20,120,27,0,0,0,4,191
066380506,10,10,111,11,3,0,0,3,148
066380507,19,34,75,77,8,1,0,2,216
066380508,69,72,21,101,13,1,1,2,280
066380509,37,61,13,127,16,1,1,6,262
066380510,24,117,37,141,32,4,0,9,364
066380511,56,71,25,179,14,0,0,5,350
066380512,40,82,29,114,28,0,0,3,296
066380513,42,49,19,173,11,2,5,6,307
066380514,54,80,23,187,10,2,0,13,369
066380601,44,62,70,188,11,0,5,7,387
066380602,33,59,85,114,7,0,0,3,301
066380603,35,113,90,148,22,0,1,3,412
066380604,66,67,49,177,31,0,2,21,413
066380605,63,97,47,188,23,0,2,3,423
066380606,53,57,31,208,26,5,3,7,390
066380607,57,32,32,227,15,3,5,13,384
066380608,15,45,94,66,3,0,2,3,228
066380609,5,23,79,40,6,0,1,0,154
066380610,45,114,34,203,17,1,1,14,429
066380611,49,62,20,174,14,3,1,2,325
066380612,31,109,24,123,16,0,0,3,306
066380613,36,146,42,130,27,0,0,6,387
066380614,40,168,45,167,18,0,2,6,446
066380615,39,108,28,169,20,3,3,13,383
066380701,109,59,16,270,25,14,5,30,528
066380702,29,77,14,135,23,1,1,5,285
066380703,62,26,61,136,18,4,0,7,314
066380704,65,72,57,93,35,0,0,17,339
066380705,34,48,70,84,15,0,0,1,252
066380706,6,26,83,38,5,0,0,0,158
066380707,30,100,163,102,21,0,0,4,420
066380708,9,19,138,39,5,2,0,3,215
066380709,46,24,61,77,9,1,0,8,226
066380710,53,56,67,141,21,3,0,0,341
066380711,17,30,76,97,14,1,1,1,237
066380712,41,49,101,100,12,4,1,5,313
066380713,20,56,55,120,19,2,0,9,281
066380801,43,43,80,58,2,0,0,1,227
066380802,27,36,104,50,3,0,0,0,220
066380803,28,26,155,79,6,1,0,0,295
066380804,9,6,145,0,0,0,0,0,160
066380805,10,11,123,3,2,0,0,3,152
066380806,18,45,27,88,15,2,0,2,197
066380807,14,18,48,68,13,2,1,3,167
066380808,97,68,59,230,45,6,2,2,509
066380809,10,16,54,47,11,0,2,3,143
066380810,18,19,80,70,10,2,0,0,199
066380811,18,22,103,37,5,2,1,3,191
066380812,10,18,90,34,5,0,0,0,157
066380813,8,16,15,75,6,2,0,3,125
066380814,27,25,12,79,10,1,1,9,164
066380815,10,8,23,4,0,0,0,0,45
066380816,25,30,58,60,12,1,1,5,192
066380901,14,30,62,64,7,0,0,4,181
066380902,14,21,68,62,3,1,0,1,170
066380903,41,58,39,122,20,2,1,4,287
066380904,21,34,44,64,13,1,4,3,184
066380905,28,82,39,148,9,1,3,0,310
066380906,52,140,47,132,20,1,0,11,403
066380907,83,153,26,271,32,2,2,6,575
066380908,41,139,10,136,20,4,2,21,373
066380909,61,121,18,157,13,1,0,5,376
066380910,75,113,6,155,11,0,0,2,362
066380911,52,171,12,120,15,1,1,2,374
066380912,40,128,12,129,26,2,3,3,343
066380913,52,149,13,171,38,4,1,8,436
066381001,35,136,23,131,22,4,0,11,362
066381002,23,163,8,127,7,2,0,1,331
066381003,64,134,28,120,12,1,0,2,361
066381004,26,85,21,132,17,2,4,2,289
066381005,22,112,69,56,9,0,1,1,270
066381006,68,152,37,152,23,0,0,8,440
066381007,74,105,64,158,23,0,1,16,441
066381008,83,84,49,275,21,1,3,8,524
066381009,64,113,9,159,26,2,1,5,379
066381010,72,96,31,182,34,4,5,7,431
066381011,51,94,42,98,25,0,0,3,313
066381101,36,12,2,97,7,2,1,6,163
066381102,28,21,0,93,3,0,2,0,147
066381103,127,75,24,304,22,7,2,12,573
066381104,94,88,14,215,32,1,1,7,452
066381105,69,82,43,116,20,0,1,2,333
066381106,31,104,25,120,21,1,0,5,307
066381107,53,134,88,72,20,1,3,1,372
066381108,45,109,20,197,17,7,1,10,406
066381109,42,81,14,181,22,2,0,0,342
066381110,71,75,16,244,35,1,10,9,461
066381111,33,23,9,186,12,4,3,5,275
066381112,20,30,6,123,6,1,1,0,187
066381201,6,9,28,64,4,0,1,1,113
066381202,9,19,7,14,3,0,0,0,52
066381203,21,68,83,192,18,1,5,0,388
066381204,4,10,39,38,3,0,0,0,94
066381205,37,46,324,71,13,0,1,5,497
066381206,19,53,121,123,9,1,2,0,328
066381207,4,3,1,2,0,0,0,1,11
066381208,1,3,7,3,0,0,0,1,15
066381209,19,14,91,25,1,0,0,0,150
066381210,13,10,11,50,7,2,1,11,105
066381211,29,25,8,97,5,0,1,2,167
066381301,41,41,105,145,13,1,3,1,350
066381302,66,47,33,123,23,5,1,5,303
066381303,47,33,27,123,25,4,3,2,264
066381304,36,34,65,81,14,1,1,7,239
066381305,51,58,55,189,27,1,3,7,391
066381306,63,84,46,293,19,6,10,6,527
066381307,86,85,47,225,23,2,4,12,484
066381308,38,43,19,144,21,0,1,9,275
066381309,59,50,12,138,10,4,7,1,281
066381310,100,29,9,166,10,3,6,4,327
066381311,90,17,5,152,24,3,4,14,309
066381312,6,6,188,38,0,1,0,0,239
066381313,53,46,271,16,0,0,0,1,387
066381314,8,3,63,24,2,0,0,1,101
066381315,9,7,37,53,5,2,2,0,115
066381316,23,20,8,94,23,2,8,12,190
066381317,9,12,33,54,3,0,0,1,112
066381318,57,63,69,192,18,1,2,10,412
066381319,14,15,67,87,9,1,2,1,196
066381401,26,34,42,58,7,0,3,1,171
066381402,13,3,37,178,1,1,0,1,234
066381403,70,87,17,220,27,5,1,2,429
066381404,40,49,6,149,30,3,0,3,280
066381405,64,33,8,190,21,3,1,3,323
066381406,68,71,22,154,19,0,1,8,343
066381407,56,70,28,211,25,2,2,3,397
066381408,43,45,16,229,14,2,2,4,355
066381409,79,37,15,183,24,2,4,12,356
066381501,16,8,30,56,12,2,0,5,129
066381502,7,26,19,85,5,0,1,2,145
066381503,45,64,82,131,16,1,0,2,341
066381504,46,65,41,165,23,2,5,9,356
066381505,6,21,54,89,9,0,0,1,180
066381506,23,47,161,97,5,2,0,2,337
066381507,74,95,46,228,24,2,1,4,474
066381508,40,65,122,212,21,0,3,1,464
066381509,73,38,13,213,19,1,0,4,361
066381510,65,39,54,216,17,0,2,12,405
066381511,37,18,109,86,19,1,2,3,275
066381512,51,172,34,157,13,1,2,1,431
066381513,64,124,18,229,19,1,4,6,465
066381514,48,57,10,180,33,2,1,10,341
066381601,39,100,112,98,13,0,0,1,363
066381602,77,56,20,40,5,1,0,4,203
066381603,63,116,97,87,11,0,1,2,377
066381604,27,51,79,68,4,0,0,0,229
066381605,35,61,17,78,7,0,0,1,199
066381606,30,89,56,130,13,0,1,0,319
066381607,34,124,116,105,11,1,0,2,393
066381608,31,63,80,101,7,0,0,1,283
066381609,26,58,52,137,8,1,1,2,285
066381610,54,37,49,167,18,1,3,1,330
066381611,59,76,59,135,20,2,0,6,357
066381701,16,38,83,150,18,1,0,2,308
066381702,28,15,88,72,8,0,0,4,215
066381703,19,85,63,145,9,3,0,3,327
066381704,29,54,49,139,16,1,2,3,293
066381705,21,73,62,83,4,0,0,1,244
066381706,41,51,36,58,6,0,0,1,193
066381707,49,75,65,70,5,1,0,1,266
066381708,103,92,49,101,5,0,0,2,352
066381709,57,85,4,16,0,0,0,3,165
066381710,24,96,28,49,4,0,0,2,203
066381711,14,114,21,31,6,1,0,2,189
066381712,35,125,49,142,21,0,2,2,376
066381713,51,89,146,117,7,1,0,2,413
066381714,43,74,86,125,12,0,0,0,340
066381801,240,90,15,409,78,11,19,63,925
066381802,79,31,8,262,22,8,8,17,435
066381803,58,70,24,201,35,2,2,3,395
066381804,62,44,221,83,2,0,1,0,413
066381805,8,25,46,52,17,0,0,1,149
066381806,59,38,23,183,23,0,5,10,341
066381807,67,31,9,203,20,1,3,2,336
066381808,60,47,28,199,27,3,0,4,368
066381809,19,66,22,186,18,1,0,1,313
066381810,58,11,11,91,10,5,5,7,198
066381901,21,17,103,147,9,2,1,1,301
066381902,40,49,138,205,19,2,4,7,464
066381903,76,21,14,157,53,3,2,2,328
066381904,37,14,3,98,13,2,4,7,178
066381905,36,23,142,166,8,0,3,6,384
066381906,4,8,82,40,5,1,1,2,143
066382001,3,0,1,19,0,0,0,1,24
066382002,23,33,64,124,14,0,1,3,262
066382003,36,53,86,108,11,0,0,10,304
066382004,0,7,7,9,2,0,0,0,25
066382005,47,36,7,113,10,5,1,2,221
066382006,42,18,9,85,14,0,3,2,173
066382007,49,40,16,107,13,2,2,0,229
066382008,15,36,31,65,10,2,0,3,162
066382009,19,27,26,136,16,2,2,2,230
066382101,3,12,23,70,6,0,0,0,114
066382102,6,5,11,31,3,0,0,0,56
066382103,7,9,19,31,4,0,1,0,71
066382104,20,22,147,97,4,0,0,1,291
066382105,2,7,24,24,0,0,2,1,60
066382106,1,4,4,6,1,0,0,0,16
066382107,98,19,96,44,1,2,0,0,260
066382108,0,1,0,2,0,0,0,0,3
066382201,123,92,51,267,37,2,2,8,582
066382202,41,42,21,137,23,1,0,1,266
066382203,52,41,17,118,11,0,0,13,252
066382204,90,28,12,215,37,4,3,4,393
066382205,77,29,9,158,26,1,6,6,312
066382206,110,121,41,284,65,4,0,16,641
066382207,48,39,27,103,9,0,0,4,230
066382208,68,40,21,147,27,1,0,1,305
066382209,36,36,22,112,27,2,1,27,263
066382210,15,17,81,43,10,0,0,0,166
066382211,32,23,12,76,18,1,6,2,170
066382212,29,23,8,71,18,0,0,4,153
066382213,30,30,9,134,24,0,4,2,233
066382214,56,99,21,197,13,2,3,19,410
066382301,47,25,7,109,14,2,2,1,207
066382302,22,51,17,170,18,4,5,2,289
066382303,7,9,9,37,6,0,0,2,70
066382304,15,16,120,51,1,1,0,1,205
066382305,0,2,0,4,0,0,0,0,6
066382306,0,1,4,25,2,0,0,0,32
066382307,10,9,7,28,1,1,2,1,59
066440101,3,3,57,1,1,0,0,0,65
066440102,8,14,33,2,1,0,0,0,58
066440103,11,34,58,8,3,0,0,0,114
066440104,9,14,18,1,0,0,0,1,43
066440105,2,6,25,0,0,0,0,0,33
066440106,2,8,39,3,0,0,0,0,52
066440107,16,9,20,3,0,0,0,0,48
066440108,11,8,1,0,0,0,0,0,20
066440109,5,1,3,1,0,0,0,2,12
066440110,17,15,0,0,0,0,0,2,34
066440111,6,13,8,0,1,0,1,0,29
066440201,7,10,137,40,1,3,0,3,201
066440202,7,3,80,3,0,0,0,2,95
066440203,11,15,20,0,0,0,0,2,48
066440204,1,16,16,0,0,0,0,0,33
066440205,3,20,11,2,0,0,0,0,36
066440206,10,7,37,13,1,0,1,2,71
066440207,8,9,72,7,0,1,0,2,99
066440208,6,19,50,3,2,0,0,0,80
066440301,21,42,72,73,5,20,0,1,234
066440302,13,35,53,48,6,6,0,0,161
066440303,0,0,0,3,2,0,0,0,5
066440304,5,23,78,57,3,5,0,0,171
066440305,10,5,37,26,10,1,0,0,89
066440306,5,5,24,13,2,0,0,0,49
066440307,8,15,60,9,0,0,0,0,92
066440308,5,11,11,5,2,0,0,0,34
066440309,4,2,19,13,2,0,0,0,40
066440310,0,0,16,13,1,0,0,0,30
066440311,4,4,25,24,0,1,0,0,58
066440312,1,2,22,5,0,1,0,0,31
066440313,3,19,35,17,2,4,0,0,80
066440314,1,2,14,4,0,0,0,0,21
066440315,0,1,10,7,0,0,0,0,18
066440316,0,0,10,0,0,0,0,0,10
066440401,7,8,55,5,0,0,0,2,77
066440402,4,4,52,8,0,0,0,0,68
066440403,0,5,44,7,0,0,0,0,56
066440404,3,4,31,7,1,1,0,0,47
066440405,0,2,42,17,0,0,0,0,61
066440406,0,5,18,3,0,0,0,0,26
066440407,7,17,18,4,0,0,0,1,47
066440408,5,11,16,3,0,0,0,0,35
066440501,7,3,20,12,0,0,0,0,42
066440502,6,20,40,59,5,10,0,1,141
066440503,11,21,99,57,12,5,0,1,206
066440504,22,7,95,14,1,5,0,0,144
066440505,24,131,218,53,12,2,0,6,446
066440506,50,116,166,56,7,1,1,1,398
066440507,22,83,81,16,13,2,1,0,218
066440508,10,30,58,3,0,0,0,0,101
066440509,12,26,48,12,1,0,0,0,99
066440510,6,18,20,3,0,0,0,0,47
066440511,10,11,29,2,0,0,0,1,53
066440512,17,51,11,0,0,0,0,0,79
066440513,15,17,1,1,0,0,0,1,35
066440601,72,24,116,29,6,9,0,3,259
066440602,25,18,37,65,1,2,1,5,154
066440603,8,20,43,44,2,7,0,11,135
066440604,8,17,75,15,3,0,0,3,121
066440605,12,15,46,17,1,0,0,0,91
066440606,5,27,57,26,4,2,0,1,122
066440607,13,28,65,53,3,9,0,8,179
066440608,21,45,100,91,14,9,3,3,286
066440609,23,35,48,116,3,9,0,1,235
066440610,24,36,40,77,4,11,2,0,194
066440611,6,29,3,21,6,9,1,7,82
066440612,32,64,55,97,5,23,4,14,294
066440613,21,26,69,97,14,13,0,1,241
066440614,14,16,44,60,5,3,0,15,157
066440615,34,48,66,79,4,12,0,0,243
066440616,7,22,56,31,3,1,0,0,120
066440617,3,17,24,10,2,1,0,0,57
066440618,6,23,31,6,1,2,0,0,69
066440619,5,8,57,14,1,1,0,0,86
066440620,3,7,64,31,0,1,0,0,106
066440621,5,6,42,37,1,0,0,5,96
066440622,11,22,65,48,3,8,0,1,158
066480101,32,118,30,169,8,0,0,3,360
066480102,15,123,4,173,8,1,0,2,326
066480103,28,193,41,181,6,0,0,6,455
066480104,44,174,44,73,1,0,0,0,336
066480105,48,184,24,124,8,0,0,1,389
066480106,44,147,74,95,8,0,4,4,376
066480107,33,125,27,72,4,1,0,3,265
066480108,24,111,24,105,4,3,0,4,275
066480109,20,109,21,103,4,1,0,0,258
066480110,20,169,21,222,16,2,0,4,454
066480111,11,144,22,153,13,0,0,5,348
066480112,21,138,16,194,1,2,1,3,376
066480113,14,121,11,171,7,3,0,3,330
066480114,32,116,17,264,23,4,0,2,458
066480115,34,65,3,144,2,11,1,3,263
066480116,18,70,14,163,9,4,1,1,280
066480117,9,39,14,197,7,6,1,1,274
066480118,28,72,7,161,19,7,1,4,299
066480119,10,85,10,195,8,2,0,3,313
066480201,13,105,5,252,9,5,0,2,391
066480202,13,66,7,157,3,2,2,2,252
066480203,14,22,88,34,2,1,0,0,161
066480204,18,48,8,226,4,4,0,2,310
066480205,27,59,4,191,6,7,1,4,299
066480206,12,45,3,193,10,12,0,3,278
066480207,17,89,17,267,8,7,0,5,410
066480208,19,104,23,209,9,4,0,7,375
066480209,23,148,13,136,8,0,0,1,329
066480210,28,122,34,204,14,3,0,2,407
066480211,35,66,14,102,13,0,0,4,234
066480212,28,114,48,160,7,1,0,6,364
066480213,28,159,58,144,11,2,0,2,404
066480301,60,127,22,99,6,0,0,0,314
066480302,35,64,41,201,18,1,0,3,363
066480303,1,10,3,45,0,1,0,0,60
066480304,18,101,13,178,7,1,0,3,321
066480305,3,60,8,171,7,5,0,3,257
066480306,9,80,14,174,3,4,0,7,291
066480307,15,59,11,133,7,1,0,7,233
066480308,20,120,17,254,25,3,0,10,449
066480309,65,137,31,164,16,3,0,1,417
066480310,28,105,27,234,14,1,1,3,413
066480311,8,25,2,206,9,6,0,2,258
066480312,16,106,8,184,3,2,0,6,325
066480313,2,8,131,35,2,0,0,0,178
066480314,2,14,34,55,3,1,0,2,111
066480315,25,69,7,204,8,9,0,4,326
066480316,3,22,4,72,3,3,2,2,111
066480401,7,78,10,185,7,0,0,3,290
066480402,5,67,8,149,5,2,0,2,238
066480403,20,67,1,203,10,4,0,4,309
066480404,8,75,4,223,5,3,0,0,318
066480405,2,0,1,13,3,0,0,0,19
066480406,12,69,8,143,12,1,0,0,245
066480407,0,2,15,20,0,0,0,0,37
066480408,1,0,3,3,0,0,0,0,7
066480409,1,3,2,27,4,0,0,0,37
066480410,2,4,4,31,1,0,1,0,43
066480411,8,6,26,5,2,0,0,0,47
066480501,9,52,5,150,6,1,4,1,228
066480502,25,116,4,233,5,8,0,9,400
066480503,7,41,2,198,6,6,3,0,263
066480504,9,75,8,204,12,3,0,1,312
066480505,16,60,6,166,8,2,2,1,261
066480506,38,72,6,338,8,9,1,2,474
066480507,29,156,13,243,19,1,1,4,466
066480508,20,97,21,119,2,0,0,4,263
066480509,41,190,47,166,9,0,0,4,457
066480510,20,89,23,113,9,0,0,1,255
066480511,23,99,16,220,4,3,1,0,366
066480512,19,39,2,189,6,3,0,12,270
066480513,22,110,25,262,16,2,0,8,445
066480514,24,136,26,105,3,2,0,0,296
066510101,0,0,0,7,0,0,0,0,7
066510102,0,1,2,5,0,0,0,0,8
066510103,0,0,3,24,0,0,0,0,27
066510104,0,1,76,127,0,0,0,0,204
066510105,10,8,24,223,8,1,0,0,274
066510106,8,7,8,180,1,1,0,0,205
066510107,0,24,42,117,0,0,0,0,183
066510108,11,12,140,174,2,0,0,0,339
066510109,3,1,26,197,0,0,0,0,227
066510110,6,22,67,179,3,0,0,0,277
066510111,4,13,17,145,3,0,0,0,182
066510112,0,0,1,5,0,0,0,0,6
066510201,1,0,2,10,0,0,0,0,13
066510301,0,0,0,11,0,0,0,0,11
066510302,0,1,0,7,1,0,0,0,9
066510303,1,0,0,5,0,0,0,0,6
066510304,0,0,0,7,0,0,0,0,7
066510401,0,0,2,8,1,0,0,0,11
066510402,0,0,0,9,0,0,0,0,9
066510403,0,0,0,15,0,0,0,0,15
066510404,0,1,0,9,0,0,0,0,10
066510405,0,0,0,6,0,0,0,0,6
066510406,0,0,0,3,0,0,0,0,3
066510407,0,0,1,13,0,0,0,0,14
066510501,0,0,0,3,0,0,0,0,3
066510502,0,0,0,2,1,0,0,0,3
066510503,0,0,1,9,0,0,0,0,10
066510504,2,1,13,194,1,0,0,0,211
066510505,0,1,42,144,1,0,0,1,189
066510506,6,16,8,291,5,0,0,0,326
066510507,7,27,13,186,3,0,0,0,236
066510508,15,25,18,300,5,0,0,0,363
066510509,10,11,10,216,67,0,0,0,314
066510510,4,6,4,257,0,0,0,0,271
066510511,2,8,192,99,20,1,0,1,323
066510601,0,0,0,7,1,0,0,0,8
066510602,0,0,0,6,0,0,0,1,7
066510603,0,0,1,7,0,0,0,0,8
066510604,0,0,0,9,1,0,0,0,10
066510605,0,0,0,3,0,0,0,0,3
066510606,0,1,1,7,0,0,0,0,9
066510607,0,0,0,13,0,0,0,0,13
066510608,0,0,0,4,0,0,0,0,4
066510609,0,0,0,7,0,0,0,0,7
066510610,0,0,0,6,0,0,0,0,6
066510701,2,2,8,125,4,0,0,0,141
066510702,0,0,1,11,0,0,0,0,12
066510703,0,0,0,8,0,0,0,0,8
066510704,0,0,0,5,0,0,0,0,5
066510705,0,0,0,4,0,0,0,0,4
066510706,0,0,0,8,0,0,0,0,8
066510707,0,0,0,11,0,0,0,0,11
066510708,0,0,0,4,0,0,0,0,4
066510709,1,0,0,2,0,0,0,0,3
066510710,0,0,0,5,0,0,0,0,5
066510711,0,0,1,4,0,0,0,0,5
066510712,0,0,0,6,0,0,0,0,6
066510713,0,0,0,11,0,0,0,0,11
066510714,4,18,37,193,1,1,0,0,254
066510715,3,6,49,193,4,0,0,0,255
066510716,3,3,26,86,1,0,0,0,119
066510801,3,3,5,79,1,0,0,0,91
066510802,8,1,14,113,0,1,0,0,137
066510803,0,0,0,1,0,0,0,0,1
066510804,0,0,0,7,0,0,0,0,7
066510805,0,0,0,2,0,0,0,0,2
066510806,0,0,0,3,0,0,0,0,3
066510807,0,0,0,2,0,0,0,0,2
066510808,0,0,1,10,0,0,0,0,11
066510809,1,0,0,7,0,0,0,0,8
066510810,0,0,2,8,1,0,0,0,11
066510811,0,0,0,4,0,0,0,0,4
066510812,0,0,0,3,0,0,0,0,3
066510813,0,0,0,8,0,0,0,0,8
066510814,1,0,0,3,0,0,0,0,4
066510815,0,0,0,5,0,0,0,0,5
066510816,0,0,0,3,0,0,0,0,3
066510817,0,0,4,10,1,0,0,0,15
066510818,4,0,9,138,3,1,0,0,155
066510901,0,0,0,7,0,0,0,0,7
066510902,0,0,1,14,1,0,0,0,16
066511001,3,2,0,47,0,0,0,0,52
066511002,0,0,0,4,0,0,0,0,4
066511003,0,0,0,11,0,0,0,0,11
066511004,0,0,0,4,0,0,0,0,4
066511005,0,0,0,3,0,0,0,0,3
066511101,0,0,0,9,0,0,0,0,9
066511102,0,0,0,7,0,0,0,0,7
066511103,0,1,0,6,0,0,0,0,7
066511104,0,0,1,9,0,0,0,0,10
066511201,0,0,0,7,0,0,0,0,7
066511202,0,0,1,8,0,0,0,0,9
066511203,0,1,2,12,0,0,0,0,15
066511301,0,0,0,3,0,0,0,0,3
066511302,0,4,0,32,0,0,0,0,36
066511303,0,1,1,13,0,0,0,0,15
066511304,0,0,0,11,0,0,0,0,11
066511305,1,0,0,8,0,0,0,0,9
066511306,0,0,0,15,0,0,0,0,15
066511307,0,0,0,18,0,0,0,0,18
066511308,2,0,37,83,0,0,0,0,122
066511309,1,5,8,125,2,0,0,0,141
066511310,4,1,6,61,3,0,0,0,75
066511311,0,1,1,13,0,0,0,0,15
066511312,0,0,1,8,0,0,0,0,9
066550101,0,0,0,20,4,0,0,0,24
066550102,0,0,1,16,0,0,0,0,17
066550103,0,0,2,33,3,0,0,1,39
066550104,1,0,2,25,1,0,0,0,29
066550105,0,1,1,48,0,0,0,0,50
066550106,2,0,1,16,0,0,0,0,19
066550201,2,1,0,32,1,0,0,0,36
066550202,3,8,11,135,66,1,0,1,225
066550203,9,30,19,143,16,0,0,3,220
066550204,34,27,38,197,9,0,0,1,306
066550205,11,11,50,142,19,0,0,0,233
066550206,11,4,1,141,8,0,0,1,166
066550207,1,0,0,26,2,0,0,0,29
066550208,0,0,2,22,1,0,0,0,25
066550209,6,11,6,33,2,0,0,2,60
066550210,25,21,16,94,2,0,0,0,158
066550211,11,36,12,91,25,0,0,1,176
066550301,1,9,7,20,1,0,0,0,38
066550302,2,2,2,22,4,0,1,0,33
066550303,0,0,1,34,7,0,0,1,43
066550304,1,1,5,26,8,0,0,0,41
066550305,2,7,2,47,6,0,0,1,65
066550306,0,2,1,43,5,0,0,0,51
066550307,3,0,1,40,1,0,0,0,45
066550308,6,10,6,91,8,0,0,1,122
066550309,8,7,10,239,10,0,0,1,275
066550310,14,15,6,219,14,1,0,3,272
066550311,23,25,32,289,37,0,1,0,407
066550312,21,56,14,113,4,0,0,1,209
066650101,15,28,2,187,4,1,0,2,239
066650102,4,19,2,154,15,0,0,1,195
066650103,0,0,0,7,0,0,0,0,7
066650104,1,0,0,11,1,0,0,0,13
066650105,3,12,5,41,2,0,0,3,66
066650201,5,5,2,7,3,0,0,0,22
066650202,47,60,14,183,0,0,0,0,304
066650203,64,80,24,223,8,2,0,0,401
066650204,73,68,25,172,1,0,0,0,339
066650205,37,47,8,351,5,2,0,1,451
066650206,16,20,3,184,2,1,1,0,227
066650207,38,56,9,239,8,1,0,0,351
066650208,63,57,129,34,1,0,0,0,284
066650209,2,1,0,23,1,0,0,0,27
066650301,1,0,0,17,0,0,0,0,18
066650302,12,21,5,241,6,0,0,0,285
066650303,6,15,5,203,4,1,0,3,237
066650304,1,1,3,12,0,0,0,0,17
066650305,9,26,13,98,6,0,0,1,153
066650306,1,5,25,136,2,0,0,0,169
066650307,15,26,8,82,1,0,0,3,135
066650308,0,3,0,89,3,1,0,0,96
066650309,22,18,20,226,0,0,0,0,286
066650310,56,116,87,191,6,0,0,1,457
066650311,1,1,5,24,2,0,0,0,33
066650401,3,12,6,100,2,0,0,0,123
066650402,0,12,0,32,2,1,0,0,47
066650403,2,0,1,22,1,0,0,0,26
066650404,0,1,4,13,0,0,0,0,18
066650501,0,4,0,7,0,0,0,0,11
066650502,2,1,2,21,1,0,0,0,27
066650503,2,2,2,25,1,0,0,1,33
066650601,1,1,0,11,0,0,0,0,13
066650701,0,0,0,35,1,0,0,0,36
066650801,0,0,0,11,0,0,0,2,13
066650901,1,3,1,21,0,0,0,0,26
066651001,41,60,20,186,4,0,0,0,311
066651002,24,45,16,237,14,0,0,2,338
066651003,1,1,1,11,0,0,0,0,14
066651004,0,1,1,21,0,0,0,0,23
066651005,2,0,0,5,0,0,0,0,7
066651006,0,0,0,8,0,0,0,0,8
066651007,12,47,13,251,4,1,0,0,328
066651008,3,25,6,340,10,0,1,0,385
066651101,0,0,2,18,1,0,0,0,21
066651201,0,0,0,0,0,0,0,0,0
066651202,0,0,0,2,0,0,0,0,2
066651301,0,4,0,5,0,0,0,0,9
066651302,0,0,0,0,0,0,0,0,0
066651303,15,15,75,199,4,0,0,0,308
066651304,19,52,9,226,10,1,0,1,318
066651305,31,33,8,341,5,0,1,0,419
066651306,58,60,16,283,3,3,0,2,425
066651307,60,33,15,155,5,0,0,0,268
066651308,25,15,11,199,3,1,0,1,255
066651309,41,24,5,302,5,0,0,0,377
066651310,34,50,7,216,4,0,0,0,311
066651311,59,59,12,243,7,0,0,1,381
066651312,34,48,13,405,6,0,0,2,508
066720101,0,0,2,8,0,0,0,0,10
066720102,1,0,2,17,1,0,0,0,21
066720103,0,0,0,8,0,0,0,0,8
066720104,0,0,1,13,0,0,0,0,14
066720201,0,2,1,9,0,0,0,0,12
066720202,1,3,0,11,0,0,0,0,15
066720301,0,1,0,1,0,0,1,0,3
066720302,0,0,0,14,0,0,0,1,15
066720303,0,0,2,10,0,0,0,0,12
066720401,0,0,0,12,2,0,0,0,14
066720402,3,1,0,15,0,0,0,0,19
066720403,0,1,0,37,2,0,0,0,40
066720404,0,0,1,14,0,0,0,0,15
066720501,0,0,1,12,0,1,0,0,14
066720502,0,0,0,6,0,0,0,0,6
066720503,0,0,0,8,0,0,0,0,8
066720504,0,0,0,5,0,0,0,1,6
066720601,1,0,0,3,0,0,0,3,7
066720602,0,0,0,9,0,0,0,0,9
066720603,1,0,0,2,1,0,0,0,4
066720604,0,0,0,6,0,0,0,0,6
066720701,1,0,2,31,0,0,0,0,34
066720702,1,2,3,20,3,0,0,0,29
066720801,0,0,0,13,0,0,0,0,13
066720802,0,0,2,12,0,0,0,0,14
066720901,0,0,0,18,0,0,0,0,18
066720902,0,0,0,12,1,0,0,0,13
066720903,1,0,2,12,0,0,0,0,15
066721001,0,0,0,17,1,0,0,0,18
066721002,0,0,1,19,0,0,0,0,20
066721101,1,0,0,6,0,0,0,0,7
066721102,0,0,0,14,2,0,0,0,16
066721103,0,0,0,15,0,0,0,0,15
066721104,1,0,0,14,0,0,0,0,15
066721201,10,11,51,395,12,2,1,1,483
066721202,5,7,54,196,1,0,0,0,263
066721203,15,6,55,251,5,0,0,1,333
066721204,25,11,39,295,6,0,0,0,376
066721205,22,5,46,272,0,1,0,1,347
066721206,32,11,30,264,8,1,0,0,346
066721207,19,9,41,309,2,0,0,0,380
066721208,13,20,56,285,6,4,0,0,384
066721209,20,9,69,178,9,2,0,0,287
066721210,10,2,141,457,39,2,0,0,651
066721211,0,0,0,20,0,0,0,0,20
066721212,0,0,3,35,4,0,0,1,43
066721213,2,0,0,11,0,0,0,0,13
066721214,6,1,3,82,77,0,1,0,170
066721215,14,14,19,245,2,0,0,0,294
066721216,19,8,116,141,2,0,0,0,286
066721301,0,0,0,13,0,0,0,0,13
066721302,0,0,1,9,0,0,0,0,10
066721303,0,0,8,10,0,0,0,1,19
066721401,0,0,0,9,0,0,0,0,9
066721402,5,1,3,40,2,0,0,0,51
066721403,0,1,2,58,1,0,0,0,62
066790101,9,13,8,43,5,0,0,0,78
066790102,0,0,3,18,0,0,0,0,21
066790103,0,2,0,15,0,0,0,0,17
066790104,0,0,0,11,0,0,0,0,11
066790105,5,14,9,59,4,0,0,0,91
066790201,3,2,0,13,0,0,0,0,18
066790202,0,4,0,7,1,0,0,0,12
066790301,4,1,1,15,0,0,0,0,21
066790302,9,26,0,110,1,2,0,1,149
066790303,22,32,5,100,0,0,0,0,159
066790304,10,17,10,74,0,0,0,0,111
066790305,4,10,2,83,7,0,1,0,107
066790306,0,0,0,14,0,0,0,0,14
066790401,4,0,0,2,0,0,0,0,6
066790402,0,0,0,11,1,0,0,0,12
066790403,0,0,0,11,0,0,0,0,11
066790404,1,1,0,6,0,0,0,0,8
066790405,0,1,0,5,0,0,0,0,6
066790501,1,0,0,3,0,0,0,0,4
066790502,0,5,1,17,0,0,0,3,26
066790503,1,2,0,7,0,0,0,0,10
066790601,13,50,2,290,9,1,0,0,365
066790602,16,35,0,210,4,0,0,0,265
066790603,18,59,3,158,0,0,0,0,238
066790604,38,60,8,162,2,0,0,0,270
066790605,24,44,105,211,5,0,0,0,389
066790606,22,25,2,212,3,1,0,1,266
066790607,19,13,2,224,2,2,0,2,264
066790608,7,15,5,146,3,0,0,9,185
066790609,12,18,41,163,10,0,0,0,244
066790610,21,46,31,184,6,3,0,0,291
066790611,27,28,39,170,2,0,0,0,266
066790612,11,22,16,167,1,0,0,0,217
066790613,38,18,33,112,38,0,0,0,239
066790701,0,0,0,12,0,0,0,0,12
066790702,2,0,0,11,0,0,0,0,13
066790801,0,0,1,20,0,0,0,0,21
066790802,1,6,1,21,2,0,0,0,31
066790901,5,7,2,149,0,0,0,0,163
066790902,3,0,0,26,1,0,0,0,30
066790903,0,0,0,13,0,0,0,0,13
066790904,3,7,1,68,0,0,0,0,79
066790905,23,10,3,126,2,1,0,0,165
066791001,4,4,20,234,3,0,1,0,266
066791002,0,0,0,8,2,0,0,0,10
066791003,1,1,0,20,0,0,0,0,22
066791101,0,0,0,17,1,0,0,0,18
066791102,0,5,0,36,0,0,0,0,41
066791103,0,0,0,17,0,0,0,0,17
066791201,5,15,2,68,3,0,0,1,94
066791202,0,0,0,16,0,0,0,0,16
066791203,2,3,2,13,0,0,0,0,20
066791204,3,4,1,22,1,0,0,0,31
066791205,0,0,0,2,0,0,0,0,2
066791206,2,0,0,24,0,2,0,0,28
066860101,33,55,12,91,7,0,0,1,199
066860102,42,49,7,313,5,2,0,0,418
066860103,47,113,17,166,3,0,0,0,346
066860104,44,125,15,141,10,1,0,4,340
066860105,68,146,7,51,7,1,0,1,281
066860106,48,118,10,87,3,0,0,1,267
066860107,62,103,10,58,3,0,0,1,237
066860108,43,145,13,48,5,0,0,0,254
066860109,52,127,15,60,1,0,0,0,255
066860110,19,96,4,197,29,1,0,1,347
066860201,48,67,6,116,6,1,0,0,244
066860202,21,40,17,59,4,0,0,1,142
066860203,3,7,1,16,0,0,0,1,28
066860204,1,0,0,1,0,0,0,0,2
066860205,0,1,0,2,0,0,0,0,3
066860206,2,0,0,1,0,0,0,0,3
066860207,1,1,0,0,0,0,0,0,2
066860208,4,0,0,1,0,0,0,0,5
066860209,1,2,2,5,0,0,0,0,10
066860210,0,1,0,0,0,0,0,0,1
066860301,1,3,1,8,1,0,0,0,14
066860302,10,4,0,10,0,0,0,0,24
066860303,0,1,0,11,0,0,0,1,13
066860304,1,2,4,14,0,0,0,0,21
066860401,1,1,0,2,0,0,0,0,4
066860402,3,0,0,4,0,0,0,0,7
066860403,0,0,0,4,0,0,0,0,4
066860501,3,1,1,5,0,0,0,0,10
066860502,3,1,1,9,0,0,0,0,14
066860601,30,64,4,75,3,0,0,1,177
066860602,4,11,9,31,2,0,0,0,57
066860603,1,3,0,14,6,0,0,0,24
066860604,1,2,4,16,1,0,0,0,24
066860605,0,2,0,12,3,0,1,1,19
066860606,2,2,1,13,0,0,0,0,18
066860607,3,0,2,3,0,0,0,0,8
066860608,24,49,37,62,1,0,1,4,178
066860609,15,33,6,129,6,0,0,0,189
066860701,0,0,0,20,1,0,0,0,21
066860702,3,1,1,4,0,0,0,1,10
066860703,0,4,2,8,1,0,0,0,15
066860704,0,0,0,1,0,0,0,0,1
066860705,0,0,1,6,0,0,0,0,7
066860706,0,2,0,4,1,0,0,0,7
066860707,5,2,0,9,0,0,0,0,16
066860801,1,0,2,4,0,0,0,0,7
066860802,2,0,0,3,0,0,0,0,5
066860803,0,0,0,8,1,0,0,0,9
066860804,0,1,0,6,1,0,0,0,8
066860805,0,2,2,28,1,0,0,0,33
066860901,0,0,0,7,0,0,0,0,7
066860902,0,0,2,5,0,0,0,0,7
066860903,0,2,0,5,2,0,0,0,9
066861001,0,0,0,4,0,0,0,0,4
066861002,3,9,5,19,0,0,0,0,36
066861003,1,2,0,12,0,0,0,0,15
066861101,16,51,11,241,2,0,0,0,321
066861102,0,0,0,10,0,0,0,0,10
066861103,0,3,0,9,1,0,0,0,13
066861201,0,2,0,8,0,0,0,0,10
066861202,0,0,2,2,0,0,0,0,4
066861203,0,0,0,15,0,0,0,0,15
066861204,1,5,0,1,0,0,0,0,7
066861301,10,27,10,88,5,0,0,0,140
066861302,10,33,1,148,3,3,0,0,198
066861303,6,8,1,166,0,0,0,0,181
066861304,36,28,2,186,10,0,0,0,262
066861305,19,13,2,230,8,1,0,1,274
066861306,5,17,87,70,2,0,0,1,182
066861307,19,54,2,151,8,0,0,0,234
066861308,17,24,7,90,8,0,0,0,146
066861309,53,105,17,115,9,0,0,2,301
066861310,35,129,9,122,3,1,0,0,299
066861311,60,108,3,94,3,0,0,0,268
066861312,86,106,8,65,1,0,0,0,266
066861313,59,130,6,82,5,0,0,1,283
066861314,9,105,3,69,4,0,0,0,190
066930101,1,0,1,42,4,0,0,0,48
066930102,0,0,1,22,0,0,0,0,23
066930201,0,0,3,26,3,0,0,0,32
066930202,0,5,2,31,1,1,0,0,40
066930203,1,0,0,15,0,0,0,0,16
066930301,1,1,2,48,1,0,0,0,53
066930302,1,3,0,26,2,0,0,0,32
066930303,2,2,5,49,0,0,0,0,58
066930304,1,1,3,50,3,0,0,0,58
066930305,2,5,4,141,1,0,0,1,154
066930306,6,8,12,155,2,0,1,0,184
066930307,2,14,46,362,6,0,1,3,434
066930308,4,19,27,181,3,0,0,0,234
066930309,3,6,12,157,2,0,0,0,180
066930310,3,9,7,161,0,0,0,0,180
066930311,4,5,55,325,6,0,0,1,396
066930312,5,18,37,177,4,0,0,0,241
066930313,2,12,36,216,0,1,1,1,269
066930314,5,3,15,157,4,2,1,0,187
066930315,0,0,0,4,0,0,0,0,4
066930316,2,3,52,254,3,0,0,1,315
066930317,8,15,30,199,2,0,0,0,254
066930318,0,3,5,225,4,1,0,1,239
066930319,1,1,5,271,3,0,0,0,281
066930401,1,2,1,57,3,0,0,0,64
066930402,0,0,2,44,0,0,0,0,46
066930501,0,0,0,16,0,0,0,0,16
066930502,0,0,0,20,0,0,0,0,20
066930601,1,0,0,11,3,0,0,0,15
066930602,0,0,1,12,1,1,0,0,15
066930603,0,0,0,11,0,0,0,0,11
066930604,0,0,1,17,1,0,0,0,19
066930701,0,0,3,13,2,0,0,0,18
066930702,0,0,0,14,0,2,0,0,16
066930703,1,2,0,82,7,0,0,0,92
066930704,0,0,1,50,0,0,0,0,51
067000101,0,0,4,111,0,0,0,0,115
067000102,8,1,5,158,2,0,0,0,174
067000103,0,0,0,7,0,0,0,0,7
067000104,1,0,0,4,0,0,0,0,5
067000105,0,0,0,6,0,0,0,0,6
067000106,0,0,0,6,0,0,0,0,6
067000107,1,0,0,11,0,0,0,0,12
067000108,0,0,0,4,0,0,0,0,4
067000109,0,0,0,2,0,0,0,0,2
067000110,4,10,9,164,3,1,0,1,192
067000201,0,0,1,12,1,0,0,0,14
067000202,0,0,0,11,0,0,0,0,11
067000203,0,0,0,5,0,0,0,0,5
067000204,1,0,34,10,19,0,0,14,78
067000205,7,4,13,168,1,0,0,1,194
067000206,25,4,18,177,2,0,1,0,227
067000207,39,38,12,60,1,0,0,0,150
067000208,26,52,20,91,2,0,0,0,191
067000209,63,101,36,157,1,0,0,3,361
067000210,15,51,21,126,3,0,0,0,216
067000211,19,42,12,159,3,1,0,1,237
067000212,34,71,11,116,3,0,0,1,236
067000213,45,62,20,165,3,0,0,1,296
067000214,27,82,10,179,6,1,0,0,305
067000215,17,25,39,227,1,0,0,6,315
067000216,20,5,1,262,2,0,0,0,290
067000301,0,0,0,7,0,0,0,0,7
067000302,0,0,2,8,0,0,0,0,10
067000303,0,0,0,6,0,0,0,0,6
067000401,0,0,3,10,3,0,0,0,16
067000402,0,0,0,12,2,0,0,0,14
067000501,8,2,1,54,1,0,0,0,66
067000502,0,0,0,6,0,0,0,0,6
067000503,0,0,0,7,1,0,0,0,8
067000504,0,0,0,6,0,0,0,0,6
067000505,4,0,1,14,0,0,0,0,19
067000601,0,0,0,3,0,0,0,0,3
067000602,0,0,2,9,1,0,0,0,12
067000603,12,20,9,111,0,0,0,0,152
067000604,11,20,6,208,6,0,0,1,252
067000605,2,10,6,190,27,0,0,1,236
067000606,17,2,1,161,2,0,0,0,183
067000701,12,16,3,164,4,0,0,0,199
067000702,0,0,0,6,1,0,0,0,7
067000703,0,0,0,10,0,0,0,0,10
067000704,0,0,1,6,1,0,0,0,8
067000705,0,0,0,15,0,0,0,0,15
067000706,0,2,0,7,0,0,0,0,9
067000707,0,0,1,10,0,0,0,0,11
067000801,0,1,0,7,0,0,0,0,8
067000802,0,0,0,6,0,0,0,0,6
067000803,0,1,0,3,0,0,0,0,4
067000804,0,0,0,7,0,0,0,0,7
067000805,0,0,0,6,0,0,0,0,6
067000806,0,1,0,2,0,0,0,0,3
067000807,0,2,1,4,0,0,0,0,7
067000808,0,0,0,0,0,0,0,0,0
067000809,0,0,0,5,0,0,0,0,5
067000901,0,0,1,5,0,0,0,0,6
067000902,0,0,0,5,0,0,0,0,5
067000903,0,0,0,5,0,0,0,0,5
067000904,0,0,1,8,0,0,0,0,9
067001001,0,0,0,4,1,0,0,0,5
067001002,0,0,0,7,1,0,0,0,8
067001003,9,0,2,44,0,0,0,0,55
067001004,0,0,0,3,1,0,0,0,4
067001101,0,0,1,12,1,0,0,0,14
067001102,0,0,1,4,0,0,0,0,5
067001201,0,0,0,8,0,0,0,0,8
067001202,3,1,1,11,0,0,0,0,16
067001203,0,1,0,7,0,0,0,0,8
067001204,18,35,23,156,1,0,0,1,234
067001205,9,5,129,39,0,0,0,0,182
067001206,16,21,29,79,0,0,0,3,148
067001207,30,52,70,149,6,0,0,0,307
067001208,0,0,0,2,0,0,0,0,2
067001209,3,9,4,150,7,1,0,1,175
067001210,30,50,29,156,2,0,0,0,267
067001211,23,47,39,214,3,2,0,0,328
067001212,61,56,33,218,4,1,0,2,375
067001213,7,19,10,162,1,0,0,0,199
067070101,8,14,9,296,7,0,0,0,334
067070102,24,28,35,355,16,0,0,0,458
067070103,6,21,8,182,5,0,0,0,222
067070104,9,31,8,175,3,0,0,1,227
067070105,34,49,51,253,3,2,0,4,396
067070106,20,59,42,276,5,0,0,1,403
067070107,32,40,13,188,4,1,0,0,278
067070108,29,43,16,137,0,0,0,2,227
067070109,42,47,16,191,6,1,0,0,303
067070110,4,51,9,166,5,0,1,1,237
067070111,5,40,9,83,5,2,0,1,145
067070112,11,20,8,176,13,1,0,2,231
067070113,14,32,7,185,2,1,0,3,244
067070114,11,36,6,97,1,0,0,0,151
067070115,21,37,9,178,0,1,0,1,247
067070116,12,12,11,137,5,1,0,0,178
067070117,12,31,17,231,3,1,0,0,295
067070201,1,1,1,19,3,0,0,1,26
067070202,0,8,0,26,0,0,0,0,34
067070301,1,3,3,77,3,0,0,0,87
067070401,12,15,5,94,11,1,0,0,138
067070402,4,9,6,82,0,0,0,0,101
067070403,5,31,57,165,6,0,1,6,271
067070404,5,2,2,41,4,0,0,0,54
067070405,4,3,205,65,1,0,0,0,278
067070501,1,1,2,68,4,0,1,0,77
067070502,0,4,0,27,1,0,0,0,32
067070503,1,1,2,26,1,0,0,3,34
067070504,0,1,0,42,1,0,0,0,44
067070601,1,0,0,8,0,0,0,0,9
067070602,0,5,1,37,0,0,0,0,43
067070603,1,2,1,111,14,0,1,0,130
067070604,7,7,7,133,3,0,0,0,157
067070605,0,1,0,140,3,3,0,0,147
067070606,0,3,3,47,3,0,0,0,56
067070607,7,6,19,123,3,0,0,0,158
067070608,0,1,0,30,0,0,0,0,31
067070701,0,0,0,1,0,0,0,0,1
067070702,0,6,0,41,1,0,0,0,48
067070801,2,2,0,71,4,0,0,2,81
067070802,3,6,2,45,4,1,0,1,62
067070803,1,2,3,38,1,0,0,2,47
067070901,0,4,2,50,0,0,1,0,57
067070902,0,8,4,53,2,0,0,0,67
067070903,0,2,1,27,0,0,0,0,30
067071001,0,2,0,21,0,0,0,0,23
067071002,1,5,2,24,1,0,0,0,33
067071101,47,65,57,162,1,0,0,2,334
067071102,11,34,21,269,6,0,0,1,342
067071103,7,35,14,187,4,0,0,1,248
067071104,22,43,51,257,3,0,1,0,377
067071105,19,37,18,195,6,1,0,0,276
067071106,23,41,21,181,12,0,0,0,278
067071107,25,40,25,206,8,0,0,0,304
067071108,23,43,26,209,0,0,0,1,302
067071109,13,38,22,143,2,0,0,0,218
067071110,16,40,34,282,3,0,0,5,380
067071111,9,21,15,183,3,0,0,0,231
067071112,6,27,28,134,8,1,0,1,205
067071113,12,34,11,277,7,0,0,0,341
067140101,79,128,69,121,6,5,0,0,408
067140102,104,107,27,118,3,0,0,0,359
067140103,74,106,70,56,4,0,0,1,311
067140104,72,146,22,74,4,1,1,1,321
067140105,98,155,44,67,3,1,0,1,369
067140106,51,94,17,139,3,0,0,2,306
067140107,69,119,37,104,4,0,0,4,337
067140108,92,118,15,89,2,0,0,0,316
067140109,93,132,28,43,1,0,0,1,298
067140110,83,128,22,135,2,1,0,4,375
067140111,37,84,18,83,5,0,0,1,228
067140112,75,114,27,81,1,0,0,0,298
067140113,16,51,3,127,1,1,0,0,199
067140114,16,27,18,232,5,0,0,0,298
067140115,67,66,5,70,2,0,0,1,211
067140201,4,0,0,2,0,0,0,0,6
067140202,0,1,2,10,2,0,0,0,15
067140203,1,2,0,7,1,0,0,0,11
067140204,0,0,2,2,1,2,0,0,7
067140205,0,0,1,5,0,0,1,0,7
067140206,3,0,0,7,0,0,0,0,10
067140207,0,1,0,10,1,0,0,0,12
067140301,80,237,48,247,6,0,0,0,618
067140302,0,2,0,5,1,0,0,0,8
067140303,0,0,0,2,1,0,0,0,3
067140304,3,1,1,1,0,0,0,0,6
067140305,0,0,0,8,0,0,1,0,9
067140306,0,1,0,3,0,0,0,0,4
067140401,0,1,0,11,0,0,0,1,13
067140402,1,1,0,15,0,0,0,0,17
067140403,2,4,1,13,0,0,0,0,20
067140404,1,0,3,3,4,0,0,0,11
067140501,18,12,25,161,1,0,0,0,217
067140502,1,2,0,10,1,0,0,0,14
067140503,2,2,1,14,2,0,0,0,21
067140504,3,4,4,47,0,1,0,0,59
067140505,2,2,4,20,1,0,0,0,29
067140601,7,27,36,258,2,0,0,0,330
067140602,38,31,133,127,8,0,0,2,339
067140603,16,50,15,53,1,1,0,0,136
067140604,11,35,1,202,7,0,0,0,256
067140605,39,73,8,166,15,0,0,1,302
067140606,27,108,19,82,2,0,0,2,240
067140607,22,95,17,110,7,1,0,2,254
067140608,21,34,43,147,19,0,0,0,264
067140609,18,27,30,183,6,1,0,0,265
067140610,18,23,54,67,1,0,0,1,164
067140611,32,97,28,158,8,0,0,5,328
067140612,32,89,11,144,5,0,0,2,283
067140613,23,107,97,227,14,2,0,1,471
067140614,0,1,0,6,0,0,0,0,7
067140615,10,20,3,88,2,0,0,1,124
067140616,11,35,6,152,1,0,0,0,205
067140617,14,39,20,217,3,0,0,0,293
067140701,0,0,1,5,0,0,0,0,6
067140702,2,10,8,38,0,0,0,0,58
067140703,1,0,1,8,0,0,0,0,10
067140801,16,12,13,95,2,0,0,0,138
067140802,1,0,0,4,0,0,0,0,5
067140803,0,3,0,5,0,0,0,0,8
067140804,1,2,1,36,0,0,0,1,41
067140805,2,2,2,12,1,0,0,0,19
067140806,6,6,2,43,2,0,1,4,64
067140807,2,0,0,5,1,0,0,0,8
067140808,2,1,1,10,0,0,0,0,14
067140809,58,26,7,100,4,0,0,0,195
067140901,2,4,3,41,1,0,0,0,51
067140902,0,4,1,8,0,0,0,0,13
067140903,3,0,0,9,0,0,0,0,12
067140904,0,2,0,16,0,0,0,0,18
067140905,0,1,0,5,0,0,0,0,6
067140906,0,0,0,11,0,0,0,0,11
067210101,26,26,10,163,0,0,0,2,227
067210102,0,1,0,22,0,0,0,0,23
067210103,0,1,0,16,0,0,0,0,17
067210104,0,0,1,30,1,0,0,0,32
067210201,12,1,13,206,0,0,0,0,232
067210202,6,7,11,83,1,0,0,0,108
067210203,28,16,21,155,1,1,0,1,223
067210204,17,29,44,315,4,0,0,0,409
067210205,26,30,57,251,3,0,0,0,367
067210206,5,4,175,51,0,0,0,1,236
067210207,14,22,72,163,1,0,0,0,272
067210208,0,0,1,6,0,0,0,0,7
067210209,0,1,2,19,1,0,0,0,23
067210210,0,0,0,4,0,0,0,0,4
067210211,0,0,2,10,0,0,0,0,12
067210212,0,0,0,13,1,0,0,0,14
067210213,1,1,0,11,0,0,0,0,13
067210214,11,3,5,204,17,0,0,0,240
067210215,4,6,16,202,8,0,0,0,236
067210216,11,8,27,169,3,0,1,1,220
067210217,19,9,33,178,7,1,0,0,247
067280101,15,35,15,228,9,1,1,1,305
067280102,0,4,6,46,4,0,0,0,60
067280201,8,0,11,79,3,0,0,1,102
067280202,1,10,14,43,5,1,0,0,74
067280203,0,0,1,15,4,1,0,1,22
067280204,0,2,0,13,0,0,0,0,15
067280301,0,0,1,12,0,0,1,0,14
067280302,1,1,3,9,1,0,0,0,15
067280303,0,1,2,24,0,0,0,0,27
067280304,0,0,2,8,0,0,0,0,10
067280401,0,4,1,10,1,0,0,0,16
067280402,1,0,0,4,0,0,0,0,5
067280403,0,1,0,3,0,0,0,0,4
067280501,0,0,0,17,0,0,0,0,17
067280502,0,0,0,9,0,0,0,0,9
067280503,1,1,0,12,1,0,0,0,15
067280601,0,0,0,8,0,0,0,1,9
067280602,0,1,0,13,0,0,0,0,14
067280603,0,0,0,4,0,0,0,0,4
067280701,0,0,1,11,0,0,0,0,12
067280702,0,2,0,6,0,0,0,0,8
067280703,1,2,1,24,1,0,0,0,29
067280801,1,2,3,31,0,0,1,0,38
067280802,0,2,0,19,2,0,0,0,23
067280803,0,1,0,16,1,0,0,0,18
067280901,1,7,5,91,6,0,2,0,112
067280902,3,1,3,77,3,0,3,0,90
067280903,39,5,15,67,2,0,2,0,130
067280904,4,1,6,209,2,1,1,0,224
067281001,2,3,8,199,3,0,0,1,216
067281002,12,5,8,136,0,0,0,1,162
067281003,10,17,20,227,6,0,0,3,283
067281004,2,22,8,135,2,0,0,1,170
067281005,9,18,9,122,0,0,0,0,158
067281006,1,22,12,106,0,0,0,0,141
067281007,24,14,15,106,3,0,0,0,162
067281008,4,13,19,146,2,1,1,0,186
067281009,3,9,8,160,2,0,0,0,182
067281010,4,22,24,210,7,1,1,0,269
067281011,3,21,38,164,2,0,0,0,228
067281012,2,19,6,136,1,0,0,0,164
067281013,9,23,11,163,3,0,0,0,209
067281014,10,17,16,123,4,0,1,0,171
067281015,11,23,12,146,1,0,0,1,194
067281016,13,40,11,140,1,0,0,2,207
067281017,4,10,13,154,0,0,0,1,182
067281018,6,17,11,209,3,1,0,1,248
067281019,5,17,15,263,3,0,0,0,303
067281020,0,3,76,170,7,1,0,0,257
067281021,20,9,53,176,8,0,1,0,267
067281022,2,6,16,260,4,0,1,0,289
067281023,1,3,5,43,1,2,0,0,55
067281024,3,6,11,232,9,1,1,0,263
067281025,0,0,0,37,4,1,0,0,42
067281026,0,1,1,10,1,0,0,0,13
067281101,0,0,1,5,0,0,0,0,6
067281102,0,0,0,29,2,0,0,0,31
067281103,0,1,0,23,1,0,0,0,25
067281201,0,1,3,17,0,0,0,0,21
067281202,0,0,2,19,0,0,0,0,21
067281301,1,3,11,133,6,0,2,0,156
067281302,1,6,1,22,3,0,0,0,33
067281303,1,1,2,16,0,0,1,0,21
067281401,1,0,0,37,1,0,0,1,40
067281402,3,4,3,141,5,2,0,0,158
067281403,0,1,0,35,4,0,0,0,40
067281404,1,0,0,25,0,0,0,0,26
067281405,0,0,3,31,1,0,0,0,35
067281406,0,1,6,42,4,0,0,1,54
067281407,1,0,1,16,0,0,0,0,18
067281408,0,2,1,25,0,0,0,0,28
067281501,0,4,3,43,0,0,0,0,50
067281502,3,0,0,16,1,0,0,0,20
067281503,1,0,0,21,0,0,0,0,22
067281601,0,1,0,9,0,0,0,0,10
067281602,0,1,0,8,0,0,0,0,9
067281603,0,0,0,18,0,0,0,0,18
067350101,8,8,12,110,12,0,0,3,153
067350102,8,18,26,115,2,0,1,2,172
067350103,12,53,55,123,8,0,0,5,256
067350104,24,72,16,125,2,0,0,0,239
067350105,32,93,88,173,0,0,0,1,387
067350106,34,120,50,174,1,0,0,0,379
067350107,30,107,26,163,3,0,0,0,329
067350108,25,85,17,106,1,0,0,0,234
067350109,28,96,13,253,5,2,0,0,397
067350110,21,125,21,231,5,0,0,0,403
067350201,15,9,3,151,6,0,0,0,184
067350202,0,1,4,16,1,0,0,0,22
067350203,0,0,0,4,0,0,0,0,4
067350204,4,8,6,28,1,0,0,0,47
067350205,3,2,6,28,4,0,0,0,43
067350206,0,0,3,27,2,0,0,0,32
067350207,0,0,1,19,1,0,0,0,21
067350208,0,2,4,7,0,0,1,0,14
067350301,8,17,3,116,6,0,0,1,151
067350302,0,0,4,20,2,0,0,0,26
067350303,0,0,5,10,0,0,0,0,15
067350304,0,0,1,14,1,0,0,0,16
067350305,1,4,1,13,3,0,0,0,22
067350306,0,0,10,22,3,0,0,4,39
067350307,1,0,2,24,4,0,0,0,31
067350308,9,14,24,120,15,0,0,0,182
067350401,0,1,2,8,0,0,0,1,12
067350402,1,6,2,44,0,0,0,0,53
067350403,6,3,2,11,0,0,0,0,22
067350404,5,12,21,80,5,0,0,1,124
067350501,2,0,1,5,0,0,0,0,8
067350502,0,0,0,1,3,0,0,0,4
067350503,0,0,1,13,0,0,0,0,14
067350504,0,1,0,1,0,0,0,0,2
067350601,0,0,1,13,0,0,0,0,14
067350602,0,0,0,9,0,0,0,0,9
067350603,0,0,0,2,0,0,0,0,2
067350701,13,47,42,119,6,0,1,1,229
067350702,8,24,12,289,10,0,0,2,345
067350703,30,96,9,242,3,0,0,1,381
067350704,5,23,25,94,1,0,0,1,149
067350705,4,39,29,286,12,0,0,0,370
067350706,8,8,19,358,6,0,1,0,400
067350707,17,53,32,241,1,1,0,1,346
067350708,32,86,17,200,1,5,0,3,344
067350709,27,102,15,169,3,0,0,0,316
067350710,0,4,4,236,5,0,0,0,249
067420101,1,1,0,17,0,0,0,0,19
067420201,0,1,9,42,5,0,0,0,57
067420301,0,0,5,18,3,0,0,1,27
067420401,29,23,32,218,36,0,0,1,339
067420402,44,14,47,161,45,0,0,0,311
067420403,51,23,19,140,9,0,0,0,242
067420404,24,16,12,184,23,0,0,0,259
067420405,26,10,20,141,32,0,0,0,229
067420406,10,9,16,115,33,2,0,0,185
067420407,5,1,31,183,29,0,0,0,249
067420408,14,97,67,12,4,0,0,0,194
067420409,3,0,0,28,2,0,0,0,33
067420410,4,1,3,83,13,0,0,0,104
067420411,0,0,0,0,1,0,0,0,1
067420412,0,0,0,3,0,0,0,0,3
067420413,11,12,34,146,55,0,0,0,258
067420414,15,0,5,143,28,1,0,0,192
067420501,1,0,1,25,2,0,0,0,29
067420601,1,0,2,5,2,0,0,0,10
067420701,0,0,0,17,2,0,0,0,19
067420702,2,1,10,31,9,1,0,1,55
067420801,0,0,2,24,3,0,0,0,29
067420901,0,0,4,28,5,1,0,0,38
067421001,1,0,3,8,4,0,0,0,16
067421002,1,0,18,33,11,0,0,0,63
067630101,42,128,28,152,4,0,0,0,354
067630102,57,92,8,162,7,0,0,2,328
067630103,51,147,14,170,2,0,0,0,384
067630104,39,154,11,155,1,0,0,2,362
067630105,31,118,20,145,3,0,0,1,318
067630106,44,88,8,65,2,0,0,1,208
067630107,37,76,11,83,2,0,0,1,210
067630108,81,162,9,90,1,0,0,2,345
067630109,108,121,15,133,10,0,0,2,389
067630110,32,148,10,113,3,0,0,1,307
067630111,64,163,15,109,1,1,0,1,354
067630112,51,75,17,81,1,1,0,3,229
067630113,30,109,7,128,10,0,0,2,286
067630114,59,74,7,123,2,1,0,3,269
067630115,80,119,23,163,6,0,0,0,391
067630201,29,90,0,0,0,0,0,0,119
067630202,1,12,2,63,0,0,0,0,78
067630203,37,75,11,131,3,0,0,1,258
067630204,24,126,6,153,1,0,0,0,310
067630205,55,155,10,194,11,1,0,1,427
067630206,94,100,26,135,2,0,0,5,362
067630207,88,135,26,61,2,0,0,6,318
067630208,24,77,6,55,0,0,0,0,162
067630209,35,126,4,156,1,0,0,0,322
067630210,43,124,8,146,1,0,0,3,325
067630211,62,103,17,164,1,1,0,3,351
067630212,46,112,0,11,0,0,0,0,169
067630213,64,19,0,17,0,0,0,0,100
067630301,96,175,7,63,1,0,0,0,342
067630302,80,152,14,106,2,0,0,1,355
067630303,38,112,7,70,1,0,0,0,228
067630304,124,153,0,62,1,0,0,1,341
067630305,45,113,2,74,2,0,0,0,236
067630306,49,148,1,104,3,0,0,3,308
067630307,72,152,19,131,1,0,0,4,379
067630308,38,144,8,175,1,0,0,0,366
067630309,76,129,11,185,2,0,1,1,405
067630310,54,77,15,111,2,0,0,2,261
067630311,50,92,5,134,3,0,0,1,285
067630401,24,48,26,223,4,0,0,0,325
067630402,79,109,19,173,2,0,0,2,384
067630403,28,93,43,114,27,0,0,4,309
067630404,23,97,6,108,0,0,0,0,234
067630405,46,141,6,125,6,0,0,0,324
067630406,50,165,2,63,0,0,0,0,280
067630407,35,86,13,59,3,0,0,2,198
067630408,3,2,305,6,0,0,0,0,316
067630409,41,46,148,36,0,0,0,0,271
067630410,26,122,3,59,3,0,0,1,214
067630501,23,102,4,98,2,1,0,1,231
067630502,7,48,8,224,9,5,0,1,302
067630503,62,95,14,75,5,0,0,1,252
067630504,19,87,3,55,0,0,0,0,164
067630505,27,108,8,102,1,0,0,3,249
067630506,24,159,8,166,5,0,0,0,362
067630507,41,121,65,105,1,0,0,2,335
067630508,16,96,3,99,3,0,0,0,217
067630509,13,97,3,137,3,0,0,4,257
067630510,10,92,6,128,3,0,0,0,239
067630511,41,188,14,176,10,0,0,3,432
067630512,3,56,17,61,3,0,0,0,140
067630513,25,82,57,149,1,2,0,4,320
067630514,13,38,31,268,1,1,0,1,353
067630515,18,105,16,127,7,0,0,0,273
067630516,44,110,8,59,3,0,0,0,224
067630517,11,130,9,118,3,0,0,0,271
067630518,0,72,41,188,2,0,0,2,305
067630601,6,12,1,398,3,0,0,0,420
067630602,11,113,2,121,4,13,0,0,264
067630603,1,8,0,272,7,0,0,0,288
067630604,11,128,4,225,7,0,0,1,376
067630605,10,104,2,194,2,2,0,0,314
067630606,9,73,1,264,5,1,0,0,353
067630607,13,177,0,205,3,1,1,0,400
067630608,19,126,1,258,2,2,0,0,408
067630609,6,33,5,246,5,1,0,2,298
067630610,17,126,0,145,7,0,0,3,298
067630611,14,84,0,160,7,0,0,2,267
067630612,15,85,8,142,6,1,0,0,257
067630613,22,115,8,145,10,1,0,4,305
067630614,14,128,1,196,6,2,0,0,347
067630615,21,156,6,231,9,0,1,2,426
067630701,2,7,0,15,0,0,0,1,25
067630702,2,25,1,221,5,0,0,2,256
067630703,4,31,202,105,3,0,1,7,353
067630704,33,113,23,130,5,0,0,5,309
067630705,14,114,25,150,5,0,0,0,308
067630706,33,151,17,230,10,0,0,4,445
067630707,21,153,16,137,3,0,0,0,330
067630708,72,141,11,50,4,0,0,0,278
067630709,14,52,107,45,2,0,0,1,221
067630710,45,50,304,15,3,0,0,1,418
067630711,7,83,4,418,6,0,0,1,519
067630712,11,18,2,133,0,0,0,1,165
067630801,19,95,19,103,4,0,0,0,240
067630802,12,129,2,171,5,0,0,1,320
067630803,30,83,13,105,0,0,2,2,235
067630804,20,166,8,207,9,0,0,0,410
067630805,9,98,3,183,13,0,0,1,307
067630806,18,108,6,189,5,0,0,0,326
067630807,31,103,7,150,9,1,0,0,301
067630808,27,158,16,166,6,0,0,1,374
067630809,22,32,9,289,1,1,1,3,358
067630810,8,41,0,197,2,0,0,0,248
067630811,25,47,1,224,3,0,2,0,302
067630812,5,19,0,106,3,0,0,2,135
067630813,8,81,4,185,5,0,0,1,284
067630901,31,61,37,110,7,0,0,0,246
067630902,11,39,0,138,1,0,0,0,189
067630903,3,0,0,95,3,0,0,0,101
067630904,4,19,10,65,4,0,0,1,103
067631001,1,0,0,15,0,0,0,1,17
067631002,0,0,0,3,0,0,0,0,3
067631101,39,36,4,288,7,0,0,2,376
067631102,49,45,11,279,12,0,0,3,399
067631103,0,1,0,16,0,0,0,0,17
067631201,7,28,1,111,2,0,0,0,149
067631202,0,1,0,17,0,0,0,0,18
067631203,0,1,0,19,2,0,0,0,22
067631301,0,2,0,4,0,0,0,0,6
067631302,0,2,0,15,0,0,0,0,17
067631401,83,59,28,112,6,0,0,1,289
067631402,0,0,0,12,0,0,0,0,12
067631403,0,1,2,15,0,0,0,0,18
067631501,0,3,0,19,1,1,0,0,24
067631601,81,22,8,79,2,0,0,1,193
067631602,54,33,8,141,4,0,0,6,246
067631603,5,2,1,11,0,0,0,0,19
067631701,52,156,24,148,7,1,0,5,393
067631702,165,120,1,3,0,0,0,0,289
067631703,18,140,34,84,1,0,0,1,278
067631704,46,175,13,138,3,0,0,4,379
067631705,35,111,12,116,0,0,0,1,275
067631706,26,126,8,146,8,0,0,3,317
067631707,42,161,7,243,4,0,0,0,457
067631708,11,105,8,115,1,0,0,1,241
067631709,13,99,1,131,3,0,0,2,249
067631801,18,172,7,148,1,0,0,0,346
067631802,33,2,2,230,7,0,0,0,274
067631803,15,115,3,195,12,1,0,11,352
067631804,8,73,16,136,3,0,0,1,237
067631805,20,101,3,81,3,1,0,6,215
067631806,2,44,68,86,1,0,0,0,201
067631807,2,1,1,178,0,0,0,0,182
067631808,2,2,162,3,0,0,0,0,169
067631809,1,0,209,1,0,0,0,1,212
067631810,19,0,348,3,0,0,0,0,370
067631811,5,8,282,10,0,0,0,0,305
067631812,12,25,2,123,0,0,0,0,162
067631813,0,1,0,10,0,0,0,0,11
067631814,8,67,1,223,2,0,0,0,301
067631815,13,39,0,122,2,0,0,1,177
067631816,4,46,12,154,2,0,0,0,218
067631901,0,4,0,8,0,0,0,0,12
067631902,0,0,0,5,0,0,0,2,7
067631903,3,12,4,37,8,1,0,0,65
067631904,1,3,0,16,0,1,0,0,21
067631905,17,108,7,204,13,0,0,0,349
067631906,16,49,1,111,3,0,0,0,180
067631907,1,2,0,12,2,0,0,0,17
067631908,3,1,0,39,0,0,0,0,43
067631909,30,58,44,149,2,0,0,0,283
067631910,68,42,9,174,2,0,0,0,295
067631911,29,31,7,121,1,0,0,0,189
067632001,21,23,23,37,0,0,0,1,105
067632002,5,34,6,38,2,0,0,0,85
067632003,15,76,8,131,3,0,0,1,234
067632004,3,19,8,11,0,0,0,0,41
067632005,7,34,22,20,0,0,0,0,83
067632006,37,138,16,169,7,0,0,1,368
067632007,26,52,13,64,0,0,0,0,155
067632008,22,189,10,163,8,1,0,0,393
067632009,54,110,13,132,1,0,0,0,310
067632010,16,92,8,115,1,0,0,0,232
067632011,12,44,1,125,4,1,0,1,188
067632012,26,120,4,85,2,0,0,3,240
067632013,20,125,6,108,3,0,0,0,262
067632101,0,0,0,10,0,0,0,0,10
067700101,6,9,1,95,6,1,0,2,120
067700102,9,15,4,161,5,0,0,2,196
067700103,27,70,11,396,4,0,0,2,510
067700104,8,47,6,289,8,0,0,1,359
067700105,38,46,15,286,11,11,0,10,417
067700106,25,142,30,193,2,0,0,2,394
067700107,32,118,19,196,11,1,0,2,379
067700108,52,135,5,97,2,0,0,10,301
067700109,29,123,26,106,6,0,0,5,295
067700110,18,90,32,117,1,0,0,1,259
067700111,9,68,9,229,20,1,2,2,340
067700201,0,3,1,4,0,0,0,0,8
067700202,2,1,1,48,2,0,0,1,55
067700203,0,0,1,42,1,0,0,0,44
067700204,0,1,0,14,2,0,1,0,18
067700205,2,59,3,238,0,0,0,0,302
067700206,10,83,7,92,5,1,0,0,198
067700207,16,47,3,202,12,1,0,0,281
067700208,0,7,1,6,0,1,0,0,15
067700301,0,1,1,10,1,0,0,0,13
067700302,0,0,0,4,0,0,0,0,4
067700303,0,1,0,5,1,0,0,0,7
067700304,0,1,1,3,0,0,0,0,5
067700305,0,1,0,2,0,0,0,0,3
067700401,0,2,0,6,0,0,0,0,8
067700402,0,1,0,3,0,0,0,0,4
067700403,0,2,0,5,0,0,0,0,7
067700404,0,2,1,2,0,0,0,0,5
067700501,0,0,0,1,0,0,0,0,1
067700502,0,0,0,1,0,0,0,0,1
067700503,0,0,0,2,0,0,0,0,2
067700504,0,0,0,4,0,0,0,0,4
067700601,0,0,0,3,0,0,0,0,3
067700602,0,1,0,8,0,0,0,0,9
067700701,4,2,0,3,0,0,0,0,9
067700702,0,0,1,1,0,0,0,0,2
067700703,0,1,0,0,0,0,0,0,1
067700704,2,0,0,3,0,0,0,0,5
067700705,0,0,0,6,1,0,0,0,7
067700801,3,1,0,14,8,0,0,0,26
067700802,0,0,0,4,0,0,0,0,4
067700803,0,1,4,5,0,0,0,0,10
067700804,0,0,0,5,2,0,0,0,7
067700805,1,0,0,2,0,0,0,0,3
067700901,6,36,49,104,2,0,0,0,197
067700902,0,3,0,17,0,0,0,0,20
067700903,0,0,0,23,0,0,0,0,23
067700904,1,0,0,2,0,0,0,0,3
067700905,0,1,0,4,0,0,0,0,5
067700906,4,14,1,22,3,0,0,0,44
067700907,0,1,0,12,0,0,0,0,13
067700908,0,2,3,38,0,0,0,0,43
067701001,7,38,6,199,5,0,0,0,255
067701002,5,51,49,162,8,0,0,0,275
067701003,29,57,10,171,6,0,0,0,273
067701004,1,21,13,183,3,1,0,0,222
067701005,16,81,11,234,7,4,1,0,354
067701006,17,89,14,234,7,1,0,3,365
067701007,11,60,15,263,12,4,0,2,367
067701008,19,63,28,254,1,1,0,5,371
067701009,24,91,40,176,4,0,0,0,335
067701010,16,87,50,141,4,0,0,0,298
067701011,4,33,51,56,2,0,0,0,146
067701012,1,4,3,108,3,0,0,0,119
067701013,6,14,5,452,22,11,1,2,513
067701014,0,1,0,30,0,0,0,0,31
067701101,2,7,2,22,1,1,0,0,35
067701102,0,1,0,13,0,0,0,0,14
067701103,1,4,3,40,0,0,0,0,48
067701104,0,1,0,14,0,0,0,0,15
067701105,2,2,2,21,1,0,0,0,28
067701201,11,33,8,403,9,0,0,2,466
067701202,2,1,3,32,0,0,0,0,38
067701203,12,7,4,108,4,0,1,0,136
067701204,0,0,0,8,0,0,0,0,8
067701205,0,0,0,12,0,0,0,0,12
067701206,0,0,0,6,0,0,0,0,6
067701301,0,1,2,9,0,0,0,0,12
067701302,3,1,0,8,2,0,0,0,14
067701303,1,3,0,13,1,0,0,1,19
067701304,2,5,1,12,0,0,0,0,20
067701305,0,3,0,5,1,0,0,0,9
067701306,0,2,1,5,0,0,0,0,8
067701307,0,0,1,9,1,0,0,0,11
067701401,1,0,0,6,0,0,0,0,7
067701402,0,0,2,11,2,0,0,0,15
067701403,2,0,0,2,0,0,0,0,4
067701501,0,1,0,2,0,0,0,0,3
067701502,0,0,2,5,0,0,0,0,7
067701503,1,2,0,3,0,0,0,0,6
067701504,0,0,0,5,0,0,0,0,5
067701505,0,3,0,8,0,0,0,0,11
067701601,9,11,3,262,8,1,0,2,296
067701602,25,33,20,152,9,0,0,0,239
067701603,1,17,21,203,2,0,0,0,244
067701604,0,0,0,9,0,0,0,0,9
067701605,1,3,4,26,2,0,0,0,36
067701606,1,2,0,5,0,0,0,0,8
067701607,0,0,1,8,0,0,0,0,9
067701701,0,0,1,5,0,0,0,0,6
067701702,0,1,1,3,2,0,0,0,7
067701703,1,0,0,3,0,0,0,0,4
067701704,0,1,0,5,0,0,0,0,6
067701705,0,1,0,11,2,0,0,0,14
067701801,3,13,4,145,4,0,0,1,170
067701802,0,0,3,5,0,0,0,0,8
067701803,0,1,0,6,0,0,0,0,7
067701804,0,0,0,10,0,0,0,0,10
067701805,0,1,0,15,0,0,0,0,16
067701806,0,1,1,6,0,0,0,0,8
067701901,1,0,0,3,0,0,0,0,4
067701902,1,0,0,2,0,0,0,0,3
067701903,0,0,3,4,1,0,0,0,8
067701904,1,0,0,4,0,0,0,0,5
067702001,1,1,0,5,2,0,0,1,10
067702002,0,0,1,1,0,0,0,0,2
067702101,23,85,33,104,2,0,0,1,248
067702102,43,129,41,88,0,0,0,0,301
067702103,35,83,40,93,2,0,0,1,254
067702104,45,124,19,100,3,0,0,0,291
067702105,61,117,19,113,0,0,0,3,313
067702106,30,145,16,71,4,0,0,0,266
067702107,46,136,50,182,1,0,0,0,415
067702108,26,104,15,95,2,0,0,2,244
067702109,36,108,31,78,1,0,0,3,257
067702110,39,99,24,104,0,0,0,0,266
067702201,0,10,0,268,5,6,0,2,291
067702202,26,23,2,241,23,3,0,0,318
067702203,17,118,62,228,1,1,0,1,428
067702204,5,11,1,449,16,2,0,6,490
067702205,21,104,41,179,7,1,0,0,353
067702206,15,63,57,263,7,0,0,6,411
067702207,20,52,14,189,4,1,0,0,280
067702208,25,97,14,126,3,0,0,0,265
067702209,6,74,4,147,3,1,1,0,236
067702210,21,97,47,118,2,0,1,2,288
067702211,33,179,25,44,1,1,0,3,286
067702212,8,61,42,209,4,0,0,2,326
067702213,31,87,24,54,3,0,0,0,199
067702214,10,105,51,213,9,1,0,2,391
067702301,0,0,0,18,7,0,0,0,25
067780101,15,39,123,98,3,0,0,1,279
067780102,38,36,45,109,4,0,0,1,233
067780103,18,29,25,154,6,1,0,0,233
067780104,7,14,14,180,6,0,0,0,221
067780105,29,67,38,215,11,4,2,2,368
067780106,45,46,10,226,12,4,0,6,349
067780107,15,20,6,171,8,6,0,1,227
067780108,8,30,9,180,9,3,2,2,243
067780109,16,20,10,171,11,9,1,3,241
067780110,2,2,3,27,3,0,0,0,37
067780111,3,8,6,35,1,0,0,0,53
067780201,12,31,4,150,6,6,0,2,211
067780202,6,24,10,101,8,1,0,0,150
067780203,7,28,10,105,6,5,0,4,165
067780204,5,45,18,189,8,2,0,0,267
067780205,25,66,42,234,15,5,1,4,392
067780206,26,61,57,104,6,1,0,1,256
067780207,16,55,16,268,30,8,0,1,394
067780208,17,66,77,61,13,0,1,4,239
067780209,33,66,43,184,31,2,0,1,360
067780210,24,76,95,103,9,0,0,2,309
067780211,31,30,25,88,7,2,1,0,184
067780212,14,24,10,138,20,4,0,2,212
067780213,18,6,4,133,7,7,0,0,175
067780214,22,42,33,175,15,2,0,1,290
067780215,19,31,15,210,18,16,3,5,317
067780216,16,9,2,123,6,5,3,8,172
067780217,28,24,7,106,16,2,0,4,187
067780218,6,46,15,127,22,3,1,0,220
067780301,0,2,4,44,2,0,0,0,52
067780401,0,2,5,4,4,0,0,4,19
067780402,3,2,3,24,0,0,0,0,32
067780403,0,6,6,45,3,1,0,0,61
067780404,5,11,10,90,6,4,0,0,126
067780405,10,5,5,122,13,5,0,4,164
067780406,6,10,7,74,7,0,0,1,105
067780407,16,24,29,222,14,1,2,1,309
067780501,18,5,1,176,3,2,1,0,206
067780502,2,11,4,54,5,0,0,0,76
067780503,0,0,0,11,2,0,1,0,14
067780504,3,2,0,19,5,0,0,0,29
067780505,1,2,1,23,0,0,0,0,27
067780506,17,13,5,285,6,1,1,1,329
067780507,9,10,7,207,9,4,0,0,246
067780601,0,1,0,3,0,0,0,0,4
067780602,33,48,78,13,2,0,0,2,176
067780603,7,23,11,83,9,0,0,2,135
067780604,20,16,10,268,18,3,1,2,338
067780701,1,1,2,9,2,0,0,0,15
067780702,0,0,0,14,3,0,0,0,17
067780703,0,1,2,8,0,0,0,0,11
067780704,1,2,1,8,2,0,0,0,14
067780801,1,0,1,13,1,0,0,0,16
067780802,0,0,0,2,0,0,0,0,2
067780803,0,1,1,14,0,0,0,0,16
067780901,2,1,6,0,0,0,0,0,9
067780902,5,15,38,65,4,0,0,0,127
067780903,9,26,30,177,14,3,2,1,262
067780904,1,11,16,97,7,0,0,1,133
067780905,26,45,32,275,8,3,0,4,393
067780906,18,45,65,210,15,3,0,1,357
067780907,5,17,17,101,12,0,0,0,152
067780908,4,10,7,80,6,5,1,0,113
067780909,15,32,14,173,10,2,0,2,248
067780910,13,27,28,167,7,0,1,0,243
067780911,48,41,53,180,11,0,0,1,334
067780912,47,57,42,157,6,0,1,1,311
067780913,30,36,50,178,10,1,0,2,307
067781001,28,76,29,249,22,5,0,6,415
067781002,7,39,6,184,4,11,2,1,254
067781003,6,22,8,184,21,11,0,6,258
067781004,18,83,22,174,9,0,0,2,308
067781005,26,78,79,132,5,1,0,0,321
067781006,25,61,46,71,1,1,0,0,205
067781007,49,84,57,136,11,1,0,3,341
067781008,39,48,13,263,14,6,1,3,387
067781009,25,73,49,253,11,5,0,3,419
067781010,27,39,73,53,4,0,0,1,197
067781011,18,45,61,131,14,0,1,0,270
067781012,21,50,49,166,11,0,0,0,297
067781013,19,67,28,268,17,7,1,3,410
067781014,10,36,11,208,8,9,1,0,283
067781015,17,11,2,179,15,8,2,5,239
067840101,0,1,0,4,0,0,0,0,5
067840102,1,0,0,11,0,0,0,0,12
067840201,0,1,0,4,0,0,0,0,5
067840202,3,7,14,126,8,1,0,1,160
067840203,0,1,1,14,0,0,0,0,16
067840204,0,0,2,3,0,0,0,0,5
067840301,0,0,0,7,0,0,0,0,7
067840302,1,2,0,8,1,0,0,0,12
067840303,0,0,1,3,0,0,0,0,4
067840401,0,2,0,1,0,0,0,0,3
067840402,0,1,0,12,0,0,0,0,13
067840403,0,0,1,2,2,0,0,0,5
067840404,1,1,0,4,0,0,0,0,6
067840501,0,0,0,7,0,0,0,0,7
067840502,0,1,0,5,0,0,0,0,6
067840503,0,0,0,8,1,0,0,0,9
067840601,0,1,0,8,1,0,0,0,10
067840701,3,1,0,7,0,0,0,0,11
067840702,0,0,0,9,0,0,0,0,9
067840703,0,0,0,8,0,0,0,0,8
067840704,0,0,2,8,1,0,0,0,11
067840801,0,0,1,22,1,0,0,0,24
067840802,1,2,3,78,1,0,0,0,85
067840803,16,19,47,191,4,0,0,1,278
067840804,11,4,55,257,4,0,0,1,332
067840805,25,18,58,146,2,0,1,0,250
067840806,19,22,24,164,6,0,0,0,235
067840807,43,52,25,161,7,0,0,2,290
067840808,58,46,40,239,3,1,1,0,388
067840809,24,20,46,162,11,2,0,0,265
067840810,31,41,37,122,1,0,0,0,232
067840811,17,6,48,254,8,0,0,0,333
067840812,0,1,0,14,0,0,0,0,15
067840813,2,1,4,18,2,0,0,0,27
067840901,0,0,1,6,1,0,0,1,9
067840902,0,0,0,5,0,0,0,0,5
067841001,0,1,1,5,2,0,0,0,9
067841002,0,0,0,3,0,0,0,0,3
067841003,0,0,0,10,1,0,0,0,11
067841004,0,0,0,8,0,0,0,0,8
067841101,1,1,0,2,1,0,0,0,5
067841102,0,2,0,6,0,0,0,0,8
067841103,0,1,0,10,1,0,0,0,12
067841104,1,0,1,1,0,0,0,0,3
067841201,1,1,1,8,0,0,0,0,11
067841202,0,0,1,9,0,0,0,0,10
067841203,0,1,2,22,1,0,0,0,26
067841204,0,0,0,6,0,0,0,0,6
067910101,20,27,69,293,5,0,0,1,415
067910102,19,14,16,124,5,0,0,0,178
067910103,18,24,38,142,2,0,1,7,232
067910104,20,31,6,115,0,0,0,0,172
067910105,30,24,8,138,6,0,0,0,206
067910106,45,123,11,119,4,0,0,0,302
067910107,25,47,40,257,1,0,0,1,371
067910108,29,75,12,84,0,0,0,3,203
067910109,17,37,23,147,0,0,0,2,226
067910110,41,58,56,172,16,0,0,1,344
067910111,19,20,22,146,3,0,0,0,210
067910201,24,20,17,123,0,0,0,0,184
067910202,60,26,19,195,3,1,0,0,304
067910203,21,15,22,204,5,1,0,0,268
067910204,18,12,25,209,3,0,0,1,268
067910205,15,18,35,198,4,0,0,0,270
067910206,24,15,81,246,3,0,0,1,370
067910207,19,18,19,232,3,0,0,0,291
067910208,30,38,11,227,3,0,0,0,309
067910209,19,18,18,188,12,0,0,0,255
067910210,20,60,16,256,2,0,0,1,355
067910211,34,32,33,227,7,0,0,0,333
067910212,11,72,23,193,0,0,0,0,299
067910213,54,72,19,194,6,0,0,0,345
067910214,14,12,44,198,10,0,0,1,279
067910215,4,31,44,215,4,0,0,0,298
067910216,79,19,16,141,3,0,0,1,259
067910217,18,23,57,194,1,0,0,1,294
067910218,14,31,126,268,7,3,1,3,453
067910301,13,20,81,186,8,1,0,1,310
067910302,7,2,113,84,0,0,0,0,206
067910303,34,4,135,64,3,0,0,1,241
067910304,19,7,182,184,1,0,0,2,395
067910305,7,10,37,105,0,0,0,2,161
067910306,8,37,62,92,1,1,0,1,202
067910307,7,10,265,103,2,0,0,0,387
067910308,9,0,234,1,0,0,0,0,244
067910309,12,23,143,139,7,3,0,1,328
067910310,9,13,213,164,4,1,0,0,404
067910401,24,43,61,97,0,0,0,0,225
067910402,21,33,43,146,11,0,0,0,254
067910403,33,21,35,125,10,1,0,0,225
067910404,8,8,116,78,5,0,0,0,215
067910405,7,34,17,100,1,0,0,0,159
067910406,37,48,7,129,2,0,0,1,224
067910407,44,113,4,46,1,1,0,0,209
067910408,81,147,4,39,2,0,0,1,274
067910409,34,30,16,102,8,0,0,1,191
067910410,15,30,26,122,6,1,0,0,200
067910411,15,20,16,172,1,0,0,0,224
067910412,22,30,21,117,3,0,0,0,193
067910501,2,1,2,27,1,1,0,1,35
067910502,1,0,0,26,1,0,0,0,28
067910503,0,0,0,8,0,0,0,0,8
067910601,0,0,3,67,1,0,0,0,71
067910602,0,0,1,35,2,0,0,0,38
067910603,1,0,4,18,0,0,0,0,23
067910701,0,0,1,52,2,0,0,0,55
067910702,1,0,2,34,1,0,0,0,38
067910801,0,1,0,14,0,0,0,0,15
067910802,1,3,1,32,2,0,0,0,39
067910803,0,0,1,22,0,0,0,0,23
067910901,3,1,1,29,1,0,0,0,35
067910902,0,1,29,32,3,0,0,1,66
067910903,0,0,4,31,0,0,0,0,35
067910904,0,0,1,28,0,0,0,2,31
067910905,1,4,1,21,2,0,0,1,30
067910906,3,0,5,41,1,1,0,0,51
067911001,0,0,4,30,0,0,0,0,34
067911002,10,2,3,68,1,0,0,0,84
067911003,1,0,2,84,0,0,0,0,87
067911004,0,0,0,30,4,1,0,0,35
067911005,0,0,0,43,1,0,0,0,44
067911006,23,5,9,280,3,0,0,2,322
067911007,2,0,2,130,2,0,0,1,137
067911008,3,2,2,140,0,0,0,0,147
067911009,0,0,6,21,2,0,0,0,29
067911101,0,1,2,17,7,0,0,0,27
067911102,0,0,0,29,0,0,0,0,29
067911103,0,0,1,21,0,0,0,1,23
067911104,1,1,0,58,0,0,0,0,60
067911105,0,0,0,34,0,0,0,0,34
067911201,3,9,13,218,3,0,0,0,246
067911202,6,46,10,281,9,0,0,0,352
067911203,11,25,9,381,5,0,0,2,433
067911204,8,11,9,253,9,1,0,0,291
067911205,11,19,17,191,5,0,0,0,243
067911206,18,13,27,328,12,0,0,2,400
067911207,21,18,13,282,11,0,0,0,345
067911208,33,22,28,330,6,0,0,3,422
067911209,29,21,49,269,8,0,0,0,376
067911210,24,19,37,246,7,0,0,1,334
067911211,7,10,27,178,3,0,0,0,225
067911212,12,11,18,177,4,0,0,1,223
067911213,40,24,62,275,4,0,0,0,405
067911301,6,6,17,459,8,1,0,2,499
067911302,39,73,8,109,18,2,3,18,270
067911303,7,5,67,178,7,3,0,0,267
067911304,6,7,13,283,6,0,0,2,317
067911305,17,16,27,417,17,0,0,4,498
067911306,14,10,34,459,4,10,0,0,531
067911307,1,4,7,227,5,1,0,1,246
067911308,16,33,17,191,4,1,0,2,264
067911309,17,5,11,202,9,0,0,2,246
067911310,7,1,6,240,9,1,0,0,264
067911311,10,6,27,230,6,0,0,0,279
067911312,10,7,24,209,9,0,0,0,259
067911313,24,41,61,165,4,2,0,3,300
067911314,19,18,53,157,38,0,1,1,287
067911401,3,0,0,22,2,0,0,0,27
067911402,1,0,4,42,0,0,0,0,47
067911403,0,0,7,51,4,0,0,1,63
067911404,3,0,3,38,1,0,0,0,45
067911405,0,0,2,75,1,0,0,0,78
067911406,0,0,0,41,0,0,0,0,41
067911501,0,1,10,46,5,1,0,0,63
067911502,3,0,7,112,3,0,0,0,125
067911503,0,2,1,29,0,0,0,0,32
067911504,3,2,1,38,2,0,0,0,46
067911505,0,0,0,19,1,0,0,0,20
067911506,0,0,0,11,3,0,0,0,14
067911601,1,0,0,28,0,0,0,0,29
067911602,0,0,2,41,0,0,0,0,43
067911701,1,1,1,38,1,0,0,0,42
067911702,0,3,1,29,1,0,0,0,34
067911801,20,10,34,148,2,0,0,0,214
067911802,6,11,22,168,6,0,0,8,221
067911803,8,11,18,142,8,0,0,1,188
067911804,16,52,59,123,3,0,0,0,253
067911805,4,2,93,91,2,0,0,0,192
067911806,8,12,86,129,1,0,0,0,236
067911807,8,16,52,193,17,1,0,0,287
067911808,7,34,81,142,2,0,0,0,266
067911809,12,102,51,99,1,0,0,0,265
067911811,11,4,19,171,6,0,0,0,211
067911812,11,10,20,189,4,0,0,0,234
067911813,13,8,53,228,2,0,0,0,304
067911814,3,10,138,168,7,0,0,0,326
067911901,5,13,94,104,2,0,0,0,218
067911902,8,8,152,63,1,0,0,2,234
067911903,15,6,70,203,0,0,0,0,294
067911904,64,102,72,65,0,0,0,0,303
067911905,44,32,101,236,11,0,0,0,424
067911906,52,45,22,142,0,0,0,0,261
067911907,23,8,19,130,0,0,0,0,180
067911908,35,94,7,77,1,0,0,9,223
067911909,56,74,6,39,0,0,0,0,175
067911910,38,136,1,25,1,0,0,1,202
067911911,78,129,0,36,0,0,0,0,243
067912001,16,28,44,209,3,0,0,1,301
067912002,8,4,18,277,5,1,0,0,313
067912003,5,14,12,403,14,1,1,0,450
067912004,9,13,36,286,9,0,0,0,353
067912005,9,19,68,203,7,0,0,0,306
067912006,25,32,110,211,4,0,0,6,388
067912007,9,12,175,128,2,0,0,0,326
067912008,8,6,51,103,0,1,0,2,171
067912009,2,1,215,110,3,0,0,2,333
067912101,5,3,6,186,3,0,0,0,203
067912102,5,12,30,311,1,0,1,1,361
067912103,2,4,10,256,7,1,0,1,281
067912104,1,10,13,157,48,0,0,2,231
067912105,44,24,52,290,22,0,0,4,436
067912106,21,13,47,324,10,0,0,0,415
067912107,14,12,36,201,7,1,0,0,271
067912108,17,15,17,179,3,0,1,0,232
067912109,8,14,100,344,12,0,0,1,479
067912110,2,5,2,360,3,0,0,1,373
067912111,12,10,2,257,6,0,0,1,288
067912112,7,9,7,308,5,0,1,1,338
067912113,2,0,13,168,5,0,0,0,188
067912114,5,4,2,100,2,0,0,0,113
067912115,3,3,7,99,2,2,1,2,119
067912116,13,9,7,174,16,1,0,1,221
067912201,2,1,11,111,6,0,0,0,131
067912202,2,7,28,104,6,0,0,1,148
067912203,3,4,73,115,8,1,1,2,207
067912204,0,8,39,127,6,0,0,1,181
067912205,5,1,147,130,3,0,0,0,286
067912206,3,1,153,192,3,0,0,2,354
067912207,8,14,50,387,3,0,0,0,462
067912208,30,21,89,255,5,0,0,3,403
067912209,38,13,125,111,4,1,0,1,293
067912210,28,110,97,127,3,0,0,0,365
067912211,3,11,135,92,2,0,0,0,243
067912212,6,5,146,97,0,0,0,0,254
067912213,2,4,54,177,3,0,0,0,240
067912214,20,0,181,28,0,0,0,0,229
067912215,6,15,75,166,3,0,0,0,265
067912216,4,10,69,225,1,2,0,0,311
067912217,5,2,48,104,0,0,0,0,159
067912218,2,3,11,113,2,0,1,0,132
067980101,0,1,1,16,2,0,0,0,20
067980102,0,1,1,19,0,0,0,0,21
067980103,5,3,0,11,0,0,0,0,19
067980201,0,0,1,20,1,0,0,0,22
067980202,0,0,0,6,1,0,0,0,7
067980203,1,1,1,25,1,1,0,0,30
067980301,0,0,1,9,4,0,0,0,14
067980302,0,1,4,16,0,0,0,0,21
067980401,2,1,1,4,0,0,0,0,8
067980402,0,0,1,14,1,0,0,0,16
067980501,3,3,0,42,0,1,0,0,49
067980502,6,0,0,21,1,0,0,0,28
067980503,0,0,0,8,0,0,0,0,8
067980504,0,0,0,9,0,0,0,0,9
067980505,0,0,2,20,0,0,0,0,22
067980506,0,0,1,13,0,0,0,0,14
067980507,0,0,0,13,0,0,0,0,13
067980601,2,1,8,62,4,0,0,0,77
067980701,4,3,7,169,13,2,0,0,198
067980702,20,9,61,294,15,0,0,1,400
067980703,29,25,33,227,4,0,0,0,318
067980704,3,5,19,180,11,1,1,0,220
067980705,4,7,38,118,7,0,0,0,174
067980706,0,0,1,36,0,0,0,0,37
067980707,3,1,109,62,3,0,0,0,178
067980708,9,1,99,286,16,0,1,1,413
067980709,15,2,4,141,17,1,0,0,180
067980710,16,2,9,170,4,1,0,0,202
067980711,16,4,32,208,1,0,0,0,261
067980801,0,0,0,14,0,0,0,0,14
067980901,0,0,0,19,0,0,0,0,19
067980902,0,0,2,9,1,0,0,0,12
067980903,1,0,0,11,0,0,0,0,12
067980904,0,0,1,13,1,0,0,0,15
067980905,0,0,0,10,0,0,0,0,10
067981001,0,0,0,20,0,0,0,0,20
067981002,0,0,0,20,4,0,0,0,24
067981003,0,1,0,14,2,0,0,0,17
067981004,0,0,0,20,0,0,0,0,20
067981005,0,1,0,12,0,0,0,2,15
067981006,0,0,0,6,0,0,0,0,6
068120101,0,0,1,11,8,0,0,0,20
068120102,0,0,1,26,1,0,0,0,28
068120201,0,0,0,6,2,0,0,0,8
068120202,0,0,0,8,1,0,0,0,9
068120301,0,1,1,19,0,0,0,0,21
068120302,0,0,1,6,0,0,0,0,7
068120303,0,0,0,2,0,0,0,0,2
068120401,0,2,1,20,7,0,0,0,30
068120402,0,0,1,9,0,0,0,0,10
068120403,0,0,0,6,3,0,0,0,9
068120501,0,1,0,8,1,0,0,0,10
068120502,3,10,36,122,2,1,0,0,174
068120503,1,24,22,137,25,2,0,6,217
068120504,0,0,0,2,1,0,0,0,3
068120601,0,0,0,4,0,0,0,0,4
068120602,0,0,0,6,0,0,0,0,6
068190101,4,4,1,56,6,0,0,0,71
068190102,0,2,1,26,0,0,0,0,29
068190103,1,0,0,28,1,0,0,0,30
068190104,1,1,6,49,3,0,0,0,60
068190201,1,0,4,49,4,0,0,0,58
068190202,1,1,1,28,0,0,0,0,31
068190301,0,0,2,16,0,0,0,0,18
068190302,2,1,2,24,0,0,0,0,29
068190401,31,5,69,211,3,0,1,0,320
068190402,17,11,89,306,5,0,0,0,428
068190403,37,28,37,174,7,0,0,0,283
068190404,27,15,57,230,7,0,0,3,339
068190405,8,24,76,177,7,1,0,0,293
068190406,38,5,20,262,0,1,0,0,326
068190407,12,8,67,175,0,0,0,0,262
068190408,3,2,11,41,2,0,0,0,59
068190409,2,3,2,59,2,0,0,0,68
068190501,1,1,3,14,1,0,0,0,20
068190502,0,0,1,17,6,0,0,0,24
068190503,0,0,2,20,1,0,0,0,23
068190504,2,2,21,73,2,2,0,0,102
068190505,4,4,31,97,2,2,0,0,140
068190601,2,5,2,21,0,0,0,0,30
068190602,1,0,1,40,2,0,0,0,44
068190603,2,5,0,11,3,0,0,0,21
068190701,5,1,4,13,1,0,0,0,24
068190801,0,0,0,21,0,0,0,0,21
068190802,2,1,10,18,1,0,0,0,32
068190901,1,1,5,51,0,1,0,1,60
068190902,1,2,6,56,0,3,0,2,70
068190903,2,15,26,119,6,2,0,2,172
068190904,5,6,32,109,14,0,0,1,167
068190905,2,9,36,115,3,1,0,4,170
068190906,2,6,15,75,8,0,0,0,106
068190907,1,3,26,37,2,0,0,5,74
068190908,0,0,0,10,2,0,0,0,12
068190909,0,1,3,45,3,0,0,0,52
068190910,6,7,7,135,2,0,0,0,157
068190911,1,3,7,118,16,1,0,1,147
068190912,3,3,28,131,1,0,0,0,166
068260101,28,15,5,555,20,1,0,3,627
068260102,4,2,3,260,13,0,0,1,283
068260103,3,9,23,286,3,1,0,1,326
068260104,5,12,3,152,2,0,0,2,176
068260105,5,20,11,141,7,0,0,0,184
068260106,19,32,12,174,12,0,0,3,252
068260107,18,40,11,242,0,0,0,2,313
068260108,55,126,4,132,4,0,0,0,321
068260109,9,38,10,128,2,0,0,2,189
068260110,16,31,8,73,3,0,0,0,131
068260111,4,24,13,152,4,2,0,1,200
068260112,10,11,4,175,4,0,0,0,204
068260113,2,15,4,203,4,0,0,0,228
068260114,16,13,6,156,1,0,0,4,196
068260115,13,20,44,168,2,0,0,1,248
068260116,9,6,17,124,1,1,0,1,159
068260117,4,14,1,139,6,1,0,0,165
068260118,5,4,1,195,9,0,0,0,214
068260119,5,6,2,159,10,11,2,0,195
068260120,20,15,9,228,4,0,0,0,276
068260201,5,7,59,206,4,0,0,0,281
068260202,7,6,185,201,5,0,0,0,404
068260203,7,21,50,149,4,0,0,0,231
068260204,3,24,101,60,0,0,0,1,189
068260205,2,5,8,136,0,0,0,0,151
068260206,4,14,8,121,2,1,0,0,150
068260207,33,30,10,79,2,0,0,0,154
068260208,17,36,11,87,0,1,0,0,152
068260209,9,30,17,209,5,0,0,0,270
068260210,5,19,18,112,4,0,0,0,158
068260211,10,14,25,93,3,0,0,0,145
068260212,18,61,22,172,12,2,0,4,291
068260213,11,31,5,52,0,0,0,2,101
068260214,4,18,6,81,0,0,0,0,109
068260301,0,0,1,12,1,0,0,0,14
068260302,0,0,0,6,0,0,0,0,6
068260303,0,0,1,13,0,0,0,0,14
068260401,0,0,0,19,0,0,0,0,19
068260402,0,0,2,40,0,0,0,0,42
068260403,8,7,3,259,3,1,0,0,281
068260501,4,4,0,77,3,0,0,0,88
068260502,0,2,3,7,0,0,0,0,12
068260503,0,1,0,7,0,0,0,0,8
068260601,0,1,0,27,0,0,0,0,28
068260602,0,1,2,22,1,0,0,0,26
068260701,5,25,16,342,6,0,0,1,395
068260702,3,11,27,141,1,0,0,0,183
068260703,0,1,1,45,0,1,0,2,50
068260704,6,13,18,134,6,1,0,1,179
068260705,1,1,2,19,1,0,0,1,25
068260706,29,64,24,252,11,0,0,3,383
068260707,0,0,2,18,0,0,0,0,20
068260708,1,3,10,32,2,0,0,0,48
068260709,0,1,5,48,1,0,0,0,55
068260801,1,2,9,52,1,0,0,0,65
068260802,1,0,0,13,0,0,0,0,14
068260901,0,0,1,19,0,0,0,0,20
068260902,0,0,1,22,0,0,0,1,24
068261001,1,3,3,36,2,1,0,1,47
068261002,1,0,1,30,1,0,0,0,33
068261101,1,2,0,27,1,0,0,1,32
068261102,0,0,0,23,0,0,0,0,23
068261201,3,0,0,20,0,0,0,0,23
068261301,0,1,0,30,1,0,0,1,33
068261302,0,0,0,25,0,0,0,0,25
068261303,1,0,0,43,2,0,0,0,46
068261401,2,0,0,20,0,0,0,0,22
068261402,0,0,1,9,0,0,0,0,10
068261501,3,1,1,29,6,0,0,0,40
068261502,0,0,0,13,2,1,0,9,25
068261601,1,0,1,46,0,0,0,1,49
068261602,0,0,2,38,2,0,0,0,42
068261603,1,2,4,28,1,1,0,0,37
068261604,0,1,16,69,3,0,0,0,89
068261605,0,0,4,107,2,0,0,0,113
068261606,7,10,6,210,5,0,0,0,238
068261607,6,21,40,117,10,1,0,0,195
068261608,10,23,60,278,19,1,0,3,394
068261609,8,9,26,114,2,0,0,0,159
068261610,6,14,20,156,10,1,0,0,207
068261611,1,17,23,142,12,0,1,0,196
068261701,0,0,0,16,1,0,0,0,17
068261702,0,0,0,20,1,0,0,0,21
068261703,1,0,0,14,0,0,0,0,15
068261704,0,0,0,6,0,0,0,0,6
068261801,0,1,1,56,0,0,0,0,58
068261802,0,1,2,20,1,0,0,0,24
068261803,1,6,0,23,0,0,0,0,30
068261804,0,0,1,40,1,0,0,0,42
068261805,0,0,0,17,0,0,0,0,17
068261901,11,55,31,182,2,0,0,3,284
068261902,12,38,36,216,5,0,0,1,308
068261903,8,14,21,149,1,0,0,1,194
068261904,5,12,52,117,4,0,0,0,190
068261905,2,20,25,114,4,0,0,0,165
068261906,1,1,13,204,1,0,0,0,220
068261907,12,3,1,157,6,0,0,0,179
068261908,9,32,8,164,2,0,0,0,215
068261909,4,13,43,274,5,0,0,0,339
068261910,13,29,34,173,2,0,0,0,251
068261911,5,11,23,151,4,0,0,0,194
068330101,6,3,45,142,19,0,0,0,215
068330102,11,6,77,210,23,0,0,0,327
068330103,8,21,48,179,10,0,0,0,266
068330104,19,5,77,217,36,0,0,0,354
068330105,14,7,43,144,17,0,0,0,225
068330106,16,8,55,226,31,0,0,1,337
068330107,37,29,66,224,8,0,0,0,364
068330108,20,55,46,171,21,0,0,4,317
068330109,12,10,64,225,12,0,0,0,323
068330110,23,13,77,238,22,0,0,0,373
068330111,28,14,61,201,7,0,0,0,311
068330112,19,16,63,314,24,0,1,0,437
068330113,31,5,82,293,37,2,0,0,450
068330114,15,24,71,263,19,0,0,3,395
068330115,14,32,10,12,10,0,0,0,78
068330116,2,51,44,107,5,0,0,1,210
068330201,11,19,104,148,9,0,0,0,291
068330202,10,22,115,214,17,0,0,0,378
068330203,11,16,123,177,12,0,0,0,339
068330204,31,24,61,184,5,0,0,0,305
068330205,27,55,39,142,7,0,0,1,271
068330206,13,39,36,107,1,0,0,0,196
068330207,32,30,69,170,9,0,0,0,310
068330208,17,136,27,148,5,0,0,0,333
068330209,22,101,17,126,0,0,0,0,266
068330210,24,39,37,193,23,1,0,3,320
068330211,25,14,52,233,17,1,0,1,343
068330212,7,42,35,281,15,1,0,0,381
068330213,17,14,41,260,16,0,0,1,349
068330301,0,0,0,0,1,0,0,0,1
068330302,0,0,1,4,1,0,0,0,6
068330303,0,0,0,4,0,0,0,0,4
068330304,0,0,2,1,1,0,0,0,4
068330305,0,0,0,4,1,0,0,0,5
068330401,3,0,6,16,6,0,0,0,31
068330402,0,0,4,14,4,0,0,0,22
068330403,0,1,2,13,1,0,0,0,17
068330501,0,0,0,6,1,0,0,0,7
068330502,2,0,2,5,0,0,0,0,9
068330503,0,0,0,4,1,0,0,0,5
068330601,0,0,0,4,1,0,0,0,5
068330602,0,0,0,3,0,0,0,0,3
068330603,1,0,5,5,0,0,0,0,11
068330604,0,0,3,5,0,0,0,0,8
068330701,0,0,2,7,0,0,0,0,9
068330702,0,0,1,11,1,0,0,0,13
068330703,0,0,3,15,0,0,0,0,18
068330704,0,1,1,16,0,0,0,0,18
068330705,1,1,1,15,3,0,0,0,21
068330706,0,0,1,16,3,0,0,0,20
068330801,0,0,0,22,0,1,0,0,23
068330802,0,0,0,28,4,0,0,0,32
068330803,0,0,0,5,2,0,0,0,7
068330901,0,0,2,8,1,0,0,0,11
068330902,0,0,1,12,1,0,0,0,14
068330903,0,1,8,14,3,0,0,0,26
068331001,2,0,4,58,8,0,0,0,72
068331002,3,0,1,198,27,0,0,0,229
068331003,1,0,0,3,2,0,0,0,6
068331004,18,9,41,323,36,0,0,0,427
068331005,21,3,36,321,36,0,0,3,420
068331006,13,10,15,262,57,0,0,1,358
068331007,13,4,31,308,31,1,0,30,418
068331008,7,1,8,394,74,2,0,2,488
068331009,10,2,23,296,31,0,0,12,374
068331010,8,8,39,158,11,0,0,0,224
068331011,6,4,46,216,41,0,0,1,314
068331012,18,6,32,411,54,0,0,2,523
068331013,0,1,0,42,5,0,0,1,49
068331101,8,2,11,163,5,1,1,1,192
068331102,0,0,0,3,0,0,0,0,3
068331103,1,0,2,6,0,0,0,0,9
068331104,0,0,2,6,0,0,0,0,8
068331105,0,0,0,4,0,0,0,0,4
068331201,0,0,2,8,2,0,0,0,12
068331202,0,0,1,9,0,0,0,0,10
068331203,1,0,0,5,0,0,0,0,6
068331301,0,0,0,5,2,0,0,0,7
068331302,2,5,20,53,25,1,0,0,106
068331303,1,5,8,22,4,0,0,0,40
068331304,0,0,3,38,13,0,0,0,54
068331401,2,1,8,186,7,0,0,0,204
068331402,0,0,0,30,3,1,0,0,34
068331403,0,0,0,4,1,0,0,0,5
068331404,0,0,3,2,0,0,0,0,5
068331405,2,0,0,33,0,0,0,0,35
068331406,0,0,0,0,0,0,0,0,0
068331407,0,0,3,4,0,0,0,0,7
068331408,8,1,11,111,6,0,0,0,137
068331501,1,1,2,65,5,2,0,0,76
068331502,0,0,1,14,0,0,0,0,15
068331503,0,0,4,7,0,0,0,0,11
068331504,0,1,2,8,1,0,0,0,12
068331505,0,0,1,7,1,0,0,0,9
068331506,2,0,4,97,15,0,0,1,119
068331601,0,0,4,7,3,0,0,0,14
068331602,1,0,1,6,1,0,0,0,9
068331603,1,0,1,4,0,0,0,0,6
068331604,0,0,0,2,0,0,0,0,2
068331605,0,0,3,13,3,0,0,0,19
068331701,8,0,5,102,22,2,0,2,141
068331702,14,3,25,162,8,0,0,0,212
068331703,9,4,15,124,33,0,0,0,185
068331704,1,1,1,21,8,0,0,1,33
068331705,3,0,5,65,5,0,1,0,79
068331706,1,0,1,8,2,0,0,0,12
068331707,1,0,1,9,2,0,0,0,13
068331708,1,0,3,12,0,0,0,0,16
068331709,4,4,18,152,9,0,0,1,188
068331801,1,3,7,35,23,0,0,0,69
068331802,3,9,18,72,61,0,0,1,164
068331803,1,8,24,47,25,0,0,0,105
068331804,4,14,14,15,21,0,0,0,68
068331805,2,4,47,18,24,0,0,2,97
068331806,1,13,22,12,4,0,0,0,52
068331807,1,8,22,31,14,0,0,1,77
068331808,0,0,7,13,6,0,0,0,26
068331809,1,5,38,75,8,0,0,0,127
068331810,0,0,1,8,2,0,0,0,11
068331811,4,1,11,25,16,0,0,1,58
068331901,3,2,10,224,31,1,0,1,272
068331902,1,0,8,46,18,0,0,0,73
068331903,6,6,69,269,26,0,0,0,376
068331904,1,12,7,117,117,0,0,2,256
068331905,19,12,64,268,81,0,1,1,446
068331906,2,2,29,229,46,1,0,0,309
068331907,3,3,6,239,55,0,0,0,306
068331908,3,38,8,218,28,0,0,1,296
068331909,17,3,16,222,37,0,0,5,300
068331910,7,9,50,161,8,1,0,2,238
068331911,5,2,3,212,46,0,0,0,268
068331912,3,4,19,172,23,1,0,0,222
068331913,4,0,147,177,40,0,1,4,373
068331914,1,1,8,77,23,0,0,0,110
068331915,1,2,2,43,2,0,0,0,50
068470101,0,1,20,65,70,1,0,1,158
068470102,25,26,47,247,5,0,0,0,350
068470103,21,15,42,249,4,0,0,0,331
068470104,28,53,52,246,2,0,0,0,381
068470105,13,21,41,142,51,0,0,2,270
068470106,4,0,0,9,1,0,0,0,14
068470107,0,1,5,41,1,0,0,0,48
068470108,0,1,0,2,0,0,0,0,3
068470109,0,0,1,9,0,0,0,0,10
068470110,0,0,0,23,0,0,0,0,23
068470111,7,12,101,228,0,0,0,3,351
068470112,2,6,49,120,0,0,0,1,178
068470113,11,3,25,152,5,1,0,1,198
068470114,9,1,65,208,3,0,0,0,286
068470115,0,2,12,85,64,1,0,0,164
068470201,1,0,8,47,0,0,0,0,56
068470202,0,0,0,6,1,0,0,0,7
068470203,0,0,0,25,0,0,0,0,25
068470204,0,1,1,29,1,0,0,0,32
068470205,0,0,1,8,0,0,0,0,9
068540101,4,7,7,151,7,1,0,0,177
068540102,36,38,11,205,4,1,0,0,295
068540103,13,51,102,133,1,0,0,0,300
068540104,24,13,12,209,7,0,0,2,267
068540105,16,18,12,255,6,0,0,2,309
068540106,35,28,8,182,2,0,0,2,257
068540107,31,50,17,169,3,0,0,0,270
068540108,49,26,12,206,3,0,0,1,297
068540109,28,22,5,310,6,0,0,0,371
068540110,49,25,7,302,5,1,1,3,393
068540111,30,3,43,476,40,2,1,1,596
068540112,9,27,67,174,9,1,0,0,287
068540113,8,0,136,184,20,1,0,4,353
068540114,2,4,4,200,0,0,0,0,210
068540115,1,4,2,156,1,0,0,1,165
068540201,22,8,1,349,5,1,2,2,390
068540202,23,15,8,390,15,1,0,3,455
068540203,22,21,6,278,4,1,0,0,332
068540204,50,39,10,185,2,0,0,0,286
068540205,20,37,18,167,0,0,0,0,242
068540206,31,26,13,230,7,0,0,2,309
068540207,17,8,3,309,7,3,0,1,348
068540208,40,23,8,209,1,0,0,0,281
068540209,16,16,8,372,8,0,0,2,422
068540210,14,7,22,149,2,1,0,1,196
068540211,6,12,26,189,28,0,0,0,261
068540301,3,1,1,86,0,0,0,0,91
068540302,0,1,2,22,3,0,0,0,28
068540303,1,1,0,28,0,0,0,0,30
068540401,1,2,2,179,2,2,0,0,188
068540402,3,2,7,72,6,0,0,1,91
068540403,1,1,3,71,5,0,0,0,81
068540501,2,4,1,33,1,1,1,0,43
068540502,4,3,3,41,2,0,1,0,54
068540503,2,0,0,16,0,0,0,0,18
068540601,0,2,0,61,1,0,0,0,64
068540602,5,6,10,128,2,1,0,0,152
068540701,2,0,2,20,1,0,1,0,26
068540702,3,1,2,22,2,0,0,1,31
068540801,10,5,1,81,5,0,0,0,102
068540802,7,0,0,72,0,0,0,0,79
068540803,0,0,1,27,2,0,0,1,31
068540901,1,1,2,43,0,0,0,0,47
068541001,1,3,3,163,2,0,0,0,172
068541002,18,14,13,192,7,2,0,2,248
068541003,6,11,24,241,5,0,0,0,287
068541004,9,6,14,281,3,0,0,2,315
068541005,6,9,12,239,3,1,0,0,270
068541006,8,0,3,307,1,1,0,1,321
068541007,13,5,2,74,6,0,1,0,101
068541008,6,1,1,103,1,0,0,0,112
068541009,0,3,1,57,1,0,0,0,62
068541010,2,6,3,39,2,0,0,0,52
068541011,1,0,0,45,0,0,0,0,46
068541012,1,0,2,33,0,0,0,0,36
068541013,0,0,4,77,2,0,0,0,83
068541014,2,15,5,148,6,3,0,0,179
068541015,1,1,2,119,1,0,0,0,124
068541101,0,0,2,29,0,0,0,0,31
068541102,0,0,2,23,0,1,0,0,26
068541103,2,0,0,21,0,0,0,0,23
068541201,1,1,6,45,1,0,0,0,54
068541202,5,0,1,14,0,0,0,0,20
068541203,0,0,2,26,0,0,0,1,29
068541301,6,1,1,41,1,0,0,1,51
068541302,0,1,4,31,2,0,0,0,38
068541401,13,17,10,107,8,0,0,0,155
068541402,3,1,0,89,5,0,0,0,98
068541403,1,1,3,51,5,0,0,1,62
068541404,0,1,5,8,0,0,0,0,14
068541405,2,3,0,21,3,0,0,0,29
068541406,3,9,5,130,5,1,0,0,153
068680101,64,153,98,117,27,9,8,13,489
068680102,38,66,33,60,21,9,1,5,233
068680103,22,42,78,56,9,4,0,1,212
068680104,11,33,121,30,7,1,0,1,204
068680105,7,3,74,14,3,1,0,0,102
068680106,2,2,69,1,0,0,0,0,74
068680107,6,3,47,5,0,2,0,0,63
068680108,12,12,154,17,8,0,0,2,205
068680109,31,85,99,39,16,8,2,4,284
068680110,21,81,110,39,18,4,0,5,278
068680201,16,44,99,15,4,0,0,2,180
068680202,12,28,8,1,0,0,0,1,50
068680203,13,33,26,4,1,0,1,0,78
068680204,22,45,82,21,7,2,0,0,179
068680205,43,41,221,38,19,2,0,3,367
068680206,17,23,136,26,6,0,0,3,211
068680207,8,15,44,5,1,0,0,1,74
068680208,3,3,1,0,2,0,0,0,9
068680209,3,14,6,1,1,0,0,1,26
068680210,11,12,43,3,2,0,0,0,71
068680211,16,3,14,0,0,0,0,1,34
068680212,3,11,69,3,0,1,0,0,87
068680213,53,152,132,70,40,3,0,10,460
068680301,89,54,53,135,37,22,6,15,411
068680302,50,100,92,47,12,5,0,4,310
068680303,18,36,123,13,5,0,0,1,196
068680304,23,44,95,14,2,2,0,2,182
068680305,12,35,55,7,3,0,0,0,112
068680306,15,34,138,14,2,0,1,0,204
068680307,12,23,119,14,0,0,0,0,168
068680308,9,14,20,1,0,0,0,0,44
068680309,7,18,7,3,0,0,0,1,36
068680310,5,4,32,2,0,1,0,0,44
068680311,7,6,18,1,0,0,0,1,33
068680312,4,9,21,3,0,0,0,1,38
068680313,7,20,8,0,0,0,0,2,37
068680401,6,8,12,0,0,1,0,1,28
068680402,5,9,10,0,0,0,0,0,24
068680403,3,6,9,1,0,0,0,0,19
068680404,3,2,0,0,0,0,0,0,5
068680405,3,23,6,0,0,0,0,0,32
068680406,0,0,9,0,0,0,0,0,9
068680407,11,17,26,2,0,0,0,0,56
068680408,10,21,38,10,2,0,0,0,81
068680409,7,8,13,1,0,0,0,0,29
068680410,1,7,12,6,2,1,0,0,29
068680501,0,1,4,9,0,0,0,0,14
068680502,61,35,138,86,13,13,0,6,352
068680503,101,70,52,106,17,10,6,11,373
068680504,17,16,31,76,11,21,8,14,194
068680505,8,5,20,23,8,2,0,2,68
068680506,5,9,21,25,5,3,0,0,68
068680507,20,8,29,24,9,4,0,0,94
068680508,8,18,13,71,15,21,0,3,149
068680509,14,16,16,54,3,13,0,3,119
068680510,8,5,14,37,5,1,0,1,71
068680511,0,0,0,0,0,0,0,2,2
068680601,4,2,15,6,0,0,0,4,31
068680602,5,8,21,3,0,0,0,0,37
068680603,8,4,53,5,3,0,0,2,75
068680604,10,36,37,3,3,0,0,1,90
068680605,0,7,21,4,0,0,0,2,34
068680606,1,11,6,1,0,0,0,0,19
068680607,15,20,4,0,0,0,0,0,39
068680608,10,12,7,0,0,0,0,0,29
068680609,11,13,50,1,1,0,0,0,76
068680610,5,6,10,2,1,0,0,0,24
068680701,41,73,110,45,7,1,1,6,284
068680702,15,25,177,26,1,0,0,1,245
068680703,18,12,70,11,7,0,0,3,121
068680704,5,7,56,19,1,2,0,0,90
068680705,9,6,47,5,1,0,0,2,70
068680706,15,10,79,2,0,1,0,0,107
068680707,2,10,14,1,0,0,0,5,32
068680708,12,9,25,1,0,0,0,0,47
068680709,6,7,10,1,0,0,0,2,26
068680710,3,9,8,1,0,0,0,0,21
068680711,7,13,26,1,1,0,0,0,48
068680712,4,9,10,8,16,0,0,0,47
068680801,62,96,87,35,9,8,3,5,305
068680802,54,105,51,30,7,5,0,0,252
068680803,14,15,66,8,2,2,0,12,119
068680804,10,33,113,14,3,1,0,3,177
068680805,4,7,12,0,0,0,0,1,24
068680806,11,9,17,0,0,1,0,0,38
068680807,3,13,8,1,0,0,0,0,25
068680808,5,8,9,2,0,0,0,1,25
068680809,13,35,90,21,3,5,1,3,171
068680810,3,11,27,4,0,0,0,0,45
068750101,0,0,0,11,0,0,0,0,11
068750201,6,4,0,56,1,1,2,1,71
068750301,5,2,1,46,3,1,0,0,58
068750401,3,3,3,44,0,0,0,0,53
068750402,2,9,0,27,0,0,0,0,38
068750403,1,11,6,31,1,0,0,0,50
068750501,0,0,1,9,0,0,1,0,11
068750502,2,1,2,42,0,0,0,0,47
068750601,24,15,19,197,3,0,0,0,258
068750602,16,5,61,106,0,0,0,1,189
068750603,3,1,3,104,3,0,0,0,114
068750604,40,20,32,318,5,2,0,0,417
068750605,14,1,24,227,2,0,0,2,270
068750606,6,1,0,87,4,0,0,0,98
068750607,0,0,4,19,1,0,0,0,24
068750608,26,9,14,269,5,0,0,0,323
068750609,16,17,5,133,5,0,0,0,176
068750701,1,0,2,37,2,0,0,0,42
068750801,2,2,2,55,2,0,0,3,66
068750802,7,4,8,137,1,0,0,2,159
068750803,12,4,41,77,2,0,1,1,138
068750804,5,2,34,126,0,0,0,0,167
068750805,10,0,6,117,2,2,0,0,137
068750901,3,1,8,55,11,0,0,0,78
068750902,0,0,2,39,7,0,0,0,48
068751001,1,0,0,25,1,0,0,0,27
068751101,0,0,0,11,0,1,0,0,12
068751201,3,5,10,99,2,1,0,0,120
068751301,0,0,1,16,0,1,0,0,18
068751302,5,5,1,56,2,0,0,1,70
068751401,8,1,3,40,0,1,0,0,53
068751402,4,0,1,39,0,0,1,1,46
068751501,20,14,20,184,5,0,0,0,243
068751502,13,9,8,92,3,0,0,0,125
068751503,2,0,13,94,2,1,0,0,112
068751504,5,0,13,137,4,2,0,2,163
068751505,0,0,3,36,2,0,0,0,41
068751506,16,6,3,306,14,20,0,1,366
068751507,7,1,16,266,4,9,0,0,303
068751508,24,23,38,196,8,1,1,0,291
068751509,27,11,41,102,5,1,0,0,187
068751601,3,5,3,115,10,2,0,0,138
068751602,28,35,60,288,14,10,0,2,437
068751603,9,40,56,406,8,6,0,0,525
068751604,11,14,9,212,21,3,0,2,272
068751605,15,26,68,255,16,6,0,1,387
068751606,17,12,23,231,14,0,0,0,297
068751607,20,53,39,95,23,0,0,3,233
068751608,27,59,74,69,25,1,0,0,255
068751609,11,28,35,106,16,0,0,1,197
068751610,12,3,3,340,23,3,2,0,386
068751611,25,34,30,90,16,0,0,0,195
068751612,16,11,14,153,3,10,0,0,207
068751613,17,8,54,176,15,9,0,0,279
068751614,16,17,19,230,10,1,0,1,294
068751615,32,12,6,305,8,23,0,5,391
068751701,4,3,3,136,5,2,0,0,153
068751801,0,0,1,23,0,0,0,0,24
068820101,36,183,8,123,9,0,0,1,360
068820102,93,192,14,92,5,0,0,0,396
068820103,55,156,11,171,8,0,1,1,403
068820104,60,148,18,181,13,2,0,1,423
068820105,46,127,45,263,15,0,0,0,496
068820106,33,136,15,131,16,0,0,2,333
068820107,63,155,20,106,5,0,0,1,350
068820108,64,183,21,62,3,0,0,0,333
068820109,48,143,21,62,7,1,0,5,287
068820110,52,184,26,71,4,0,0,2,339
068820201,103,185,16,103,3,0,0,0,410
068820202,58,121,13,77,5,0,0,1,275
068820203,29,178,5,14,0,0,0,0,226
068820204,61,188,0,5,0,0,0,0,254
068820205,110,143,18,42,0,1,0,0,314
068820206,75,134,12,34,1,0,2,0,258
068820207,63,161,17,64,6,0,0,1,312
068820208,66,206,29,48,4,0,0,0,353
068820209,41,180,37,45,5,0,0,0,308
068820210,18,180,31,48,2,0,0,0,279
068820211,88,199,43,59,1,0,0,1,391
068820212,11,14,41,176,8,0,0,1,251
068820213,26,155,81,55,4,0,0,0,321
068820214,12,21,7,172,3,0,0,0,215
068820301,20,1,1,37,0,0,0,0,59
068820302,96,134,28,61,2,0,0,1,322
068820303,93,111,15,152,3,1,0,1,376
068820304,45,138,82,115,5,0,0,0,385
068820305,34,175,20,60,4,0,0,1,294
068820306,65,176,18,74,7,0,0,2,342
068820307,39,142,13,83,6,0,0,0,283
068820308,66,193,36,82,6,0,1,4,388
068820401,25,20,134,182,7,0,0,0,368
068820402,1,1,1,24,0,0,0,1,28
068820403,2,5,3,47,5,1,1,1,65
068820501,18,18,12,65,3,1,0,0,117
068820502,48,57,10,334,8,2,1,0,460
068820503,77,52,27,295,5,0,0,0,456
068820504,24,33,39,332,30,0,0,1,459
068820505,1,0,25,22,0,0,0,0,48
068820506,0,0,0,44,2,0,0,0,46
068820507,20,47,9,78,11,1,0,0,166
068820508,55,35,6,236,17,0,1,2,352
068820509,32,46,33,294,28,2,1,0,436
068820601,5,3,3,39,4,0,0,0,54
068820701,27,0,0,31,1,0,0,0,59
068820702,7,24,9,103,4,0,1,0,148
068820703,3,44,11,152,0,0,0,3,213
068820801,35,60,5,313,16,2,2,7,440
068820802,56,105,5,212,14,1,0,4,397
068820803,41,152,16,171,17,0,0,0,397
068820804,70,116,12,132,9,6,1,1,347
068820805,73,169,14,63,3,0,0,0,322
068820806,40,169,53,68,5,0,0,1,336
068820807,41,184,15,63,2,0,0,0,305
068820808,78,158,11,56,3,0,0,1,307
068820809,71,164,19,37,2,0,0,0,293
068820810,84,124,23,47,0,0,0,1,279
068820811,60,123,9,42,0,0,0,0,234
068820812,81,217,4,13,0,0,0,0,315
068820813,34,55,27,292,16,1,1,7,433
068820901,5,18,12,416,6,4,2,2,465
068820902,9,42,77,200,1,2,0,1,332
068820903,25,123,30,178,11,0,0,1,368
068820904,41,101,14,213,8,1,0,0,378
068820905,9,75,49,103,4,0,0,6,246
068820906,40,48,20,337,10,1,4,2,462
068820907,33,130,59,245,19,0,1,0,487
068820908,26,108,16,154,15,0,1,0,320
068820909,16,129,14,109,6,1,0,0,275
068820910,9,191,46,141,5,0,0,3,395
068820911,0,38,128,81,1,0,0,3,251
068820912,69,25,28,235,14,0,0,0,371
068820913,17,30,6,224,12,5,4,1,299
068820914,19,121,15,136,10,0,0,4,305
068821001,11,55,109,94,7,0,1,0,277
068821002,15,87,71,54,3,0,0,0,230
068821003,0,52,251,0,0,0,0,0,303
068821004,1,69,177,1,0,0,2,0,250
068821005,45,106,56,41,4,0,0,2,254
068821006,45,220,37,109,18,2,1,0,432
068821007,44,111,19,62,5,0,0,0,241
068821008,30,91,8,121,20,1,0,1,272
068821009,51,179,15,155,24,0,0,5,429
068821010,31,103,13,379,20,2,0,7,555
068821011,11,85,11,318,12,5,1,3,446
068821101,8,32,22,161,4,1,0,4,232
068821201,11,14,7,92,6,2,0,2,134
068821301,13,3,6,140,6,1,5,4,178
068821401,10,23,10,107,10,0,0,0,160
068821501,2,6,3,24,3,0,0,1,39
068821601,65,176,19,80,6,0,0,0,346
068821602,20,216,27,115,15,0,0,5,398
068821603,63,220,24,120,13,0,0,1,441
068821604,31,140,12,168,10,1,0,0,362
068821605,18,117,31,285,11,1,1,1,465
068821606,12,105,3,126,7,0,0,1,254
068821607,17,60,13,209,11,1,0,0,311
068821608,39,89,20,232,9,0,0,2,391
068821701,17,119,35,172,8,1,0,1,353
068821702,23,82,17,170,9,0,0,1,302
068821703,20,18,111,252,17,0,1,2,421
068821704,25,11,59,380,3,2,1,4,485
068821705,20,34,9,422,20,3,0,10,518
068821706,15,30,8,81,7,1,1,3,146
068821707,13,11,91,54,2,0,0,2,173
068821708,3,19,17,145,7,0,0,2,193
068821709,0,21,1,54,9,4,1,2,92
068821710,32,47,16,230,21,8,0,5,359
068821711,36,39,5,205,13,0,1,1,300
068821801,0,1,1,53,0,1,0,0,56
068821802,0,0,0,18,0,0,0,0,18
068821803,0,0,0,26,0,1,0,0,27
100070101,0,7,0,6,0,0,2,0,15
100070102,2,16,0,22,6,1,3,1,51
100070103,3,12,0,11,0,0,0,0,26
100070104,5,58,5,20,2,0,2,0,92
100070105,18,48,9,33,3,2,7,0,120
100070201,11,50,10,80,1,1,6,1,160
100070202,10,8,0,52,3,0,9,1,83
100070203,0,0,0,27,6,0,1,0,34
100070204,3,18,1,61,2,0,4,0,89
100070301,3,19,0,76,2,2,8,3,113
100070302,1,0,0,28,0,0,7,0,36
100070401,2,2,0,15,1,0,3,0,23
100070402,1,3,0,26,0,0,1,0,31
100070403,0,0,0,3,0,0,0,0,3
100070404,4,39,2,48,2,0,4,7,106
100070405,0,2,0,11,0,0,0,0,13
100070406,19,36,2,23,1,0,1,2,84
100070407,3,39,5,30,2,0,1,3,83
100070408,4,27,3,44,1,1,2,0,82
100070409,2,19,2,23,2,1,0,1,50
100140101,15,43,1,33,1,0,4,0,97
100140102,0,1,0,22,0,0,0,0,23
100140103,0,0,0,23,0,0,1,0,24
100140104,0,1,0,18,0,0,0,0,19
100140201,2,29,1,58,1,0,0,1,92
100140202,2,8,0,22,0,0,0,0,32
100140301,0,0,0,30,4,0,0,0,34
100140302,0,0,0,9,1,0,0,0,10
100140303,0,0,0,8,0,0,1,0,9
100140401,0,1,0,24,1,1,0,0,27
100140402,0,3,3,19,1,0,1,0,27
100140501,0,7,0,15,0,0,1,1,24
100140502,4,17,0,17,0,0,1,0,39
100140503,1,2,0,38,2,0,2,1,46
100140601,0,8,0,20,0,0,1,0,29
100140602,2,1,0,21,1,0,0,0,25
100140701,3,5,0,36,2,11,2,0,59
100140702,0,0,0,17,1,0,1,0,19
100140801,0,3,0,25,1,0,3,0,32
100140802,4,3,0,22,0,0,0,2,31
100140803,1,3,0,19,1,0,5,0,29
100140901,1,1,0,25,0,0,2,0,29
100140902,0,1,0,23,1,0,4,1,30
100210101,2,24,0,51,1,0,16,1,95
100210102,0,0,0,0,0,0,2,2,4
100210103,26,213,70,69,4,1,49,4,436
100210104,12,189,35,50,2,0,33,0,321
100210105,18,89,89,81,5,2,28,1,313
100210106,24,122,37,71,1,0,13,0,268
100210107,25,117,24,83,6,1,70,4,330
100210108,19,101,8,97,13,0,15,0,253
100210109,7,185,2,35,2,0,8,2,241
100210110,32,234,24,14,0,3,7,3,317
100210111,34,114,17,58,12,3,79,8,325
100210112,10,107,28,53,1,2,33,2,236
100210113,18,67,50,41,2,0,38,1,217
100210114,1,77,7,5,0,0,0,0,90
100210201,0,0,0,5,0,0,1,0,6
100210202,12,109,11,70,12,0,56,3,273
100210301,0,10,1,41,1,1,16,1,71
100210401,6,14,0,64,1,0,15,3,103
100210501,1,0,0,1,1,0,24,0,27
100210601,0,0,0,3,0,1,11,1,16
100210701,3,7,2,22,1,0,13,0,48
100210801,1,0,0,31,2,1,16,0,51
100210901,0,1,0,22,0,0,1,1,25
100210902,0,0,0,46,1,1,3,2,53
100211001,0,3,0,144,4,1,1,0,153
100211002,0,3,0,67,2,0,1,0,73
100211003,1,11,2,70,4,0,0,2,90
100211004,7,27,3,46,6,2,0,0,91
100211005,2,6,0,80,8,1,2,0,99
100211006,2,6,0,59,5,0,0,0,72
100280101,0,0,0,2,0,0,73,0,75
100280201,0,0,0,7,0,0,41,1,49
100280202,1,1,0,3,1,1,192,0,199
100280301,0,0,0,0,0,0,18,0,18
100280302,0,1,0,0,1,0,22,0,24
100350101,19,61,25,9,3,0,155,3,275
100350102,0,1,0,0,0,0,19,0,20
100350103,35,147,7,19,4,1,66,2,281
100350104,40,95,13,8,0,3,40,4,203
100350105,60,192,44,15,3,0,35,8,357
100350106,73,150,17,12,5,1,37,19,314
100350107,49,86,8,11,0,0,36,6,196
100350108,32,90,61,12,0,1,66,3,265
100350109,35,100,2,3,0,1,73,4,218
100350110,54,118,2,3,2,0,53,8,240
100350111,39,84,4,4,2,0,70,1,204
100350112,53,151,69,5,1,0,48,2,329
100350113,28,213,13,2,1,0,15,4,276
100350114,17,43,41,77,2,1,20,0,201
100350115,41,113,30,11,0,1,44,2,242
100350201,2,16,0,14,0,0,46,4,82
100350202,1,0,0,2,0,0,26,0,29
100350203,0,12,0,0,0,0,15,0,27
100350204,18,143,13,49,12,0,67,1,303
100350205,11,112,1,22,0,0,30,1,177
100350206,14,77,3,33,6,0,38,2,173
100350301,5,28,0,0,0,0,38,2,73
100350302,0,6,0,0,0,0,26,2,34
100350303,3,6,0,9,1,1,52,3,75
100350304,0,4,0,11,2,0,36,2,55
100350305,0,21,0,2,0,1,43,3,70
100350306,4,33,0,15,1,1,91,15,160
100350307,3,12,1,16,1,1,41,7,82
100350401,1,9,0,0,0,0,98,2,110
100350402,1,6,0,0,1,0,33,2,43
100350501,7,20,4,1,0,0,71,14,117
100350502,17,34,0,0,1,1,89,1,143
100350503,0,25,0,1,0,0,164,0,190
100350504,1,1,0,0,0,0,11,0,13
100350505,0,0,0,0,0,0,43,0,43
100350506,0,0,0,0,0,0,58,0,58
100350507,0,0,0,0,0,0,13,0,13
100350508,19,59,1,2,0,1,195,7,284
100350601,1,8,1,16,0,3,25,9,63
100350602,4,3,0,2,0,1,39,0,49
100350603,1,6,2,7,0,0,41,1,58
100350604,0,0,0,3,0,0,50,6,59
100350605,0,0,0,1,0,0,103,4,108
100350606,5,3,0,5,0,0,121,4,138
100350607,0,0,0,0,0,0,119,0,119
100350608,2,86,9,25,2,2,121,1,248
100420101,0,10,2,7,0,0,6,0,25
100420102,3,33,0,12,2,0,8,0,58
100420103,33,103,4,33,1,0,3,1,178
100420104,25,99,45,5,0,0,0,19,193
100420105,57,132,0,29,4,0,4,2,228
100420106,29,167,11,28,7,0,11,1,254
100420107,48,112,23,41,7,0,1,1,233
100420201,6,24,1,7,0,1,3,2,44
100420202,10,86,6,17,2,2,35,7,165
100420203,2,8,0,0,0,0,6,0,16
100420204,2,22,10,30,2,1,13,5,85
100420205,20,33,0,4,0,0,21,0,78
100420206,16,137,0,29,6,0,21,8,217
100420207,36,206,7,64,2,1,30,12,358
100420301,24,98,17,22,4,0,4,3,172
100420302,47,111,1,13,2,1,15,4,194
100420303,53,137,36,41,8,0,42,6,323
100420304,13,10,5,4,0,0,17,2,51
100420305,35,140,4,13,4,0,25,4,225
100420306,49,130,27,21,3,1,18,5,254
100420307,0,0,6,21,0,0,1,0,28
100420401,9,25,1,27,2,0,33,3,100
100420402,5,13,1,67,9,2,11,2,110
100420501,0,6,1,9,0,0,4,1,21
100420502,18,32,3,24,0,0,4,4,85
100420601,0,6,0,0,0,1,5,0,12
100420602,23,64,6,16,2,0,7,0,118
100420603,5,9,0,4,3,0,17,1,39
100420604,2,31,0,2,0,0,27,1,63
100490101,16,13,0,11,12,0,3,10,65
100490102,56,311,9,32,10,1,30,13,462
100490103,6,130,161,1,0,0,0,0,298
100490104,12,61,98,0,0,0,0,1,172
100490105,9,156,94,68,1,0,0,0,328
100490106,69,132,58,15,0,0,0,0,274
100490107,16,159,11,36,0,0,0,0,222
100490108,16,132,94,0,0,0,0,1,243
100490109,46,97,47,6,0,1,0,0,197
100490110,61,192,64,47,5,3,21,4,397
100490111,48,201,1,138,19,3,43,9,462
100490112,6,107,127,148,3,2,0,0,393
100490113,84,298,43,12,2,0,3,0,442
100490114,48,302,5,12,0,0,2,1,370
100490115,27,204,53,14,1,0,0,0,299
100490201,39,201,4,28,4,1,4,1,282
100490202,49,184,15,9,1,1,2,1,262
100490203,20,139,115,11,5,0,6,8,304
100490204,36,222,3,7,1,1,0,3,273
100490205,46,192,10,16,2,0,1,2,269
100490206,57,85,55,1,0,0,0,0,198
100490207,111,236,28,5,1,0,0,3,384
100490208,91,238,30,6,0,0,0,6,371
100490209,39,239,10,2,0,1,0,1,292
100490210,45,108,74,1,0,0,0,1,229
100490211,43,84,56,3,1,0,0,0,187
100490212,55,140,15,0,0,0,0,0,210
100490213,85,96,2,0,0,0,0,0,183
100490214,11,203,4,0,0,0,0,1,219
100490215,49,152,1,0,1,0,0,0,203
100490216,69,265,51,2,1,0,0,3,391
100490217,39,224,13,9,2,0,0,3,290
100490218,34,151,31,4,2,0,1,1,224
100490219,73,180,40,4,2,2,0,1,302
100490220,21,84,38,4,0,0,0,0,147
100490221,27,91,64,0,0,0,0,0,182
100490301,67,221,66,1,0,0,0,1,356
100490302,65,171,9,1,0,0,0,19,265
100490303,27,201,65,8,1,0,2,2,306
100490304,47,164,38,16,8,2,1,1,277
100490305,49,184,2,18,2,0,2,1,258
100490306,22,185,2,35,3,1,4,3,255
100490307,21,172,1,21,2,1,6,3,227
100490308,23,232,1,43,5,3,5,5,317
100490309,48,299,22,35,9,2,9,1,425
100490310,32,162,2,9,1,0,3,0,209
100490311,101,248,16,13,2,0,4,1,385
100490312,53,156,3,36,3,0,0,1,252
100490313,54,133,2,7,2,0,1,5,204
100490314,77,131,28,9,17,0,4,0,266
100490315,39,204,10,16,2,0,1,2,274
100490316,52,114,8,7,3,0,0,3,187
100490317,62,263,22,17,3,0,2,5,374
100490318,43,122,15,14,3,0,0,0,197
100490319,98,160,17,12,3,0,0,2,292
100490320,60,196,18,27,8,0,3,8,320
100490321,51,89,10,18,6,1,0,0,175
100490322,64,68,3,1,0,0,0,0,136
100490323,28,135,5,8,0,0,0,0,176
100490324,44,154,21,12,1,0,0,0,232
100490401,78,91,45,2,0,0,0,0,216
100490402,53,100,50,1,0,0,0,0,204
100490403,67,134,41,0,0,0,0,0,242
100490404,45,285,1,11,7,1,4,1,355
100490405,32,241,4,19,4,0,0,2,302
100490406,37,257,0,13,2,2,13,0,324
100490407,40,279,4,36,6,1,8,4,378
100490408,31,187,8,5,0,1,1,2,235
100490409,115,207,36,14,6,0,0,6,384
100490410,77,175,13,7,1,0,1,0,274
100490411,86,171,11,13,0,0,4,4,289
100490412,59,120,62,10,4,1,3,2,261
100490413,52,147,26,8,4,0,6,2,245
100490414,28,177,26,10,1,0,4,0,246
100490415,20,222,10,20,5,0,4,5,286
100490416,92,240,16,16,4,0,1,3,372
100490417,133,76,1,1,0,0,1,4,216
100490418,63,184,27,6,7,0,0,2,289
100490419,47,222,21,14,3,3,15,4,329
100490501,53,166,8,15,1,0,0,1,244
100490502,66,108,6,22,4,0,0,1,207
100490503,38,138,11,13,3,0,4,2,209
100490504,53,131,7,12,2,0,0,3,208
100490505,66,146,5,28,3,1,11,2,262
100490506,20,161,5,16,1,0,8,1,212
100490507,19,145,6,23,4,0,8,6,211
100490508,38,222,6,18,8,0,0,4,296
100490509,30,164,5,28,5,0,0,4,236
100490510,36,241,8,34,13,1,11,0,344
100490511,25,138,16,33,4,0,1,0,217
100490512,55,256,9,45,3,1,27,2,398
100490513,71,274,4,63,3,2,18,4,439
100490514,11,125,22,6,1,1,8,2,176
100490515,57,303,6,27,7,1,19,2,422
100490516,72,196,2,72,17,8,27,9,403
100490517,11,122,1,13,7,2,9,2,167
100490601,20,190,55,16,0,0,3,9,293
100490602,30,147,9,11,3,0,0,4,204
100490603,32,154,6,11,4,0,0,4,211
100490604,19,141,4,6,5,0,0,2,177
100490605,32,153,6,14,1,0,0,1,207
100490606,35,149,39,17,10,1,1,12,264
100490607,45,227,26,13,5,1,3,1,321
100490608,20,106,11,10,2,0,1,3,153
100490609,39,209,9,20,4,0,1,2,284
100490610,44,159,9,13,3,0,9,2,239
100490611,47,219,8,16,7,0,6,2,305
100490612,34,181,1,5,4,0,2,1,228
100490613,28,297,9,10,12,0,5,6,367
100490614,66,139,1,13,5,1,4,1,230
100490615,57,261,3,26,4,0,12,6,369
100490616,47,190,5,29,5,2,9,2,289
100490617,19,159,1,6,1,0,3,3,192
100490618,70,183,22,1,5,2,0,9,292
100490619,15,185,17,5,3,0,0,0,225
100490701,49,150,74,11,2,2,1,1,290
100490702,60,118,20,6,0,0,0,0,204
100490703,26,179,35,6,2,0,0,3,251
100490704,61,161,7,3,2,1,1,5,241
100490705,25,142,5,10,0,3,0,2,187
100490706,28,313,4,16,5,1,7,4,378
100490707,80,293,11,35,8,2,6,2,437
100490708,50,209,13,3,0,0,1,1,277
100490709,49,189,5,6,8,0,12,10,279
100490710,65,210,1,10,0,0,0,1,287
100490711,91,203,4,9,0,0,1,3,311
100490712,73,277,23,8,0,1,0,5,387
100490801,69,89,10,0,0,0,0,0,168
100490802,76,177,6,1,0,0,0,0,260
100490803,70,272,4,0,0,0,0,1,347
100490804,59,167,6,1,0,0,0,0,233
100490805,36,216,3,20,4,1,4,4,288
100490806,43,164,3,4,0,0,2,3,219
100490807,38,232,10,1,0,1,0,2,284
100490808,85,278,20,21,3,2,7,4,420
100490809,48,183,5,10,2,0,1,0,249
100490810,18,317,1,7,3,0,4,0,350
100490811,34,219,4,5,1,0,5,0,268
100490812,11,167,0,9,2,0,2,0,191
100490813,34,301,97,2,1,0,0,3,438
100490901,8,20,5,33,2,0,17,6,91
100490902,14,39,5,32,2,7,13,2,114
100490903,5,8,216,1,0,0,0,0,230
100490904,46,39,170,0,0,0,0,1,256
100490905,4,54,89,1,0,0,0,0,148
100490906,55,116,239,11,0,0,0,2,423
100490907,52,157,16,37,3,0,15,2,282
100490908,19,169,0,37,2,1,4,3,235
100490909,27,233,0,47,3,1,13,1,325
100490910,9,144,6,65,5,1,19,4,253
100490911,21,108,88,0,0,0,0,2,219
100490912,17,199,65,16,5,1,0,0,303
100490913,12,149,85,15,1,0,2,5,269
100490914,43,116,147,0,0,0,0,0,306
100560101,0,0,0,10,0,0,0,0,10
100560102,8,35,3,68,0,0,1,0,115
100560103,0,9,0,29,0,0,0,0,38
100560104,0,0,0,10,1,0,0,0,11
100560201,0,3,0,15,2,0,1,0,21
100560202,1,1,0,15,0,0,1,0,18
100560203,0,4,0,19,0,0,1,0,24
100560204,1,2,0,8,0,0,0,0,11
100560205,28,79,2,100,2,0,0,1,212
100560301,0,0,0,19,0,0,1,0,20
100560302,0,2,1,43,4,0,3,0,53
100560303,0,2,0,43,0,0,1,0,46
100560304,0,2,0,27,1,0,1,0,31
100560401,0,2,0,37,0,0,0,0,39
100560402,0,1,0,13,0,0,0,1,15
100560403,2,7,0,31,1,0,0,0,41
100560501,2,0,0,12,0,0,0,0,14
100560502,1,21,0,63,4,0,3,0,92
100560503,6,42,0,21,1,1,3,0,74
100560504,3,10,1,39,2,0,1,0,56
100560601,2,8,1,24,0,0,0,0,35
100560602,0,0,0,6,0,0,0,0,6
100560603,0,7,0,13,1,1,0,0,22
100560701,0,15,0,22,0,0,1,0,38
100630101,10,31,1,42,95,4,2,0,185
100630102,7,38,0,12,2,1,4,0,64
100630103,8,35,1,19,2,0,8,0,73
100630201,9,57,3,16,1,0,9,3,98
100630202,23,116,39,19,3,0,3,0,203
100630203,33,75,14,28,5,0,6,2,163
100630204,48,109,11,28,2,0,25,5,228
100630205,32,115,95,12,5,0,6,2,267
100630206,37,72,70,7,0,0,1,2,189
100630207,37,121,2,26,3,1,6,1,197
100630208,37,109,8,24,4,0,21,1,204
100630209,56,60,21,56,3,1,20,3,220
100630210,30,115,17,15,1,3,19,2,202
100630211,53,81,17,18,8,0,12,4,193
100630212,50,118,23,21,2,0,9,0,223
100630213,39,152,29,54,1,0,27,3,305
100630214,2,0,1,1,0,0,1,0,5
100630215,0,0,0,0,0,0,0,0,0
100630216,0,0,0,0,0,0,0,0,0
100630217,0,0,0,0,0,0,0,0,0
100630218,0,0,0,0,0,0,0,0,0
100700101,1,14,0,17,0,0,3,1,36
100700102,1,4,1,4,1,0,28,3,42
100700103,53,272,4,21,4,0,21,3,378
100700104,59,197,17,8,2,0,8,0,291
100700105,66,167,17,14,8,1,2,0,275
100700106,37,183,1,4,0,0,4,4,233
100700107,24,215,53,5,1,1,7,1,307
100700108,49,159,58,13,0,0,3,3,285
100700109,54,154,8,19,1,0,1,6,243
100700110,58,265,11,18,5,4,13,13,387
100700111,55,216,5,6,5,1,3,5,296
100700112,28,234,16,5,0,0,6,1,290
100700113,33,132,1,10,3,0,7,5,191
100700201,4,52,0,29,1,0,45,1,132
100700202,4,45,1,12,3,0,19,6,90
100700203,38,191,3,25,8,0,7,1,273
100700204,16,96,1,28,2,1,64,2,210
100700205,30,63,2,8,1,1,9,0,114
100700301,27,73,8,115,10,11,14,8,266
100700302,4,14,3,35,4,8,4,0,72
100700303,6,43,0,38,1,0,43,1,132
100700304,3,3,0,5,2,0,10,1,24
100700305,43,104,27,59,17,13,12,3,278
100700306,68,102,4,57,6,16,9,0,262
100700307,24,173,2,28,9,3,27,3,269
100700308,10,133,3,22,14,3,17,2,204
100700309,1,3,0,8,5,0,36,0,53
100700401,5,9,0,32,5,1,8,0,60
100700402,4,15,2,12,0,1,11,5,50
100700403,7,11,2,16,0,0,26,10,72
100700404,22,148,17,18,14,2,56,1,278
100770101,0,1,1,12,1,0,0,0,15
100770102,2,31,28,12,0,0,0,1,74
100770103,8,25,0,16,0,0,2,1,52
100770104,27,112,4,49,1,0,0,1,194
100770105,37,118,36,19,2,1,0,2,215
100770201,3,15,1,20,2,0,3,1,45
100770202,4,30,1,28,7,0,4,1,75
100770203,1,7,0,11,2,0,4,0,25
100770301,4,16,5,32,1,0,0,0,58
100770401,7,24,1,25,0,0,2,2,61
100770402,1,5,0,21,1,0,1,0,29
100770501,0,2,0,18,1,1,0,0,22
100770502,1,19,0,39,2,0,12,0,73
100770601,2,25,3,59,4,1,2,0,96
100770602,1,5,0,32,2,1,1,1,43
100770603,5,25,3,36,1,3,2,0,75
100840101,15,71,4,13,2,0,68,1,174
100840102,0,0,0,10,0,0,2,0,12
100840103,21,100,19,17,1,1,40,1,200
100840104,33,79,6,38,3,0,29,2,190
100840105,36,58,10,30,6,0,44,1,185
100840106,32,60,39,29,1,0,22,7,190
100840107,0,0,0,7,0,0,0,0,7
100840201,2,7,0,8,0,0,7,0,24
100840202,4,31,8,77,4,0,14,0,138
100840203,5,37,25,55,7,0,22,4,155
100840204,9,35,1,60,5,2,23,2,137
100840301,1,0,0,1,0,0,10,0,12
100840302,0,0,0,0,2,0,24,4,30
100840303,12,33,0,49,2,0,31,12,139
100840304,20,122,23,14,2,0,105,1,287
100840305,6,54,0,7,1,0,58,1,127
100840306,15,102,1,24,1,0,60,1,204
100840307,25,88,8,31,4,1,85,4,246
100840401,16,34,0,35,1,2,86,2,176
100840402,2,1,0,14,0,0,1,0,18
100840403,9,18,0,25,1,0,41,1,95
100910101,0,1,0,0,0,0,3,1,5
100910102,3,40,6,3,0,0,27,2,81
100910103,40,104,4,22,3,1,60,2,236
100910104,15,130,9,49,2,0,52,6,263
100910105,35,148,14,37,3,1,35,0,273
100910106,17,110,17,26,1,0,27,3,201
100910107,49,135,15,18,8,0,47,3,275
100910108,47,167,8,30,5,2,121,6,386
100910109,59,152,11,28,2,0,54,11,317
100910110,28,205,23,5,1,0,8,3,273
100910111,22,186,32,23,4,0,25,1,293
100910112,11,71,8,23,5,2,70,13,203
100910113,27,96,23,16,3,1,38,4,208
100910114,9,48,7,22,1,1,115,13,216
100910115,5,63,64,3,1,0,0,0,136
100910201,9,32,0,6,0,0,74,4,125
100910202,4,9,3,14,0,0,22,1,53
100910301,0,0,0,0,0,0,1,0,1
100910302,9,36,5,26,0,1,136,2,215
100910303,19,72,9,20,1,0,95,3,219
100910401,0,0,0,1,0,0,6,0,7
100910402,0,0,0,0,0,0,0,0,0
100910403,13,182,12,30,0,0,142,0,379
100910404,10,16,4,22,2,0,62,1,117
100910405,0,1,0,0,0,0,10,0,11
100910501,4,18,1,9,2,0,117,10,161
100910502,9,28,7,25,1,1,111,0,182
100910503,7,49,27,19,0,0,60,0,162
100910504,18,52,2,28,4,0,68,0,172
100910505,17,48,9,25,3,0,141,14,257
100910506,1,0,0,1,0,0,28,3,33
100910507,1,3,0,12,4,0,88,3,111
100910508,6,8,2,3,0,1,54,2,76
100910509,1,35,0,5,0,0,28,0,69
100910510,0,0,0,5,0,0,14,0,19
100910511,0,0,0,0,0,0,1,0,1
100910601,0,5,0,4,0,0,46,0,55
100910602,0,0,0,0,0,0,26,0,26
100910603,0,0,0,1,0,0,43,0,44
100910604,0,0,0,2,0,0,18,1,21
100910701,0,0,0,0,0,0,14,1,15
100910702,0,0,0,6,0,0,53,3,62
100910703,0,0,0,1,0,0,22,0,23
100980101,4,14,0,76,3,0,5,0,102
100980102,10,53,24,119,4,0,0,0,210
100980103,0,0,0,6,2,0,0,0,8
100980104,4,5,0,50,0,2,7,0,68
100980201,0,4,0,29,1,0,0,0,34
100980202,1,3,0,23,0,0,0,0,27
100980203,2,43,5,144,3,0,1,2,200
100980204,0,10,0,37,0,0,3,1,51
100980205,18,51,38,57,0,1,0,0,165
100980206,16,70,9,53,1,1,2,0,152
100980207,2,20,1,36,1,0,2,8,70
100980208,0,3,1,37,1,1,1,0,44
100980301,0,3,1,42,0,3,0,0,49
100980302,0,2,1,28,0,0,0,0,31
100980303,3,23,4,93,0,0,0,0,123
100980401,0,11,1,54,2,3,2,1,74
100980402,28,119,6,67,3,1,1,0,225
100980403,16,68,2,95,4,3,1,2,191
100980404,73,162,51,101,2,0,0,1,390
100980405,17,89,1,179,4,11,1,7,309
100980406,0,4,0,13,0,2,0,0,19
100980407,6,44,0,111,5,2,1,0,169
100980408,14,78,0,102,0,0,0,0,194
100980409,19,70,18,69,0,0,1,0,177
100980410,0,2,1,9,0,0,1,1,14
101050101,1,2,0,0,0,0,34,1,38
101050102,6,72,10,1,1,0,103,2,195
101050103,6,48,21,1,0,0,70,1,147
101050104,21,101,1,2,1,0,174,0,300
101050105,14,70,30,0,0,5,147,1,267
101050106,10,69,0,0,0,0,93,7,179
101050107,30,97,14,2,0,0,113,0,256
101050108,26,106,47,0,0,0,0,0,179
101050109,29,110,8,2,2,0,108,4,263
101050110,19,72,12,5,1,0,45,3,157
101050111,37,135,19,1,4,1,61,2,260
101050112,14,150,64,1,0,0,43,0,272
101050113,5,33,2,0,0,0,112,1,153
101050114,39,180,23,0,0,0,61,3,306
101050115,21,105,86,0,0,0,76,0,288
101050201,0,1,0,0,0,1,61,0,63
101050202,11,28,9,3,0,0,142,2,195
101050301,0,0,0,2,0,0,6,0,8
101050302,8,17,1,5,2,0,182,0,215
101050303,6,67,33,0,0,0,137,0,243
101050304,13,117,24,5,0,1,105,0,265
101050305,9,33,2,1,0,0,130,2,177
101050306,2,78,4,16,3,0,77,1,181
101050307,1,63,0,2,1,0,73,0,140
101050401,5,5,0,0,0,1,108,1,120
101050402,1,12,0,0,0,0,45,0,58
101050501,0,18,0,2,0,0,46,0,66
101050502,0,0,0,0,0,0,18,0,18
101050601,0,0,0,0,0,0,2,0,2
101050602,6,28,0,0,0,0,133,0,167
101050701,0,14,0,1,0,0,72,0,87
101050702,0,25,0,3,1,4,206,2,241
101050703,0,0,0,0,0,0,52,0,52
101050704,0,0,0,1,0,0,22,2,25
101050705,0,1,0,3,0,0,37,3,44
101050706,0,0,0,3,0,0,38,1,42
101050707,0,8,0,2,0,1,71,0,82
101050708,0,14,0,1,0,1,117,0,133
101050709,0,10,0,8,0,2,119,0,139
101050801,0,4,0,0,0,0,30,0,34
101050802,0,0,0,0,0,0,9,0,9
101120101,27,34,10,33,0,0,14,0,118
101120201,2,9,0,12,1,1,15,2,42
101120202,3,15,2,16,7,3,14,3,63
101120301,1,20,1,3,1,1,2,1,30
101120302,8,51,3,10,0,3,24,0,99
101120303,13,23,0,4,0,1,7,1,49
101120401,0,12,1,3,1,0,8,1,26
101120402,23,99,47,12,4,1,9,4,199
101120403,96,213,25,26,5,1,20,3,389
101120404,65,209,13,31,2,1,15,3,339
101120405,73,186,46,21,7,0,8,1,342
101120406,65,168,72,15,5,2,8,2,337
101120407,95,99,40,1,0,0,0,1,236
101120408,54,135,100,17,3,2,18,6,335
101120409,48,201,25,31,7,0,4,2,318
101120410,69,119,27,14,3,0,7,0,239
101120411,28,136,14,9,5,0,2,2,196
101120501,0,5,0,3,2,0,4,3,17
101120502,67,102,14,23,5,0,9,3,223
101120503,67,183,13,13,1,1,0,4,282
101120504,37,155,31,8,4,0,4,1,240
101120505,52,126,9,14,0,1,22,9,233
101120506,34,217,3,7,4,0,13,7,285
101120507,35,178,9,16,0,0,13,1,252
101120508,63,125,6,7,4,1,2,6,214
101120509,65,201,21,14,3,0,3,0,307
101120510,37,188,7,19,2,1,27,4,285
101120511,58,148,21,18,2,1,5,2,255
101120512,36,108,27,20,3,2,21,3,220
101120513,58,181,4,20,7,0,23,0,293
101120514,13,120,4,32,7,0,20,0,196
101120515,34,127,14,22,1,2,21,2,223
140070101,2,4,3,7,0,0,1,0,17
140070102,6,38,7,56,5,1,9,1,123
140070103,5,17,27,26,3,0,1,0,79
140070104,4,1,5,12,0,0,2,0,24
140070105,4,23,9,33,0,1,2,0,72
140070106,1,6,2,24,0,0,0,0,33
140070107,1,2,3,4,0,0,0,0,10
140070108,9,21,16,44,24,0,0,0,114
140070110,5,34,20,63,3,1,3,5,134
140070111,8,78,35,60,1,0,2,6,190
140070112,11,34,27,81,5,0,2,10,170
140070113,14,54,71,24,1,0,0,2,166
140070201,3,19,32,35,2,0,1,2,94
140070202,0,9,9,9,1,2,1,0,31
140070203,2,7,6,20,0,0,0,0,35
140070204,5,43,23,68,5,2,2,3,151
140070205,4,5,94,53,0,0,0,1,157
140070206,21,72,121,100,3,3,0,1,321
140070207,27,105,104,33,1,0,0,3,273
140070208,16,93,112,62,5,2,0,3,293
140070209,4,76,87,35,1,0,3,0,206
140070210,6,30,94,24,2,0,0,1,157
140070211,18,126,94,57,3,0,0,4,302
140070212,3,39,130,12,0,0,0,0,184
140070213,6,19,124,26,3,1,0,0,179
140070214,4,35,139,18,1,0,0,1,198
140070215,6,39,101,32,0,1,0,5,184
140070216,2,15,25,34,0,0,0,1,77
140070301,0,14,1,3,0,0,0,0,18
140070302,2,8,2,5,0,0,0,0,17
140070303,0,4,0,1,0,0,0,0,5
140070304,2,10,0,5,0,0,0,0,17
140070305,0,47,5,32,1,0,0,1,86
140070306,3,16,2,5,0,0,2,0,28
140070307,1,13,7,11,0,0,0,0,32
140070308,5,47,19,3,0,0,0,0,74
140070309,14,164,59,30,1,0,1,1,270
140070310,18,161,12,8,0,0,1,2,202
140070311,15,187,10,32,2,0,1,1,248
140070312,28,178,39,6,1,0,0,1,253
140070401,0,7,5,8,0,0,1,0,21
140070402,0,1,4,2,0,0,0,0,7
140070403,2,6,3,13,0,0,0,0,24
140070404,0,0,0,2,0,0,0,0,2
140070405,5,9,9,17,0,0,0,7,47
140070406,2,15,28,17,3,0,0,2,67
140070407,8,44,15,12,0,0,0,0,79
140070408,1,10,2,6,0,0,1,0,20
140070409,1,6,0,5,0,0,1,0,13
140070410,0,0,0,9,0,0,0,0,9
140070411,3,2,2,7,1,0,4,0,19
140070412,5,3,3,20,0,1,1,0,33
140070413,2,2,4,16,0,1,0,0,25
140070414,27,57,43,117,9,2,6,19,280
140070415,3,28,5,21,0,0,1,0,58
140070416,9,69,29,20,3,0,0,3,133
140070501,19,89,35,54,1,1,3,4,206
140070502,4,44,40,26,1,0,1,2,118
140070503,12,58,69,26,3,0,0,1,169
140070504,10,62,78,15,1,0,1,1,168
140070505,18,43,112,9,0,0,0,0,182
140070506,6,105,71,34,3,1,1,6,227
140070507,14,86,26,32,7,0,2,6,173
140070508,9,76,42,19,2,0,0,5,153
140070509,24,165,63,13,1,0,0,1,267
140070510,10,186,107,17,3,0,1,4,328
140070511,20,180,82,18,2,0,0,2,304
140070512,31,170,77,20,0,0,1,0,299
140070513,12,115,107,24,1,0,0,0,259
140070514,31,76,52,17,1,0,1,1,179
140070515,5,112,52,23,2,1,0,0,195
140070516,7,60,24,29,5,0,0,0,125
140070517,28,162,32,48,3,0,1,10,284
140070518,24,130,7,73,5,0,5,4,248
140070601,0,8,0,3,0,0,0,2,13
140070602,1,61,3,19,0,0,0,0,84
140070603,5,18,2,19,0,0,3,0,47
140070604,1,11,2,6,0,0,0,0,20
140070605,7,9,42,9,1,0,0,0,68
140070606,3,23,30,7,0,0,0,0,63
140070607,21,120,94,18,2,1,0,4,260
140070608,13,131,61,21,2,0,0,0,228
140070609,23,95,15,19,1,0,0,0,153
140070610,7,45,75,9,0,0,0,1,137
140070611,20,112,64,21,0,1,0,1,219
140070612,17,89,51,9,1,0,0,0,167
140070613,9,43,56,13,2,0,0,3,126
140070614,23,91,76,54,3,0,0,3,250
140070615,8,46,63,18,1,0,2,2,140
140070616,11,39,54,5,0,0,0,0,109
140070701,0,1,0,21,1,0,1,0,24
140070702,1,4,1,19,1,0,0,0,26
140070703,0,2,1,8,0,0,0,2,13
140070704,0,3,0,3,0,0,0,0,6
140070705,0,11,1,17,0,0,0,0,29
140070706,18,169,30,71,0,0,0,0,288
140070707,1,4,4,4,0,0,0,1,14
140070708,0,4,1,9,0,0,0,0,14
140070709,0,0,0,6,0,0,0,0,6
140070710,0,1,0,10,1,0,0,0,12
140070711,0,2,0,9,0,0,1,0,12
140070712,0,1,0,12,1,0,0,0,14
140070713,1,7,0,17,2,0,2,0,29
140070714,0,0,1,5,0,0,0,0,6
140070715,1,35,1,31,0,0,0,9,77
140070716,2,4,1,6,0,0,0,0,13
140070717,0,2,1,5,0,0,0,0,8
140070718,0,19,1,5,2,0,0,1,28
140070719,7,134,23,19,0,1,0,0,184
140070720,2,11,0,5,0,1,0,0,19
140070801,1,6,1,3,0,0,0,1,12
140070802,1,35,2,21,2,0,0,1,62
140070803,15,62,49,93,55,0,0,1,275
140070804,4,39,13,12,1,0,0,0,69
140070805,16,198,75,48,7,2,4,2,352
140070806,29,119,28,22,5,0,0,0,203
140070807,21,205,36,17,0,0,0,2,281
140070808,24,135,110,23,2,0,0,1,295
140070809,4,130,97,21,1,0,1,0,254
140070810,1,23,1,8,0,0,0,1,34
140070811,1,4,2,6,1,0,0,0,14
140070812,0,7,2,4,2,0,0,0,15
140070813,2,5,1,8,0,0,0,0,16
140070814,11,223,68,29,0,2,0,1,334
140070815,14,225,16,81,0,0,0,1,337
140070816,11,93,96,7,1,0,0,2,210
140070817,18,232,62,23,2,2,0,1,340
140070818,19,206,25,24,1,0,0,3,278
140070819,4,3,1,23,4,0,0,0,35
140070820,19,125,29,24,0,0,0,0,197
140070901,0,1,1,7,0,1,0,0,10
140070902,2,2,0,15,1,0,5,0,25
140070903,1,6,1,5,0,1,0,0,14
140070904,13,175,14,44,0,0,0,3,249
140070905,2,4,1,7,0,0,0,0,14
140070906,0,8,1,15,1,0,2,0,27
140070907,1,0,0,8,1,0,2,0,12
140070908,3,58,19,14,2,2,0,2,100
140140101,12,111,9,28,0,0,0,0,160
140140102,36,250,1,17,4,1,2,2,313
140140103,87,224,21,23,1,0,0,6,362
140140104,15,138,31,20,2,0,1,5,212
140140105,37,199,65,0,0,0,0,1,302
140140106,70,213,44,13,0,0,3,1,344
140140107,49,162,21,15,0,0,0,1,248
140140108,35,168,20,10,0,0,0,0,233
140140109,92,264,30,7,0,0,0,6,399
140140110,61,132,59,20,0,0,0,1,273
140140111,38,70,61,17,2,0,0,2,190
140140112,64,98,150,2,0,0,0,1,315
140140113,46,274,20,7,0,0,0,2,349
140140201,51,96,88,6,0,0,0,0,241
140140202,93,215,127,13,1,0,1,2,452
140140203,73,163,95,12,0,0,0,3,346
140140204,43,21,218,0,0,0,0,0,282
140140205,50,136,38,3,0,0,0,0,227
140140206,38,103,36,6,0,0,0,0,183
140140207,75,180,91,9,0,0,0,3,358
140140208,133,111,29,5,0,0,0,1,279
140140209,104,116,42,3,1,0,0,2,268
140140210,72,119,70,3,1,0,0,0,265
140140211,75,54,59,1,0,0,0,0,189
140140212,74,130,31,3,1,0,0,0,239
140140213,144,154,50,9,1,0,0,2,360
140140214,96,233,34,2,0,0,0,3,368
140140215,85,257,29,4,0,0,0,6,381
140140301,30,79,4,14,0,0,0,0,127
140140302,28,432,4,68,2,0,6,7,547
140140303,30,326,7,46,3,0,0,9,421
140140304,38,194,8,100,6,1,3,8,358
140140305,25,253,1,25,1,2,2,1,310
140140306,3,222,1,9,2,0,0,0,237
140140307,14,204,2,8,0,0,0,2,230
140140308,42,229,3,48,2,0,0,9,333
140140309,36,141,40,110,12,1,2,17,359
140140310,73,170,19,4,1,0,0,3,270
140140311,26,202,41,1,2,1,0,0,273
140140312,85,239,38,2,0,0,0,1,365
140140313,84,296,13,10,0,0,0,6,409
140140401,34,289,4,63,0,0,1,3,394
140140402,15,259,4,12,1,0,0,4,295
140140403,7,68,11,11,1,0,0,3,101
140140404,15,213,30,12,1,1,0,0,272
140140405,23,287,127,4,15,0,0,17,473
140140406,39,313,3,56,6,1,1,9,428
140140407,48,196,43,6,3,0,0,3,299
140140408,71,320,32,4,2,0,0,8,437
140140409,63,212,8,8,1,0,0,1,293
140140410,40,305,5,29,4,0,1,1,385
140140411,26,352,5,25,4,0,0,5,417
140140501,37,150,19,37,2,0,1,2,248
140140502,12,147,168,11,0,0,0,4,342
140140503,0,192,38,8,1,0,0,2,241
140140504,23,290,13,16,20,1,0,21,384
140140505,45,345,46,3,0,0,0,3,442
140140506,25,176,3,13,2,0,0,2,221
140140507,32,215,1,5,0,0,0,4,257
140140508,62,313,4,5,0,0,0,0,384
140140509,67,187,2,3,0,1,0,0,260
140140510,38,321,6,6,20,0,0,5,396
140140511,14,296,0,1,0,0,0,0,311
140140512,27,281,3,4,1,0,0,3,319
140140513,35,305,5,4,0,0,0,1,350
140140514,27,293,8,10,0,0,0,2,340
140140515,39,220,90,0,0,0,0,36,385
140140601,18,164,6,30,1,0,2,4,225
140140602,5,31,2,5,0,0,0,0,43
140140603,2,50,2,12,0,0,0,0,66
140140604,18,149,3,43,2,0,2,4,221
140140605,30,146,9,62,1,1,2,1,252
140140606,25,212,8,24,4,0,0,4,277
140140607,77,280,24,48,8,0,1,1,439
140140608,7,129,0,11,0,0,3,6,156
140140609,15,281,2,8,1,0,1,1,309
140140610,20,278,4,7,2,0,0,2,313
140140701,60,269,20,8,0,0,0,2,359
140140702,122,105,14,2,0,0,0,2,245
140140703,48,115,14,0,1,0,1,0,179
140140704,11,186,47,12,3,0,0,1,260
140140705,22,246,17,20,0,1,1,3,310
140140706,4,4,1,3,0,2,1,0,15
140140707,2,181,1,16,2,0,2,0,204
140140708,9,265,5,14,3,0,3,1,300
140140709,13,332,1,10,2,0,1,0,359
140140710,5,35,0,16,2,0,0,1,59
140140711,1,163,1,5,1,0,0,0,171
140140712,9,88,5,18,2,0,0,8,130
140140713,6,176,31,5,28,0,0,5,251
140140714,26,229,13,11,3,0,2,3,287
140140715,3,181,19,25,9,2,1,0,240
140140801,0,0,0,2,1,0,0,0,3
140140802,22,4,179,1,0,0,0,0,206
140140803,6,31,74,1,1,0,1,0,114
140140804,40,87,7,153,8,1,0,7,303
140140805,50,262,104,30,3,1,1,1,452
140140806,15,103,117,9,2,1,1,1,249
140140807,31,72,175,9,1,2,0,1,291
140140808,3,172,10,9,0,0,0,4,198
140140809,26,369,17,31,4,1,5,13,466
140140810,45,270,1,45,3,1,3,12,380
140140811,24,317,2,21,6,0,1,15,386
140140812,10,36,184,24,0,0,0,2,256
140140901,4,0,0,7,0,0,0,0,11
140140902,13,280,2,23,3,0,2,7,330
140140903,29,160,1,73,7,0,6,15,291
140140904,14,229,8,5,2,0,1,6,265
140140905,54,315,16,7,2,0,2,5,401
140140906,44,188,10,6,3,1,2,2,256
140140907,27,57,51,4,0,1,0,0,140
140140908,14,235,134,3,0,0,0,1,387
140140909,34,334,6,7,3,0,3,2,389
140140910,74,258,5,6,0,0,1,2,346
140140911,35,251,114,2,2,1,0,10,415
140140912,62,364,17,30,5,0,2,1,481
140140913,32,256,15,8,0,1,0,4,316
140140914,8,172,49,4,6,0,0,29,268
140140915,4,1,0,0,0,6,1,1,13
140141001,64,32,61,0,0,0,0,0,157
140141002,65,211,151,12,0,1,0,9,449
140141003,82,122,13,3,0,0,0,0,220
140141004,137,99,12,9,0,0,0,2,259
140141005,51,98,45,9,0,0,0,2,205
140141006,86,254,14,10,1,0,2,6,373
140141007,41,111,2,2,0,0,0,1,157
140141008,40,442,13,5,0,0,0,1,501
140141009,52,189,76,13,0,0,0,1,331
140141010,62,210,76,4,0,0,0,5,357
140141011,64,340,13,9,1,0,3,2,432
140141012,43,123,61,0,2,0,0,0,229
140141013,20,265,2,9,0,0,0,4,300
140141014,44,133,12,3,1,0,0,0,193
140141015,28,90,102,1,0,0,0,0,221
140141016,68,68,135,0,0,0,0,0,271
140141017,13,75,134,3,0,0,0,0,225
140141018,64,66,67,1,0,0,0,0,198
140141101,9,97,2,0,0,0,1,1,110
140141102,20,218,4,0,0,0,1,0,243
140141103,50,219,1,4,0,0,1,1,276
140141104,20,178,0,0,0,0,0,2,200
140141105,23,195,30,24,1,0,0,5,278
140141106,9,210,7,9,0,0,1,3,239
140141107,37,172,3,21,0,1,0,2,236
140141108,3,99,156,5,1,0,0,11,275
140141109,28,246,31,52,6,1,12,30,406
140141110,26,237,3,2,2,0,0,0,270
140141111,11,245,6,11,1,1,7,13,295
140141201,32,196,3,19,3,1,2,2,258
140141202,19,310,1,6,0,0,1,4,341
140141203,57,272,3,5,11,0,0,2,350
140141204,31,316,24,3,0,0,0,2,376
140141205,26,164,216,5,0,0,0,4,415
140141206,38,226,0,8,0,0,1,1,274
140141207,76,187,20,0,0,0,0,0,283
140141208,59,244,22,4,0,0,0,0,329
140141209,61,238,12,2,0,0,0,8,321
140141301,17,102,11,4,0,0,0,4,138
140141302,71,290,6,1,0,0,0,3,371
140141303,79,192,4,1,1,0,3,0,280
140141304,27,276,42,5,0,0,1,7,358
140141305,6,202,0,3,1,0,0,1,213
140141306,5,165,1,10,2,0,2,1,186
140141307,39,282,2,9,1,0,0,4,337
140141308,0,231,51,1,0,0,0,29,312
140141309,48,214,142,2,0,0,2,37,445
140141310,15,129,1,16,2,1,0,2,166
140141401,19,324,6,10,1,1,1,2,364
140141402,27,406,3,9,36,1,2,19,503
140141403,17,170,129,11,3,0,4,9,343
140141404,33,152,1,8,0,0,0,11,205
140141405,18,229,0,3,1,0,0,3,254
140141406,35,308,11,7,1,1,3,3,369
140141407,30,344,8,4,2,0,1,1,390
140141408,21,19,2,6,0,0,0,2,50
140141501,34,61,92,16,0,0,0,0,203
140141502,55,70,113,5,0,0,0,5,248
140141503,46,90,56,3,0,0,1,2,198
140141504,34,258,0,0,0,0,0,0,292
140141505,20,288,0,0,0,0,0,0,308
140141506,39,404,0,1,0,0,0,7,451
140141507,67,72,57,3,0,0,0,0,199
140141508,50,157,31,20,4,1,1,5,269
140141509,59,290,34,8,1,0,0,3,395
140141510,52,226,17,22,3,1,2,1,324
140141511,22,131,17,208,13,1,1,17,410
140141512,40,103,45,2,0,0,0,1,191
140141513,54,194,198,82,7,0,5,0,540
140141514,56,229,43,19,4,0,0,2,353
140141515,22,98,72,52,1,1,1,0,247
140141516,11,137,2,15,1,0,0,3,169
140141517,27,193,11,57,5,4,13,13,323
140141518,54,73,53,44,2,0,0,1,227
140141519,40,106,69,44,2,0,0,0,261
140141520,60,172,69,107,3,1,2,10,424
140141601,46,212,66,21,0,0,4,0,349
140141602,34,229,129,1,0,0,0,20,413
140141603,13,324,0,45,8,11,17,37,455
140141604,26,160,1,12,1,0,0,4,204
140141605,11,248,0,10,0,0,1,3,273
140141606,15,315,1,5,1,0,0,4,341
140141607,12,293,1,15,4,0,2,2,329
140141608,32,146,0,2,2,0,0,5,187
140141609,6,247,3,4,0,0,0,1,261
140141610,20,191,15,23,2,0,1,2,254
140141611,12,219,27,37,18,2,1,14,330
140141612,20,182,3,54,5,0,3,0,267
140141613,12,191,0,45,12,0,5,3,268
140141614,39,163,3,31,4,0,1,12,253
140141615,12,182,2,20,3,2,2,9,232
140141616,70,220,4,70,21,48,62,49,544
140141617,7,220,3,66,7,2,12,4,321
140141618,83,234,48,25,1,0,4,8,403
140141701,67,255,37,42,7,0,0,1,409
140141702,35,230,31,24,1,0,1,1,323
140141703,28,172,25,12,5,0,1,37,280
140141704,63,269,19,21,3,0,0,14,389
140141705,70,125,45,60,2,0,3,2,307
140141706,47,225,90,75,2,0,4,3,446
140141707,8,191,8,22,4,1,3,3,240
140141708,18,260,5,14,0,0,0,13,310
140141709,33,172,22,8,0,0,1,0,236
140141710,54,206,47,25,2,0,1,9,344
140141711,62,217,40,12,3,0,0,2,336
140141712,14,239,13,5,2,0,0,3,276
140141713,72,339,14,31,4,1,1,4,466
140141714,26,190,29,17,2,0,0,2,266
140141715,85,232,6,54,4,2,0,7,390
140141716,50,387,8,21,3,1,1,8,479
140141717,68,357,8,22,8,0,0,12,475
140141718,38,220,25,49,15,0,0,2,349
140141719,23,169,35,45,9,1,0,15,297
140141720,15,84,60,26,4,1,2,1,193
140141721,47,279,36,27,8,1,1,2,401
140141801,75,285,14,30,11,0,10,13,438
140141802,58,136,72,12,0,0,0,1,279
140141803,35,157,64,3,1,0,0,22,282
140141804,23,159,46,4,1,0,1,3,237
140141805,24,372,4,17,1,1,6,4,429
140141806,2,198,0,15,3,3,7,9,237
140141807,33,166,14,9,4,0,0,3,229
140141808,41,371,27,23,3,0,1,5,471
140141809,65,221,50,8,2,0,0,2,348
140141810,7,178,52,4,0,0,0,4,245
140141811,55,284,8,2,0,0,0,9,358
140141812,40,250,20,7,2,0,1,8,328
140141813,31,229,40,0,0,0,0,9,309
140141814,86,214,32,5,5,0,2,6,350
140141815,34,206,14,14,0,0,1,12,281
140141816,32,321,31,56,3,0,1,6,450
140141817,19,215,60,1,10,0,0,1,306
140141818,29,199,41,2,34,0,0,12,317
140141901,48,319,24,5,2,0,2,2,402
140141902,25,195,1,7,2,0,2,2,234
140141903,24,217,3,11,7,0,2,3,267
140141904,10,259,6,16,7,1,1,6,306
140141905,19,203,4,33,3,0,2,4,268
140141906,94,223,28,12,5,0,4,0,366
140141907,18,363,26,4,0,0,0,6,417
140141908,80,182,4,138,13,1,4,11,433
140141909,12,233,3,51,16,0,2,1,318
140141910,55,105,35,1,0,0,2,7,205
140141911,59,259,46,20,18,0,0,3,405
140141912,12,121,57,45,4,2,4,7,252
140141913,47,253,43,0,0,0,0,5,348
140141914,10,258,46,25,6,0,1,2,348
140141915,66,266,94,3,5,0,0,7,441
140141916,76,225,80,13,4,0,0,9,407
140141917,41,145,38,17,2,0,0,3,246
140141918,51,172,9,11,1,0,2,1,247
140141919,26,54,1,146,8,1,3,5,244
140142001,22,164,48,40,4,0,0,3,281
140142002,34,68,94,37,0,0,0,3,236
140142003,39,98,104,9,4,0,0,1,255
140142004,30,125,124,45,2,0,1,0,327
140142005,135,213,29,13,2,0,0,4,396
140142006,56,145,34,11,2,1,0,4,253
140142007,61,148,36,6,0,0,0,6,257
140142008,30,91,78,10,1,0,1,2,213
140142009,99,76,44,3,1,1,0,4,228
140142010,60,156,30,16,4,0,0,1,267
140142011,56,69,89,17,2,0,0,5,238
140142012,67,154,66,7,1,0,0,4,299
140142013,45,149,71,19,2,1,0,2,289
140142014,32,134,114,24,2,0,1,3,310
140142015,58,57,67,4,0,0,0,2,188
140142016,83,145,117,34,5,1,0,0,385
140142101,56,92,77,35,3,1,3,7,274
140142102,66,75,86,54,0,0,1,0,282
140142103,56,60,98,41,3,0,0,0,258
140142104,93,36,177,73,2,0,0,2,383
140142105,29,15,146,19,3,0,0,1,213
140142201,63,67,48,18,1,0,0,1,198
140142202,51,41,116,110,0,0,0,4,322
140142203,74,70,54,15,2,0,0,2,217
140142204,52,43,72,39,0,0,1,0,207
140142205,37,23,54,9,2,0,0,1,126
140142206,90,206,112,15,0,0,1,13,437
140142207,41,47,91,19,1,0,0,5,204
140142208,109,185,51,6,1,0,0,3,355
140142209,92,137,16,0,0,0,0,0,245
140142210,138,126,42,3,0,0,0,1,310
140142211,114,109,77,5,0,0,1,3,309
140142212,63,154,48,93,19,0,0,0,377
140142213,0,0,1,0,0,0,2,0,3
140142214,80,143,15,17,0,0,0,2,257
140142215,155,156,5,5,0,0,0,1,322
140142216,62,141,81,7,0,0,0,0,291
140142217,45,162,16,79,10,2,0,8,322
140142218,62,71,91,169,9,1,6,17,426
140142301,43,65,105,31,0,0,0,1,245
140142302,86,105,130,10,0,0,0,1,332
140142303,39,91,81,5,0,0,0,1,217
140142304,46,70,67,2,0,0,0,1,186
140142305,39,52,84,5,1,0,0,1,182
140142306,33,119,82,22,2,0,0,1,259
140142307,46,89,112,13,0,0,1,1,262
140142308,55,135,147,9,0,1,0,4,351
140142309,19,42,108,10,0,0,0,3,182
140142310,54,76,121,7,0,0,0,1,259
140142311,45,71,92,9,0,0,0,1,218
140142312,31,66,148,7,0,0,0,0,252
140142313,60,130,216,37,3,0,0,4,450
140142314,68,110,46,26,1,0,0,3,254
140142315,59,114,81,9,4,0,0,4,271
140142316,52,48,85,10,3,1,0,1,200
140142401,46,155,116,13,4,0,0,2,336
140142402,53,166,116,5,0,0,0,1,341
140142403,117,148,28,5,0,0,0,3,301
140142404,34,165,148,69,0,1,0,2,419
140142405,49,131,75,11,0,0,0,2,268
140142406,48,119,138,4,0,0,0,2,311
140142407,58,97,97,5,0,0,1,2,260
140142408,63,99,82,5,1,0,0,1,251
140142409,73,163,72,5,0,0,0,1,314
140142410,44,82,53,12,0,0,0,3,194
140142411,39,124,64,1,1,0,0,2,231
140142412,47,50,88,1,1,0,0,1,188
140142413,36,86,97,0,0,0,0,1,220
140142414,38,94,62,4,0,0,0,1,199
140142501,135,143,0,1,0,0,0,1,280
140142502,85,72,54,0,1,0,0,0,212
140142503,9,68,9,1,0,0,0,2,89
140142504,76,216,46,0,1,0,0,5,344
140142505,56,180,8,1,0,0,0,2,247
140142506,99,233,4,4,3,0,0,4,347
140142507,100,217,11,3,1,0,0,2,334
140142508,48,130,5,1,1,0,0,0,185
140142509,14,193,7,5,1,0,3,3,226
140142510,53,149,17,2,0,0,0,0,221
140142511,41,194,16,3,0,0,0,1,255
140142512,92,84,62,1,0,0,0,0,239
140142513,86,94,49,3,0,0,0,1,233
140142514,43,133,33,1,0,0,0,1,211
140142515,73,240,51,2,2,0,0,1,369
140142516,60,183,96,3,0,1,0,1,344
140142517,56,143,26,6,0,0,0,2,233
140142518,60,143,99,12,0,0,0,2,316
140142601,65,153,6,9,0,0,0,5,238
140142602,60,127,1,6,0,0,0,5,199
140142603,83,175,5,0,3,0,0,1,267
140142604,28,130,8,4,1,0,0,2,173
140142605,69,107,1,0,0,0,2,0,179
140142606,41,194,3,6,0,0,1,7,252
140142607,45,165,10,26,0,0,0,1,247
140142608,77,232,39,21,1,0,0,0,370
140142609,56,204,3,10,2,0,0,0,275
140142610,40,153,9,1,0,0,0,0,203
140142611,34,249,76,14,2,0,0,1,376
140142612,46,219,8,4,0,0,0,3,280
140142613,58,129,5,17,3,0,0,3,215
140142614,45,180,4,30,0,0,0,0,259
140142615,67,190,18,20,9,0,0,5,309
140142616,90,148,24,3,0,0,0,2,267
140142701,39,186,21,3,0,1,0,1,251
140142702,29,225,62,4,0,0,0,3,323
140142703,57,270,3,21,3,0,0,3,357
140142704,58,224,9,2,0,0,1,6,300
140142705,26,151,15,2,0,0,0,1,195
140142706,83,146,3,5,0,0,0,1,238
140142707,85,209,6,1,1,0,0,0,302
140142708,71,241,9,2,0,0,0,1,324
140142709,36,172,3,9,1,0,1,3,225
140142710,43,242,9,3,2,0,0,2,301
140142711,93,169,9,1,0,0,0,0,272
140142712,59,142,11,1,0,0,0,1,214
140142801,140,186,62,9,2,0,0,1,400
140142802,41,177,100,4,2,0,1,3,328
140142803,64,234,76,5,0,0,0,2,381
140142804,75,301,47,11,2,1,0,5,442
140142805,92,215,35,3,1,1,0,5,352
140142806,66,151,37,2,1,0,0,4,261
140142807,53,146,33,5,0,0,0,1,238
140142808,67,233,77,8,2,0,0,7,394
140142809,74,196,23,4,3,0,1,3,304
140142810,80,242,15,3,1,0,0,3,344
140142811,50,218,19,4,1,0,1,1,294
140142812,33,159,56,8,0,0,0,2,258
140142813,20,357,2,8,1,1,0,9,398
140142814,8,273,1,63,1,0,0,1,347
140142815,41,186,38,4,0,0,0,0,269
140142816,26,304,20,97,8,4,4,2,465
140142901,19,103,193,0,0,0,0,0,315
140142902,17,71,179,2,0,0,0,1,270
140142903,49,134,40,92,0,1,0,1,317
140142904,28,280,12,10,0,0,0,0,330
140142905,55,254,0,55,0,0,0,7,371
140142906,87,287,0,1,1,0,0,0,376
140142907,22,171,33,3,2,0,0,1,232
140142908,99,168,7,8,0,0,0,1,283
140142909,57,254,2,10,1,1,0,0,325
140142910,34,251,0,6,3,0,2,3,299
140142911,15,212,1,6,2,0,0,1,237
140142912,18,258,2,2,0,0,1,1,282
140142913,57,199,4,3,2,0,0,2,267
140142914,57,219,11,0,2,0,0,1,290
140142915,62,307,34,5,3,0,0,7,418
140142916,96,180,19,4,0,0,1,5,305
140142917,26,261,7,21,13,0,0,13,341
140142918,20,126,6,90,3,0,0,4,249
140142919,33,140,4,55,4,0,0,1,237
140143001,74,179,13,1,1,1,0,0,269
140143002,73,287,22,11,3,1,0,7,404
140143003,52,202,11,6,4,0,0,0,275
140143004,28,304,9,16,9,0,1,6,373
140143005,18,212,0,4,1,0,0,4,239
140143006,78,201,7,11,3,0,1,8,309
140143007,6,157,0,5,1,0,4,0,173
140143008,20,241,17,7,0,0,0,4,289
140143009,69,297,12,5,2,0,0,14,399
140143010,43,262,3,6,0,0,0,2,316
140143011,109,180,3,4,0,0,0,6,302
140143012,47,260,11,1,2,0,0,10,331
140143013,102,201,6,5,4,0,0,1,319
140143014,39,280,5,4,0,0,2,3,333
140143015,29,242,4,9,1,0,0,0,285
140143101,19,216,39,16,1,0,4,1,296
140143102,10,385,11,62,3,0,1,6,478
140143103,58,371,2,8,1,0,0,2,442
140143104,11,215,81,0,0,0,0,3,310
140143105,37,249,72,2,1,0,1,5,367
140143106,48,168,48,0,0,0,0,0,264
140143107,38,353,30,0,0,0,0,4,425
140143108,34,235,53,0,0,0,0,2,324
140143109,63,373,1,2,3,0,2,6,450
140143110,11,246,2,5,2,0,0,0,266
140143111,20,253,1,1,0,0,0,0,275
140143112,24,373,5,9,0,0,1,1,413
140143113,41,232,6,3,2,0,0,1,285
140143114,37,241,5,4,1,0,0,4,292
140143115,38,209,1,3,1,0,0,2,254
140143116,106,233,6,11,0,0,1,2,359
140143201,12,228,0,4,0,0,0,1,245
140143202,66,337,10,2,0,0,0,2,417
140143203,36,187,4,0,0,0,0,2,229
140143204,62,152,24,1,1,0,0,5,245
140143205,49,288,9,7,3,0,0,4,360
140143206,61,248,8,1,0,0,0,11,329
140143207,31,320,18,0,0,0,3,5,377
140143208,14,243,13,8,2,0,2,3,285
140143209,34,184,22,1,1,0,0,1,243
140143210,30,355,31,8,3,0,4,2,433
140143211,86,205,3,7,0,0,1,3,305
140143212,47,179,5,1,1,0,0,7,240
140143213,57,144,86,3,1,0,0,0,291
140143301,63,210,5,5,0,0,0,2,285
140143302,61,165,3,5,0,0,0,0,234
140143303,44,222,1,4,0,0,0,0,271
140143304,39,186,7,5,3,0,1,0,241
140143305,33,178,1,7,1,0,0,3,223
140143306,39,162,4,3,0,0,0,1,209
140143307,37,210,40,14,1,0,1,4,307
140143308,44,236,55,7,3,0,0,2,347
140143309,48,205,8,1,1,0,0,3,266
140143310,29,224,4,0,1,0,0,4,262
140143311,71,214,2,2,0,0,2,0,291
140143312,51,198,5,2,0,0,1,0,257
140143313,32,246,10,4,0,0,0,0,292
140143314,56,168,6,6,0,0,0,1,237
140143315,63,208,3,7,1,1,0,2,285
140143316,34,167,12,5,0,0,0,0,218
140143317,106,216,4,5,2,0,0,3,336
140143318,32,212,124,4,1,0,0,4,377
140143319,26,211,19,6,5,3,0,17,287
140143320,21,197,8,1,0,0,0,0,227
140143401,30,207,0,2,1,0,0,1,241
140143402,36,243,8,6,1,0,0,0,294
140143403,42,195,13,4,1,0,0,2,257
140143404,16,115,0,3,0,0,0,0,134
140143405,40,130,2,2,0,0,0,2,176
140143406,53,113,6,3,1,0,0,0,176
140143407,28,159,7,8,0,0,0,9,211
140143408,55,154,3,6,0,1,0,0,219
140143409,45,194,3,7,1,0,0,0,250
140143410,49,150,5,2,0,0,0,2,208
140143411,18,171,2,4,0,0,0,3,198
140143412,44,163,7,12,2,0,0,8,236
140143413,73,163,3,4,1,0,0,0,244
140143414,22,180,4,15,0,0,0,0,221
140143415,41,164,4,7,0,1,0,1,218
140143416,59,183,3,3,0,0,0,1,249
140143417,34,139,1,12,1,0,0,9,196
140143418,51,286,3,20,2,0,0,1,363
140143419,28,136,2,28,6,0,0,2,202
140143501,23,226,6,5,0,0,0,1,261
140143502,89,325,8,4,1,0,2,1,430
140143503,28,169,5,6,0,0,2,3,213
140143504,70,292,29,4,0,0,0,8,403
140143505,28,98,59,0,0,0,0,1,186
140143506,42,217,1,518,32,7,10,23,850
140143507,77,270,0,4,2,0,0,1,354
140143508,30,132,111,4,0,0,1,0,278
140143509,23,209,2,3,0,0,1,2,240
140143510,17,210,6,3,0,0,0,2,238
140143511,40,278,5,3,1,0,0,1,328
140143512,45,243,8,3,1,0,1,4,305
140143513,66,192,5,1,3,0,0,1,268
140143514,76,270,9,3,0,0,0,27,385
140143601,58,163,18,5,0,0,0,1,245
140143602,76,133,20,3,0,0,0,1,233
140143603,42,244,56,7,2,0,1,1,353
140143604,30,234,38,6,0,0,0,3,311
140143605,29,214,66,1,1,0,0,2,313
140143606,51,142,53,3,1,0,0,0,250
140143607,47,188,20,3,2,0,0,2,262
140143608,44,152,66,5,0,0,0,1,268
140143609,71,102,53,1,0,0,0,0,227
140143610,34,119,42,5,1,0,0,1,202
140143611,73,129,55,1,0,0,0,1,259
140143612,41,185,20,7,0,0,0,0,253
140143613,56,160,16,1,1,0,0,0,234
140143614,44,141,18,5,0,0,0,0,208
140143701,54,350,4,12,0,0,1,0,421
140143702,47,139,0,4,0,0,0,3,193
140143703,12,226,1,2,0,0,0,2,243
140143704,89,168,1,1,0,0,0,1,260
140143705,48,208,5,3,0,0,1,1,266
140143706,36,243,2,5,3,0,0,0,289
140143707,33,258,6,3,2,0,1,0,303
140143708,72,244,1,10,2,0,0,1,330
140143709,73,152,3,11,0,0,0,1,240
140143710,57,171,0,5,0,0,0,0,233
140143711,108,295,4,14,5,0,0,2,428
140143712,48,171,0,25,0,0,0,0,244
140143713,20,199,6,13,3,0,0,0,241
140143714,23,166,2,11,2,0,0,3,207
140143715,25,167,0,22,1,0,0,2,217
140143716,41,139,2,6,3,0,0,1,192
140143717,70,128,4,11,2,0,0,0,215
140143718,26,121,1,13,2,1,0,2,166
140143719,33,158,3,17,0,0,0,5,216
140143720,47,141,2,18,1,0,0,0,209
140143721,58,95,2,6,0,0,0,2,163
140143801,57,293,12,8,4,1,1,3,379
140143802,78,243,10,6,0,0,0,2,339
140143803,85,241,17,2,0,0,0,1,346
140143804,76,217,5,6,2,0,0,2,308
140143805,104,76,53,2,0,0,0,0,235
140143806,93,139,11,8,0,0,0,3,254
140143807,78,157,10,4,0,0,0,2,251
140143808,66,228,2,68,3,0,0,1,368
140143809,47,153,27,23,1,0,0,3,254
140143810,60,223,10,19,1,0,0,6,319
140143811,56,177,8,13,2,0,0,4,260
140143812,37,167,14,6,0,0,1,0,225
140143813,103,180,9,4,0,0,0,1,297
140143814,65,206,4,18,4,0,0,3,300
140143815,69,165,9,5,0,0,0,0,248
140143816,75,139,3,13,1,0,0,0,231
140143901,22,140,3,9,2,0,0,1,177
140143902,78,168,21,88,7,0,4,11,377
140143903,140,191,4,8,0,0,0,2,345
140143904,101,109,4,13,0,0,0,2,229
140143905,35,129,5,12,1,0,0,9,191
140143906,73,127,2,17,1,0,0,0,220
140143907,69,72,3,61,7,0,0,0,212
140143908,78,143,10,21,4,0,0,5,261
140143909,103,156,2,20,2,0,0,3,286
140143910,116,115,6,7,1,0,0,15,260
140143911,60,157,3,9,0,0,0,14,243
140143912,101,193,6,15,0,0,0,9,324
140143913,32,94,1,30,2,0,0,20,179
140144001,49,170,23,1,0,0,0,8,251
140144002,20,181,6,14,0,0,1,1,223
140144003,42,164,13,10,0,0,2,0,231
140144004,14,164,1,19,1,0,0,1,200
140144005,49,101,2,2,2,0,0,2,158
140144006,76,102,0,0,0,0,0,0,178
140144007,23,200,9,12,3,0,0,0,247
140144008,73,198,13,35,2,0,1,0,322
140144009,50,166,3,11,0,0,0,7,237
140144010,55,230,4,25,0,0,0,1,315
140144011,47,151,3,18,2,0,0,3,224
140144012,92,145,5,15,1,0,0,0,258
140144101,75,146,32,3,0,0,0,1,257
140144102,75,108,24,3,0,0,0,0,210
140144103,160,111,40,6,1,0,1,1,320
140144104,43,101,41,8,0,0,0,2,195
140144105,25,161,24,3,1,0,0,0,214
140144106,83,133,24,1,2,0,0,1,244
140144107,61,127,20,13,1,0,0,0,222
140144108,59,83,13,5,1,0,0,0,161
140144109,79,111,24,5,1,0,0,2,222
140144110,75,160,52,2,2,0,0,0,291
140144111,50,86,72,0,2,0,0,0,210
140144112,83,87,123,9,0,0,0,1,303
140144113,81,89,120,4,0,0,0,0,294
140144114,70,175,55,3,1,0,0,6,310
140144115,35,187,38,2,0,0,0,1,263
140144116,78,105,10,2,1,0,0,2,198
140144117,52,144,55,4,1,0,0,5,261
140144118,30,90,132,1,0,0,0,3,256
140144119,39,92,74,5,2,1,0,4,217
140144201,43,66,78,5,0,0,0,1,193
140144202,22,15,101,0,0,0,0,1,139
140144203,30,20,88,0,0,0,0,1,139
140144204,26,87,62,1,0,0,0,2,178
140144205,42,57,85,5,0,0,0,0,189
140144206,18,51,159,1,0,0,0,0,229
140144207,73,78,122,1,0,0,0,1,275
140144208,71,109,182,17,0,0,0,1,380
140144209,68,66,61,5,0,0,0,2,202
140144210,37,82,67,5,1,0,1,2,195
140144211,69,95,78,3,1,0,0,0,246
140144212,81,115,75,1,1,0,1,3,277
140144213,49,89,82,1,0,0,0,5,226
140144214,49,113,135,7,0,0,0,1,305
140144215,49,51,89,10,0,0,0,2,201
140144216,50,87,175,6,1,0,0,2,321
140144217,60,67,113,1,2,0,0,2,245
140144218,50,170,36,20,1,0,1,4,282
140144219,56,87,167,3,1,0,1,6,321
140144220,67,59,186,14,0,0,0,1,327
140144301,115,171,24,13,2,0,0,5,330
140144302,57,334,7,34,2,0,1,18,453
140144303,34,267,4,25,1,1,0,4,336
140144304,46,258,2,37,2,0,0,8,353
140144305,13,127,2,12,11,1,3,6,175
140144306,37,385,0,14,5,2,7,1,451
140144307,32,256,3,13,1,1,0,0,306
140144308,31,286,4,46,7,2,5,2,383
140144309,38,250,42,12,3,0,2,6,353
140144310,53,107,48,15,0,1,0,2,226
140144311,78,153,38,8,0,0,0,3,280
140144401,211,294,3,0,25,0,0,6,539
140144402,19,208,26,5,1,0,0,0,259
140144403,40,185,54,8,2,2,0,2,293
140144404,55,131,15,6,1,0,0,0,208
140144405,38,176,3,5,2,0,0,1,225
140144406,51,281,133,12,3,0,0,7,487
140144407,44,72,214,15,1,0,0,20,366
140144408,27,88,85,7,1,0,0,0,208
140144409,30,171,12,49,8,0,2,11,283
140144410,38,202,5,12,1,0,0,1,259
140144411,136,207,48,29,2,0,1,1,424
140144501,39,294,2,32,2,0,1,3,373
140144502,45,391,10,48,3,0,1,4,502
140144503,62,177,6,26,0,0,0,0,271
140144504,61,210,38,8,3,0,0,11,331
140144505,60,142,113,2,0,0,0,1,318
140144506,48,208,39,2,0,0,0,1,298
140144507,64,233,19,16,2,0,0,2,336
140144508,93,111,76,8,0,0,0,0,288
140144509,53,142,122,10,2,0,0,1,330
140144510,67,270,42,11,1,0,1,3,395
140144511,57,190,28,2,1,0,0,7,285
140144512,17,184,60,11,1,0,1,4,278
140144513,63,131,1,2,0,0,0,3,200
140144601,16,241,3,8,4,1,0,3,276
140144602,95,254,1,23,2,0,0,6,381
140144603,18,216,55,5,0,0,0,2,296
140144604,19,190,2,3,0,0,0,0,214
140144605,65,171,1,7,1,0,0,2,247
140144606,35,226,4,11,0,0,1,4,281
140144607,114,126,2,6,0,0,0,2,250
140144608,64,153,6,11,0,0,1,0,235
140144609,77,219,5,8,0,1,0,3,313
140144610,46,272,4,4,2,0,1,2,331
140144611,77,297,3,23,4,1,1,5,411
140144612,82,239,3,13,4,0,0,1,342
140144613,53,83,3,10,0,0,0,1,150
140144614,37,302,1,12,2,0,2,3,359
140144615,49,231,5,16,2,0,0,17,320
140144616,33,233,0,16,2,0,2,5,291
140144701,42,105,0,4,2,0,0,5,158
140144702,56,125,2,11,0,0,0,9,203
140144703,127,160,5,13,3,0,0,2,310
140144704,37,112,2,5,1,0,0,1,158
140144705,64,102,2,21,1,0,0,2,192
140144706,53,158,3,14,1,0,0,0,229
140144707,58,194,6,20,3,0,0,5,286
140144708,75,205,5,18,4,0,0,23,330
140144709,71,122,1,9,1,0,0,0,204
140144710,17,158,5,8,2,1,0,1,192
140144711,43,176,6,23,0,0,0,2,250
140144712,122,303,2,16,0,0,0,3,446
140144801,59,105,1,4,0,0,0,5,174
140144802,177,84,5,2,0,0,0,1,269
140144803,76,184,0,8,2,0,0,12,282
140144804,110,121,2,3,3,0,0,5,244
140144805,61,161,2,10,2,0,0,1,237
140144806,49,153,5,11,0,0,0,1,219
140144807,95,187,9,15,1,0,0,1,308
140144808,73,154,0,0,0,0,0,1,228
140144809,29,84,42,1,0,0,0,6,162
140144810,97,107,115,7,5,0,0,4,335
140144811,77,86,44,35,1,0,0,14,257
140144812,60,144,18,14,3,0,0,0,239
140144813,99,150,3,11,1,0,0,2,266
140144814,49,157,13,14,1,0,0,4,238
140144815,70,275,11,19,4,0,2,8,389
140144816,41,224,0,0,2,0,0,1,268
140144901,21,122,1,1,1,0,0,2,148
140144902,21,139,2,12,0,0,0,1,175
140144903,27,103,8,7,1,1,0,1,148
140144904,50,148,1,3,0,2,0,1,205
140144905,103,106,4,4,1,0,1,0,219
140144906,31,106,2,5,0,0,1,3,148
140144907,121,207,6,9,3,6,1,2,355
140144908,72,201,2,20,3,1,0,4,303
140144909,139,170,2,3,0,6,0,2,322
140144910,27,117,0,2,0,0,0,2,148
140144911,45,67,0,11,0,0,0,1,124
140144912,91,87,0,2,0,0,0,0,180
140144913,66,239,2,10,2,0,0,24,343
140144914,124,107,0,1,0,0,0,0,232
140144915,66,159,3,10,0,0,1,13,252
140144916,121,202,5,8,1,0,0,10,347
140144917,93,58,0,0,1,0,0,1,153
140144918,31,129,0,0,0,0,0,1,161
140144919,98,118,0,2,0,0,0,0,218
140144920,90,47,0,2,0,0,0,60,199
140144921,38,236,3,18,1,0,0,1,297
140145001,68,203,4,12,1,0,0,2,290
140145002,50,187,4,48,3,0,0,1,293
140145003,35,158,3,16,0,0,0,1,213
140145004,34,168,8,20,4,0,0,1,235
140145005,25,180,6,6,1,0,0,0,218
140145006,35,157,10,5,0,1,0,3,211
140145007,68,190,7,4,3,0,0,12,284
140145008,53,167,10,8,4,0,0,4,246
140145009,172,138,2,45,0,0,0,1,358
140145010,44,198,6,7,2,0,0,1,258
140145011,84,164,3,5,1,0,0,2,259
140145012,40,170,7,9,0,0,0,2,228
140145013,35,146,11,3,0,0,0,1,196
140145014,93,111,30,5,0,0,0,2,241
140145015,86,173,1,10,5,0,0,0,275
140145101,54,189,6,18,1,0,0,1,269
140145102,50,199,3,9,1,0,0,0,262
140145103,30,157,1,8,6,1,0,0,203
140145104,52,209,9,5,2,0,0,0,277
140145105,60,164,13,9,0,0,0,2,248
140145106,45,246,29,5,0,0,0,1,326
140145107,32,283,4,1,0,0,0,0,320
140145108,46,200,11,5,0,0,0,6,268
140145109,88,217,5,0,0,0,0,2,312
140145110,61,167,6,2,1,0,0,0,237
140145111,38,200,4,5,1,0,0,2,250
140145112,84,231,20,1,0,0,0,4,340
140145113,98,198,5,3,0,0,0,4,308
140145114,27,233,6,2,0,0,0,0,268
140145115,15,185,3,1,0,0,0,0,204
140145116,15,116,2,26,0,0,2,3,164
140145117,50,309,2,7,6,0,1,2,377
140145118,54,208,4,9,2,0,0,5,282
140145119,62,273,2,10,0,1,1,10,359
140145120,22,273,6,209,15,2,1,4,532
140145121,8,54,0,157,23,2,0,14,258
140145201,47,174,1,0,0,0,0,0,222
140145202,75,256,5,3,0,0,0,1,340
140145203,29,198,1,1,1,0,0,2,232
140145204,49,128,4,222,14,0,0,4,421
140145205,39,121,1,0,0,0,0,0,161
140145206,35,149,5,2,0,0,0,0,191
140145207,120,99,4,0,0,0,0,0,223
140145208,36,174,0,3,0,0,0,0,213
140145209,22,144,9,9,2,0,1,0,187
140145210,33,142,1,4,1,0,0,1,182
140145211,26,124,3,6,0,0,0,4,163
140145212,28,218,9,28,6,0,4,6,299
140145213,47,198,3,0,0,0,0,0,248
140145214,24,190,19,7,1,0,0,1,242
140145215,48,140,7,1,1,0,0,0,197
140145216,22,217,4,8,0,0,1,1,253
140145217,27,165,1,37,1,0,0,0,231
140145218,55,195,26,22,13,1,1,2,315
140145219,64,218,1,11,1,0,0,1,296
140145301,75,144,2,4,0,0,0,18,243
140145302,65,126,11,13,0,0,0,7,222
140145303,41,68,25,3,0,0,0,3,140
140145304,71,70,21,1,0,0,0,2,165
140145305,99,77,2,4,0,0,0,0,182
140145306,77,181,5,5,3,0,0,2,273
140145307,57,143,8,4,6,0,0,2,220
140145308,77,201,17,4,0,0,0,3,302
140145309,61,148,6,5,1,1,0,3,225
140145310,97,157,15,10,0,0,0,6,285
140145311,93,134,23,1,0,0,0,0,251
140145312,66,130,9,2,0,0,0,1,208
140145313,59,108,21,1,0,0,0,1,190
140145314,75,97,5,15,0,0,0,1,193
140145315,138,199,1,0,0,0,0,0,338
140145316,89,62,10,0,0,0,0,0,161
140145317,10,96,65,1,0,0,0,2,174
140145318,34,99,72,1,0,0,0,0,206
140145319,45,134,31,1,0,0,0,0,211
140145320,37,49,43,1,0,0,0,11,141
140145401,39,130,1,9,0,2,0,0,181
140145402,89,114,0,0,0,0,0,2,205
140145403,41,167,2,4,1,0,0,1,216
140145404,64,148,0,0,0,0,0,0,212
140145405,23,120,0,0,0,0,0,1,144
140145406,101,176,0,0,0,0,0,3,280
140145407,47,110,0,0,0,0,0,0,157
140145408,118,51,0,4,1,0,0,20,194
140145409,95,153,0,3,0,0,0,1,252
140145410,53,118,0,2,0,0,0,0,173
140145411,15,97,1,1,0,0,0,0,114
140145412,61,161,0,1,0,0,0,0,223
140145413,142,252,3,0,3,0,0,28,428
140145414,86,157,0,2,0,0,0,12,257
140145415,126,114,0,3,0,0,0,1,244
140145416,107,90,0,0,0,0,0,0,197
140145501,68,125,0,21,5,0,1,7,227
140145502,53,174,0,3,0,0,0,1,231
140145503,28,88,0,6,1,0,2,0,125
140145504,52,70,0,0,0,0,0,0,122
140145505,32,110,0,2,0,0,0,0,144
140145506,39,66,0,1,0,0,0,0,106
140145507,77,73,0,0,0,0,0,0,150
140145508,18,37,0,0,2,0,0,0,57
140145509,58,96,5,0,0,0,0,10,169
140145510,96,62,0,0,0,0,0,0,158
140145511,36,180,1,0,0,0,0,0,217
140145512,48,106,0,0,0,0,0,1,155
140145513,27,97,0,1,0,0,0,3,128
140145514,100,49,0,2,0,0,0,0,151
140145515,58,24,0,9,0,0,0,0,91
140145516,83,119,0,0,0,0,0,0,202
140145517,202,129,1,0,0,0,0,10,342
140145518,32,104,0,0,0,0,0,0,136
140145519,72,187,0,12,0,0,0,14,285
140145601,77,120,0,5,0,0,0,15,217
140145602,80,137,0,1,0,0,0,1,219
140145603,68,147,3,7,0,0,0,1,226
140145604,71,88,0,1,1,0,0,0,161
140145605,61,82,1,10,0,0,0,6,160
140145606,95,53,0,0,0,0,0,1,149
140145607,55,74,0,0,0,0,0,1,130
140145608,62,59,1,0,0,0,0,0,122
140145609,77,59,0,0,0,0,0,2,138
140145610,40,48,0,1,0,0,0,0,89
140145611,199,66,1,0,1,0,0,12,279
140145612,27,81,0,2,0,0,0,3,113
140145613,57,82,3,1,0,0,0,2,145
140145614,20,106,0,0,0,0,0,0,126
140145615,44,78,0,0,0,0,0,7,129
140145616,62,81,1,1,0,0,0,0,145
140145617,40,127,0,1,1,0,0,10,179
140145618,61,145,2,0,2,0,0,6,216
140145619,39,115,1,1,0,0,0,9,165
140145701,294,88,1,0,0,0,0,0,383
140145702,115,83,4,0,0,0,0,25,227
140145703,122,120,6,0,0,0,0,0,248
140145704,88,295,13,3,0,0,0,0,399
140145705,48,104,0,0,0,0,0,0,152
140145706,69,44,0,0,0,0,0,0,113
140145707,24,168,0,0,0,0,0,2,194
140145708,35,36,0,0,0,0,0,0,71
140145709,50,90,0,0,0,0,0,0,140
140145710,36,111,1,0,0,0,0,7,155
140145711,116,56,0,0,0,0,0,0,172
140145712,25,105,4,0,0,0,0,1,135
140145713,50,181,0,1,0,0,0,0,232
140145714,109,153,0,0,0,0,0,0,262
140145715,155,83,0,73,0,0,0,0,311
140145716,31,74,0,2,0,0,0,0,107
140145801,47,70,0,2,1,0,1,17,138
140145802,84,178,0,5,1,0,0,14,282
140145803,47,108,0,6,1,0,0,3,165
140145804,71,142,4,0,1,0,0,4,222
140145805,87,184,0,5,0,0,0,4,280
140145806,123,161,1,4,0,0,0,3,292
140145807,73,101,0,5,0,0,0,21,200
140145808,145,138,4,5,0,0,0,9,301
140145809,121,140,1,1,0,0,0,0,263
140145810,32,75,0,14,1,0,0,0,122
140145811,136,131,4,21,0,0,0,10,302
140145812,183,73,0,8,0,0,0,11,275
140145813,57,32,1,0,0,0,0,1,91
140145901,55,198,2,41,2,0,0,7,305
140145902,61,89,1,1,0,0,0,4,156
140145903,55,224,1,3,2,0,0,3,288
140145904,26,240,1,3,2,0,0,1,273
140145905,67,154,0,21,1,1,3,0,247
140145906,87,114,0,6,0,0,0,25,232
140145907,114,99,0,1,0,0,0,4,218
140145908,48,67,0,2,0,0,0,5,122
140145909,69,155,3,2,0,0,0,11,240
140145910,84,117,0,8,1,0,0,4,214
140145911,74,87,1,16,0,0,0,4,182
140145912,136,180,0,2,0,0,0,7,325
140146001,47,222,5,9,3,0,0,5,291
140146002,53,172,4,4,0,0,0,13,246
140146003,27,160,16,9,0,0,0,0,212
140146004,50,239,4,4,0,0,0,3,300
140146005,75,236,8,25,7,0,0,15,366
140146006,50,183,5,20,1,0,0,1,260
140146007,62,163,0,4,2,0,0,0,231
140146008,18,165,2,0,1,0,0,4,190
140146009,98,141,5,21,1,1,0,4,271
140146010,71,138,12,4,0,0,0,1,226
140146011,169,193,7,5,0,0,0,4,378
140146012,18,137,3,4,1,0,0,0,163
140146013,103,101,8,5,0,0,0,3,220
140146014,85,250,20,8,3,0,3,1,370
140146015,90,203,20,14,1,0,0,7,335
140146016,64,177,11,2,2,0,0,0,256
140146017,118,195,6,6,0,0,0,13,338
140146018,107,166,14,29,0,0,0,1,317
140146101,42,209,2,40,5,7,1,5,311
140146102,20,234,0,23,0,1,0,2,280
140146103,42,189,2,2,2,0,0,6,243
140146104,19,151,14,39,0,0,0,3,226
140146105,29,117,1,148,17,3,1,6,322
140146106,81,99,45,4,0,0,0,1,230
140146107,13,192,3,32,2,0,3,9,254
140146108,57,185,8,21,1,0,1,11,284
140146109,49,170,11,7,1,0,0,1,239
140146110,15,205,6,0,1,0,0,4,231
140146111,61,163,7,37,3,0,0,3,274
140146112,39,339,10,47,9,1,3,12,460
140146113,38,268,6,44,2,0,7,8,373
140146114,6,142,1,46,8,5,26,16,250
140146115,14,215,1,75,6,0,3,8,322
140146201,74,174,24,4,0,0,0,2,278
140146202,72,181,27,2,1,0,0,0,283
140146203,93,160,14,3,1,0,0,3,274
140146204,31,168,10,7,1,0,0,2,219
140146205,34,169,11,0,1,0,0,1,216
140146206,36,172,41,3,5,0,0,1,258
140146207,45,175,12,7,1,0,0,3,243
140146208,24,233,6,3,3,0,0,2,271
140146209,80,235,13,5,3,0,1,3,340
140146210,112,182,17,5,3,1,0,0,320
140146211,36,337,28,24,0,0,1,8,434
140146212,63,228,17,4,1,0,0,5,318
140146213,60,164,25,9,4,0,3,7,272
140146301,22,176,8,9,0,0,0,0,215
140146302,102,104,16,2,0,0,0,0,224
140146303,59,134,21,1,0,0,0,0,215
140146304,71,140,17,3,1,0,0,2,234
140146305,67,262,18,28,0,0,0,0,375
140146306,101,190,11,11,0,0,0,0,313
140146307,49,212,14,6,1,0,0,3,285
140146308,62,210,15,2,0,0,0,0,289
140146309,68,192,15,4,0,0,0,1,280
140146310,39,120,44,11,4,0,0,1,219
140146311,61,67,75,2,0,0,0,1,206
140146312,42,113,11,8,1,0,0,2,177
140146313,56,153,12,6,0,0,0,0,227
140146401,63,131,11,5,1,0,0,1,212
140146402,53,165,26,151,0,0,0,1,396
140146403,73,179,29,22,2,0,0,1,306
140146404,44,258,3,20,1,0,0,1,327
140146405,84,129,6,41,0,0,0,3,263
140146406,49,146,6,5,1,0,0,9,216
140146407,77,232,39,4,1,0,0,2,355
140146408,100,145,52,11,1,0,0,2,311
140146409,58,236,28,3,0,0,0,1,326
140146410,59,232,34,8,2,1,2,2,340
140146411,33,224,8,11,0,0,1,1,278
140146501,78,106,20,10,1,0,0,0,215
140146502,141,171,3,6,0,0,0,1,322
140146503,132,70,1,0,0,0,0,12,215
140146504,74,87,0,1,0,0,0,0,162
140146505,54,124,32,0,0,0,0,2,212
140146506,37,193,38,3,4,0,0,1,276
140146507,31,112,10,16,3,0,0,2,174
140146508,44,91,17,0,1,0,0,0,153
140146509,60,86,43,2,0,0,0,0,191
140146510,51,113,20,4,0,0,0,0,188
140146511,37,229,4,8,0,0,1,7,286
140146512,88,202,12,4,1,0,0,0,307
140146513,48,130,3,6,0,0,1,0,188
140146514,57,309,22,17,3,0,0,0,408
140146515,19,132,2,2,0,0,0,0,155
140146516,46,238,10,13,0,0,0,3,310
140146601,138,213,0,1,0,0,0,0,352
140146602,233,180,0,1,0,0,0,0,414
140146603,53,93,0,0,0,0,0,0,146
140146604,49,182,0,0,0,0,0,2,233
140146605,56,135,0,0,0,0,0,2,193
140146606,88,140,0,0,0,0,1,0,229
140146607,57,175,3,0,0,0,0,10,245
140146608,43,31,0,2,0,0,0,1,77
140146609,96,120,1,4,0,0,0,1,222
140146610,34,122,3,1,0,0,0,3,163
140146611,81,51,2,0,0,0,0,0,134
140146612,86,126,1,2,0,0,0,2,217
140146613,70,101,2,0,0,0,1,3,177
140146614,150,214,2,3,0,0,0,0,369
140146701,111,99,1,0,0,0,0,3,214
140146702,13,86,0,0,0,0,0,1,100
140146703,142,175,0,0,0,0,0,42,359
140146704,72,97,0,1,0,0,0,0,170
140146705,118,95,0,0,0,0,0,0,213
140146706,131,177,0,0,0,0,0,0,308
140146707,66,135,1,0,0,0,0,0,202
140146708,123,134,0,0,0,0,0,0,257
140146709,151,122,0,0,0,0,0,0,273
140146710,174,59,0,0,0,0,0,0,233
140146711,224,247,1,0,0,0,0,0,472
140146801,68,123,0,0,0,0,0,2,193
140146802,71,68,0,0,0,0,0,0,139
140146803,147,144,3,0,0,0,0,24,318
140146804,250,187,0,0,0,0,0,1,438
140146805,27,81,1,9,0,0,0,2,120
140146806,74,174,1,4,0,0,0,2,255
140146807,19,97,41,2,0,0,0,2,161
140146808,18,37,31,3,0,0,0,0,89
140146809,113,153,2,7,0,0,0,1,276
140146810,84,78,2,43,1,0,0,3,211
140146811,27,85,2,4,0,0,0,0,118
140146812,38,121,2,12,1,0,0,7,181
140146813,29,75,2,4,0,0,0,4,114
140146814,90,188,4,11,0,0,0,18,311
140146901,36,178,0,1,0,0,0,15,230
140146902,27,103,0,0,0,0,0,0,130
140146903,133,66,0,0,0,0,5,11,215
140146904,112,105,0,1,0,0,0,0,218
140146905,142,117,2,8,1,0,0,1,271
140146906,37,171,4,18,0,0,0,0,230
140146907,35,164,2,3,0,0,0,4,208
140146908,28,206,2,16,3,0,1,4,260
140146909,86,84,0,0,0,0,0,0,170
140146910,43,132,0,8,0,0,0,5,188
140146911,72,318,47,32,1,0,0,4,474
140146912,135,47,0,3,0,0,0,0,185
140146913,69,13,0,0,0,0,0,3,85
140146914,252,99,0,1,0,0,0,2,354
140147001,149,139,1,0,0,0,0,8,297
140147002,72,208,0,0,0,0,0,0,280
140147003,124,208,2,8,6,0,0,3,351
140147004,54,126,1,0,0,0,0,14,195
140147005,124,215,0,0,0,0,0,1,340
140147006,181,147,0,1,8,0,1,11,349
140147007,117,113,0,9,0,0,0,15,254
140147008,166,103,0,8,0,0,0,0,277
140147009,99,138,2,1,0,0,0,1,241
140147010,212,92,2,23,8,0,0,8,345
140147011,40,164,1,2,4,0,0,6,217
140147101,66,109,2,0,0,0,0,0,177
140147102,177,163,0,39,1,1,0,1,382
140147103,137,124,1,4,0,0,0,20,286
140147104,157,212,1,1,1,0,0,4,376
140147105,75,216,0,0,0,0,0,0,291
140147106,86,256,0,10,2,0,0,13,367
140147107,192,233,1,1,1,0,0,0,428
140147108,142,111,1,1,0,0,0,1,256
140147109,301,143,0,0,0,0,0,2,446
140147110,215,179,5,4,6,0,0,0,409
140147111,104,161,1,0,1,0,0,0,267
140147201,314,247,1,0,0,0,0,64,626
140147202,250,443,16,1,0,0,0,7,717
140147203,207,405,1,0,0,0,0,49,662
140147204,298,257,3,14,0,0,0,9,581
140147205,83,155,0,0,0,0,0,21,259
140147206,297,274,8,4,3,0,0,1,587
140147207,165,449,3,17,5,0,0,59,698
140147301,38,154,8,21,0,0,0,0,221
140147302,39,152,6,7,8,0,0,3,215
140147303,55,119,5,11,1,0,0,5,196
140147304,68,141,7,25,1,0,0,1,243
140147305,42,154,3,21,1,0,0,2,223
140147306,37,204,9,19,0,0,0,0,269
140147307,9,42,0,78,38,0,6,14,187
140147308,64,130,1,23,4,0,2,1,225
140147309,110,163,8,24,1,0,0,4,310
140147310,78,107,0,6,1,0,0,1,193
140147311,61,150,4,9,1,0,0,4,229
140147312,55,133,4,9,1,0,0,6,208
140147313,61,137,4,11,4,0,2,4,223
140147401,33,256,0,21,3,0,0,1,314
140147402,9,209,2,34,5,0,3,2,264
140147403,19,192,2,3,0,0,0,1,217
140147404,43,168,8,3,1,0,0,0,223
140147405,30,199,6,12,0,0,0,2,249
140147406,50,276,13,13,0,0,3,6,361
140147407,60,210,10,4,0,0,0,2,286
140147408,58,219,4,6,1,0,0,14,302
140147409,47,193,7,2,0,0,0,1,250
140147410,73,158,28,2,1,0,0,0,262
140147411,36,212,5,80,4,1,1,1,340
140147412,64,258,3,11,3,0,0,2,341
140147413,65,150,17,8,0,0,0,4,244
140147414,62,165,54,1,0,0,0,3,285
140147415,113,187,4,8,0,0,0,0,312
140147416,32,182,3,3,0,0,0,0,220
140147417,70,140,48,2,0,0,0,1,261
140147418,56,171,24,12,0,0,0,1,264
140147501,11,152,3,160,7,0,1,2,336
140147502,12,225,1,12,0,1,1,1,253
140147503,18,235,4,12,2,0,1,3,275
140147504,6,219,0,13,0,0,0,0,238
140147505,33,192,2,13,1,0,0,2,243
140147506,65,214,4,31,3,2,1,4,324
140147507,18,303,7,6,1,0,0,0,335
140147508,33,202,5,11,0,0,0,2,253
140147509,73,238,2,7,2,0,0,2,324
140147510,69,277,5,3,2,0,0,1,357
140147511,36,291,4,7,1,0,1,5,345
140147512,6,280,3,8,2,0,0,2,301
140147513,54,353,1,28,2,0,6,4,448
140147514,57,331,4,38,1,2,1,7,441
140147515,25,387,2,5,2,0,0,3,424
140147516,22,254,2,2,2,0,1,1,284
140147517,42,250,15,7,2,0,0,18,334
140147518,6,273,5,23,1,1,0,0,309
140147519,67,322,13,12,22,0,3,5,444
140147601,73,332,8,6,1,0,0,2,422
140147602,67,223,13,2,0,0,0,3,308
140147603,28,204,9,5,0,0,0,1,247
140147604,27,254,5,3,0,0,0,2,291
140147605,18,259,3,5,2,0,0,8,295
140147606,44,536,6,6,0,1,0,1,594
140147607,34,236,1,8,0,0,0,0,279
140147608,47,200,1,6,0,0,0,0,254
140147609,50,254,5,5,0,0,0,0,314
140147610,37,241,15,2,2,0,0,1,298
140147611,30,216,35,6,0,0,0,0,287
140147612,42,232,46,5,2,0,0,2,329
140147613,27,192,5,6,1,0,0,5,236
140147614,23,269,1,4,0,0,0,2,299
140147615,32,202,1,8,0,0,0,1,244
140147616,25,329,5,17,0,0,1,3,380
140147617,68,250,24,5,1,0,0,2,350
140147701,71,244,9,14,1,0,1,8,348
140147702,52,177,6,8,1,0,0,0,244
140147703,23,203,8,7,0,0,0,0,241
140147704,44,188,27,5,1,0,0,2,267
140147705,41,208,41,2,0,0,0,3,295
140147706,62,192,8,4,3,0,0,6,275
140147707,75,251,29,4,0,1,0,0,360
140147708,48,180,41,3,2,0,0,0,274
140147709,36,216,8,3,1,0,0,1,265
140147710,70,158,53,3,2,0,0,0,286
140147711,42,174,1,4,1,0,0,1,223
140147712,11,140,117,2,0,0,0,3,273
140147713,32,120,158,91,4,0,0,0,405
140147714,33,209,4,5,0,0,0,0,251
140147715,38,255,8,1,0,0,0,3,305
140147716,42,126,66,5,1,0,0,1,241
140147717,11,256,2,38,1,0,5,9,322
140147718,65,162,9,3,0,0,1,1,241
140147719,13,196,27,31,1,1,4,8,281
140147720,85,241,8,4,0,0,0,2,340
140147721,46,146,6,0,1,0,0,3,202
140147722,19,254,2,9,1,1,0,0,286
140147801,81,227,8,24,6,0,0,2,348
140147802,51,122,2,7,1,0,0,3,186
140147803,66,122,7,36,1,0,0,6,238
140147804,49,171,10,14,1,0,0,1,246
140147805,51,169,16,4,1,1,0,0,242
140147806,12,118,3,4,0,0,0,1,138
140147807,54,222,6,12,2,0,2,2,300
140147808,90,158,8,11,2,0,0,9,278
140147809,80,213,9,6,1,1,0,1,311
140147810,103,184,10,4,0,0,0,1,302
140147811,141,183,45,2,4,0,0,5,380
140147812,83,186,26,2,0,0,0,1,298
140147813,37,145,19,5,0,1,0,0,207
140147814,169,212,41,2,0,0,0,2,426
140147815,65,80,31,4,0,0,0,4,184
140147816,64,112,14,4,2,0,0,0,196
140147901,66,132,96,2,0,0,0,2,298
140147902,121,132,30,6,1,0,0,0,290
140147903,55,125,33,10,0,0,0,0,223
140147904,38,103,67,0,0,0,0,0,208
140147905,71,132,25,1,0,0,0,0,229
140147906,90,190,22,6,1,0,0,0,309
140147907,89,209,18,9,1,0,0,3,329
140147908,57,151,16,4,0,0,1,0,229
140147909,168,211,0,0,0,0,0,0,379
140147910,43,188,6,2,0,0,0,5,244
140147911,56,240,6,5,0,0,0,1,308
140147912,65,117,1,2,1,0,0,1,187
140147913,20,205,4,30,2,0,3,7,271
140147914,41,143,7,4,0,0,0,0,195
140147915,58,216,7,53,8,0,2,2,346
140147916,100,151,19,7,1,0,0,0,278
140147917,88,180,4,10,0,0,0,1,283
140147918,114,109,31,1,0,0,1,0,256
140147919,44,196,6,6,1,0,0,5,258
140147920,54,193,16,2,0,0,1,1,267
140148001,99,139,8,1,0,0,0,0,247
140148002,51,168,2,0,0,0,0,2,223
140148003,78,70,0,0,0,0,0,42,190
140148004,108,79,1,1,1,0,0,0,190
140148005,125,141,1,1,0,0,0,0,268
140148006,82,275,8,8,1,0,0,6,380
140148007,44,108,3,0,0,0,0,1,156
140148008,65,83,3,2,1,0,0,0,154
140148009,111,98,0,2,0,0,0,0,211
140148010,80,156,1,0,0,0,0,2,239
140148011,77,88,39,5,0,0,0,0,209
140148012,83,56,34,5,3,0,0,0,181
140148013,17,74,11,2,0,1,1,34,140
140148014,18,75,2,38,4,2,0,2,141
140148101,202,62,0,0,0,0,0,0,264
140148102,222,116,1,0,0,0,0,2,341
140148103,506,90,0,1,0,0,0,1,598
140148104,421,125,1,1,1,0,0,1,550
140148105,303,203,2,20,0,0,0,0,528
140148106,333,300,8,2,1,0,0,36,680
140148107,134,99,0,0,1,0,0,0,234
140148108,87,180,0,0,0,0,0,0,267
140148109,136,112,1,0,0,0,0,0,249
140148110,91,103,1,0,1,0,0,0,196
140148201,124,180,5,5,0,0,0,1,315
140148202,93,303,0,1,1,0,0,16,414
140148203,172,149,0,0,0,0,0,1,322
140148204,300,219,14,1,0,0,0,6,540
140148205,66,144,0,0,0,0,0,3,213
140148206,76,61,1,0,0,0,0,14,152
140148207,177,176,0,1,0,0,0,0,354
140148208,329,276,5,1,1,0,0,7,619
140148209,134,153,4,0,0,0,0,22,313
140148210,96,96,1,1,0,0,0,2,196
140148211,90,124,1,0,0,0,0,4,219
140148301,40,222,9,5,1,0,1,0,278
140148302,113,164,11,9,0,0,0,3,300
140148303,61,197,16,2,1,0,0,1,278
140148304,24,188,4,10,3,0,0,1,230
140148305,56,143,2,9,5,0,5,5,225
140148306,48,130,1,3,0,0,0,1,183
140148307,44,247,3,16,2,1,0,3,316
140148308,19,144,8,6,1,0,0,3,181
140148309,172,136,8,19,0,0,0,4,339
140148310,88,114,0,9,3,0,0,4,218
140148311,48,169,5,9,3,0,0,2,236
140148312,60,183,4,25,1,0,1,4,278
140148313,75,151,4,9,2,0,0,1,242
140148314,29,208,6,11,2,1,1,2,260
140148315,17,79,96,1,1,0,0,0,194
140148316,9,32,119,1,1,0,0,2,164
140148401,80,182,21,12,0,0,0,3,298
140148402,71,189,18,5,0,0,0,4,287
140148403,74,165,30,6,0,1,0,0,276
140148404,11,158,18,4,2,0,0,2,195
140148405,52,187,29,16,3,0,0,6,293
140148406,40,110,33,2,0,0,0,2,187
140148407,44,69,57,1,0,0,0,4,175
140148408,86,125,19,4,0,0,0,0,234
140148409,76,140,28,4,0,0,0,1,249
140148410,49,140,29,8,1,0,1,5,233
140148411,47,167,22,5,0,0,0,2,243
140148412,57,170,27,2,0,0,0,3,259
140148501,45,151,67,5,0,0,0,2,270
140148502,31,176,16,6,1,0,0,0,230
140148503,77,124,14,4,0,0,0,0,219
140148504,46,196,20,6,1,0,0,0,269
140148505,42,205,58,4,0,0,0,2,311
140148506,38,242,33,6,1,0,0,10,330
140148507,49,172,13,5,0,0,0,1,240
140148508,62,331,15,1,1,0,0,3,413
140148509,26,339,18,16,1,0,0,2,402
140148510,125,199,13,3,0,0,0,0,340
140148511,21,308,2,15,5,1,0,2,354
140148512,14,274,3,4,8,0,1,2,306
140148513,28,265,25,16,2,0,8,4,348
140148514,45,273,23,9,0,0,0,3,353
140148515,34,150,29,3,0,0,0,0,216
140148516,30,165,91,4,0,0,0,1,291
140148601,8,127,1,70,2,1,0,7,216
140148602,13,131,3,17,1,0,1,2,168
140148603,10,233,1,12,1,0,1,3,261
140148604,13,255,2,32,7,0,3,5,317
140148605,22,324,3,10,2,1,1,5,368
140148606,17,272,2,17,2,0,0,3,313
140148607,17,318,3,5,0,0,1,5,349
140148608,34,206,10,10,1,0,0,3,264
140148609,10,112,3,126,7,1,3,3,265
140148610,47,203,10,108,8,3,0,8,387
140148611,31,193,7,1,1,0,1,2,236
140148612,30,204,10,5,0,1,0,4,254
140148701,65,222,17,5,1,0,1,3,314
140148702,38,217,17,4,0,0,1,2,279
140148703,21,150,5,11,1,0,0,3,191
140148704,49,159,4,13,1,0,0,2,228
140148705,52,339,4,5,3,0,0,5,408
140148706,35,163,12,7,0,0,0,3,220
140148707,52,180,5,4,2,0,0,3,246
140148708,95,227,64,11,0,0,1,3,401
140148709,64,129,3,9,0,0,0,1,206
140148710,31,219,4,7,0,0,1,0,262
140148711,65,210,5,10,0,0,0,2,292
140148712,46,226,2,10,3,0,4,2,293
140148713,36,122,5,10,2,1,0,1,177
140148801,55,162,18,3,1,0,0,3,242
140148802,73,193,26,3,2,1,0,3,301
140148803,82,189,14,1,0,0,0,0,286
140148804,69,164,12,11,1,0,0,7,264
140148805,44,74,12,0,0,0,0,0,130
140148806,7,103,142,35,1,0,0,0,288
140148807,85,184,25,4,0,0,0,4,302
140148808,42,56,155,5,1,0,1,0,260
140148809,58,165,40,3,1,0,0,0,267
140148810,59,169,46,2,0,0,0,5,281
140148811,90,221,60,7,1,0,0,2,381
140148812,49,168,61,6,1,0,2,1,288
140148813,55,220,20,1,0,0,1,4,301
140148814,3,178,144,4,27,0,0,3,359
140148815,10,231,86,0,0,0,1,3,331
140148901,50,167,28,6,0,0,0,2,253
140148902,40,121,35,2,0,0,0,0,198
140148903,145,218,16,13,3,0,0,1,396
140148904,58,190,108,7,3,0,0,1,367
140148905,54,97,59,11,3,0,2,2,228
140148906,65,177,67,7,2,0,0,4,322
140148907,46,56,146,8,0,0,0,4,260
140148908,54,136,30,1,0,0,0,1,222
140148909,65,189,19,2,0,0,0,1,276
140148910,20,167,33,9,0,0,1,2,232
140148911,23,154,6,10,0,0,0,5,198
140148912,32,199,4,8,0,0,0,5,248
140148913,55,118,47,41,0,0,0,2,263
140148914,25,132,38,30,2,0,0,1,228
140148915,88,195,81,12,1,0,0,0,377
140148916,53,289,71,27,1,0,2,13,456
140149001,42,229,1,5,1,0,0,3,281
140149002,77,87,27,56,5,3,0,1,256
140149003,65,113,4,8,1,1,0,0,192
140149004,73,89,28,4,0,0,1,2,197
140149005,75,138,7,6,4,0,0,3,233
140149006,34,246,3,19,2,0,0,2,306
140149007,42,272,4,25,1,0,0,4,348
140149008,61,100,47,2,0,0,0,0,210
140149009,82,98,71,7,0,0,0,3,261
140149010,43,62,60,6,0,0,1,3,175
140149011,63,111,34,9,0,0,0,1,218
140149012,24,240,4,22,0,0,3,2,295
140149013,25,195,1,118,2,4,2,7,354
140149014,60,138,37,6,0,0,0,3,244
140149015,62,133,71,4,0,0,0,1,271
140149101,123,220,34,7,0,0,0,0,384
140149102,61,179,52,16,0,0,1,1,310
140149103,48,195,5,5,0,0,0,2,255
140149104,91,246,8,12,1,1,0,4,363
140149105,112,130,6,10,1,0,0,19,278
140149106,96,250,0,0,0,0,0,0,346
140149107,61,211,44,10,1,0,0,3,330
140149108,96,174,20,2,0,0,0,3,295
140149109,103,80,10,3,0,0,0,0,196
140149110,86,217,17,3,0,0,0,0,323
140149111,58,222,17,7,2,0,0,2,308
140149112,55,237,23,9,0,0,0,4,328
140149113,53,230,8,5,0,0,1,2,299
140149114,97,302,8,10,0,0,0,3,420
140149115,76,216,8,4,1,0,1,0,306
140149116,102,140,2,1,0,0,0,1,246
140149117,73,132,52,7,0,1,0,0,265
140149118,121,158,14,6,0,0,0,10,309
140149119,76,225,10,0,0,0,0,1,312
140149120,43,127,62,0,2,0,0,0,234
140149201,89,174,41,8,2,0,0,1,315
140149202,73,96,2,0,0,0,0,3,174
140149203,25,117,22,10,4,0,0,0,178
140149204,19,195,10,21,4,0,3,2,254
140149205,40,184,43,2,0,0,0,0,269
140149206,30,180,33,5,0,0,0,1,249
140149207,39,138,5,6,1,0,0,0,189
140149208,30,151,8,13,0,0,0,0,202
140149209,54,211,13,13,0,0,0,6,297
140149210,79,141,25,5,3,0,0,5,258
140149211,94,152,37,10,0,1,0,1,295
140149212,112,159,37,21,1,0,0,1,331
140149213,72,78,15,1,0,0,0,6,172
140149214,92,171,38,4,0,0,1,8,314
140149215,74,147,25,0,0,0,0,0,246
140149216,103,147,32,2,1,0,0,7,292
140149217,62,220,10,2,3,0,1,2,300
140149218,20,101,66,32,0,0,0,0,219
140149301,69,131,26,13,0,0,0,0,239
140149302,70,146,32,1,0,0,0,1,250
140149303,76,223,43,2,0,0,2,5,351
140149304,115,294,7,3,2,0,0,4,425
140149305,43,217,6,4,1,0,0,1,272
140149306,56,274,7,13,0,1,0,10,361
140149307,30,214,23,9,3,0,0,2,281
140149308,84,297,21,9,0,0,0,1,412
140149309,56,174,27,2,0,0,0,3,262
140149310,80,244,21,2,1,0,0,1,349
140149311,81,299,6,9,3,0,0,5,403
140149312,57,276,76,2,0,0,0,2,413
140149313,55,131,33,6,0,0,0,4,229
140149314,20,122,26,1,0,0,0,1,170
140149315,50,186,10,2,0,0,0,7,255
140149316,52,175,11,6,2,0,0,0,246
140149317,101,306,16,10,0,0,1,1,435
140149318,54,169,83,0,0,0,0,0,306
140149319,85,148,38,30,5,0,14,4,324
140149320,8,74,77,4,0,0,0,0,163
140149321,30,75,44,137,0,0,0,2,288
140149401,26,277,9,2,0,0,0,1,315
140149402,45,229,5,7,0,0,0,2,288
140149403,24,186,1,11,0,0,0,2,224
140149404,38,311,67,10,2,0,3,4,435
140149405,38,225,80,2,0,0,0,1,346
140149406,52,207,9,6,2,0,0,3,279
140149407,32,336,31,4,0,1,4,8,416
140149408,64,280,83,2,1,0,0,0,430
140149409,30,269,4,3,1,0,0,5,312
140149410,48,197,5,4,2,0,1,1,258
140149411,38,217,3,5,0,0,0,12,275
140149412,26,264,4,2,2,0,1,1,300
140149413,14,240,1,4,0,0,1,2,262
140149414,26,147,29,2,1,0,0,2,207
140149501,30,188,10,2,0,0,1,2,233
140149502,50,178,11,4,0,0,0,1,244
140149503,20,167,9,7,0,0,0,2,205
140149504,13,280,11,3,0,0,0,2,309
140149505,3,109,202,1,0,0,0,0,315
140149506,41,74,184,1,0,0,0,0,300
140149507,9,184,49,7,21,0,1,7,278
140149508,8,175,105,16,30,0,1,25,360
140149509,29,235,7,2,0,0,0,1,274
140149510,58,246,33,4,0,0,0,3,344
140149511,22,126,7,41,10,9,16,21,252
140149512,3,357,1,5,2,1,0,0,369
140149513,57,302,1,7,0,0,1,5,373
140149514,36,327,8,8,1,0,2,4,386
140149601,49,141,30,15,3,0,0,0,238
140149602,42,133,40,7,1,0,0,4,227
140149603,30,204,78,13,5,0,1,5,336
140149604,96,201,29,4,0,0,0,1,331
140149605,46,162,33,5,1,0,0,2,249
140149606,38,156,14,3,0,0,0,3,214
140149607,54,153,6,1,0,0,0,3,217
140149608,48,217,18,14,0,0,0,0,297
140149609,35,133,84,11,2,0,1,1,267
140149610,45,221,36,17,0,0,0,6,325
140149611,32,209,12,7,0,0,0,0,260
140149612,76,174,60,3,2,0,0,3,318
140149613,66,94,131,36,6,0,0,3,336
140149614,27,179,25,5,0,0,0,2,238
140149615,71,124,19,11,1,0,0,3,229
140149616,48,287,7,5,3,0,1,0,351
140149617,36,224,45,105,9,2,22,5,448
140149701,38,332,5,55,3,0,0,15,448
140149702,30,151,8,5,1,0,0,2,197
140149703,33,147,32,17,1,0,1,3,234
140149704,52,117,13,4,1,0,0,0,187
140149705,69,139,26,0,0,0,0,0,234
140149706,23,360,6,7,2,1,1,11,411
140149707,29,283,2,3,1,0,0,13,331
140149708,34,345,1,11,1,0,2,6,400
140149709,24,357,4,7,0,2,7,7,408
140149710,35,279,2,7,1,0,0,9,333
140149711,30,323,1,12,1,0,0,6,373
140149712,5,249,1,5,3,0,0,1,264
140149713,12,180,0,3,0,0,0,3,198
140149714,39,411,7,5,1,1,4,4,472
140149715,26,283,1,9,1,0,1,4,325
140149716,6,284,1,1,1,0,1,1,295
140149717,23,410,3,11,0,1,0,21,469
140149801,58,204,9,3,1,0,1,6,282
140149802,83,268,3,10,1,2,2,1,370
140149803,19,198,1,9,2,0,0,4,233
140149804,56,182,3,2,1,0,1,0,245
140149805,24,128,3,8,2,0,0,1,166
140149806,37,209,5,1,3,0,0,1,256
140149807,39,359,2,7,0,0,0,7,414
140149808,38,185,2,8,2,0,0,5,240
140149809,92,226,1,6,2,0,2,5,334
140149810,71,129,7,4,1,0,0,1,213
140149811,30,186,3,10,4,2,3,1,239
140149812,18,212,1,9,0,0,0,0,240
140149813,43,360,0,7,3,1,0,8,422
140149901,65,232,23,5,1,0,0,3,329
140149902,36,259,33,3,1,0,0,5,337
140149903,35,285,15,8,1,0,0,3,347
140149904,41,168,10,10,6,0,0,0,235
140149905,38,178,9,4,0,0,0,1,230
140149906,21,271,4,7,1,0,0,3,307
140149907,40,183,3,4,0,0,1,2,233
140149908,47,345,14,9,0,0,0,6,421
140149909,15,286,5,8,3,0,1,4,322
140149910,45,271,4,8,3,0,0,2,333
140149911,19,162,6,3,0,0,0,1,191
140149912,26,198,10,3,1,0,0,1,239
140149913,43,371,4,13,2,0,0,11,444
140210101,4,11,5,4,0,0,0,1,25
140210102,1,7,11,6,0,0,0,3,28
140210103,0,24,12,10,0,0,5,1,52
140210104,3,24,61,22,1,0,0,1,112
140210105,6,28,25,12,2,0,1,0,74
140210106,10,57,95,11,1,0,1,2,177
140210107,10,52,70,21,0,1,2,0,156
140210108,16,90,36,10,2,0,2,0,156
140210109,20,94,38,20,2,0,1,4,179
140210110,8,43,52,15,1,0,0,0,119
140210201,1,10,1,2,1,0,1,0,16
140210202,0,16,7,2,1,0,0,0,26
140210203,0,11,3,2,0,0,0,0,16
140210204,3,23,9,14,2,0,0,0,51
140210205,4,73,9,11,0,0,0,0,97
140210206,8,34,25,12,1,0,5,2,87
140210207,7,97,30,17,0,0,0,1,152
140210208,15,43,24,15,1,0,2,0,100
140210209,21,105,54,16,3,0,0,2,201
140210210,12,70,27,10,1,0,0,1,121
140210211,9,35,31,8,0,0,1,4,88
140210212,7,97,9,12,0,0,0,0,125
140210213,3,86,8,42,2,0,3,2,146
140210301,10,25,8,4,1,0,0,0,48
140210302,25,70,20,7,0,0,0,0,122
140210303,19,98,50,24,0,0,0,0,191
140210304,17,134,64,5,1,0,0,4,225
140210305,14,72,34,4,1,0,0,1,126
140210306,3,57,33,13,1,0,0,3,110
140210307,6,22,10,4,2,0,0,0,44
140210308,9,67,14,16,0,0,0,2,108
140210309,11,91,31,33,0,0,1,7,174
140210310,5,63,24,13,2,0,1,0,108
140210311,7,68,32,15,1,0,0,2,125
140210312,18,70,14,11,3,0,0,0,116
140210313,7,57,6,20,2,0,0,7,99
140210314,11,223,2,32,0,1,1,5,275
140210315,14,147,1,79,1,0,0,8,250
140210316,30,145,0,33,3,1,0,2,214
140210401,8,63,4,15,0,0,0,3,93
140210402,8,61,1,10,2,0,0,1,83
140210403,4,66,2,36,3,1,0,0,112
140210404,15,60,9,13,0,0,0,0,97
140210405,6,41,9,17,3,4,1,5,86
140210406,28,210,6,26,1,2,0,4,277
140210407,18,241,15,15,3,0,0,2,294
140210408,4,65,5,12,2,0,0,0,88
140210409,81,219,38,28,0,2,1,0,369
140210410,25,209,12,19,0,0,0,1,266
140210501,2,18,5,17,1,0,1,1,45
140210502,8,50,11,16,1,0,0,1,87
140210503,1,8,1,0,1,0,0,2,13
140210504,3,36,9,15,0,0,0,1,64
140210505,8,28,2,16,0,0,0,1,55
140210506,17,23,44,33,2,0,0,2,121
140210507,43,51,94,26,2,0,0,3,219
140210508,47,90,69,26,1,0,0,1,234
140210601,6,28,7,15,4,0,5,1,66
140210602,4,7,0,14,1,0,0,0,26
140210603,4,9,2,8,0,0,1,0,24
140210604,10,15,6,15,2,0,1,0,49
140210605,15,50,1,21,1,0,0,2,90
140210606,0,7,0,11,0,0,0,0,18
140210607,6,15,6,19,8,1,0,1,56
140210608,36,150,6,54,4,1,1,0,252
140210609,52,171,48,16,3,0,0,0,290
140210610,33,92,23,23,1,0,0,3,175
140210611,61,275,24,42,7,0,2,6,417
140210612,59,249,28,29,1,0,0,5,371
140210613,63,149,25,14,2,0,0,6,259
140210614,61,262,34,49,4,0,1,7,418
140210615,73,244,35,47,5,0,2,10,416
140210616,51,165,64,16,2,1,2,17,318
140210701,3,39,1,13,3,0,2,1,62
140210702,20,129,6,19,0,0,0,4,178
140210703,8,64,1,15,1,0,0,0,89
140210704,13,123,23,4,2,1,0,4,170
140210705,32,309,2,19,3,0,3,4,372
140210706,13,265,0,22,1,1,3,0,305
140210707,10,261,1,14,1,0,0,2,289
140210708,10,241,1,16,4,0,0,5,277
140210709,44,129,10,7,13,0,0,40,243
140210710,18,144,1,3,3,0,0,31,200
140210711,37,196,3,4,1,1,0,6,248
140210712,27,161,4,4,2,0,1,1,200
140210713,4,44,2,7,2,0,0,0,59
140210714,7,131,1,16,8,1,0,0,164
140210715,12,187,0,56,7,0,0,4,266
140210716,9,117,1,26,1,0,0,2,156
140210801,2,32,0,8,1,0,0,0,43
140210802,39,66,3,31,9,1,2,1,152
140210803,53,239,15,31,1,0,2,7,348
140210804,29,237,1,14,1,0,2,19,303
140210805,32,260,4,10,2,0,1,4,313
140210806,3,108,0,5,2,0,0,0,118
140210807,52,291,0,21,2,0,0,5,371
140210808,14,127,64,24,3,0,0,1,233
140210809,35,330,3,19,0,0,1,8,396
140210810,8,233,3,11,0,0,0,3,258
140210811,31,192,1,2,2,0,0,3,231
140210812,35,169,3,14,4,1,1,4,231
140210813,8,235,3,12,1,0,0,4,263
140210814,28,187,3,45,0,0,1,5,269
140210901,29,167,29,17,0,0,0,0,242
140210902,37,159,30,26,4,0,0,4,260
140210903,22,73,108,12,1,0,0,0,216
140210904,45,60,83,6,1,0,0,2,197
140210905,47,80,29,29,1,0,0,3,189
140210906,45,183,20,23,4,0,0,0,275
140210907,60,123,11,8,1,0,0,2,205
140210908,49,89,23,11,0,0,0,8,180
140210909,44,108,27,23,0,0,0,2,204
140210910,22,211,43,7,1,0,1,3,288
140210911,51,304,20,22,0,0,1,5,403
140210912,36,141,21,5,1,0,0,0,204
140210913,44,218,23,17,2,0,0,2,306
140210914,41,217,60,6,0,0,0,1,325
140211001,86,203,79,7,0,0,0,9,384
140211002,60,166,37,10,1,0,0,0,274
140211003,73,169,51,28,0,0,0,0,321
140211004,80,224,34,29,3,0,0,2,372
140211005,30,173,28,8,0,0,1,0,240
140211006,43,117,149,6,0,0,0,2,317
140211007,11,75,80,4,0,0,1,2,173
140211008,39,231,14,15,1,0,0,1,301
140211009,50,140,35,11,3,0,0,1,240
140211010,45,192,66,11,0,0,1,3,318
140211011,49,313,13,5,3,0,0,0,383
140211012,122,243,68,4,0,0,0,4,441
140211013,44,295,26,2,0,0,0,3,370
140211014,73,262,80,6,0,0,0,1,422
140211015,24,66,35,0,1,0,0,0,126
140211016,37,142,50,1,0,1,1,0,232
140211101,11,195,13,4,0,0,0,8,231
140211102,27,208,6,11,1,0,0,1,254
140211103,26,133,32,8,1,0,0,0,200
140211104,35,166,32,7,1,0,0,2,243
140211105,15,167,63,6,7,0,2,5,265
140211106,11,67,25,11,1,0,0,0,115
140211107,28,144,72,8,1,1,0,2,256
140211108,39,152,71,3,1,0,0,2,268
140211109,26,259,80,12,0,0,0,5,382
140211110,14,101,62,3,1,0,0,2,183
140211111,20,107,79,4,0,0,0,1,211
140211112,36,221,124,5,0,0,0,0,386
140211113,29,178,64,5,2,1,0,2,281
140211114,28,129,52,11,1,0,0,2,223
140211115,53,106,55,2,0,0,0,0,216
140211116,14,121,72,9,0,0,0,6,222
140211117,44,121,93,4,3,0,0,1,266
140211118,42,228,74,5,0,0,0,2,351
140211119,24,204,62,7,1,0,1,1,300
140211201,14,129,24,20,0,0,0,1,188
140211202,9,105,21,25,2,0,1,1,164
140211203,24,171,26,49,3,1,0,0,274
140211204,14,136,13,51,4,0,2,6,226
140211205,21,158,40,21,3,0,1,1,245
140211206,15,110,62,38,2,1,0,3,231
140211207,19,148,11,17,2,0,0,0,197
140211208,12,77,20,22,2,0,2,4,139
140211209,12,85,32,6,1,0,0,1,137
140211210,26,137,82,7,4,0,0,0,256
140211211,36,136,68,12,3,0,0,5,260
140211212,20,105,24,27,3,3,2,3,187
140211213,18,93,43,37,4,0,1,2,198
140211214,19,115,96,29,2,0,0,6,267
140211301,32,113,42,51,1,0,1,2,242
140211302,12,71,48,20,1,0,1,4,157
140211303,15,73,77,34,7,0,1,1,208
140211304,7,74,69,29,2,0,0,0,181
140211305,46,136,81,33,3,0,1,4,304
140211306,19,110,55,19,3,0,2,2,210
140211307,12,92,30,29,1,0,4,5,173
140211308,33,218,74,20,1,0,2,3,351
140211309,14,90,52,35,0,0,0,1,192
140211310,34,99,75,26,3,0,0,1,238
140211311,26,90,73,10,3,1,0,0,203
140211312,27,96,68,15,1,0,0,0,207
140211313,37,84,122,13,2,0,0,2,260
140211314,40,100,111,18,6,0,0,3,278
140211401,28,81,71,32,1,0,0,0,213
140211402,14,50,89,11,1,0,0,1,166
140211403,31,61,96,17,3,1,0,0,209
140211404,32,108,111,34,2,0,0,3,290
140211405,40,152,44,35,6,1,1,6,285
140211406,22,150,22,46,4,0,0,1,245
140211407,49,175,102,42,3,0,0,3,374
140211408,18,70,93,19,3,0,0,3,206
140211409,11,93,65,23,8,0,0,4,204
140211410,23,113,81,24,2,0,0,4,247
140211411,44,171,38,37,0,1,0,1,292
140211412,21,136,33,32,0,1,0,1,224
140211501,20,72,43,70,0,2,2,3,212
140211502,33,110,55,46,2,0,1,9,256
140211503,31,123,31,20,0,2,1,2,210
140211504,34,125,76,26,4,0,0,1,266
140211505,29,107,40,32,2,1,0,1,212
140211506,23,110,129,20,2,0,0,1,285
140211507,54,104,45,23,0,0,0,0,226
140211508,10,58,8,30,6,0,0,0,112
140211509,16,72,24,49,2,0,4,2,169
140211510,25,105,45,24,2,0,0,2,203
140211511,32,84,74,19,0,0,0,0,209
140211601,39,150,17,59,6,0,3,3,277
140211602,43,229,58,55,3,0,1,4,393
140211603,33,90,39,49,4,0,0,3,218
140211604,18,191,4,34,0,1,0,1,249
140211605,21,175,3,37,1,0,0,3,240
140211606,13,154,21,41,4,0,0,4,237
140211607,25,145,35,56,1,0,0,3,265
140211608,41,105,55,38,3,0,0,3,245
140211609,29,113,55,19,5,0,1,1,223
140211610,24,137,18,38,1,0,1,4,223
140211611,28,224,29,57,3,0,0,6,347
140211701,30,111,37,44,3,0,0,2,227
140211702,31,103,21,55,2,1,1,6,220
140211703,34,79,42,53,0,0,0,1,209
140211704,31,104,29,54,1,0,1,4,224
140211705,25,102,30,32,3,1,0,1,194
140211706,106,161,30,23,2,0,0,6,328
140211707,28,54,116,93,1,0,0,7,299
140211708,96,125,82,105,5,0,1,7,421
140211709,75,200,54,85,0,1,2,1,418
140211710,39,65,107,108,2,0,0,0,321
140211801,48,86,31,64,1,0,0,3,233
140211802,28,145,6,30,5,0,1,2,217
140211803,40,93,27,30,2,0,0,3,195
140211804,64,124,71,27,2,1,0,3,292
140211805,43,157,59,27,8,0,0,4,298
140211806,19,126,24,38,4,0,2,2,215
140211807,20,173,4,36,5,0,1,6,245
140211808,25,192,0,40,0,0,0,1,258
140211809,26,186,0,52,7,4,2,5,282
140211810,79,174,23,27,1,0,0,1,305
140211811,44,108,43,29,1,0,3,4,232
140211812,84,162,99,30,3,0,0,7,385
140211813,65,230,38,44,3,2,1,9,392
140211814,56,99,59,9,2,0,0,2,227
140211815,60,153,82,29,4,0,0,2,330
140211816,103,162,32,18,1,0,0,3,319
140211901,49,62,83,35,2,0,0,7,238
140211902,43,165,47,24,3,0,0,1,283
140211903,29,37,76,34,0,0,0,2,178
140211904,13,29,83,33,0,0,0,4,162
140211905,26,44,79,49,1,0,0,1,200
140211906,41,70,66,22,0,0,0,1,200
140211907,32,60,57,20,0,0,0,1,170
140211908,12,70,40,32,4,0,0,0,158
140211909,38,62,109,42,2,0,0,1,254
140211910,47,151,71,39,3,0,1,4,316
140211911,81,155,30,17,1,0,0,3,287
140211912,13,121,59,9,0,0,1,0,203
140211913,23,155,22,10,2,0,0,4,216
140212001,11,125,3,33,6,0,1,3,182
140212002,25,111,2,30,3,0,0,5,176
140212003,16,236,7,49,3,0,3,2,316
140212004,22,169,2,29,5,0,3,10,240
140212005,29,225,0,47,4,0,0,2,307
140212006,6,171,2,20,1,1,1,1,203
140212007,21,223,2,38,0,1,1,7,293
140212008,15,180,0,30,5,0,0,3,233
140212009,24,138,7,27,2,0,0,9,207
140212010,41,136,16,20,0,0,0,2,215
140212011,49,134,2,0,0,0,0,0,185
140212012,61,138,29,21,1,0,0,1,251
140212013,46,171,16,4,0,0,0,1,238
140212014,29,256,40,10,3,0,0,3,341
140212015,47,174,73,15,0,0,0,0,309
140212016,24,103,34,24,3,0,0,2,190
140212017,20,132,16,17,6,0,0,3,194
140212018,17,217,2,32,2,1,1,1,273
140212101,87,86,58,24,1,0,0,1,257
140212102,19,124,2,42,0,1,0,1,189
140212103,20,127,5,24,5,0,1,2,184
140212104,14,21,2,17,0,0,0,1,55
140212105,23,175,10,55,2,0,1,6,272
140212106,31,226,13,18,1,0,0,3,292
140212107,21,162,29,6,1,0,0,0,219
140212108,78,116,13,5,0,0,0,1,213
140212109,49,146,9,4,1,0,0,0,209
140212110,43,223,9,23,8,0,1,4,311
140212111,10,52,12,16,1,0,0,1,92
140212112,12,78,4,54,4,0,1,4,157
140212113,21,214,0,36,1,0,0,2,274
140212114,19,162,6,4,0,0,1,0,192
140212115,19,167,1,3,1,0,0,1,192
140212116,43,215,14,16,2,0,0,4,294
140212117,18,144,8,2,0,0,0,1,173
140212118,45,304,5,11,3,0,0,1,369
140212119,37,122,4,19,0,0,0,0,182
140212120,46,110,22,11,1,0,0,0,190
140280101,2,11,0,2,0,0,10,0,25
140280102,8,67,0,18,4,2,13,31,143
140280103,8,32,5,3,1,0,36,13,98
140280104,22,167,3,8,2,1,36,11,250
140280105,1,108,4,20,0,2,30,1,166
140280106,4,45,3,7,1,0,10,1,71
140280107,3,16,3,1,0,0,1,2,26
140280108,5,70,0,5,0,0,21,2,103
140280109,1,139,16,9,2,1,37,1,206
140280110,10,333,4,29,1,0,8,1,386
140280111,38,194,7,19,0,1,3,0,262
140280201,14,241,5,123,7,2,13,6,411
140280202,25,201,0,28,4,0,5,4,267
140280203,17,212,8,32,1,0,2,1,273
140280204,34,339,18,43,3,0,3,8,448
140280205,32,152,12,22,0,1,1,3,223
140280206,31,141,7,16,6,0,0,0,201
140280207,53,123,17,24,0,0,1,3,221
140280208,40,258,13,16,4,1,1,4,337
140280209,68,200,16,17,2,0,0,1,304
140280210,32,190,2,10,2,0,0,0,236
140280211,35,299,14,5,3,0,0,3,359
140280212,51,233,29,12,3,0,0,1,329
140280213,34,272,2,10,1,0,1,1,321
140280214,61,204,36,9,0,1,0,3,314
140280215,78,173,85,14,6,0,1,5,362
140280216,33,285,29,21,3,1,3,2,377
140280301,14,229,7,43,0,0,3,0,296
140280302,31,256,23,16,0,0,0,0,326
140280303,39,226,17,33,5,0,0,4,324
140280304,32,305,12,13,1,0,0,2,365
140280305,28,288,4,18,1,0,2,2,343
140280306,37,171,12,16,1,0,0,3,240
140280307,40,164,15,35,0,0,0,1,255
140280308,57,150,6,16,2,0,0,1,232
140280309,58,216,6,17,5,0,0,1,303
140280310,29,241,5,11,4,0,0,4,294
140280311,60,144,66,20,5,0,6,3,304
140280312,12,140,1,13,2,2,0,5,175
140280401,0,7,0,0,0,0,7,10,24
140280402,11,32,7,3,0,0,47,1,101
140280403,11,42,0,7,3,0,47,0,110
140280404,24,55,0,9,5,0,15,11,119
140280405,1,55,0,11,1,0,7,3,78
140280406,25,124,3,25,8,0,9,3,197
140280407,17,150,1,6,2,0,29,8,213
140280408,29,135,3,14,1,0,21,8,211
140280409,16,213,12,16,0,0,10,1,268
140280410,5,171,11,24,4,1,4,3,223
140280501,32,109,3,11,2,0,4,2,163
140280502,5,114,1,6,2,0,4,2,134
140280503,9,24,0,8,2,0,5,0,48
140280504,2,76,9,14,2,0,8,5,116
140280505,21,178,6,31,6,1,0,6,249
140280506,27,219,31,8,0,1,0,1,287
140280507,24,222,9,11,2,0,4,3,275
140280508,16,232,7,5,1,0,3,3,267
140280509,29,163,20,8,1,0,0,2,223
140280510,27,172,21,6,0,1,0,4,231
140280511,32,166,8,5,0,0,3,4,218
140280512,16,169,20,4,4,0,1,3,217
140280513,17,179,9,4,0,0,1,4,214
140280514,72,263,38,13,1,0,1,6,394
140280515,15,84,2,2,0,0,0,11,114
140280601,4,7,1,4,3,0,0,2,21
140280602,15,32,5,38,0,0,3,2,95
140280603,17,63,4,47,1,1,10,2,145
140280604,1,54,1,0,0,0,0,0,56
140280605,2,10,2,5,0,0,0,0,19
140280606,25,66,21,79,3,1,1,2,198
140280607,29,164,32,51,2,0,2,2,282
140280701,7,26,3,8,1,0,9,2,56
140280702,4,19,4,19,6,0,5,1,58
140280703,1,6,2,20,0,0,3,0,32
140280704,0,5,0,7,1,0,0,0,13
140280705,2,1,0,17,2,1,1,0,24
140280706,6,24,0,28,2,0,14,5,79
140350101,0,7,3,9,0,0,0,0,19
140350102,1,2,0,8,3,0,0,0,14
140350103,1,9,2,35,2,1,0,0,50
140350104,0,3,0,27,1,0,0,0,31
140350105,1,1,2,20,0,0,0,0,24
140350106,2,0,5,39,0,0,0,0,46
140350107,4,23,0,86,3,0,3,1,120
140350108,16,95,5,240,6,2,0,1,365
140350109,24,102,32,136,2,1,0,2,299
140350110,4,86,5,108,17,3,0,1,224
140350201,9,6,0,13,0,0,0,0,28
140350202,0,7,0,27,0,0,0,0,34
140350203,1,3,1,15,0,0,0,1,21
140350204,1,0,0,16,1,0,0,0,18
140350205,0,0,6,14,0,0,0,0,20
140350206,6,7,0,84,6,0,0,0,103
140350207,0,0,0,23,0,0,0,0,23
140350208,8,1,0,14,11,0,0,1,35
140350209,0,1,1,20,0,0,0,0,22
140350210,2,17,0,177,9,0,0,1,206
140350211,6,20,0,187,3,0,0,1,217
140350212,93,135,21,104,7,0,0,3,363
140350213,41,155,28,119,2,0,0,1,346
140350214,52,89,51,88,0,0,0,0,280
140350215,22,97,33,167,1,0,0,0,320
140350301,2,3,0,31,0,2,0,0,38
140350302,5,2,0,11,0,0,0,0,18
140350303,4,12,0,65,1,1,0,1,84
140350304,11,12,0,46,2,2,1,0,74
140350305,5,14,4,55,1,0,0,0,79
140350306,8,2,3,54,0,0,0,0,67
140350307,27,24,3,131,2,0,0,0,187
140350308,0,3,5,33,2,0,0,0,43
140350309,0,9,1,33,4,0,0,0,47
140350310,46,40,4,71,2,0,0,1,164
140350311,99,132,20,45,4,0,0,0,300
140350312,147,49,26,58,1,0,0,0,281
140350313,62,122,12,53,5,1,0,1,256
140350314,113,79,12,23,2,0,0,0,229
140350315,133,102,25,34,1,0,0,0,295
140350316,25,101,15,125,5,0,0,1,272
140350317,28,174,29,132,6,1,0,1,371
140350318,32,112,30,190,5,0,0,2,371
140350401,0,3,0,25,0,0,0,0,28
140350402,1,9,3,44,1,0,0,0,58
140350403,3,15,0,53,2,0,0,0,73
140350404,8,32,0,169,7,0,1,1,218
140350405,13,86,5,148,9,0,0,1,262
140350406,72,22,39,197,9,0,0,1,340
140350407,37,72,13,143,6,0,0,0,271
140350408,16,52,13,108,1,0,0,0,190
140350409,61,79,13,82,3,0,0,0,238
140350410,40,58,24,81,1,0,0,0,204
140350411,40,54,7,85,2,0,0,0,188
140350412,31,75,11,145,2,0,0,2,266
140350413,21,58,12,154,3,0,0,0,248
140350414,9,84,0,193,8,0,1,0,295
140350415,35,125,40,86,4,0,0,1,291
140350501,0,1,0,12,0,0,0,0,13
140350502,1,5,3,36,0,0,1,0,46
140350503,0,4,0,29,1,0,0,0,34
140350504,0,2,1,44,0,0,0,0,47
140350505,1,4,0,32,0,0,0,1,38
140350506,7,1,1,27,0,0,0,0,36
140350507,0,0,0,11,6,0,0,0,17
140350508,8,20,2,195,7,0,0,0,232
140350509,8,27,1,177,0,0,0,0,213
140350510,8,19,5,185,3,0,0,1,221
140350511,5,60,20,169,1,2,0,2,259
140350512,26,101,11,239,2,1,0,1,381
140350513,15,46,7,211,12,0,0,1,292
140350514,5,39,29,129,3,0,0,0,205
140420101,12,13,1,16,0,0,0,0,42
140420102,2,12,1,14,1,0,0,0,30
140420103,13,30,2,12,2,0,0,0,59
140420104,3,19,4,8,0,0,0,2,36
140420105,22,30,3,37,1,0,0,3,96
140420106,1,21,0,18,0,0,0,1,41
140420107,0,43,0,19,2,0,0,0,64
140420108,19,27,0,35,4,0,0,0,85
140420109,48,238,21,44,2,0,0,1,354
140420110,36,170,15,12,0,0,0,0,233
140420111,67,178,16,25,2,0,0,0,288
140420112,11,78,24,17,2,0,0,1,133
140420201,2,20,0,13,0,0,0,0,35
140420202,15,34,1,11,2,0,0,1,64
140420203,1,26,0,19,1,0,1,0,48
140420204,1,18,0,12,0,0,0,0,31
140420205,18,41,1,20,7,1,0,2,90
140420206,5,11,0,13,1,0,0,0,30
140420207,9,19,2,13,1,0,0,0,44
140420208,11,76,1,37,4,1,0,0,130
140420209,13,40,26,38,2,1,6,0,126
140420210,24,152,9,36,2,0,0,2,225
140420301,9,48,1,35,3,1,0,0,97
140420302,2,48,3,22,5,0,0,0,80
140420303,12,27,5,14,0,0,0,0,58
140420304,11,18,2,22,0,0,0,0,53
140420305,13,31,0,11,1,0,0,0,56
140420306,5,3,0,2,0,0,0,0,10
140420307,11,102,8,40,2,0,0,2,165
140420308,22,105,15,40,1,2,0,2,187
140420309,14,200,42,17,0,0,2,2,277
140420310,45,205,19,51,2,2,0,2,326
140420311,44,194,21,5,0,0,0,2,266
140420312,59,33,11,17,1,0,0,0,121
140420313,156,164,88,13,1,0,0,0,422
140420314,111,205,39,36,2,1,0,0,394
140420401,59,196,48,13,0,0,0,4,320
140420402,99,132,2,7,2,0,0,0,242
140420403,45,158,17,17,0,0,0,0,237
140420404,56,307,9,12,4,0,0,1,389
140420405,85,270,14,8,0,0,0,0,377
140420406,73,237,8,8,0,0,0,4,330
140420407,17,269,8,18,0,0,0,26,338
140420408,36,235,32,19,2,0,0,1,325
140420409,59,182,7,21,1,0,0,1,271
140420410,60,198,12,18,2,0,0,2,292
140420411,68,257,2,10,1,0,1,0,339
140420412,70,193,5,24,2,0,0,4,298
140420413,33,252,3,53,5,1,1,1,349
140420414,30,175,3,34,0,0,0,0,242
140420415,43,305,1,32,7,0,0,0,388
140420416,39,156,2,12,2,0,0,0,211
140420417,33,170,3,16,2,0,0,1,225
140420418,47,173,51,18,1,1,0,0,291
140420419,22,98,25,44,3,0,0,8,200
140420501,1,16,1,8,0,0,0,0,26
140420502,4,8,1,10,0,0,0,1,24
140420503,2,13,1,6,0,0,0,0,22
140420504,5,18,0,19,1,0,0,0,43
140420505,3,14,1,12,0,0,0,0,30
140420506,2,20,1,10,0,0,0,0,33
140420507,2,9,1,28,0,0,0,0,40
140420508,10,46,0,19,4,1,0,0,80
140420509,5,26,0,22,1,0,0,1,55
140420510,36,96,15,28,0,0,0,1,176
140420511,12,112,36,15,0,0,0,0,175
140420512,18,134,19,47,4,0,0,0,222
140420513,41,114,39,17,0,0,0,3,214
140420514,40,193,6,28,1,0,0,0,268
140420515,37,108,11,29,2,0,0,0,187
140420516,40,122,15,20,0,0,0,0,197
140420517,53,140,71,54,0,0,0,0,318
140420601,5,197,2,55,4,0,0,2,265
140420602,18,191,12,15,1,0,0,6,243
140420603,35,270,7,21,3,0,0,5,341
140420604,93,194,6,3,4,0,0,9,309
140420605,65,207,7,12,0,2,1,1,295
140420606,67,258,6,6,0,0,0,0,337
140420607,75,143,6,14,3,0,0,1,242
140420608,107,288,13,11,0,0,0,5,424
140420609,62,201,14,23,2,1,0,2,305
140420610,48,140,1,11,0,0,0,6,206
140420611,75,195,10,14,3,0,0,4,301
140420612,57,111,3,6,0,0,0,1,178
140420613,115,182,0,4,1,0,0,0,302
140420614,81,204,5,4,0,1,0,2,297
140420615,28,237,2,44,2,0,2,2,317
140420616,31,177,166,7,0,0,0,1,382
140420617,56,198,29,10,5,0,0,0,298
140420618,18,150,4,31,1,0,0,0,204
140420619,58,115,2,2,1,0,0,0,178
140420620,23,139,1,15,0,0,0,0,178
140420621,30,151,186,46,3,0,0,0,416
140420701,20,309,2,41,4,0,0,1,377
140420702,20,277,5,13,2,0,0,8,325
140420703,18,368,2,16,2,0,0,2,408
140420704,84,201,6,0,0,0,0,3,294
140420705,100,255,10,6,1,0,0,2,374
140420706,79,167,7,2,1,0,0,1,257
140420707,35,263,8,6,0,0,0,1,313
140420708,37,253,7,12,1,0,0,1,311
140420709,74,255,4,13,0,0,1,1,348
140420710,31,257,38,17,0,0,0,1,344
140420711,61,173,322,23,3,0,1,4,587
140420712,6,231,4,15,0,0,0,0,256
140420713,58,164,5,11,9,0,0,2,249
140420714,47,114,2,5,0,0,0,0,168
140420715,44,192,54,45,1,0,0,3,339
140420801,99,114,0,11,0,0,0,1,225
140420802,28,127,0,4,1,0,0,1,161
140420803,111,192,8,16,0,0,0,1,328
140420804,50,118,1,5,0,0,0,2,176
140420805,50,214,18,18,0,0,0,2,302
140420806,55,167,18,4,0,0,0,2,246
140420807,45,202,31,4,0,0,0,1,283
140420808,69,120,20,5,0,0,0,0,214
140420809,119,120,40,0,0,0,1,1,281
140420810,81,255,3,9,1,0,0,0,349
140420811,71,148,4,4,1,0,0,0,228
140420812,36,277,7,4,1,0,0,2,327
140420813,28,131,9,7,2,0,0,0,177
140420814,46,200,6,2,0,0,0,0,254
140420815,23,232,5,16,2,0,0,13,291
140420816,26,200,2,44,0,0,0,4,276
140420817,38,130,23,1,0,0,0,0,192
140420818,31,153,90,4,0,0,0,0,278
140420819,50,237,87,35,3,0,0,4,416
140420820,60,130,10,3,2,0,0,0,205
140420821,64,111,5,4,0,0,0,0,184
140420822,6,186,1,2,0,0,0,1,196
140420823,24,199,15,3,1,0,0,0,242
140420901,14,171,4,44,3,0,0,2,238
140420902,81,209,7,5,0,0,0,3,305
140420903,58,172,14,4,0,0,0,4,252
140420904,24,175,6,31,1,0,1,4,242
140420905,11,204,44,48,0,0,1,4,312
140420906,38,222,36,14,0,0,0,10,320
140420907,23,141,38,4,0,0,0,2,208
140420908,56,137,7,2,3,0,0,1,206
140420909,73,272,10,17,2,0,0,6,380
140420910,37,149,1,19,2,0,0,0,208
140420911,44,147,2,5,1,0,0,1,200
140420912,20,95,5,3,0,0,0,0,123
140420913,41,190,9,18,1,1,0,0,260
140420914,83,221,14,7,0,1,0,2,328
140420915,86,139,26,2,0,0,0,0,253
140420916,22,133,114,18,0,0,0,1,288
140420917,31,158,38,20,2,1,0,0,250
140420918,26,187,17,6,1,0,0,0,237
140420919,85,185,9,8,1,0,1,0,289
140420920,69,136,5,8,0,0,0,38,256
140420921,45,189,7,17,4,0,1,5,268
140420922,39,154,2,3,0,0,0,2,200
140420923,38,134,3,8,2,0,0,4,189
140420924,30,166,2,15,0,0,0,0,213
140420925,94,98,19,7,3,0,0,0,221
140421001,16,10,0,24,2,0,0,0,52
140421002,11,16,2,15,2,0,0,0,46
140421003,2,0,0,1,0,0,0,0,3
140421004,12,9,1,5,0,0,0,0,27
140421005,16,11,0,11,0,0,0,1,39
140421006,6,10,0,10,0,0,0,0,26
140421007,3,16,0,8,0,0,0,0,27
140421008,95,81,14,29,2,0,0,5,226
140421009,61,132,15,63,2,0,0,2,275
140421010,47,131,23,33,2,0,0,0,236
140421011,82,86,3,9,0,1,0,3,184
140421012,113,108,44,9,2,0,0,2,278
140421013,79,118,8,10,0,0,0,1,216
140421014,94,88,16,14,0,0,0,1,213
140421015,137,95,33,4,0,0,0,1,270
140421016,82,168,39,52,4,0,0,5,350
140421101,17,115,85,12,1,0,0,1,231
140421102,60,135,27,2,0,0,0,0,224
140421103,12,114,96,34,2,0,0,0,258
140421104,32,139,77,4,0,0,0,0,252
140421105,29,247,17,28,2,0,0,2,325
140421106,45,156,7,10,0,0,0,1,219
140421107,14,372,6,41,2,0,0,3,438
140421108,49,290,13,35,2,0,6,6,401
140421109,18,255,53,14,1,0,3,20,364
140421110,33,197,42,13,4,0,0,0,289
140421111,20,220,38,8,1,0,0,3,290
140421112,18,253,18,4,0,0,0,1,294
140421113,31,150,13,5,1,1,0,2,203
140490101,0,34,0,1,1,0,4,0,40
140490102,1,30,0,6,0,0,6,3,46
140490103,3,52,0,4,0,0,3,0,62
140490104,1,27,2,4,0,0,3,0,37
140490105,3,25,0,4,0,0,19,0,51
140490106,0,12,0,1,0,0,10,0,23
140490107,0,13,2,8,0,0,2,0,25
140490108,4,37,4,10,1,0,0,3,59
140490109,6,74,6,12,2,1,4,4,109
140490110,0,9,0,8,1,0,0,0,18
140490111,12,83,25,8,0,0,2,0,130
140490112,2,96,11,8,2,0,2,1,122
140490113,11,255,14,32,1,0,0,2,315
140490114,10,189,9,18,3,0,1,1,231
140490115,10,135,30,4,0,0,1,2,182
140490116,7,293,1,39,2,1,6,12,361
140490201,20,133,2,36,2,0,5,2,200
140490202,1,32,0,7,0,1,4,0,45
140490203,1,12,8,10,0,0,3,0,34
140490204,3,42,5,24,0,0,6,1,81
140490205,2,14,3,3,1,0,1,0,24
140490206,0,11,1,10,0,0,4,0,26
140490207,2,41,2,1,1,0,3,2,52
140490208,1,4,0,2,0,1,1,0,9
140490209,3,5,10,6,0,0,1,0,25
140490210,8,11,21,4,1,0,4,1,50
140490211,6,91,14,5,5,0,4,1,126
140490212,0,14,5,7,2,0,0,0,28
140490213,0,34,18,12,1,0,4,0,69
140490214,4,102,2,28,1,1,4,5,147
140490215,2,56,3,23,1,0,0,1,86
140490301,1,143,3,24,1,0,0,0,172
140490302,4,154,3,8,1,0,0,5,175
140490303,10,268,6,24,5,1,0,0,314
140490304,3,141,26,3,0,0,0,1,174
140490305,5,206,7,9,2,0,0,5,234
140490306,1,83,78,0,2,0,0,1,165
140490307,19,154,93,0,1,0,0,0,267
140490308,37,175,6,18,1,0,0,0,237
140490309,37,211,21,33,2,1,0,1,306
140490310,46,147,18,26,3,0,0,0,240
140490311,46,208,50,20,2,0,0,3,329
140490312,16,229,8,10,1,1,0,0,265
140490313,13,182,13,14,1,0,0,1,224
140490314,16,159,9,18,4,0,0,2,208
140490315,26,66,5,24,0,0,0,0,121
140490316,14,172,22,8,0,0,0,0,216
140490317,16,152,14,12,1,0,1,0,196
140490318,36,139,10,43,1,0,0,0,229
140490319,32,259,29,34,3,0,0,1,358
140490320,23,244,18,8,5,0,0,2,300
140490321,12,196,4,2,0,0,0,1,215
140490322,24,271,6,18,2,0,0,5,326
140490323,8,191,3,8,1,0,0,0,211
140490324,27,131,2,5,1,0,1,0,167
140490325,21,164,82,4,1,0,0,0,272
140560101,3,33,2,24,6,1,0,1,70
140560102,4,36,0,22,5,0,0,0,67
140560103,8,34,1,13,0,0,0,0,56
140560104,53,273,36,16,2,0,0,1,381
140560105,58,261,44,24,0,0,0,2,389
140560106,49,227,62,23,1,0,1,3,366
140560107,49,178,30,28,0,0,0,0,285
140560108,40,256,20,26,2,0,0,1,345
140560109,7,214,2,39,1,0,0,0,263
140560110,77,169,3,26,1,0,0,2,278
140560111,23,165,6,53,0,2,1,1,251
140560112,33,183,8,19,1,0,0,0,244
140560113,68,207,22,11,0,0,0,1,309
140560114,38,157,13,14,3,0,0,2,227
140560115,21,129,29,11,1,0,0,1,192
140560116,49,166,13,8,0,0,0,3,239
140560117,34,232,38,54,1,0,0,1,360
140560118,24,165,22,36,0,0,0,1,248
140560201,0,27,0,9,0,0,0,2,38
140560202,5,6,1,8,0,0,0,0,20
140560203,0,5,0,4,0,0,0,0,9
140560204,32,140,34,8,0,0,0,0,214
140560205,82,210,23,8,0,0,0,0,323
140560206,38,248,13,9,0,0,0,1,309
140560207,61,93,1,3,0,0,0,0,158
140560208,68,142,13,9,0,0,0,0,232
140560209,44,174,12,17,0,0,0,4,251
140560210,48,241,37,7,1,0,0,1,335
140560211,47,272,27,15,0,0,0,3,364
140560212,54,262,28,11,0,0,0,1,356
140560213,65,292,106,10,1,0,0,2,476
140560214,40,313,70,23,2,0,0,2,450
140560301,2,1,0,3,0,0,0,0,6
140560302,0,8,0,25,1,0,0,0,34
140560303,14,17,1,31,1,0,0,0,64
140560304,14,23,0,21,1,0,0,0,59
140560305,8,16,3,10,1,0,0,0,38
140560306,2,8,0,2,0,0,0,0,12
140560307,1,5,0,5,0,0,0,0,11
140560308,2,17,0,10,0,0,0,0,29
140560309,4,16,5,17,0,0,0,0,42
140560310,7,27,4,10,0,0,0,0,48
140560311,46,120,62,71,2,0,0,2,303
140560312,81,173,17,17,0,1,0,0,289
140560313,114,202,20,18,0,0,0,0,354
140560314,53,145,18,40,3,0,0,2,261
140560315,75,88,9,24,3,0,0,0,199
140560316,41,165,34,45,4,0,0,1,290
140560317,37,95,30,19,1,0,0,2,184
140560318,14,135,4,34,1,0,0,0,188
140560319,83,175,48,43,3,0,0,1,353
140560320,62,75,44,30,1,0,0,0,212
140560401,0,26,1,7,0,0,0,0,34
140560402,10,16,0,20,0,0,0,0,46
140560403,8,0,0,3,0,0,0,0,11
140560404,4,5,0,3,0,0,0,0,12
140560405,10,7,1,19,1,0,0,0,38
140560406,6,4,1,12,0,1,0,0,24
140560407,119,155,19,86,1,0,0,2,382
140560408,21,61,26,40,0,0,0,4,152
140560409,43,129,4,39,1,0,0,2,218
140560410,36,114,3,43,2,0,0,6,204
140560411,55,116,17,47,1,0,0,1,237
140560412,66,80,6,39,0,0,0,0,191
140560413,63,152,35,42,0,1,0,5,298
140560414,77,146,8,50,6,0,0,3,290
140560415,81,135,12,43,2,1,0,0,274
140560501,2,12,0,10,2,0,0,0,26
140560502,1,11,3,6,0,0,0,0,21
140560503,2,13,0,2,0,0,0,0,17
140560504,3,12,0,30,2,0,0,0,47
140560505,2,1,0,7,0,0,0,0,10
140560506,19,14,2,28,3,0,0,0,66
140560507,3,10,0,45,0,0,0,0,58
140560508,92,88,8,17,0,0,0,0,205
140560509,64,87,21,28,1,0,0,0,201
140560601,25,10,0,26,4,0,0,0,65
140560602,2,12,3,21,0,0,0,0,38
140560603,9,17,0,1,1,0,0,1,29
140560604,3,7,0,10,0,0,0,0,20
140560605,2,5,3,19,1,0,0,0,30
140560606,2,6,1,15,0,0,0,0,24
140560607,6,6,1,11,1,1,0,2,28
140560608,10,22,4,15,0,0,0,0,51
140560609,21,34,5,20,2,0,0,0,82
140560610,27,7,0,8,0,0,0,0,42
140560611,2,13,1,30,9,0,0,2,57
140560612,1,20,2,45,2,0,0,0,70
140560613,0,31,3,34,1,2,0,0,71
140560614,0,12,3,7,0,0,0,0,22
140560615,75,118,9,55,1,0,0,1,259
140560616,75,92,26,35,0,0,0,1,229
140560617,45,162,28,35,0,0,0,0,270
140560618,27,74,13,73,1,0,0,1,189
140560701,65,130,12,23,0,0,1,0,231
140560702,32,158,10,14,3,0,0,1,218
140560703,54,186,33,15,2,0,0,0,290
140560704,59,135,25,26,1,0,0,1,247
140560705,40,116,9,33,0,0,0,0,198
140560706,25,247,26,39,2,0,0,1,340
140560707,48,129,6,29,1,0,0,0,213
140560708,121,180,20,29,0,0,0,0,350
140560709,56,284,20,38,0,1,0,1,400
140560710,17,171,24,10,2,0,0,4,228
140560711,61,260,17,14,1,0,0,2,355
140560712,57,275,1,64,10,0,0,2,409
140560713,26,178,4,96,8,1,0,4,317
140560714,27,167,9,26,0,0,0,1,230
140630101,4,14,0,11,1,0,0,0,30
140630102,2,16,0,11,0,0,0,0,29
140630103,3,11,1,7,1,0,0,0,23
140630104,0,8,0,4,0,0,0,0,12
140630105,3,8,0,6,0,0,0,1,18
140630106,5,19,1,11,1,0,0,0,37
140630107,2,13,0,2,0,0,0,0,17
140630108,0,15,0,4,0,0,0,0,19
140630109,46,177,23,29,1,0,0,2,278
140630201,12,12,1,4,0,2,0,0,31
140630202,6,45,0,17,2,0,0,0,70
140630203,11,8,3,7,0,0,0,1,30
140630204,6,10,0,14,0,0,0,0,30
140630205,3,7,0,4,1,0,0,1,16
140630206,10,12,0,11,0,0,0,0,33
140630207,5,17,1,6,0,0,0,0,29
140630208,2,20,1,10,0,0,0,0,33
140630209,0,19,0,5,0,0,0,0,24
140630210,9,20,2,5,0,0,0,1,37
140630211,10,6,0,11,2,0,0,0,29
140630212,93,133,62,37,9,0,0,1,335
140630213,85,112,16,52,3,0,0,0,268
140630214,83,48,12,44,0,0,0,17,204
140630215,49,36,3,41,12,0,0,1,142
140630301,0,5,3,5,1,0,0,0,14
140630302,4,14,11,8,0,0,0,0,37
140630303,29,31,3,41,3,0,0,1,108
140630304,63,80,63,41,1,0,0,1,249
140630305,118,83,46,21,2,0,0,2,272
140630306,121,96,58,32,4,0,0,1,312
140630307,87,114,19,25,2,0,0,0,247
140630308,105,85,21,35,8,0,0,2,256
140630309,96,40,24,38,0,0,0,0,198
140630310,82,57,47,34,1,0,0,1,222
140630311,67,69,96,42,3,1,0,5,283
140630401,6,3,0,3,0,0,0,0,12
140630402,8,11,1,2,0,0,0,1,23
140630403,8,1,1,4,0,0,0,0,14
140630404,7,13,0,3,0,0,0,0,23
140630405,19,7,0,3,1,0,0,0,30
140630406,7,2,0,0,0,0,0,0,9
140630407,114,137,10,49,1,9,0,2,322
140630408,110,92,40,22,2,0,0,0,266
140630409,74,93,7,16,1,0,0,0,191
140630410,78,90,12,16,0,0,0,0,196
140630411,65,72,46,8,1,0,0,1,193
140630412,48,75,30,13,1,0,0,0,167
140630413,153,125,19,32,2,0,0,1,332
140630414,78,100,51,26,8,0,0,0,263
140630415,78,58,21,48,6,0,0,1,212
140630501,34,13,2,17,0,0,0,0,66
140630502,12,19,3,18,0,0,0,0,52
140630503,12,7,1,7,0,0,0,0,27
140630504,79,81,6,15,3,0,0,1,185
140630505,112,115,32,13,3,0,0,7,282
140630506,108,60,96,11,1,0,0,0,276
140630507,96,70,42,19,4,0,0,0,231
140630508,92,107,12,66,1,0,0,4,282
140630509,79,45,29,39,1,0,0,0,193
140630510,86,110,73,76,3,0,0,3,351
140630511,72,100,18,25,4,0,0,2,221
140630512,93,51,3,41,0,0,0,0,188
140630513,128,90,20,50,0,0,0,0,288
140630514,112,89,25,34,0,0,0,1,261
140630515,105,134,58,37,1,1,0,4,340
140630516,99,109,16,67,3,0,0,2,296
140630517,48,53,3,23,2,0,0,2,131
140630601,3,1,0,0,1,0,0,0,5
140630602,1,0,1,2,0,0,0,0,4
140630603,8,26,2,7,1,0,0,0,44
140630604,4,18,1,8,0,0,0,7,38
140630605,6,3,0,11,0,0,0,0,20
140630606,7,12,3,6,3,0,0,0,31
140630607,97,136,25,32,1,0,0,0,291
140630608,91,82,31,6,6,0,0,3,219
140630609,118,106,21,42,0,0,0,9,296
140630610,117,80,31,20,0,0,0,4,252
140630611,139,98,42,24,2,0,0,1,306
140630612,63,125,17,21,2,0,0,0,228
140630613,103,135,18,35,2,0,0,0,293
140630614,46,34,19,36,6,0,0,1,142
140630615,94,95,38,24,2,0,0,0,253
140630701,26,8,3,54,5,0,0,4,100
140630702,26,1,0,19,4,0,0,0,50
140630703,9,16,1,4,5,0,0,0,35
140630704,6,14,1,7,0,0,0,0,28
140630705,4,12,1,24,0,0,0,0,41
140630706,118,76,31,27,3,0,1,24,280
140630707,62,137,18,25,4,0,0,17,263
140630708,129,123,32,26,2,0,0,0,312
140630709,167,99,16,20,5,0,0,1,308
140630710,25,30,2,58,4,0,0,1,120
140630711,26,111,2,77,0,1,0,0,217
140630801,0,10,1,13,0,0,0,0,24
140630802,3,17,0,10,1,0,0,0,31
140630803,7,20,2,14,1,0,0,0,44
140630804,1,7,5,42,0,0,0,0,55
140630805,4,5,2,9,0,0,0,0,20
140630806,0,13,2,6,0,0,0,0,21
140630807,20,76,5,43,0,0,0,7,151
140630808,92,100,31,22,1,0,0,2,248
140630809,33,157,12,16,1,0,0,0,219
140630810,31,161,18,28,1,0,0,0,239
140630811,30,76,46,45,3,0,0,0,200
140630812,70,57,13,63,5,0,0,0,208
140630901,1,11,2,6,0,0,0,1,21
140630902,13,8,2,15,0,0,0,0,38
140630903,14,33,1,24,0,0,0,1,73
140630904,9,18,8,31,0,0,0,0,66
140630905,8,4,0,18,0,0,0,0,30
140630906,0,1,2,18,0,0,0,0,21
140630907,4,6,6,14,2,0,0,0,32
140630908,1,6,1,2,0,0,0,27,37
140630909,2,1,0,53,0,0,0,0,56
140630910,19,100,23,41,8,0,0,0,191
140630911,30,78,32,47,0,0,0,0,187
140630912,36,90,31,66,1,0,0,0,224
140630913,16,87,2,77,0,2,0,1,185
140630914,19,106,40,116,8,1,0,0,290
140630915,69,161,46,54,2,0,0,0,332
140630916,111,149,25,27,0,0,0,0,312
140630917,21,60,3,42,2,0,0,1,129
140630918,60,149,26,42,1,1,0,1,280
140630919,92,64,12,43,3,0,0,0,214
140630920,92,108,20,49,0,0,0,3,272
140630921,67,140,7,83,4,0,0,0,301
140630922,51,171,1,125,3,0,0,2,353
140630923,35,117,18,15,1,0,0,3,189
140631001,39,79,1,44,2,0,0,0,165
140631002,35,241,10,18,2,0,0,2,308
140631003,92,206,33,19,2,0,0,1,353
140631004,32,126,60,11,0,0,0,0,229
140631005,35,145,11,2,1,0,0,0,194
140631006,82,156,11,13,0,0,0,0,262
140631007,69,216,59,11,1,0,0,0,356
140631008,93,116,11,12,1,0,0,2,235
140631009,53,175,8,15,4,0,0,1,256
140631010,43,152,5,22,1,0,0,0,223
140631011,90,116,6,25,1,0,0,0,238
140631012,52,239,8,42,2,1,0,0,344
140631013,46,265,11,52,1,0,0,6,381
140631101,111,91,139,20,2,1,0,2,366
140631102,124,124,15,18,0,0,0,2,283
140631103,77,91,29,13,1,0,0,3,214
140631104,73,145,9,28,4,0,0,9,268
140631105,154,151,51,11,1,2,0,4,374
140631106,71,97,14,15,2,0,0,0,199
140631107,97,58,52,33,1,0,0,7,248
140631108,94,89,9,26,2,3,0,3,226
140631109,58,70,42,22,2,0,0,1,195
140631110,72,142,95,35,5,0,1,5,355
140631111,112,112,12,12,0,0,0,6,254
140631112,88,58,7,2,0,0,0,1,156
140631113,190,97,11,7,0,0,0,1,306
140631114,102,126,7,1,0,0,0,5,241
140631115,107,104,5,7,0,0,0,1,224
140631116,147,187,12,14,0,1,0,9,370
140631201,77,122,9,13,3,0,0,3,227
140631202,111,80,8,8,0,0,0,0,207
140631203,154,91,7,6,0,0,0,2,260
140631204,101,60,4,1,0,0,0,5,171
140631205,105,168,61,21,1,0,0,4,360
140631206,69,222,2,23,1,0,0,2,319
140631207,89,166,5,21,0,0,0,0,281
140631208,93,141,4,16,0,0,0,6,260
140631209,129,179,3,26,1,0,0,3,341
140631210,98,165,50,29,6,0,0,6,354
140631211,85,153,33,13,3,0,0,1,288
140631212,76,202,6,21,1,0,0,1,307
140631213,74,156,13,18,1,0,0,2,264
140631214,171,144,1,12,0,0,0,0,328
140631215,72,184,17,28,2,0,0,16,319
140631216,81,158,31,19,0,0,0,3,292
140631301,72,158,9,98,6,0,0,8,351
140631302,76,68,0,56,2,0,0,3,205
140631303,120,157,8,35,7,0,0,12,339
140631304,108,90,14,28,4,0,0,0,244
140631305,184,166,37,30,5,0,0,2,424
140631306,130,111,16,27,0,0,0,0,284
140631307,89,59,7,12,10,0,0,0,177
140631308,97,136,18,11,3,0,0,1,266
140631309,189,118,27,9,0,0,0,0,343
140631310,36,59,23,34,4,0,1,1,158
140631311,89,118,16,5,3,0,0,1,232
140631312,84,77,10,21,0,0,0,11,203
140631313,71,59,23,37,2,0,0,0,192
140631314,155,84,20,33,1,0,0,0,293
140700101,6,38,1,8,13,0,17,1,84
140700102,5,11,3,2,0,0,14,0,35
140700103,15,73,0,7,1,0,4,6,106
140700104,5,13,1,4,2,0,13,1,39
140700105,1,70,0,18,0,0,17,0,106
140700201,8,22,0,10,1,0,5,1,47
140700202,0,14,0,8,0,0,16,0,38
140700203,5,30,1,20,1,0,29,6,92
140700204,3,16,0,1,1,0,9,0,30
140700205,4,41,0,8,2,1,23,1,80
140700206,7,59,1,8,2,0,18,0,95
140700207,1,57,0,4,0,0,1,0,63
140700208,0,18,0,7,1,0,11,0,37
140700209,5,19,1,12,0,0,10,1,48
140700210,13,48,0,16,1,1,7,2,88
140700211,4,62,14,9,0,0,0,3,92
140700212,7,109,15,3,0,0,0,1,135
140700213,30,204,25,17,1,0,2,1,280
140770101,0,1,0,3,0,1,8,0,13
140770102,0,1,0,0,0,0,6,1,8
140770103,1,4,0,0,0,0,35,4,44
140770104,3,1,0,5,2,0,13,0,24
140770105,1,9,0,2,1,0,32,0,45
140770106,1,5,0,2,0,0,33,5,46
140770107,2,2,0,2,0,0,15,23,44
140770108,0,7,1,11,1,0,4,2,26
140770109,2,5,0,13,0,0,10,1,31
140770110,23,57,3,3,1,0,32,3,122
140770201,0,34,0,13,1,1,1,0,50
140770202,3,61,4,10,0,0,5,0,83
140770203,3,37,3,47,0,2,26,6,124
140770204,9,76,1,80,2,1,17,4,190
140770205,7,38,4,2,0,0,2,2,55
140770206,1,12,0,3,0,0,1,1,18
140770207,3,26,0,15,1,0,8,3,56
140770208,0,32,1,12,2,2,5,4,58
140770209,1,19,1,6,0,0,5,2,34
140770210,20,146,57,7,0,0,0,0,230
140770211,22,157,6,10,0,0,0,1,196
140770212,4,35,7,6,1,0,0,3,56
140770213,1,44,4,3,0,0,0,6,58
140840101,6,2,1,41,0,0,0,0,50
140840102,4,13,2,30,0,0,0,0,49
140840103,9,18,0,16,6,0,0,0,49
140840104,0,1,2,14,1,0,0,1,19
140840105,2,4,1,14,1,0,0,0,22
140840106,86,167,18,83,1,1,0,0,356
140840107,109,81,29,42,1,0,0,2,264
140840108,155,158,12,55,3,1,0,0,384
140840109,48,136,49,61,3,0,0,1,298
140840110,35,138,12,95,1,0,0,2,283
140840111,53,135,18,82,3,2,0,3,296
140840201,0,6,2,11,1,0,0,4,24
140840202,0,9,0,18,0,0,0,0,27
140840203,1,6,0,15,0,0,0,2,24
140840204,0,16,0,28,2,0,0,0,46
140840205,1,12,1,12,2,0,0,0,28
140840206,1,22,0,34,1,0,0,0,58
140840207,7,6,3,29,0,0,0,0,45
140840208,8,8,0,18,2,1,0,1,38
140840209,37,26,6,52,2,0,0,0,123
140840210,54,116,39,71,1,0,0,0,281
140840301,2,6,2,20,1,0,0,0,31
140840302,0,10,1,36,1,0,0,0,48
140840303,0,3,0,22,1,0,0,1,27
140840304,4,7,1,12,2,0,0,0,26
140840305,1,5,0,27,9,0,0,0,42
140840306,1,0,1,20,0,0,0,0,22
140840307,5,5,1,14,0,0,0,0,25
140840308,6,12,1,7,4,0,0,0,30
140840309,10,9,0,8,2,0,0,0,29
140840310,0,2,1,19,0,0,0,0,22
140840311,3,5,0,9,1,0,0,0,18
140840312,2,5,0,25,1,0,0,0,33
140840313,45,77,18,68,2,2,0,0,212
140840314,32,87,17,85,3,0,1,0,225
140840315,21,61,16,76,0,1,0,0,175
140840316,23,42,2,85,2,0,0,3,157
140840401,0,10,2,27,2,0,0,0,41
140840402,3,7,0,41,3,0,0,0,54
140840403,0,1,2,11,0,0,0,0,14
140840404,15,15,0,44,2,0,0,0,76
140840405,6,21,2,58,1,0,0,0,88
140840406,32,115,23,37,6,0,0,1,214
140840407,27,138,14,48,2,0,0,2,231
140840408,25,117,22,126,3,0,0,0,293
140840409,13,132,58,95,3,0,0,5,306
140840501,24,180,10,43,8,2,0,0,267
140840502,23,112,1,60,1,0,0,0,197
140840503,4,90,1,97,10,1,0,0,203
140840504,18,127,18,158,7,0,0,0,328
140840505,15,170,20,51,1,0,0,1,258
140840506,61,120,11,50,2,0,0,1,245
140840507,42,136,3,64,4,0,0,0,249
140840508,75,179,5,80,5,0,0,2,346
140840509,22,137,12,75,10,0,0,0,256
140840510,41,113,6,54,3,0,0,0,217
140840511,49,147,12,75,2,0,0,1,286
140840512,67,190,11,33,7,0,0,3,311
140840513,51,150,17,38,1,0,0,0,257
140840514,33,250,20,58,3,1,0,0,365
140840515,45,154,17,51,4,0,0,0,271
140840516,81,172,14,40,5,0,0,0,312
140840517,32,141,7,32,2,0,0,0,214
140840518,40,154,10,39,2,0,0,0,245
140840519,67,107,3,58,3,0,0,0,238
140840520,37,96,13,42,1,0,0,0,189
140840521,54,163,3,71,3,0,0,1,295
140840522,55,164,21,42,1,0,0,0,283
140840523,48,157,9,45,1,0,0,0,260
140840524,14,137,28,46,1,0,0,3,229
140840525,50,145,1,6,1,0,0,0,203
140840526,23,109,60,16,1,0,0,0,209
140840527,33,114,6,21,1,0,0,0,175
140910101,48,117,15,36,6,0,3,6,231
140910102,13,59,10,36,0,0,0,1,119
140910103,26,121,36,33,3,1,1,1,222
140910104,35,65,35,84,5,1,3,5,233
140910105,16,19,19,35,1,0,1,1,92
140910106,20,92,71,38,0,2,0,1,224
140910107,36,97,53,50,3,1,0,1,241
140910108,65,116,37,28,0,0,0,1,247
140910109,16,66,30,37,1,1,0,0,151
140910110,20,78,81,22,1,0,0,2,204
140910111,21,61,45,43,4,0,0,1,175
140910112,18,94,49,39,2,0,0,3,205
140910113,33,113,93,30,3,0,0,1,273
140910114,43,142,35,24,3,0,0,0,247
140910115,14,33,13,40,0,0,0,6,106
140910116,22,115,48,27,2,0,0,1,215
140910117,17,71,23,36,1,0,1,4,153
140910118,16,74,59,78,3,0,0,2,232
140910119,17,34,30,54,5,0,1,4,145
140910201,1,53,4,27,2,0,4,1,92
140910202,0,13,4,18,0,0,1,3,39
140910203,2,21,30,15,2,0,0,9,79
140910204,11,7,6,23,1,0,1,1,50
140910205,1,1,0,2,0,0,0,0,4
140910206,1,9,2,9,0,0,2,1,24
140910207,0,1,0,3,0,0,0,0,4
140910208,0,2,0,3,1,0,0,0,6
140910209,30,113,54,58,9,1,1,1,267
140910210,21,97,66,59,1,0,1,5,250
140910211,9,21,46,21,2,0,0,0,99
140910212,1,1,1,1,0,0,0,0,4
140910301,0,1,0,5,0,0,0,0,6
140910302,3,2,5,4,1,0,0,0,15
140910303,18,60,57,76,2,0,2,3,218
140910304,36,166,43,38,6,0,1,1,291
140910305,30,68,82,38,3,0,0,3,224
140910306,18,92,44,21,0,1,0,3,179
140910307,27,80,54,40,2,0,0,0,203
140910308,11,110,40,58,1,0,0,4,224
140910309,46,128,84,18,4,0,1,3,284
140910310,27,84,53,27,3,0,0,2,196
140910311,26,52,36,61,2,0,0,3,180
140910401,27,122,46,50,12,0,0,8,265
140910402,14,207,34,19,6,0,0,10,290
140910403,38,127,51,16,1,0,0,3,236
140910404,27,147,45,37,2,0,1,4,263
140910405,33,99,92,32,5,0,0,4,265
140910406,56,84,69,32,2,0,0,0,243
140910407,24,54,221,21,0,0,0,2,322
140910408,38,56,117,13,1,0,0,2,227
140910409,43,126,163,11,0,0,0,2,345
140910410,23,77,40,6,0,0,0,1,147
140910411,26,127,142,23,1,0,0,0,319
140910412,10,56,22,22,0,0,0,0,110
140910413,37,136,154,26,4,0,0,0,357
140910414,29,64,105,26,2,0,0,4,230
140910415,15,128,44,47,3,1,0,9,247
140910416,22,95,40,14,4,0,0,3,178
140910417,29,173,97,22,2,1,0,3,327
140910418,20,66,140,26,0,0,0,0,252
140910419,5,100,30,52,11,0,0,4,202
140910420,30,202,32,22,4,1,0,3,294
140910501,0,3,0,2,0,0,0,0,5
140910502,11,71,45,25,1,0,0,0,153
140910503,19,138,70,16,1,0,0,0,244
140910504,25,164,85,34,1,0,3,4,316
140910505,38,150,42,37,7,0,0,7,281
140910506,17,106,62,14,2,1,0,0,202
140910507,13,47,82,15,0,0,1,3,161
140910508,16,31,35,15,2,0,0,2,101
140910509,18,94,54,21,4,0,0,0,191
140910510,20,106,42,29,3,0,0,0,200
140910601,0,1,0,0,0,0,0,0,1
140910602,6,43,5,36,4,0,2,7,103
140910603,1,11,1,8,1,0,1,0,23
140910604,2,6,0,4,2,0,1,3,18
140910605,0,5,2,13,0,0,1,0,21
140910606,15,174,6,39,11,0,1,8,254
140910607,52,176,23,42,10,0,0,5,308
140910608,48,178,17,42,5,0,0,6,296
140910609,25,96,27,29,1,0,1,0,179
140910610,56,193,49,22,2,0,0,3,325
140910611,11,140,21,36,2,0,1,2,213
140910612,36,117,7,18,1,0,0,1,180
140910613,30,145,10,35,1,0,0,6,227
140910614,26,132,16,19,2,0,0,2,197
140910615,10,103,17,36,3,0,1,3,173
140910616,18,108,18,15,1,0,1,4,165
140910617,13,90,24,54,3,0,4,3,191
140910618,4,68,3,50,3,2,0,12,142
140910701,0,2,3,7,0,0,0,1,13
140910702,16,106,27,43,5,0,0,1,198
140910703,46,229,4,46,5,1,3,3,337
140910704,26,104,85,11,1,0,0,1,228
140910705,17,90,64,28,0,0,0,1,200
140910706,18,60,39,25,4,0,0,5,151
140910707,14,145,101,9,0,0,0,2,271
140910708,24,160,77,11,6,0,0,1,279
140910709,46,184,28,56,13,0,0,8,335
140910710,16,119,13,14,1,0,0,4,167
140910711,23,187,39,36,2,0,0,1,288
140910712,42,176,26,39,2,0,0,4,289
140910713,37,298,33,39,0,0,0,5,412
140910714,33,206,7,4,0,0,0,1,251
140910715,18,219,27,84,5,0,0,3,356
140910716,30,170,44,41,1,0,0,2,288
140910717,14,83,11,42,10,1,4,3,168
140910718,28,201,60,12,1,1,1,4,308
140910719,10,124,15,38,0,0,0,2,189
140910720,52,270,38,34,1,1,0,3,399
140910721,40,310,6,34,3,0,0,8,401
140910722,27,219,46,28,7,0,0,5,332
140910723,18,131,13,73,6,0,1,4,246
140910801,0,4,0,7,0,0,0,0,11
140910802,5,28,11,24,3,0,2,1,74
140910803,1,0,1,2,0,0,0,0,4
140910804,7,29,26,31,3,1,0,2,99
140910805,15,53,66,29,2,0,0,1,166
140910806,23,86,68,21,0,0,0,0,198
140910807,25,47,73,25,2,0,1,1,174
140910808,13,69,11,34,3,0,1,3,134
140910809,28,117,51,17,0,0,1,0,214
140910810,22,132,43,19,3,3,1,7,230
140910811,14,51,79,23,3,0,0,1,171
140910812,21,110,36,61,3,3,5,4,243
140910813,32,176,46,48,0,0,8,5,315
140910901,25,91,101,32,2,0,0,4,255
140910902,40,41,54,23,3,0,1,1,163
140910903,28,57,66,3,0,0,0,1,155
140910904,42,128,118,26,4,0,0,7,325
140910905,42,238,36,30,6,0,1,5,358
140910906,40,126,112,12,2,0,0,1,293
140910907,25,150,55,9,4,0,2,4,249
140910908,32,125,87,8,2,0,0,3,257
140910909,41,106,84,3,1,0,0,1,236
140910910,43,76,30,21,0,0,0,0,170
140910911,28,89,9,3,0,0,0,0,129
140910912,29,82,101,4,0,0,0,3,219
140910913,10,155,32,12,2,1,1,2,215
140910914,34,190,46,26,4,0,0,0,300
140910915,15,255,13,30,6,0,6,3,328
140910916,41,157,87,44,6,0,0,11,346
140910917,37,79,101,13,4,0,0,7,241
140910918,30,76,31,0,0,0,0,3,140
140910919,60,69,81,6,1,0,0,0,217
140910920,18,188,35,7,2,1,1,3,255
140910921,48,305,25,27,0,0,2,6,413
140910922,18,305,29,14,3,1,0,16,386
140910923,0,0,0,0,0,0,0,0,0
140911001,40,67,84,9,6,0,3,5,214
140911002,19,79,108,4,0,0,0,2,212
140911003,37,48,134,1,0,0,0,2,222
140911004,53,104,168,12,0,0,0,2,339
140911005,17,41,151,7,0,0,0,3,219
140911006,19,70,186,13,1,0,0,1,290
140911007,35,27,91,1,0,0,0,1,155
140911008,28,84,118,7,2,0,0,0,239
140911009,50,66,98,5,2,0,0,1,222
140911010,15,43,166,11,1,0,1,1,238
140911011,14,96,101,5,0,0,0,2,218
140911012,30,71,105,3,0,0,0,0,209
140911013,49,61,155,7,2,0,0,0,274
140911014,25,62,89,1,0,0,0,1,178
140911015,43,91,99,3,0,0,0,0,236
140911016,61,40,87,4,0,0,0,0,192
140911017,49,71,77,2,0,0,0,0,199
140911018,27,49,133,4,0,0,0,2,215
140911019,13,41,125,2,0,0,0,0,181
140911020,9,36,65,2,0,0,0,0,112
140911101,86,71,47,2,0,0,0,8,214
140911102,25,87,27,19,0,0,0,0,158
140911103,12,28,146,5,0,0,0,0,191
140911104,29,43,113,7,0,0,0,2,194
140911105,55,106,114,7,0,0,1,4,287
140911106,25,66,12,0,0,0,0,1,104
140911107,51,71,24,0,0,0,0,0,146
140911108,24,109,59,6,1,0,0,1,200
140911109,44,114,38,3,0,1,0,2,202
140911110,109,110,95,5,0,0,0,3,322
140911111,83,51,18,3,0,0,0,2,157
140911112,10,63,159,11,2,2,0,0,247
140911113,15,42,120,7,1,0,0,0,185
140911114,17,71,88,2,4,0,0,4,186
140911115,24,88,99,1,1,0,0,8,221
140911116,27,70,76,1,0,0,0,0,174
140911117,35,69,14,1,0,0,0,2,121
140911118,7,69,121,0,1,0,0,0,198
140911201,12,121,157,15,3,2,0,5,315
140911202,38,75,116,4,0,0,0,0,233
140911203,50,101,97,12,1,0,0,1,262
140911204,43,124,111,8,1,1,0,3,291
140911205,53,145,100,13,5,0,0,1,317
140911206,23,94,71,2,0,0,0,2,192
140911207,19,190,36,20,7,0,0,5,277
140911208,31,215,11,72,6,0,4,6,345
140911209,14,148,40,11,2,0,1,2,218
140911210,49,134,65,19,3,0,0,2,272
140911211,32,171,53,20,2,0,0,2,280
140911212,32,57,61,19,2,1,0,3,175
140911213,24,103,75,14,2,0,2,3,223
140911214,41,152,70,8,0,0,1,1,273
140911215,33,118,109,19,1,0,0,3,283
140911216,28,48,57,2,0,0,0,1,136
140911217,22,50,94,12,1,0,0,5,184
140911218,17,90,81,4,0,0,0,2,194
140911219,27,129,101,6,5,0,2,5,275
140911220,30,129,27,33,1,1,0,0,221
140911221,49,119,41,9,0,0,1,1,220
140911222,13,134,68,18,1,0,0,0,234
140911223,26,85,24,34,1,0,1,2,173
140911301,0,1,0,3,0,0,1,0,5
140911302,1,2,1,5,0,0,0,0,9
140911303,3,14,8,2,0,0,0,1,28
140911304,1,0,1,3,0,0,0,0,5
140911305,0,1,0,5,0,0,1,0,7
140911306,0,4,3,1,1,0,0,0,9
140911307,1,1,3,1,0,0,0,0,6
140911308,0,1,0,5,0,0,1,0,7
140911309,11,28,39,24,8,0,1,0,111
140911310,6,35,47,9,2,1,0,0,100
140911311,26,145,75,28,2,2,2,7,287
140911312,9,74,63,19,1,0,0,4,170
140911313,28,166,21,23,5,0,0,0,243
140911314,19,63,39,10,2,1,0,1,135
140911315,29,105,55,28,3,1,0,18,239
140911316,15,38,31,12,2,1,1,1,101
140911317,7,78,19,21,0,0,0,1,126
140911318,6,50,50,8,4,0,0,2,120
140911319,10,35,50,8,3,0,0,1,107
140911320,13,38,41,8,0,0,2,2,104
140911321,8,26,47,8,0,0,0,0,89
140911322,3,32,39,9,0,0,0,1,84
140911323,23,93,41,20,3,0,1,2,183
140911401,1,2,0,5,3,0,3,0,14
140911402,1,10,1,8,0,1,0,1,22
140911403,0,6,1,3,0,0,0,0,10
140911404,0,8,3,6,0,0,0,0,17
140911405,3,5,8,13,1,0,0,2,32
140911406,9,20,50,50,6,0,0,4,139
140911407,22,91,120,60,3,2,1,2,301
140911408,18,120,75,22,2,0,0,0,237
140911409,56,121,36,59,1,2,2,6,283
140911410,36,223,46,46,8,1,0,4,364
140911411,16,89,48,32,6,0,0,0,191
140911412,15,114,29,48,0,1,0,2,209
140911413,25,142,74,37,1,0,1,1,281
140911414,10,45,163,28,2,0,0,2,250
140911415,7,49,79,31,1,0,0,2,169
140911501,0,2,2,1,0,0,0,0,5
140911502,10,70,15,39,4,0,0,3,141
140911503,17,102,45,26,5,1,1,4,201
140911504,17,106,38,32,0,0,1,1,195
140911505,14,68,52,31,2,0,0,2,169
140911506,15,125,33,31,4,0,0,1,209
140911507,14,126,22,41,5,0,0,1,209
140911508,38,92,55,23,4,0,0,1,213
140911509,25,89,68,33,2,0,0,1,218
140911510,25,143,45,28,1,0,0,1,243
140911601,2,0,0,5,0,0,0,0,7
140911602,0,4,1,11,1,0,1,0,18
140911603,0,2,0,1,0,0,0,0,3
140911604,0,0,1,5,2,0,0,0,8
140911605,0,27,4,24,5,1,1,0,62
140911606,2,11,1,7,2,0,1,1,25
140911607,0,3,0,1,0,0,1,0,5
140911608,12,56,32,37,0,1,2,0,140
140911609,14,35,26,46,3,0,3,3,130
140911610,5,24,20,31,1,1,0,2,84
140911701,0,0,2,0,0,0,0,0,2
140911702,0,0,0,1,1,0,0,0,2
140911703,1,6,1,1,0,0,0,0,9
140911704,2,0,0,0,0,0,0,0,2
140911705,1,1,0,0,0,0,0,2,4
140911706,52,104,27,38,7,1,0,7,236
140911707,10,107,19,22,0,0,1,0,159
140911708,33,97,48,15,2,0,0,1,196
140911709,16,117,71,17,1,1,0,1,224
140911710,19,101,15,12,1,0,0,1,149
140911711,34,80,32,23,0,0,0,1,170
140911712,17,66,25,31,1,1,0,1,142
140911713,45,114,62,26,0,3,0,9,259
140911714,23,65,43,25,3,0,0,2,161
140911715,7,58,4,23,3,1,0,2,98
140911801,0,1,0,5,0,0,1,0,7
140911802,0,0,0,2,1,0,0,2,5
140911803,1,2,0,6,1,0,0,1,11
140911804,7,31,7,16,4,1,1,2,69
140911805,2,23,7,13,1,0,1,7,54
140911806,10,34,54,17,0,0,1,1,117
140911807,10,42,17,16,0,0,1,4,90
140911808,26,109,26,25,3,1,1,3,194
140911809,23,64,49,29,3,0,3,0,171
140911810,1,7,24,3,1,0,0,0,36
140911901,4,20,3,13,0,0,1,0,41
140911902,7,12,4,7,2,0,2,0,34
140911903,0,1,0,0,0,0,0,0,1
140911904,0,5,2,6,1,0,0,0,14
140911905,0,6,4,1,0,0,0,0,11
140911906,28,79,42,36,4,0,0,6,195
140911907,21,51,27,19,3,0,1,4,126
140911908,25,86,65,42,4,0,2,1,225
140911909,22,122,16,32,1,1,0,6,200
140911910,27,92,47,24,0,0,1,4,195
140911911,47,147,38,43,6,0,0,4,285
140911912,2,10,20,9,0,0,0,1,42
140911913,16,85,22,52,5,0,1,15,196
140911914,14,70,24,32,4,0,0,3,147
140980101,0,3,0,3,0,0,0,0,6
140980102,0,16,0,1,0,0,0,1,18
140980103,1,28,2,2,0,0,0,0,33
140980104,1,18,0,5,1,0,0,0,25
140980105,0,11,0,2,0,0,0,0,13
140980106,0,9,4,4,1,0,0,0,18
140980107,0,8,0,8,1,0,0,0,17
140980108,9,91,67,9,0,0,0,1,177
140980109,49,117,62,10,0,0,0,2,240
140980110,3,223,6,20,1,0,0,3,256
140980111,20,167,8,14,5,0,0,0,214
140980112,38,145,16,6,0,0,0,0,205
140980113,42,171,14,6,2,0,0,10,245
140980114,34,120,33,23,1,0,1,1,213
140980115,47,126,59,10,2,0,0,0,244
140980116,38,168,28,9,1,0,0,3,247
140980117,25,193,32,28,7,1,1,3,290
140980201,0,8,0,2,0,0,0,0,10
140980202,0,14,2,18,1,0,1,0,36
140980203,4,53,7,18,1,0,0,1,84
140980204,0,41,0,4,0,0,0,0,45
140980205,4,8,5,19,0,0,0,1,37
140980206,0,7,0,11,0,0,0,0,18
140980207,2,6,1,10,0,0,0,0,19
140980208,46,168,26,17,0,0,0,3,260
140980209,10,124,17,33,1,0,1,1,187
140980210,75,148,14,26,0,0,0,2,265
140980211,34,124,137,10,1,0,0,0,306
140980301,1,8,2,6,0,0,1,1,19
140980302,1,12,1,11,0,0,0,1,26
140980303,3,7,0,6,0,0,0,0,16
140980304,30,157,5,53,0,0,0,0,245
140980305,91,144,41,21,2,0,0,0,299
140980306,99,153,42,17,1,0,0,0,312
140980307,75,95,26,15,1,0,0,0,212
140980308,106,149,20,16,4,0,0,0,295
140980309,48,134,11,15,0,0,0,0,208
140980310,39,82,55,22,2,0,0,0,200
140980311,55,137,23,35,1,0,0,0,251
140980401,1,17,1,3,0,0,0,0,22
140980402,9,26,0,14,0,0,0,0,49
140980403,1,15,1,7,0,0,0,0,24
140980404,11,4,2,3,0,0,0,0,20
140980405,6,7,0,8,0,0,0,0,21
140980406,4,27,2,13,0,0,0,0,46
140980407,9,115,38,42,2,0,0,1,207
140980408,29,132,11,55,5,0,0,1,233
140980409,17,53,12,19,0,1,0,0,102
140980501,3,5,1,8,0,0,0,0,17
140980502,2,24,4,29,1,0,0,3,63
140980503,12,1,0,8,2,0,0,0,23
140980504,2,7,1,2,0,0,0,0,12
140980505,15,56,8,30,0,0,0,0,109
140980506,60,55,7,13,0,0,0,0,135
140980507,1,28,1,9,0,0,0,0,39
140980508,9,7,0,4,0,0,0,0,20
140980509,14,25,0,10,0,0,0,1,50
140980510,51,158,8,52,3,0,1,1,274
140980511,74,157,3,11,0,0,0,2,247
140980512,100,162,16,12,1,0,0,1,292
140980513,80,126,7,15,2,0,0,2,232
140980514,46,139,5,8,2,0,0,1,201
140980515,53,108,42,20,2,0,1,0,226
140980516,61,93,21,24,3,0,0,0,202
140980517,92,86,111,7,0,0,0,2,298
140980601,3,4,0,15,1,0,2,0,25
140980602,4,22,3,35,0,0,0,8,72
140980603,3,12,1,29,0,0,0,0,45
140980604,3,5,0,32,2,2,1,0,45
140980605,2,4,0,27,0,0,1,0,34
140980606,2,34,2,11,0,0,1,0,50
140980607,19,28,6,20,1,0,0,1,75
140980608,15,49,3,25,1,0,0,0,93
140980609,6,12,4,14,0,0,0,0,36
140980701,0,5,0,22,0,0,0,0,27
140980702,5,14,2,28,0,0,0,1,50
140980703,10,13,5,18,1,1,0,1,49
140980704,19,26,8,13,3,1,0,0,70
140980705,3,4,1,12,0,0,0,0,20
140980706,10,4,2,10,2,0,0,3,31
140980707,6,41,3,5,0,0,0,0,55
140980708,7,19,0,20,0,1,0,1,48
140980801,2,22,0,24,0,0,0,1,49
140980802,3,14,3,28,0,0,0,1,49
140980803,0,30,4,32,1,0,0,1,68
140980804,8,28,2,31,1,2,0,0,72
140980805,0,7,0,11,1,0,0,1,20
140980806,9,27,1,32,2,0,0,0,71
140980807,7,59,34,69,1,0,0,1,171
140980808,10,146,26,94,1,0,0,3,280
140980809,23,80,8,78,5,0,1,10,205
140980810,5,71,7,60,0,0,0,9,152
140980811,13,22,13,56,2,0,0,0,106
140980901,14,11,0,21,0,0,0,0,46
140980902,14,58,5,63,2,0,0,3,145
140980903,10,26,3,21,0,0,1,0,61
140980904,37,111,0,35,7,1,0,11,202
140980905,46,85,30,68,0,0,0,1,230
140980906,60,102,84,16,2,0,0,1,265
140980907,83,121,13,39,4,0,0,1,261
140980908,48,153,9,33,0,0,0,1,244
140980909,46,147,13,51,0,0,1,2,260
140980910,115,81,5,12,0,1,1,0,215
140980911,26,86,5,1,0,0,0,0,118
140980912,65,217,30,43,1,0,0,9,365
140980913,123,126,12,15,3,0,0,0,279
140980914,83,137,15,24,4,0,0,0,263
140981001,0,10,0,2,0,0,0,0,12
140981002,4,6,1,7,0,0,0,1,19
140981003,9,80,6,70,2,8,0,3,178
140981004,8,23,1,18,1,0,0,0,51
140981005,9,12,5,20,0,0,0,1,47
140981006,5,12,3,17,1,0,0,0,38
140981007,8,21,5,22,0,0,0,0,56
140981008,11,22,8,21,1,1,0,0,64
140981009,19,115,0,30,4,0,0,0,168
140981010,69,92,7,27,1,0,1,5,202
140981011,71,164,33,37,1,0,0,1,307
140981012,90,107,2,19,1,0,0,0,219
140981013,70,148,25,33,5,0,0,1,282
140981014,57,107,38,38,1,0,0,4,245
140981101,32,21,5,27,0,0,0,1,86
140981102,12,47,1,30,3,0,0,0,93
140981103,1,9,0,11,1,0,0,0,22
140981104,3,7,3,9,0,0,0,0,22
140981105,6,14,0,12,0,0,0,0,32
140981106,27,13,1,52,4,0,0,0,97
140981107,14,29,2,20,1,0,0,0,66
140981108,6,14,1,16,1,0,0,0,38
140981109,60,162,15,11,1,0,0,3,252
140981110,41,90,29,30,4,1,0,0,195
140981111,127,99,18,28,2,0,0,1,275
140981201,9,34,2,28,1,0,0,0,74
140981202,15,16,4,47,1,0,0,4,87
140981203,18,51,0,41,1,1,0,1,113
140981204,15,62,3,51,2,0,0,1,134
140981205,5,18,0,11,0,0,0,1,35
140981206,1,33,1,58,0,0,0,4,97
140981207,41,130,67,23,0,0,0,2,263
140981208,82,161,12,7,1,0,0,1,264
140981209,28,129,7,22,0,1,0,0,187
140981210,12,151,9,21,0,0,0,0,193
140981211,32,96,34,13,1,0,0,1,177
140981212,23,99,27,64,0,0,0,1,214
140981301,3,19,4,21,2,0,0,0,49
140981302,6,16,0,24,1,0,0,1,48
140981303,2,5,0,26,8,0,0,0,41
140981304,1,10,0,29,2,0,0,0,42
140981305,3,7,1,22,2,0,0,0,35
140981306,12,0,0,14,3,0,0,0,29
140981307,0,4,0,8,1,0,0,1,14
140981308,0,0,0,32,0,0,0,0,32
140981309,1,25,0,38,1,0,0,0,65
140981310,2,8,1,55,0,1,0,0,67
140981311,22,101,21,85,2,0,1,1,233
140981312,70,119,28,111,0,0,0,1,329
140981313,4,80,13,67,1,0,0,0,165
140981401,1,5,3,48,1,0,0,0,58
140981402,3,10,2,31,0,0,0,0,46
140981403,1,12,0,35,1,1,0,0,50
140981404,2,23,0,29,0,1,0,0,55
140981405,3,20,0,31,1,0,0,0,55
140981406,2,13,0,25,0,0,0,0,40
140981407,2,10,2,19,2,0,0,3,38
140981408,2,8,0,18,0,0,0,3,31
140981409,15,30,16,69,0,0,0,2,132
140981410,56,69,14,127,2,0,0,2,270
140981501,58,184,22,53,4,0,0,2,323
140981502,23,128,9,147,7,1,0,6,321
140981503,105,196,7,27,4,0,0,16,355
140981504,55,129,38,54,2,0,1,10,289
140981505,39,170,5,24,1,0,0,2,241
140981506,41,150,7,14,3,0,0,2,217
140981507,134,128,9,14,1,0,0,2,288
140981508,81,136,10,7,1,0,0,4,239
140981509,35,254,7,33,0,0,0,1,330
140981510,115,200,6,25,0,0,0,0,346
140981511,56,40,128,50,1,0,0,3,278
140981512,44,34,61,25,0,0,0,1,165
140981513,119,216,1,22,0,0,0,1,359
140981514,142,147,24,9,2,0,0,0,324
140981515,114,103,8,20,1,0,0,1,247
140981601,17,210,18,35,1,0,0,2,283
140981602,22,246,34,65,2,1,0,1,371
140981603,30,141,1,19,2,0,0,0,193
140981604,34,148,5,13,3,0,0,4,207
140981605,166,177,33,15,2,0,0,6,399
140981606,30,129,4,11,2,0,0,0,176
140981607,60,139,4,19,0,0,0,3,225
140981608,65,123,0,4,0,1,0,0,193
140981609,106,294,14,13,3,0,0,2,432
140981610,115,238,5,32,5,0,1,0,396
140981611,188,135,12,10,0,0,0,1,346
140981612,145,185,9,3,1,0,0,10,353
140981613,62,114,2,5,0,0,0,3,186
140981614,105,83,1,6,1,0,0,1,197
140981615,87,80,3,4,1,0,0,1,176
140981701,96,273,28,26,2,1,3,7,436
140981702,25,202,5,31,1,0,0,19,283
140981703,70,144,46,33,3,0,0,1,297
140981704,29,119,29,27,2,0,0,2,208
140981705,135,209,31,23,0,1,1,1,401
140981706,48,155,9,20,0,0,0,4,236
140981707,82,97,6,16,0,0,0,3,204
140981708,41,269,2,5,1,0,0,0,318
140981709,57,119,67,5,0,0,0,1,249
140981710,109,124,21,11,1,0,0,0,266
140981711,103,181,28,10,2,0,0,0,324
140981712,95,285,23,19,1,0,1,11,435
140981713,71,183,8,13,0,0,0,1,276
140981801,150,219,27,14,3,0,0,4,417
140981802,137,193,46,21,1,0,0,1,399
140981803,142,236,46,22,0,1,0,7,454
140981804,123,223,6,82,2,0,0,5,441
140981805,84,243,35,14,1,0,0,5,382
140981806,124,151,9,10,1,0,0,0,295
140981807,110,148,39,14,2,0,0,2,315
140981808,105,190,24,8,2,0,0,2,331
140981809,166,141,94,47,0,1,0,2,451
140981810,94,207,51,85,0,0,1,4,442
140981811,123,127,54,15,0,0,0,0,319
140981812,98,180,13,10,3,0,0,1,305
140981813,101,137,5,61,1,0,0,8,313
140981901,16,121,44,13,6,0,1,0,201
140981902,44,250,5,262,25,0,0,9,595
140981903,74,137,4,101,2,1,0,16,335
140981904,19,169,2,40,1,0,0,1,232
140981905,51,119,29,11,0,0,0,3,213
140981906,23,190,2,15,1,0,0,0,231
140981907,65,139,2,10,2,0,0,5,223
140981908,59,183,2,22,2,0,0,0,268
140981909,88,108,3,13,1,0,0,4,217
140981910,95,118,4,14,0,0,0,1,232
140981911,105,184,6,15,0,0,0,2,312
140981912,104,217,5,6,2,0,0,1,335
140982001,63,39,0,12,1,0,0,0,115
140982002,92,80,43,13,0,1,0,1,230
140982003,169,100,14,3,0,0,0,1,287
140982004,63,104,3,9,0,0,0,0,179
140982005,49,79,1,9,0,0,0,1,139
140982006,192,125,2,15,0,0,0,0,334
140982007,87,169,0,0,0,0,0,0,256
140982008,171,182,10,6,2,0,0,2,373
140982009,19,119,0,89,1,0,0,1,229
140982010,181,93,4,12,1,0,0,4,295
140982011,103,76,2,2,0,0,0,0,183
140982012,96,105,3,7,0,0,0,0,211
140982013,88,128,1,4,2,0,0,0,223
140982014,99,124,4,3,0,0,0,0,230
140982015,69,82,3,1,0,0,0,0,155
140982016,161,114,6,2,0,0,0,1,284
140982017,212,98,2,4,0,0,0,0,316
140982018,175,160,7,6,0,0,0,1,349
140982019,40,34,3,13,0,0,0,3,93
140982020,127,72,0,1,0,0,0,0,200
140982021,87,131,13,1,0,0,0,4,236
140982022,165,41,0,3,0,0,0,1,210
140982101,44,164,41,9,1,1,0,1,261
140982102,40,72,30,43,0,0,0,3,188
140982103,159,235,11,13,0,0,0,1,419
140982104,112,119,18,11,0,0,0,0,260
140982105,95,114,19,4,1,0,0,4,237
140982106,125,51,11,11,0,0,0,0,198
140982107,114,111,6,2,0,0,0,0,233
140982108,221,105,16,5,0,0,0,0,347
140982109,153,184,2,0,0,0,0,0,339
140982110,147,139,23,9,0,0,0,10,328
140982111,188,137,5,7,1,0,0,3,341
140982112,46,173,17,15,0,0,3,0,254
140982113,89,169,3,24,0,0,0,2,287
140982114,113,213,4,10,0,0,0,0,340
140982201,148,185,39,23,0,0,1,3,399
140982202,173,180,32,11,1,0,0,0,397
140982203,114,150,64,12,0,0,4,1,345
140982204,50,129,2,11,1,0,0,8,201
140982205,246,137,7,6,0,0,0,2,398
140982206,175,167,12,5,0,0,0,1,360
140982207,120,152,50,12,0,0,0,1,335
140982208,52,197,41,9,2,0,0,3,304
140982209,39,175,28,19,6,0,0,4,271
140982210,25,175,117,35,2,0,1,2,357
140982211,4,29,253,13,0,0,0,0,299
140982212,42,137,3,28,1,0,0,19,230
140982301,159,128,54,12,2,0,0,3,358
140982302,109,121,25,7,0,0,0,3,265
140982303,79,125,7,21,0,0,0,0,232
140982304,172,216,14,11,0,0,0,1,414
140982305,77,90,8,3,0,0,0,0,178
140982306,164,87,7,8,0,0,0,1,267
140982307,53,116,17,8,0,0,0,0,194
140982308,196,118,14,3,1,0,0,0,332
140982309,49,182,12,14,0,0,0,1,258
140982310,120,104,18,10,2,0,0,0,254
140982311,73,159,8,18,0,0,0,4,262
140982312,198,187,17,16,0,0,0,5,423
140982313,80,219,8,23,0,0,0,4,334
140982314,105,96,3,12,2,3,0,1,222
140982401,149,129,6,10,0,0,0,1,295
140982402,135,69,1,5,0,1,0,1,212
140982403,72,50,1,15,0,0,0,0,138
140982404,133,150,9,32,2,0,0,2,328
140982405,189,141,3,30,4,0,0,1,368
140982406,149,180,6,29,7,0,0,4,375
140982407,123,58,4,4,0,0,0,0,189
140982408,100,66,14,19,0,0,0,2,201
140982409,185,114,7,4,1,0,0,0,311
140982410,164,124,5,3,1,0,0,1,298
140982411,201,136,4,19,1,0,0,4,365
140982412,162,136,14,3,0,0,0,0,315
140982413,146,149,18,10,0,1,0,3,327
140982414,213,106,14,22,0,0,0,1,356
140982415,110,93,16,8,1,0,0,1,229
140982416,125,142,4,9,0,0,0,10,290
140982417,169,92,9,30,1,0,0,7,308
140982418,137,84,7,10,0,0,0,0,238
140982419,115,43,5,5,0,0,0,1,169
140982420,129,182,36,9,0,0,0,0,356
140982421,148,87,5,9,0,0,0,2,251
140982501,132,155,4,17,0,0,0,0,308
140982502,127,222,8,13,4,0,0,4,378
140982503,107,156,14,9,1,0,0,3,290
140982504,96,179,1,7,0,0,0,0,283
140982505,113,252,1,5,0,3,0,2,376
140982506,143,224,4,6,0,0,0,1,378
140982507,83,195,31,28,3,1,0,9,350
140982508,43,254,4,13,1,0,0,20,335
140982509,52,164,2,9,1,0,0,5,233
140982510,86,140,3,6,0,3,0,6,244
140982511,65,345,2,12,0,0,0,3,427
140982512,46,329,7,33,2,0,0,0,417
140982601,60,199,11,14,2,0,0,4,290
140982602,78,192,10,16,2,0,0,1,299
140982603,147,257,23,15,0,0,1,4,447
140982604,110,242,11,13,3,0,1,3,383
140982605,26,245,5,13,1,0,0,1,291
140982606,28,213,3,7,0,0,0,0,251
140982607,68,237,2,14,1,0,0,6,328
140982608,100,117,81,10,0,0,0,4,312
140982609,28,157,54,16,2,0,0,3,260
140982610,22,188,2,43,1,0,0,1,257
140982611,21,234,0,14,0,0,0,0,269
140982612,46,146,55,45,0,0,0,0,292
140982613,26,77,49,17,1,0,0,3,173
140982701,37,138,5,178,6,4,0,0,368
140982702,56,160,124,34,6,0,0,1,381
140982703,141,143,63,18,1,0,0,1,367
140982704,59,136,6,22,1,0,0,2,226
140982705,60,113,36,62,3,0,0,0,274
140982706,32,118,79,26,2,0,0,1,258
140982707,73,208,8,44,0,0,1,1,335
140982708,73,108,116,13,1,0,0,0,311
140982801,84,148,60,85,5,0,0,1,383
140982802,48,108,123,45,2,0,0,0,326
140982803,50,91,14,40,1,0,0,0,196
140982804,37,99,10,42,0,0,0,0,188
140982805,25,66,11,107,1,1,0,0,211
140982806,7,122,55,48,0,0,0,0,232
140982807,41,60,6,110,3,0,0,0,220
140982808,41,87,10,43,1,0,0,0,182
140982809,44,124,17,83,2,0,0,4,274
140982810,58,111,11,73,1,0,0,1,255
140982811,30,44,41,67,5,0,0,0,187
140982812,28,137,6,97,5,0,0,1,274
140982901,63,87,63,39,0,0,0,2,254
140982902,41,151,9,81,2,0,1,0,285
140982903,38,57,8,57,0,2,0,1,163
140982904,69,90,6,52,1,0,0,1,219
140982905,31,106,8,45,2,0,0,1,193
140982906,54,122,11,48,0,0,0,0,235
140982907,29,63,16,29,0,0,1,0,138
140982908,64,68,10,24,1,0,0,0,167
140982909,53,84,19,24,0,0,0,3,183
140982910,43,100,48,64,1,0,0,3,259
140982911,66,119,12,32,1,0,0,1,231
140982912,19,138,20,35,2,0,0,3,217
140982913,30,130,35,64,3,0,0,5,267
140982914,37,150,46,73,1,1,1,1,310
141050101,4,61,1,13,1,0,0,2,82
141050102,1,14,0,17,2,0,1,0,35
141050103,4,76,3,36,3,0,1,1,124
141050104,2,13,4,11,0,0,1,3,34
141050105,0,11,2,6,0,0,1,0,20
141050106,7,44,13,12,0,1,1,1,79
141050107,1,28,9,15,1,1,0,1,56
141050108,1,54,19,10,0,1,1,0,86
141050109,5,73,8,34,3,1,1,2,127
141050110,1,38,7,27,0,0,0,0,73
141050111,3,42,8,8,0,0,0,0,61
141050112,15,138,23,12,0,0,0,1,189
141050113,4,141,16,33,1,0,0,1,196
141050114,8,171,41,50,3,0,1,1,275
141050201,4,12,1,8,0,0,1,0,26
141050202,0,13,0,3,0,0,0,0,16
141050203,4,44,1,12,0,0,1,1,63
141050204,2,15,0,12,0,1,0,3,33
141050205,6,58,1,5,1,0,0,0,71
141050206,2,44,0,10,0,2,0,6,64
141050207,2,16,0,6,2,0,0,1,27
141050208,4,44,6,13,1,0,1,1,70
141050209,1,33,8,4,1,0,0,2,49
141050210,1,92,30,12,0,0,0,0,135
141050211,13,185,30,14,3,0,0,2,247
141050212,41,135,20,17,0,0,0,3,216
141050213,8,153,33,12,0,0,1,2,209
141050214,11,208,15,16,3,0,0,1,254
141050215,20,206,69,14,0,0,0,2,311
141050216,48,175,94,34,3,0,1,1,356
141050217,25,183,18,80,2,1,0,3,312
141050301,7,8,1,1,0,0,0,0,17
141050302,4,32,1,6,0,0,1,0,44
141050303,0,40,10,5,0,0,0,0,55
141050304,10,9,0,4,0,0,0,0,23
141050305,3,77,16,13,0,0,0,0,109
141050306,3,13,10,18,0,0,0,0,44
141050307,2,22,3,8,1,0,0,2,38
141050308,4,98,6,25,1,0,3,9,146
141050309,7,289,42,26,0,0,0,3,367
141050310,6,249,22,15,0,0,0,1,293
141050311,25,107,22,5,0,0,0,0,159
141050312,9,189,20,6,1,0,0,3,228
141050313,9,275,16,36,1,0,0,5,342
141050314,10,234,42,27,1,0,0,1,315
141050315,14,266,37,13,0,0,0,2,332
141050316,23,176,75,10,0,0,0,3,287
141050401,0,12,0,0,1,0,0,0,13
141050402,3,29,4,13,0,0,1,0,50
141050403,5,11,1,4,0,0,0,0,21
141050404,4,32,0,14,2,1,1,1,55
141050405,11,11,2,17,2,1,0,0,44
141050406,4,41,2,4,0,0,1,0,52
141050407,9,31,7,17,0,0,0,0,64
141050408,5,20,0,0,1,0,1,0,27
141050409,4,19,2,13,0,0,1,1,40
141050410,6,58,16,16,1,0,0,0,97
141050411,3,14,0,6,0,0,0,0,23
141050412,1,26,3,12,0,0,0,0,42
141050413,1,20,0,10,0,0,0,0,31
141050414,16,105,17,3,0,0,0,0,141
141050415,59,135,30,20,0,0,0,0,244
141050416,8,48,6,21,0,0,0,2,85
141050501,7,28,0,8,0,0,0,0,43
141050502,6,55,6,27,7,0,1,0,102
141050503,14,78,6,140,7,1,1,1,248
141050504,7,91,5,57,2,1,0,3,166
141050505,30,246,48,6,2,0,1,1,334
141050506,25,54,164,0,0,0,0,0,243
141050507,27,178,23,4,0,0,0,2,234
141050508,34,205,55,5,2,0,0,0,301
141050509,9,32,170,0,0,0,0,0,211
141050510,26,197,61,9,0,0,0,1,294
141050511,25,160,19,8,3,0,0,1,216
141050512,37,145,38,3,0,1,0,1,225
141050513,13,87,34,7,0,0,0,0,141
141050514,57,204,14,107,3,0,0,7,392
141050515,30,183,6,28,0,0,0,0,247
141050601,7,48,0,12,1,0,0,0,68
141050602,17,44,0,15,4,0,0,0,80
141050603,4,25,0,28,0,0,0,0,57
141050604,4,71,3,32,2,1,0,0,113
141050605,5,43,1,38,2,0,0,1,90
141050606,25,135,9,4,0,0,0,0,173
141050607,23,149,11,3,0,0,0,0,186
141050608,9,269,15,4,1,0,0,0,298
141050609,54,153,76,15,2,0,0,0,300
141050610,60,244,55,6,0,0,0,1,366
141050611,61,181,48,9,17,0,0,1,317
141050612,39,273,56,15,0,0,0,1,384
141050613,7,76,7,9,0,0,0,0,99
141120101,2,4,1,7,0,0,1,1,16
141120102,0,28,3,5,0,0,3,1,40
141120103,8,28,2,2,0,0,6,0,46
141120104,13,60,4,9,0,0,6,2,94
141120105,4,26,5,6,1,0,1,1,44
141120106,20,42,14,9,0,0,1,0,86
141120107,8,6,3,4,1,0,2,0,24
141120108,2,24,10,8,0,0,3,1,48
141120109,22,151,14,9,2,0,0,0,198
141120110,16,136,34,10,0,0,1,0,197
141120111,14,87,23,9,0,0,0,1,134
141120112,22,233,5,32,0,0,0,1,293
141120113,26,135,25,11,3,0,1,2,203
141120114,1,91,11,6,2,0,0,2,113
141120115,12,100,52,12,0,0,0,0,176
141120201,31,90,12,25,2,0,24,3,187
141120202,2,13,0,2,4,2,0,0,23
141120203,0,13,0,3,0,0,4,0,20
141120204,4,8,1,3,2,0,1,0,19
141120205,1,7,0,1,0,0,10,1,20
141120206,2,8,0,2,1,0,39,0,52
141120207,4,87,11,30,1,0,2,2,137
141120301,1,20,4,5,0,0,4,0,34
141120302,2,63,17,6,1,0,1,1,91
141120303,0,19,0,3,0,0,16,1,39
141120304,12,117,23,15,2,0,15,4,188
141120305,12,16,4,13,0,1,19,7,72
141120306,2,61,16,22,5,1,17,0,124
141120307,2,37,3,2,0,0,22,2,68
141120308,5,21,1,0,0,0,8,1,36
141120309,1,41,2,8,0,0,12,4,68
141120310,10,156,23,10,2,1,3,1,206
141120311,12,130,10,37,2,0,1,0,192
141120312,20,183,22,29,0,1,1,1,257
141120313,25,172,13,22,1,0,1,1,235
141120314,9,30,13,8,0,0,4,2,66
141190101,12,169,3,84,3,0,0,1,272
141190102,3,51,7,10,1,0,0,1,73
141190103,5,29,6,12,0,0,0,0,52
141190104,5,9,3,0,0,0,0,0,17
141190105,21,5,0,0,0,0,0,0,26
141190106,25,153,18,8,0,0,0,1,205
141190107,13,150,17,9,0,0,0,1,190
141190108,13,284,17,14,0,0,0,1,329
141190109,40,266,48,19,0,0,0,3,376
141190110,17,108,21,7,0,0,0,1,154
141190111,17,188,45,4,0,0,0,1,255
141190112,19,253,35,13,0,0,0,4,324
141190113,37,182,23,8,0,0,0,0,250
141190114,33,105,142,2,0,0,0,0,282
141190115,17,208,67,22,1,1,0,1,317
141190201,0,9,2,2,0,0,1,0,14
141190202,1,13,2,5,0,0,0,0,21
141190203,2,5,1,5,1,0,0,0,14
141190204,1,12,0,2,0,0,0,1,16
141190205,16,24,3,10,1,0,0,1,55
141190206,1,2,0,3,0,0,0,2,8
141190207,0,3,1,0,0,0,0,0,4
141190208,1,2,0,1,0,0,0,0,4
141190209,5,14,0,4,0,0,0,0,23
141190210,1,13,0,0,0,1,0,0,15
141190211,1,19,2,4,1,0,0,0,27
141190212,9,97,13,24,2,0,0,3,148
141190213,29,164,98,25,1,0,0,0,317
141190214,16,146,64,15,0,0,1,0,242
141190215,43,130,32,8,0,0,0,0,213
141190301,9,67,8,26,0,0,0,0,110
141190302,9,65,3,8,2,0,1,1,89
141190303,2,51,1,13,1,0,0,3,71
141190304,5,23,5,7,0,0,0,0,40
141190305,5,23,2,2,0,0,0,0,32
141190306,74,184,19,10,0,0,1,3,291
141190307,58,168,39,17,1,0,0,1,284
141190308,54,167,50,12,2,0,0,0,285
141190309,6,66,19,3,0,0,0,2,96
141190310,58,159,12,7,1,0,0,3,240
141190311,79,124,4,18,0,0,0,3,228
141190312,25,86,65,15,8,0,0,0,199
141190313,27,125,57,3,0,0,0,0,212
141190314,84,237,57,11,12,0,0,2,403
141190315,64,200,45,7,2,0,0,0,318
141190316,56,233,34,3,1,0,0,10,337
141190401,1,8,1,3,0,0,0,0,13
141190402,0,24,1,4,0,0,0,1,30
141190403,0,15,0,3,0,0,0,0,18
141190404,1,21,0,7,0,0,0,0,29
141190405,0,10,0,10,0,0,0,0,20
141190406,4,19,3,12,1,0,0,0,39
141190407,5,39,3,12,1,0,0,2,62
141190408,17,27,0,10,1,0,0,0,55
141190409,9,44,1,64,1,0,0,1,120
141190410,60,181,46,80,3,0,0,4,374
141190411,55,232,84,19,2,0,0,0,392
141190412,35,139,65,10,2,0,0,0,251
141190413,63,202,33,48,1,0,0,2,349
141190414,56,188,19,27,3,0,0,0,293
141190415,26,170,11,22,2,0,0,2,233
141190416,25,137,30,15,0,0,0,0,207
141190417,19,119,57,14,0,0,0,3,212
141190418,57,204,77,43,7,0,0,1,389
141190419,25,200,17,29,9,0,0,0,280
141190420,31,187,37,15,0,0,0,1,271
141190501,2,45,2,22,0,0,0,11,82
141190502,2,6,1,4,1,0,0,1,15
141190503,3,35,16,9,2,0,0,0,65
141190504,11,46,4,10,0,0,0,0,71
141190505,8,19,7,3,1,0,0,0,38
141190506,2,16,4,12,0,0,0,0,34
141190507,0,6,0,3,2,0,0,0,11
141190508,3,18,4,12,0,0,0,0,37
141190509,3,10,0,3,0,0,0,0,16
141190510,3,8,1,4,0,0,0,0,16
141190511,19,189,32,29,1,0,0,2,272
141190512,17,157,51,38,1,0,1,7,272
141190513,28,151,23,14,0,0,0,5,221
141190514,57,151,66,19,1,0,0,5,299
141190515,29,114,95,0,0,0,0,0,238
141190601,41,277,25,6,0,0,0,1,350
141190602,46,271,16,5,1,0,0,3,342
141190603,29,217,39,9,0,0,0,2,296
141190604,60,177,8,3,0,0,0,0,248
141190605,47,279,52,6,0,0,0,0,384
141190606,11,332,24,7,0,0,0,3,377
141190607,26,250,15,12,2,0,1,2,308
141190608,38,164,9,9,0,0,0,5,225
141190609,26,207,14,6,0,0,0,2,255
141190610,14,200,14,15,2,0,1,2,248
141190611,48,196,7,25,1,0,0,6,283
141190612,25,224,15,18,1,0,0,0,283
141190613,22,182,26,3,0,0,0,0,233
141190614,29,113,15,1,1,0,0,0,159
141190615,16,178,24,1,1,0,0,0,220
141190616,10,141,77,5,1,0,0,1,235
141190617,5,36,170,5,0,0,0,2,218
141190618,54,174,23,2,1,0,0,0,254
141190619,12,208,70,3,1,0,0,1,295
141190620,19,249,7,10,1,0,0,1,287
141190621,19,248,11,8,0,0,0,3,289
141190701,21,234,26,19,3,0,0,1,304
141190702,68,191,26,15,0,0,0,3,303
141190703,88,297,30,13,3,0,1,12,444
141190704,16,284,52,9,1,0,0,1,363
141190705,24,230,82,4,0,0,0,2,342
141190706,48,221,84,4,1,0,0,3,361
141190707,40,200,51,9,3,0,0,3,306
141190708,28,219,29,37,1,1,0,3,318
141190709,14,223,48,8,2,0,0,0,295
141190710,36,274,34,8,1,0,0,0,353
141190711,10,160,54,3,0,0,0,1,228
141190712,34,196,20,5,2,0,0,3,260
141190713,13,215,12,28,1,0,0,2,271
141190714,37,162,2,13,1,0,0,0,215
141190801,12,249,8,16,0,0,0,2,287
141190802,23,163,19,6,0,0,0,1,212
141190803,22,121,35,11,2,0,0,2,193
141190804,20,190,22,7,0,0,0,2,241
141190805,58,137,33,8,0,0,0,1,237
141190806,46,136,21,4,0,0,0,8,215
141190807,40,151,31,5,0,0,1,0,228
141190808,94,218,31,2,0,1,0,1,347
141190809,70,216,26,16,1,0,0,2,331
141190810,42,228,46,15,0,0,0,0,331
141190811,71,214,14,3,0,0,0,0,302
141190812,56,241,16,12,1,0,0,0,326
141190813,68,171,45,10,1,0,0,3,298
141190814,40,189,51,12,2,0,0,4,298
141190815,21,298,64,7,2,0,0,10,402
141190816,45,180,15,4,0,0,0,0,244
141190817,26,143,44,24,2,1,0,1,241
141190901,34,171,31,8,2,0,0,2,248
141190902,35,233,11,6,1,0,0,1,287
141190903,49,119,4,6,2,0,1,0,181
141190904,90,135,7,10,0,0,0,2,244
141190905,47,168,31,7,1,0,1,1,256
141190906,51,159,9,3,0,0,0,4,226
141190907,84,99,21,3,0,0,0,2,209
141190908,58,151,23,7,1,0,0,1,241
141190909,56,191,21,3,1,0,0,1,273
141190910,72,80,23,2,0,0,0,1,178
141190911,41,172,72,4,0,0,1,5,295
141190912,59,203,97,10,2,0,0,3,374
141190913,73,88,15,8,0,0,0,0,184
141190914,62,211,42,4,0,0,0,0,319
141190915,35,177,16,0,1,0,0,2,231
141190916,15,205,79,7,1,0,0,1,308
141190917,42,211,85,8,0,0,1,2,349
141260101,3,34,3,2,0,0,2,0,44
141260102,3,37,1,2,1,0,2,1,47
141260103,6,23,2,8,2,0,5,1,47
141260104,3,4,0,36,1,0,8,0,52
141260105,0,2,0,9,0,0,0,1,12
141260106,0,10,0,19,0,0,3,0,32
141260107,1,24,2,5,0,0,10,2,44
141260108,4,33,7,3,0,0,3,3,53
141260109,9,88,5,10,2,0,4,1,119
141260201,4,3,1,3,0,0,29,7,47
141260202,2,0,0,2,0,0,4,1,9
141260203,5,6,0,3,4,0,13,2,33
141260204,3,30,0,3,0,0,19,5,60
141260205,0,4,0,1,1,0,12,6,24
141260206,5,132,0,23,1,0,56,6,223
141260207,2,22,1,2,0,0,6,1,34
141260208,20,119,1,12,0,0,9,4,165
141260301,0,5,2,6,0,0,3,0,16
141260302,0,2,0,1,0,0,0,0,3
141260303,7,66,10,25,0,1,4,2,115
141260304,6,199,16,35,0,3,7,1,267
141260305,3,31,0,3,0,0,5,4,46
141260306,0,22,1,12,0,0,4,1,40
141260307,28,135,13,10,3,0,2,0,191
141260308,15,199,24,8,2,0,0,3,251
141260309,10,126,17,10,0,0,0,2,165
141260310,13,82,23,6,0,0,0,1,125
141260311,16,195,31,12,0,0,1,5,260
141260312,15,166,50,11,0,0,0,3,245
141260313,19,164,17,14,1,0,1,4,220
141260314,14,253,19,7,0,0,1,7,301
141260401,6,55,10,18,3,1,2,1,96
141260402,2,9,1,19,0,0,4,0,35
141260403,2,16,0,13,1,0,2,0,34
141260404,9,67,5,15,1,0,4,2,103
141260405,2,20,7,8,1,0,3,1,42
141260406,6,90,20,19,1,0,0,4,140
141260501,0,3,0,7,3,0,4,0,17
141260502,9,71,0,7,2,0,4,5,98
141260503,0,4,1,1,0,0,0,0,6
141260504,4,81,0,12,0,0,7,2,106
141260505,19,42,2,8,3,0,5,15,94
141260506,11,45,0,2,0,0,2,3,63
141260507,12,81,0,10,1,0,6,2,112
141260508,39,122,54,10,1,1,2,4,233
141260509,35,256,10,13,4,0,2,1,321
141260510,35,150,30,6,0,0,0,2,223
141260511,72,143,27,3,1,0,0,2,248
141260512,83,247,2,26,4,0,2,6,370
141260513,16,114,5,3,0,0,4,5,147
141260514,29,141,20,9,0,2,0,2,203
141260515,8,92,3,16,0,0,2,1,122
141260516,34,140,8,5,13,0,3,3,206
141260517,19,94,49,6,0,0,1,1,170
141260518,25,82,1,7,4,0,4,0,123
141260601,11,45,1,6,3,0,1,1,68
141260602,4,8,0,6,0,0,9,0,27
141260603,12,48,24,23,0,0,4,5,116
141260604,16,36,22,30,1,0,4,1,110
141260605,12,69,16,20,1,0,7,0,125
141260606,0,1,0,3,0,0,2,1,7
141260607,23,44,23,30,3,2,9,1,135
141260608,18,101,39,22,5,0,0,1,186
141260609,13,66,52,22,2,2,1,2,160
141260610,36,55,41,30,4,0,14,1,181
141260611,6,11,14,5,0,0,0,0,36
141260701,13,102,25,15,0,0,1,1,157
141260702,17,161,39,4,0,0,1,1,223
141260703,13,81,53,11,1,0,0,0,159
141260704,28,124,31,13,1,0,0,5,202
141260705,21,160,52,15,3,0,0,3,254
141260706,23,112,68,10,1,1,0,1,216
141260707,12,98,79,7,2,0,0,1,199
141260708,25,179,30,24,2,0,2,5,267
141260709,9,118,61,7,0,0,0,5,200
141260710,6,115,12,8,0,0,0,0,141
141260711,13,149,28,5,3,0,1,3,202
141260712,6,106,133,9,0,0,1,3,258
141260713,8,49,25,6,1,0,0,0,89
141330101,2,12,0,2,0,0,4,1,21
141330102,9,73,1,3,1,0,7,5,99
141330103,6,99,1,14,4,0,5,3,132
141330104,18,64,4,22,0,5,3,4,120
141330105,39,200,3,9,2,0,11,4,268
141330106,7,11,1,2,0,0,1,1,23
141330107,12,19,3,2,1,0,2,1,40
141330108,25,123,3,33,1,1,17,15,218
141330109,7,60,5,13,1,0,2,2,90
141330110,24,198,38,4,1,0,4,2,271
141330111,27,231,3,23,4,2,14,11,315
141330112,32,175,2,24,6,0,16,6,261
141330201,29,60,26,30,5,1,12,2,165
141330202,20,19,8,20,1,1,6,1,76
141330203,7,17,12,21,0,0,6,0,63
141330204,86,99,20,18,2,0,13,37,275
141330205,5,38,1,14,2,0,22,4,86
141330206,14,33,4,9,1,0,2,11,74
141330207,10,71,25,9,0,0,4,7,126
141330208,30,84,64,18,2,0,4,0,202
141330209,7,52,30,14,1,0,6,3,113
141330210,6,31,8,18,0,1,6,0,70
141330211,23,75,27,43,0,0,5,6,179
141330212,30,87,30,14,0,1,5,5,172
141330213,51,177,81,33,1,0,2,3,348
141330214,39,92,43,45,0,0,17,5,241
141330215,13,10,20,11,1,1,1,0,57
141330216,31,99,15,37,1,0,4,8,195
141330301,4,18,7,34,0,1,13,2,79
141330302,16,17,4,71,4,3,9,1,125
141330303,5,20,2,25,0,0,14,0,66
141330304,9,54,11,42,1,3,22,5,147
141330305,12,31,8,47,2,2,15,2,119
141330306,12,23,8,30,2,3,8,6,92
141330307,53,62,64,159,5,0,9,3,355
141330308,15,18,18,53,4,1,15,0,124
141330309,35,57,48,47,5,1,20,2,215
141330401,3,8,0,7,3,0,2,1,24
141330402,2,10,3,16,3,7,3,0,44
141330403,4,15,1,15,0,0,13,1,49
141330404,3,11,13,29,1,1,4,0,62
141330405,20,26,25,50,1,0,6,2,130
141330406,8,7,10,23,2,0,4,1,55
141330407,10,15,8,26,2,1,10,0,72
141330408,27,20,24,34,8,1,8,7,129
141330409,43,165,65,82,5,1,0,8,369
141330410,19,64,32,12,2,3,0,2,134
141330411,12,63,22,65,7,0,4,2,175
141330501,44,226,8,26,5,1,1,6,317
141330502,26,159,8,13,1,0,0,3,210
141330503,43,160,3,8,1,0,0,8,223
141330504,43,166,2,18,1,0,2,6,238
141330505,22,147,33,23,1,0,2,10,238
141330506,73,199,9,27,1,1,2,4,316
141330507,67,160,17,21,5,2,0,1,273
141330508,83,149,7,8,0,1,0,2,250
141330509,48,148,17,19,2,0,1,1,236
141330510,51,194,85,16,1,0,0,8,355
141330511,37,189,44,7,3,0,2,5,287
141330512,55,235,14,21,1,0,2,8,336
141330513,14,165,60,2,0,0,0,0,241
141330514,17,104,5,3,0,0,0,0,129
141330515,100,205,53,2,1,0,0,18,379
141330516,53,181,12,13,2,0,0,2,263
141330517,25,166,19,13,5,0,0,6,234
141330601,62,169,41,15,4,0,0,0,291
141330602,123,191,65,16,1,0,1,9,406
141330603,23,205,35,18,1,0,2,1,285
141330604,34,134,50,12,5,0,0,6,241
141330605,56,121,52,26,4,0,9,7,275
141330606,36,90,20,24,0,1,4,2,177
141330607,24,147,26,28,2,3,43,16,289
141330608,42,147,36,8,3,0,1,0,237
141330609,62,152,15,28,1,0,0,3,261
141330610,77,137,16,52,2,0,1,2,287
141330611,28,127,21,21,1,1,0,3,202
141330612,57,102,3,10,0,0,1,4,177
141330613,54,250,33,9,0,0,0,1,347
141330614,60,216,29,8,2,0,2,8,325
141330615,36,157,22,10,1,0,0,5,231
141330616,49,166,16,3,1,0,0,4,239
141330617,83,95,11,5,0,0,1,0,195
141400101,4,21,1,11,3,0,0,1,41
141400102,4,20,3,6,3,0,0,4,40
141400103,8,82,13,10,2,0,0,0,115
141400104,4,31,0,4,0,0,0,0,39
141400105,1,22,0,5,0,0,0,1,29
141400106,1,6,1,9,0,0,0,0,17
141400107,0,19,0,9,0,0,0,0,28
141400108,1,28,4,14,0,0,0,0,47
141400109,37,181,59,15,0,0,0,1,293
141400110,10,123,12,19,19,0,0,0,183
141400111,33,143,31,30,1,0,0,1,239
141400112,19,187,29,10,1,0,0,0,246
141400113,8,32,0,23,0,0,0,1,64
141400201,0,26,0,18,2,0,0,0,46
141400202,3,71,4,20,1,0,0,0,99
141400203,11,27,4,11,2,0,0,0,55
141400204,10,39,29,16,0,0,0,1,95
141400205,2,17,1,8,2,0,0,0,30
141400206,23,49,4,7,0,0,0,1,84
141400207,7,7,0,10,0,0,0,0,24
141400208,6,35,2,16,0,0,1,0,60
141400209,3,29,0,13,2,1,0,0,48
141400210,0,14,1,9,1,0,0,0,25
141400211,29,103,37,6,0,0,0,1,176
141400212,9,161,49,15,0,0,0,0,234
141400213,15,69,13,1,1,0,0,0,99
141400301,60,253,27,7,1,1,0,1,350
141400302,47,323,17,8,0,0,0,1,396
141400303,13,47,153,2,0,0,0,0,215
141400304,23,164,18,11,0,0,0,1,217
141400305,59,217,26,7,1,0,0,1,311
141400306,31,226,12,8,0,0,0,1,278
141400307,39,242,7,6,0,0,0,2,296
141400308,32,281,11,9,0,0,0,2,335
141400309,46,137,21,4,4,0,0,1,213
141400310,54,199,6,10,2,0,0,2,273
141400311,45,177,7,2,0,1,0,0,232
141400312,35,117,92,5,0,0,0,1,250
141400313,15,88,23,5,0,0,0,0,131
141400401,10,171,37,1,0,0,0,0,219
141400402,51,159,25,1,0,0,0,0,236
141400403,42,118,16,8,1,0,0,1,186
141400404,37,153,17,0,0,0,0,1,208
141400405,66,131,7,5,0,0,0,4,213
141400406,33,184,18,9,0,0,0,1,245
141400407,30,212,83,6,1,0,0,1,333
141400408,73,242,7,17,3,0,3,1,346
141400409,43,254,52,6,1,0,0,0,356
141400410,35,192,10,4,0,0,1,0,242
141400411,34,133,12,6,1,0,0,2,188
141400412,29,273,31,6,1,0,0,2,342
141400413,34,243,85,10,0,0,0,4,376
141400501,2,47,2,17,1,0,0,1,70
141400502,2,64,0,22,0,0,0,1,89
141400503,0,28,1,6,0,0,0,0,35
141400504,1,20,3,19,0,0,0,0,43
141400505,3,31,0,24,2,0,0,0,60
141400506,12,20,1,16,1,1,0,0,51
141400507,1,6,0,3,0,0,0,0,10
141400508,42,164,75,26,3,0,0,1,311
141400509,15,230,23,15,1,0,1,5,290
141400510,3,80,7,6,5,0,0,2,103
141400511,4,214,14,90,3,0,1,1,327
141400512,12,138,27,45,0,0,0,0,222
141400513,9,151,6,31,3,0,0,2,202
141400514,35,175,15,65,1,0,0,1,292
141400515,11,183,28,40,0,0,0,3,265
141400516,14,176,16,67,4,0,1,1,279
141400517,4,93,19,88,1,1,0,1,207
141400518,20,113,10,59,0,0,1,0,203
141400519,17,131,32,22,1,0,0,1,204
141400520,27,253,45,53,3,0,1,1,383
141400601,3,7,1,5,0,0,0,0,16
141400602,1,14,1,11,0,0,0,1,28
141400603,0,9,0,11,0,0,0,0,20
141400604,9,51,2,24,1,0,0,2,89
141400605,1,41,4,22,0,0,0,0,68
141400606,4,25,0,17,1,0,0,0,47
141400607,3,21,2,18,0,0,0,0,44
141400608,2,31,1,12,0,0,0,0,46
141400609,1,17,3,5,0,0,0,0,26
141400610,13,228,86,39,4,0,0,4,374
141400611,12,196,23,12,0,0,0,0,243
141400612,7,124,6,53,1,3,0,3,197
141400613,8,75,12,19,1,0,0,0,115
141400614,7,166,39,36,2,0,0,1,251
141400615,4,91,34,14,2,0,1,1,147
141400616,15,267,69,21,3,0,0,3,378
141400617,16,137,17,19,0,0,0,0,189
141400618,22,135,16,10,1,0,0,0,184
141400619,47,147,101,30,3,0,0,0,328
141400701,109,114,7,14,0,0,0,1,245
141400702,97,194,27,17,1,1,0,7,344
141400703,105,96,36,6,0,0,0,0,243
141400704,67,99,22,10,0,0,0,0,198
141400705,131,200,5,45,0,0,0,8,389
141400706,147,193,5,33,3,0,1,8,390
141400707,117,74,3,4,0,0,0,0,198
141400708,91,75,6,5,1,0,0,0,178
141400709,90,115,11,13,2,0,0,2,233
141400710,57,205,19,74,7,3,2,1,368
141400711,66,191,56,17,1,0,0,0,331
141400712,60,107,22,26,2,0,0,0,217
141400713,124,182,7,28,3,0,0,3,347
141400714,114,123,25,23,0,0,0,0,285
141400715,130,131,2,19,0,0,1,1,284
141400716,123,176,16,1,0,0,0,1,317
141400717,38,41,21,16,0,0,0,0,116
141400718,169,156,11,6,1,0,0,4,347
141400719,77,178,29,7,0,0,0,1,292
141400720,38,138,43,47,5,0,0,8,279
141400801,67,26,1,65,2,0,0,0,161
141400802,15,45,0,35,2,0,0,1,98
141400803,18,59,2,57,6,0,0,2,144
141400804,64,40,7,51,10,0,0,5,177
141400805,1,39,0,33,0,0,0,0,73
141400806,2,25,1,10,0,0,0,0,38
141400807,24,16,0,36,3,0,0,2,81
141400808,1,53,0,25,0,1,0,0,80
141400809,22,186,33,52,0,0,0,1,294
141400810,17,152,0,75,3,0,0,12,259
141400811,31,140,17,27,0,0,0,0,215
141400812,61,239,31,20,0,0,0,0,351
141400813,56,166,36,19,0,0,0,4,281
141400814,40,150,14,8,0,0,0,1,213
141400815,44,153,27,22,0,0,0,3,249
141400816,57,148,27,12,1,0,0,2,247
141400817,73,155,28,23,0,0,0,0,279
141400818,81,163,30,32,0,0,0,1,307
141400819,32,187,26,18,2,0,0,1,266
141400820,117,188,26,16,6,0,2,0,355
141400821,18,78,7,76,0,0,0,0,179
141400901,3,20,1,39,1,0,0,0,64
141400902,2,17,0,10,0,0,0,0,29
141400903,1,31,1,38,0,0,0,4,75
141400904,40,64,4,27,2,0,0,1,138
141400905,11,28,0,20,0,0,0,0,59
141400906,22,28,1,31,1,1,0,0,84
141400907,3,21,2,11,0,0,1,0,38
141400908,13,153,32,80,3,0,1,1,283
141400909,12,203,56,27,0,0,0,1,299
141400910,31,148,10,61,9,0,0,0,259
141400911,77,200,35,39,2,0,0,0,353
141400912,47,120,24,12,4,0,0,3,210
141400913,42,178,24,27,1,0,0,0,272
141400914,35,208,20,37,1,0,0,1,302
141400915,64,215,21,74,0,0,0,0,374
141400916,6,112,12,59,1,0,0,3,193
141401001,2,32,2,47,0,0,0,0,83
141401002,5,22,2,37,2,0,1,0,69
141401003,1,31,1,38,0,0,0,0,71
141401004,1,26,2,18,0,0,0,0,47
141401005,2,23,0,13,0,1,0,0,39
141401006,12,52,7,56,0,0,0,0,127
141401007,18,50,2,56,2,0,0,1,129
141401008,13,127,21,21,0,0,0,0,182
141401009,9,137,48,24,1,0,0,0,219
141401010,15,181,3,72,2,0,0,1,274
141401011,24,182,18,48,0,0,0,0,272
141401012,43,251,14,50,3,1,0,2,364
141401013,25,113,9,14,0,0,0,0,161
141401014,35,118,16,44,2,0,0,0,215
141401015,47,186,14,31,2,0,0,4,284
141401016,29,232,53,34,0,0,0,0,348
141401017,44,169,17,66,2,0,0,8,306
141401101,14,45,44,31,1,0,0,1,136
141401102,102,82,21,13,1,0,0,0,219
141401103,40,255,52,12,2,0,0,0,361
141401104,60,132,14,10,1,0,0,3,220
141401105,42,229,13,13,2,0,0,0,299
141401106,21,145,19,7,0,0,0,0,192
141401107,56,142,7,6,0,0,0,0,211
141401108,58,349,37,11,0,0,0,0,455
141401109,23,181,21,15,1,0,0,1,242
141401110,37,195,35,19,4,0,0,1,291
141401111,45,177,9,6,0,0,0,0,237
141401112,43,164,4,8,0,0,0,0,219
141401113,66,197,9,15,1,0,0,1,289
141401114,73,182,8,18,0,0,0,1,282
141401115,72,100,4,19,1,0,0,0,196
141401116,47,149,11,9,0,0,0,0,216
141401117,33,121,10,19,0,0,0,1,184
141401118,119,166,21,16,1,0,0,0,323
141401119,113,158,17,18,0,0,0,0,306
141401120,124,179,37,10,0,0,0,0,350
141401121,64,209,25,36,0,0,0,1,335
141401201,16,91,33,57,0,0,1,1,199
141401202,25,104,13,29,1,0,0,2,174
141401203,6,182,2,46,3,0,0,4,243
141401204,21,185,3,26,1,0,0,0,236
141401205,53,239,33,19,1,0,0,1,346
141401206,12,296,7,33,4,0,0,1,353
141401207,81,178,16,15,0,0,0,0,290
141401208,45,198,12,11,1,0,0,4,271
141401209,44,201,9,7,0,0,0,0,261
141401210,46,254,8,24,2,0,0,0,334
141401211,88,261,10,15,0,0,0,0,374
141401212,59,219,7,16,2,0,0,0,303
141401213,19,219,11,13,0,0,0,0,262
141401214,38,148,10,17,0,0,0,0,213
141401215,55,138,6,20,0,0,0,2,221
141401216,78,100,10,20,0,0,0,0,208
141401217,92,166,5,8,0,0,0,0,271
141401218,36,127,12,12,2,0,0,0,189
141401219,25,146,12,37,2,0,0,4,226
141401301,63,118,11,18,2,0,0,0,212
141401302,63,133,16,9,0,0,0,0,221
141401303,81,104,2,17,0,0,0,0,204
141401304,57,181,6,8,1,0,0,1,254
141401305,57,179,7,28,2,0,0,2,275
141401306,44,169,3,23,1,0,0,0,240
141401307,88,76,7,21,0,0,0,0,192
141401308,55,92,8,22,1,0,0,3,181
141401309,47,157,4,35,0,0,0,2,245
141401310,76,127,5,17,1,0,0,0,226
141401311,62,155,9,16,0,0,0,0,242
141401312,49,148,4,25,0,0,0,0,226
141401313,67,197,10,8,1,0,0,0,283
141401314,38,141,8,15,0,0,0,0,202
141401315,26,214,2,64,9,0,0,27,342
141401316,16,219,4,26,1,0,0,0,266
141401317,25,232,1,57,5,1,2,1,324
141401318,15,177,4,33,3,0,0,1,233
141401401,41,235,12,29,0,0,0,3,320
141401402,52,152,34,23,2,0,0,0,263
141401403,50,105,63,22,1,0,0,0,241
141401404,58,182,10,17,0,0,0,0,267
141401405,87,167,6,22,1,0,0,0,283
141401406,33,125,13,13,2,0,0,8,194
141401407,80,98,21,34,0,0,0,0,233
141401408,44,87,5,14,0,0,0,0,150
141401409,30,122,3,24,0,0,0,0,179
141401410,51,119,3,4,1,0,0,0,178
141401411,32,183,13,11,0,0,0,1,240
141401412,44,255,7,8,1,0,0,0,315
141401413,54,249,64,14,0,0,0,0,381
141401414,4,89,284,9,3,0,0,0,389
141401415,65,244,4,2,0,0,1,0,316
141401416,57,244,6,7,1,0,0,0,315
141401417,62,170,12,16,0,0,0,1,261
141401418,61,218,9,11,1,0,0,2,302
141401419,33,219,16,4,3,1,0,0,276
141401420,54,135,7,4,0,0,0,2,202
141401421,18,179,4,18,0,0,0,5,224
141401422,40,122,16,13,1,0,0,2,194
141401423,24,178,11,45,1,0,0,1,260
141401501,13,38,0,23,0,0,0,0,74
141401502,6,20,5,25,0,0,0,0,56
141401503,3,41,2,20,1,0,0,0,67
141401504,8,29,4,36,2,0,0,0,79
141401505,12,33,1,36,0,0,0,2,84
141401506,1,26,2,19,1,0,0,0,49
141401507,17,149,21,40,0,0,0,1,228
141401508,10,121,16,28,2,0,0,0,177
141401509,38,161,9,39,1,0,0,0,248
141401510,33,211,31,30,1,0,0,2,308
141401511,29,197,19,39,1,0,0,0,285
141401512,31,229,39,32,0,0,0,0,331
141401513,36,263,40,88,6,0,0,8,441
141401514,3,62,21,25,0,0,0,0,111
141401515,1,53,9,37,1,0,0,0,101
141401601,3,15,0,22,0,0,0,0,40
141401602,4,18,1,35,1,0,0,0,59
141401603,17,20,0,13,1,0,0,0,51
141401604,1,6,0,2,2,0,0,0,11
141401605,4,47,2,28,5,0,0,0,86
141401606,18,43,3,11,2,0,0,0,77
141401607,15,156,7,34,2,0,0,0,214
141401608,43,236,15,67,0,0,0,1,362
141401609,17,166,23,34,1,0,0,3,244
141401610,50,191,35,78,2,0,0,1,357
141401611,46,242,33,26,1,1,0,0,349
141401612,44,130,38,16,1,0,0,2,231
141401613,27,106,37,21,0,0,0,0,191
141401614,67,150,26,23,1,0,0,0,267
141401615,104,78,6,8,10,0,0,0,206
141401701,8,28,1,21,0,1,0,0,59
141401702,6,27,0,31,2,0,0,0,66
141401703,4,14,0,18,2,0,0,0,38
141401704,1,20,0,2,0,0,0,0,23
141401705,6,53,4,19,2,0,0,0,84
141401706,3,14,2,29,1,0,0,0,49
141401707,3,10,0,7,0,0,0,1,21
141401708,7,40,6,17,3,0,0,0,73
141401709,16,49,6,33,1,2,0,0,107
141401710,13,27,8,22,2,0,1,0,73
141401711,16,248,37,63,0,0,1,0,365
141401712,52,128,21,1,0,0,0,0,202
141401713,60,98,12,4,0,0,0,0,174
141401714,79,253,18,15,2,0,0,0,367
141401715,52,133,53,43,4,0,0,0,285
141401716,17,68,122,2,0,0,0,1,210
141401717,47,140,36,35,1,5,0,2,266
141401718,5,17,0,39,5,0,2,0,68
141401719,44,105,32,71,6,0,0,0,258
141401720,25,101,42,33,1,0,0,0,202
141401801,30,122,54,9,2,0,0,1,218
141401802,76,109,14,44,2,0,0,9,254
141401803,66,121,28,16,0,0,0,0,231
141401804,41,146,21,10,0,0,0,3,221
141401805,38,95,9,80,0,1,0,4,227
141401806,42,99,77,49,4,1,0,1,273
141401807,61,118,12,13,4,0,0,0,208
141401808,73,175,31,12,1,0,0,2,294
141401809,69,150,31,23,0,1,0,1,275
141401810,104,73,15,17,3,0,0,1,213
141401811,62,161,15,14,2,0,0,0,254
141401812,82,102,47,8,0,0,0,0,239
141401901,122,185,23,26,6,0,2,2,366
141401902,44,147,27,6,0,0,0,0,224
141401903,61,84,15,5,0,0,0,0,165
141401904,64,84,29,12,0,0,0,0,189
141401905,15,65,49,7,0,0,0,1,137
141401906,70,113,16,19,3,0,0,0,221
141401907,55,69,56,22,0,0,1,0,203
141401908,43,130,27,9,0,0,0,0,209
141401909,56,141,40,24,3,0,0,4,268
141401910,52,201,131,11,5,0,0,4,404
141401911,84,83,54,5,0,0,0,2,228
141470101,2,15,4,7,0,0,1,0,29
141470102,21,94,18,37,4,1,2,6,183
141470103,13,63,12,79,2,1,0,3,173
141470104,30,222,9,41,4,0,7,5,318
141470105,48,241,68,7,1,0,1,0,366
141470106,27,192,13,16,2,0,0,4,254
141470107,22,240,8,16,2,0,0,6,294
141470108,17,111,36,0,0,0,0,2,166
141470109,44,256,47,18,5,0,0,6,376
141470110,74,184,53,36,3,0,1,12,363
141470111,72,206,8,12,0,0,1,3,302
141470112,106,115,10,14,1,0,0,0,246
141470113,53,140,4,15,0,0,0,2,214
141470114,44,186,3,52,4,0,0,6,295
141470201,15,80,15,49,4,2,4,6,175
141470202,34,352,34,67,5,0,5,13,510
141470203,6,15,4,21,3,1,1,0,51
141470204,37,113,9,42,12,0,2,0,215
141470205,27,163,7,83,6,1,1,2,290
141470206,5,31,4,17,0,0,0,1,58
141470207,19,234,7,28,3,0,4,4,299
141470208,50,172,5,15,1,0,2,1,246
141470209,17,145,41,11,1,0,0,0,215
141470210,24,204,47,75,4,0,0,1,355
141470211,18,197,8,9,1,0,0,1,234
141470212,13,181,2,5,2,0,0,0,203
141470213,9,202,2,10,0,1,0,1,225
141470301,3,11,0,15,1,0,1,2,33
141470302,5,36,20,38,3,0,1,2,105
141470303,2,63,17,37,6,0,2,2,129
141470304,6,73,13,28,3,0,1,1,125
141470305,5,27,18,30,3,1,1,2,87
141470306,0,12,3,7,1,0,0,0,23
141470307,10,90,6,36,4,1,2,2,151
141470308,32,218,6,70,8,1,2,7,344
141470309,21,148,39,38,5,0,0,3,254
141470310,20,180,36,44,4,0,2,10,296
141470311,17,111,35,25,2,1,2,2,195
141470312,7,73,16,48,1,0,2,1,148
141470313,15,53,29,18,1,0,0,2,118
141470314,21,59,35,11,0,0,0,1,127
141470401,0,15,18,14,3,1,1,2,54
141470402,3,19,1,13,1,0,1,1,39
141470403,2,40,8,12,0,0,0,0,62
141470404,4,4,3,1,0,0,0,0,12
141470405,30,77,32,26,0,0,0,1,166
141470406,8,99,5,25,0,0,0,2,139
141470407,21,257,18,13,1,1,0,2,313
141470408,18,233,67,14,1,0,0,1,334
141470409,10,145,12,8,1,0,0,0,176
141470410,4,202,16,9,0,0,0,1,232
141470411,17,183,23,14,2,0,0,2,241
141470412,14,204,40,82,3,0,1,7,351
141470413,6,115,11,39,4,0,0,0,175
141470501,3,21,0,5,0,0,0,1,30
141470502,0,14,1,13,0,0,0,0,28
141470503,1,32,5,6,0,0,0,0,44
141470504,11,23,4,7,1,0,1,2,49
141470505,0,16,0,5,0,0,0,0,21
141470506,2,4,2,3,0,0,0,0,11
141470507,11,73,15,12,3,0,0,0,114
141470508,24,109,57,5,1,0,0,0,196
141470601,7,49,11,39,19,0,2,6,133
141470602,8,41,5,17,0,0,0,1,72
141470603,14,65,26,28,1,0,0,0,134
141470604,21,38,47,6,4,0,0,0,116
141470605,16,41,27,5,0,0,1,0,90
141470606,19,70,42,20,2,0,2,3,158
141470607,15,56,13,37,0,0,0,2,123
141470608,13,83,27,43,2,2,0,0,170
141470609,7,76,11,37,1,0,2,2,136
141470610,9,101,32,12,0,1,1,2,158
141470701,4,3,3,11,3,0,1,2,27
141470702,1,4,0,6,1,0,0,0,12
141470703,0,6,1,8,1,0,1,0,17
141470704,4,19,2,12,1,7,0,2,47
141470705,0,0,0,1,1,0,0,0,2
141470706,1,3,0,16,2,1,5,0,28
141470707,1,14,0,14,0,1,0,0,30
141470708,2,16,3,14,1,0,0,0,36
141470709,3,31,3,22,2,0,0,0,61
141470710,1,56,3,28,0,0,8,1,97
141470711,6,58,8,20,6,0,2,0,100
141470712,5,16,8,26,3,0,2,2,62
141470713,5,20,5,14,1,0,0,1,46
141470714,21,72,9,40,12,2,1,3,160
141470801,24,89,94,49,4,0,0,3,263
141470802,11,193,34,75,2,0,2,6,323
141470803,20,214,73,31,1,0,0,4,343
141470804,10,227,0,1,1,0,0,2,241
141470805,40,329,68,24,3,0,3,3,470
141470806,149,203,32,14,0,0,1,1,400
141470807,38,202,41,12,3,0,0,1,297
141470808,86,176,27,9,0,0,0,0,298
141470809,15,153,59,24,1,0,1,4,257
141470810,23,60,73,15,0,0,0,1,172
141470811,45,121,44,16,2,0,0,4,232
141470812,31,203,28,75,4,0,1,1,343
141470813,38,164,55,5,0,0,0,1,263
141470814,50,171,17,16,0,0,0,0,254
141470815,54,143,9,28,1,0,0,3,238
141470816,44,118,11,26,2,0,0,2,203
141470817,38,61,10,11,1,0,0,1,122
141470901,41,202,3,48,4,0,3,18,319
141470902,34,197,4,152,9,0,5,12,413
141470903,94,246,13,48,4,0,1,7,413
141470904,13,169,5,17,2,1,0,6,213
141470905,8,190,4,17,0,0,0,5,224
141470906,24,271,18,18,3,0,1,1,336
141470907,25,117,20,9,1,0,0,0,172
141470908,33,239,10,18,1,0,1,6,308
141470909,44,153,22,6,0,0,0,1,226
141470910,44,144,10,9,2,0,0,0,209
141470911,19,159,22,8,0,0,0,2,210
141470912,30,267,28,28,3,0,0,5,361
141470913,55,268,46,9,1,0,1,2,382
141470914,26,176,20,21,2,1,1,4,251
141470915,24,198,31,8,1,0,0,5,267
141470916,26,180,23,10,0,0,0,5,244
141470917,38,127,13,13,0,0,0,4,195
141470918,8,174,0,33,7,0,1,2,225
141470919,11,213,5,31,1,1,0,3,265
141471001,27,95,90,10,0,0,0,0,222
141471002,35,169,29,34,1,0,0,5,273
141471003,21,80,40,40,3,0,0,2,186
141471004,31,118,60,10,1,1,0,1,222
141471005,42,194,59,22,1,0,0,2,320
141471006,89,104,8,23,0,0,0,1,225
141471007,20,170,12,30,3,0,0,2,237
141471008,36,259,18,45,2,2,0,1,363
141471009,53,156,13,22,3,1,0,0,248
141471010,56,266,54,7,1,0,0,3,387
141471011,45,347,5,38,3,0,1,2,441
141471012,12,211,3,46,0,0,2,2,276
141471013,8,242,12,24,5,0,0,2,293
141471014,37,325,26,44,4,2,2,7,447
141471015,36,290,5,94,15,0,0,20,460
141540101,1,15,0,6,0,0,8,1,31
141540102,3,37,0,1,1,0,2,1,45
141540103,0,71,1,20,4,0,5,1,102
141540104,8,52,3,15,0,0,10,1,89
141540105,0,8,2,7,0,0,0,4,21
141540106,0,5,1,1,0,0,0,0,7
141540107,2,17,4,5,4,0,2,0,34
141540201,3,35,0,4,1,0,4,0,47
141540202,0,2,1,1,0,0,0,1,5
141540203,0,17,3,1,1,0,6,0,28
141540204,4,21,23,3,1,0,2,1,55
141540205,1,13,4,3,1,0,3,3,28
141540206,1,10,5,6,1,0,1,0,24
141540207,0,15,12,4,2,0,3,0,36
141540208,1,17,11,0,0,1,6,0,36
141540209,6,138,9,11,1,2,3,3,173
141540210,3,155,22,1,0,0,0,1,182
141540211,27,228,8,13,1,0,1,0,278
141540212,3,76,6,4,0,0,1,0,90
141610101,0,23,3,2,0,0,0,0,28
141610102,5,25,0,5,0,0,0,0,35
141610103,2,26,4,13,2,0,1,0,48
141610104,6,38,5,20,0,0,1,0,70
141610105,8,31,0,23,2,0,0,0,64
141610106,11,12,0,2,0,0,0,0,25
141610107,0,26,0,5,0,0,0,0,31
141610108,1,26,0,3,0,0,0,1,31
141610109,4,30,1,2,0,0,0,0,37
141610110,6,34,3,16,1,1,0,0,61
141610111,4,26,0,7,0,0,0,0,37
141610112,32,142,21,44,1,0,3,1,244
141610113,55,194,26,18,3,0,0,0,296
141610114,22,110,32,2,1,0,0,0,167
141610115,8,87,44,20,0,0,0,0,159
141610116,19,174,60,8,1,0,0,3,265
141610117,18,250,31,18,2,0,0,11,330
141610201,5,34,1,10,0,0,0,0,50
141610202,3,27,0,14,0,0,0,0,44
141610203,1,16,0,3,0,0,0,1,21
141610204,3,17,0,1,0,0,0,0,21
141610205,1,13,0,4,1,0,0,0,19
141610206,0,30,1,4,0,0,0,0,35
141610207,8,191,5,6,0,0,0,2,212
141610208,24,190,14,11,0,0,0,0,239
141610209,30,222,14,11,0,0,0,0,277
141610210,18,162,26,6,0,0,0,0,212
141610211,58,166,5,8,0,0,0,1,238
141610212,25,146,16,10,0,0,0,0,197
141610213,6,198,3,7,0,0,0,0,214
141610214,11,196,7,10,1,0,2,1,228
141610215,39,127,33,11,0,0,0,2,212
141610216,32,150,22,22,2,0,0,0,228
141610301,9,64,3,12,2,0,0,2,92
141610302,4,22,1,10,3,0,0,1,41
141610303,9,22,1,11,0,0,0,0,43
141610304,4,22,0,36,1,0,0,0,63
141610305,17,68,2,34,1,0,0,0,122
141610306,21,123,37,61,0,0,0,3,245
141610307,77,194,30,15,1,0,1,7,325
141610308,44,126,11,12,0,0,0,1,194
141610309,16,138,13,18,6,0,0,0,191
141610310,71,193,28,15,0,0,0,0,307
141610311,46,126,17,10,0,0,0,0,199
141610312,17,121,4,10,0,0,0,0,152
141610313,30,117,7,16,0,0,0,0,170
141610401,4,32,7,9,1,0,0,0,53
141610402,3,14,2,13,2,0,0,0,34
141610403,1,15,1,3,0,0,0,4,24
141610404,18,9,2,5,0,0,0,0,34
141610405,13,38,0,20,0,0,0,0,71
141610406,2,31,4,14,0,0,0,0,51
141610407,5,59,2,18,0,0,0,0,84
141610408,0,9,0,8,0,0,0,1,18
141610409,9,21,4,17,1,0,0,0,52
141610410,4,20,0,30,1,0,0,0,55
141610411,14,64,2,9,1,0,0,0,90
141610412,15,153,25,47,3,0,0,2,245
141610413,7,167,29,24,1,1,1,0,230
141610501,3,17,2,2,0,0,0,0,24
141610502,1,16,0,8,0,0,0,0,25
141610503,4,40,1,42,0,0,0,5,92
141610504,6,12,1,5,0,0,0,0,24
141610505,5,30,0,12,0,0,0,0,47
141610506,28,127,29,46,1,0,0,1,232
141610507,39,212,39,38,5,0,0,6,339
141610508,21,139,23,5,0,0,0,1,189
141610509,24,128,42,17,1,0,0,1,213
141610510,42,120,29,11,0,0,0,2,204
141610511,26,158,32,14,2,0,0,0,232
141610512,38,124,11,22,3,0,0,2,200
141610601,13,150,16,18,3,0,1,9,210
141610602,31,184,52,9,0,1,1,13,291
141610603,6,137,168,21,0,0,1,2,335
141610604,11,177,74,29,2,0,0,3,296
141610605,16,67,34,54,2,0,0,12,185
141610606,18,270,32,16,0,0,1,1,338
141610607,32,204,22,15,3,1,0,5,282
141610608,38,137,17,8,1,0,0,3,204
141610609,32,161,17,4,2,0,0,11,227
141610610,25,218,11,12,0,0,0,0,266
141610611,10,187,10,16,1,0,0,0,224
141610612,19,189,32,16,1,0,0,0,257
141610613,6,229,11,22,2,1,2,1,274
141610614,7,173,6,18,3,1,2,2,212
141610701,12,195,31,4,0,0,0,0,242
141610702,21,94,58,2,0,0,0,0,175
141610703,70,230,13,3,0,0,0,0,316
141610704,21,117,5,9,0,0,0,0,152
141610705,47,73,23,6,0,0,0,1,150
141610706,23,219,12,17,2,0,0,2,275
141610707,43,150,7,19,2,0,0,1,222
141610708,26,232,8,21,2,0,0,5,294
141610709,57,224,16,10,1,0,0,0,308
141610710,41,173,20,8,1,0,0,2,245
141610711,47,133,10,8,0,0,0,0,198
141610712,17,306,24,13,0,0,0,0,360
141610713,22,244,21,11,2,0,0,1,301
141610714,25,215,13,7,3,0,0,3,266
141610715,68,247,62,5,1,0,0,1,384
141610801,17,143,58,2,0,0,0,0,220
141610802,41,71,2,7,0,0,0,2,123
141610803,73,82,20,12,3,1,0,0,191
141610804,24,149,5,7,0,0,0,0,185
141610805,66,86,5,3,0,0,0,0,160
141610806,40,108,13,12,1,1,0,3,178
141610807,62,204,12,11,0,0,0,0,289
141610808,14,169,9,12,3,0,0,3,210
141610809,26,118,18,11,0,0,0,1,174
141610810,90,192,16,5,0,0,0,0,303
141610811,27,128,7,6,0,0,0,16,184
141610812,45,135,6,6,0,0,0,0,192
141610813,36,153,3,5,0,0,0,0,197
141610814,54,198,7,5,0,0,0,0,264
141610815,77,109,2,21,2,0,1,6,218
141610816,24,153,5,10,3,0,0,0,195
141610817,79,224,8,7,1,0,0,5,324
141610901,14,179,4,15,0,0,4,2,218
141610902,44,236,2,18,0,0,0,1,301
141610903,19,210,7,24,0,0,2,0,262
141610904,7,214,4,13,2,0,0,1,241
141610905,33,203,4,15,3,0,0,7,265
141610906,10,240,5,26,2,0,0,4,287
141610907,45,97,59,22,21,0,0,1,245
141610908,52,138,14,4,1,0,0,3,212
141610909,13,209,12,5,0,0,0,0,239
141610910,63,130,13,6,1,0,0,1,214
141610911,53,163,47,0,0,0,0,3,266
141610912,21,76,130,17,1,0,0,0,245
141610913,64,168,43,1,0,0,0,0,276
141610914,44,151,21,2,0,0,0,0,218
141610915,35,257,19,2,0,0,0,0,313
141610916,38,152,6,2,0,0,0,0,198
141610917,23,157,43,2,0,0,0,0,225
141610918,36,264,35,0,1,0,0,0,336
141610919,47,145,39,6,1,0,0,2,240
141610920,60,145,9,4,0,0,0,0,218
141610921,34,274,37,15,0,0,0,2,362
141610922,3,26,254,0,0,0,0,0,283
141610923,49,165,4,6,0,0,0,1,225
141611001,65,168,8,0,0,0,0,0,241
141611002,55,211,19,5,0,0,0,0,290
141611003,89,188,5,2,0,0,0,1,285
141611004,42,185,6,4,0,0,0,1,238
141611005,43,181,10,2,0,0,0,0,236
141611006,76,193,13,4,0,0,0,1,287
141611007,64,281,5,6,1,0,0,1,358
141611008,25,192,10,14,0,0,0,3,244
141611009,8,176,17,0,1,0,0,2,204
141611010,27,121,28,1,0,0,0,0,177
141611011,46,120,27,1,0,0,0,0,194
141611012,89,203,29,4,0,0,0,0,325
141611013,30,159,16,2,0,0,0,0,207
141611014,44,151,10,4,0,0,0,2,211
141611015,52,136,7,5,0,0,0,0,200
141611016,37,192,7,7,1,0,0,1,245
141611017,52,264,23,9,1,0,5,1,355
141611018,54,161,66,6,0,0,0,2,289
141611019,60,188,36,6,0,0,0,1,291
141611020,18,223,7,5,0,0,0,0,253
141611021,23,182,23,13,1,0,0,3,245
141611101,36,279,19,21,5,0,3,5,368
141611102,11,185,3,10,1,0,0,4,214
141611103,7,144,7,12,4,0,1,0,175
141611104,35,256,8,7,1,0,0,1,308
141611105,21,143,50,9,0,0,0,2,225
141611106,35,155,50,9,1,0,0,1,251
141611107,12,146,58,3,0,0,0,0,219
141611108,45,128,13,14,1,0,0,1,202
141611109,4,160,1,5,0,0,0,3,173
141611110,6,191,5,24,2,0,0,0,228
141611111,19,188,151,9,0,0,1,2,370
141611112,15,213,74,14,1,0,0,1,318
141611113,63,161,17,6,0,0,0,14,261
141611114,23,191,20,6,0,0,0,4,244
141611115,29,126,54,11,0,0,0,0,220
141611116,36,236,32,10,1,0,0,3,318
141611117,37,151,12,21,1,0,0,1,223
141680101,3,25,2,7,2,0,7,0,46
141680102,18,27,4,2,0,0,1,0,52
141680103,2,14,3,5,2,0,0,3,29
141680104,0,8,0,2,1,0,3,1,15
141680105,0,8,3,7,0,0,0,0,18
141680106,6,27,6,4,2,0,1,2,48
141680107,4,17,7,9,0,0,0,0,37
141680108,7,63,4,9,5,0,0,2,90
141680109,0,13,3,6,4,0,0,1,27
141680110,2,89,2,4,0,0,0,0,97
141680111,19,140,22,19,4,0,0,7,211
141680112,34,165,69,3,0,0,1,0,272
141680113,4,104,22,15,0,0,2,0,147
141680114,35,182,25,49,18,0,2,1,312
141680201,1,18,10,15,1,0,0,2,47
141680202,12,51,4,12,2,0,0,1,82
141680203,2,16,5,2,1,0,1,0,27
141680204,15,89,41,12,0,0,0,1,158
141680205,12,79,39,24,3,0,1,3,161
141680206,33,102,28,25,2,2,1,5,198
141680207,37,185,26,23,0,0,2,5,278
141680208,55,192,26,16,3,0,0,3,295
141680209,18,151,28,11,1,0,3,5,217
141680210,21,130,30,9,2,0,0,3,195
141680211,40,138,63,15,1,0,1,1,259
141680212,5,171,31,22,3,0,4,3,239
141680213,41,152,22,7,0,0,2,0,224
141680214,7,133,32,18,0,0,0,1,191
141680301,1,15,5,6,0,0,0,0,27
141680302,2,22,11,16,1,2,7,0,61
141680303,7,28,40,15,1,0,1,2,94
141680304,2,9,16,8,0,0,1,1,37
141680305,4,24,17,10,2,0,0,0,57
141680306,2,15,3,5,1,0,0,1,27
141680307,4,36,7,8,1,0,0,0,56
141680308,2,6,8,4,0,0,0,0,20
141680309,0,42,2,7,0,0,0,0,51
141680310,11,27,10,2,1,0,0,2,53
141680311,15,208,88,24,0,0,4,3,342
141680312,10,132,53,22,2,0,4,1,224
141680313,17,223,59,29,7,1,0,6,342
141750101,3,10,0,3,1,0,18,0,35
141750102,3,14,1,4,1,1,2,1,27
141750103,5,29,2,7,0,0,10,0,53
141750104,4,7,6,10,1,0,1,0,29
141750105,0,24,6,22,0,0,3,0,55
141750106,1,12,1,8,0,0,0,0,22
141750107,1,35,15,12,1,0,12,0,76
141750108,2,25,9,5,0,0,1,0,42
141750109,2,14,6,14,0,0,12,3,51
141750110,9,176,6,11,5,0,17,10,234
141750111,4,173,2,5,0,0,2,2,188
141750112,12,69,11,9,1,0,1,1,104
141750113,9,163,16,30,2,0,1,0,221
141750114,11,195,7,16,1,0,2,1,233
141750201,5,36,47,49,1,0,16,4,158
141750202,7,106,19,6,3,1,12,1,155
141750203,2,47,8,7,0,0,1,0,65
141750204,5,54,7,7,1,0,13,1,88
141750205,0,36,3,6,0,0,0,0,45
141750206,8,32,5,11,2,0,3,0,61
141750207,0,16,9,8,0,0,0,2,35
141750208,2,31,7,15,0,1,9,1,66
141750209,10,77,3,23,5,1,20,1,140
141750210,7,38,4,11,2,0,2,1,65
141750211,8,37,3,15,0,0,2,0,65
141750212,10,196,4,4,0,0,1,2,217
141750213,9,222,7,6,0,0,1,4,249
141750214,6,206,35,4,0,0,1,1,253
141750215,13,206,15,19,1,0,0,3,257
141750216,22,131,21,11,0,1,1,4,191
141750217,8,167,28,3,0,0,0,1,207
141750218,14,239,56,37,3,0,0,4,353
141750219,0,0,0,0,0,0,1,0,1
141820101,4,27,1,20,1,0,0,0,53
141820102,0,7,1,51,0,1,0,0,60
141820103,3,21,0,20,1,0,0,0,45
141820104,8,17,5,16,0,1,0,0,47
141820105,3,22,1,38,0,0,0,0,64
141820106,23,38,0,27,2,0,0,0,90
141820107,14,20,1,32,3,0,0,0,70
141820108,6,29,2,39,1,2,0,0,79
141820109,5,15,3,23,0,0,0,0,46
141820110,9,73,1,37,2,0,1,2,125
141820111,50,106,16,17,4,0,0,0,193
141820112,40,136,38,20,1,0,0,0,235
141820113,47,97,35,69,2,0,0,2,252
141820114,20,50,7,63,3,2,0,3,148
141820115,11,100,6,64,2,0,0,8,191
141820116,30,266,12,17,2,0,0,17,344
141820117,15,181,0,20,4,0,0,5,225
141820118,43,169,40,16,1,0,0,2,271
141820119,56,197,14,28,0,0,0,3,298
141820120,36,186,87,9,0,0,0,2,320
141820121,27,138,27,32,0,0,0,0,224
141820201,3,30,2,28,1,0,0,0,64
141820202,20,32,6,41,6,0,3,0,108
141820203,13,46,4,24,1,0,0,1,89
141820204,2,10,0,26,0,0,0,1,39
141820205,8,9,0,14,0,0,0,0,31
141820206,18,125,43,61,1,0,0,0,248
141820207,68,91,80,9,0,0,0,0,248
141820208,65,90,10,29,1,0,0,0,195
141820209,59,147,36,23,0,0,0,1,266
141820210,75,133,5,48,2,0,0,2,265
141820211,63,132,5,69,0,0,0,2,271
141820212,20,73,8,62,2,1,1,0,167
141820213,79,95,66,63,3,1,0,21,328
141820214,36,67,11,51,5,0,0,0,170
141820301,7,24,1,22,1,0,0,3,58
141820302,5,7,0,5,1,0,0,0,18
141820303,11,28,0,28,2,0,0,0,69
141820304,1,17,1,18,3,0,0,1,41
141820305,6,10,0,15,2,0,0,0,33
141820306,13,17,3,24,0,0,0,0,57
141820307,60,131,81,38,1,0,0,1,312
141820308,33,149,6,40,1,0,0,0,229
141820309,65,80,7,20,0,0,0,2,174
141820310,66,158,12,119,10,0,0,10,375
141820401,5,15,1,14,2,0,0,0,37
141820402,10,31,4,62,2,0,2,0,111
141820403,9,34,5,33,1,0,0,1,83
141820404,4,11,0,16,0,0,0,0,31
141820405,8,10,1,14,0,0,0,1,34
141820406,26,17,2,13,0,0,0,0,58
141820407,5,8,1,26,0,0,0,0,40
141820408,25,42,6,38,2,0,0,3,116
141820409,28,150,16,44,1,0,0,3,242
141820410,63,119,32,7,0,0,0,0,221
141820411,68,186,16,52,1,2,0,1,326
141820412,41,73,2,88,10,0,0,2,216
141820413,71,119,23,50,19,1,0,2,285
141820414,65,86,49,9,0,0,0,0,209
141820415,108,137,14,53,4,0,0,3,319
141820501,12,8,0,6,0,0,0,0,26
141820502,8,7,1,10,1,0,0,0,27
141820503,0,5,0,4,0,0,0,0,9
141820504,11,4,2,2,1,0,0,0,20
141820505,9,21,1,30,2,2,1,0,66
141820506,4,10,0,9,1,0,0,0,24
141820507,1,8,0,6,2,0,0,0,17
141820508,8,7,0,16,1,0,0,0,32
141820509,76,66,22,43,0,0,0,1,208
141820510,59,54,13,48,0,0,0,0,174
141820511,91,106,32,78,5,0,0,0,312
141820512,51,98,24,68,0,0,0,4,245
141820513,35,133,14,51,1,0,0,1,235
141820514,18,153,9,22,1,0,0,10,213
141820515,35,154,33,42,1,0,0,1,266
141820516,9,138,2,70,7,0,0,3,229
141820517,40,76,15,35,2,0,0,1,169
141820518,48,248,49,59,9,0,0,1,414
141820519,14,115,7,13,3,0,0,0,152
141820520,54,134,11,20,0,0,0,5,224
141820521,39,115,6,46,3,0,2,12,223
141820601,17,3,2,4,1,0,0,0,27
141820602,27,4,3,11,2,0,0,0,47
141820603,7,8,1,11,1,0,0,0,28
141820604,6,1,0,26,1,0,0,2,36
141820605,11,10,1,15,3,1,0,0,41
141820606,3,0,0,3,0,0,0,0,6
141820607,75,156,28,66,9,0,0,0,334
141820608,49,78,15,49,13,1,0,0,205
141820609,204,72,77,44,14,1,0,6,418
141820610,138,68,3,37,1,1,0,1,249
141820611,119,51,12,16,0,0,0,4,202
141820612,180,71,12,55,7,0,0,0,325
141820613,144,31,35,17,1,0,0,0,228
141820614,94,28,8,12,2,0,0,0,144
141820615,163,88,22,35,2,0,1,2,313
141820616,67,99,16,19,3,0,0,3,207
141820617,138,39,3,28,4,0,1,0,213
141820618,69,19,15,17,4,0,0,0,124
141820619,18,47,13,35,1,0,0,0,114
141820701,4,18,0,3,0,0,0,0,25
141820702,20,18,1,32,4,0,0,1,76
141820703,0,9,4,34,0,0,0,0,47
141820704,15,4,0,2,5,0,0,0,26
141820705,15,15,0,17,0,0,1,0,48
141820706,9,9,3,12,1,0,0,1,35
141820707,11,36,4,72,3,1,0,1,128
141820708,2,6,3,40,0,1,0,1,53
141820709,1,6,0,37,1,0,0,0,45
141820710,5,9,4,23,1,0,0,0,42
141820711,15,74,24,112,3,0,0,1,229
141820712,22,61,6,48,1,0,0,0,138
141820713,16,105,15,40,4,0,0,0,180
141820714,29,129,13,54,0,0,0,1,226
141820715,37,128,23,121,4,0,0,1,314
141820716,25,103,7,110,1,0,0,1,247
141820801,36,119,4,49,2,0,0,3,213
141820802,36,90,80,25,7,0,0,1,239
141820803,49,144,49,30,0,0,0,5,277
141820804,33,162,20,15,1,0,0,0,231
141820805,65,196,37,16,2,0,0,11,327
141820806,25,92,188,8,3,0,0,0,316
141820807,68,83,52,4,0,0,0,1,208
141820808,84,68,22,4,0,0,0,1,179
141820809,74,163,69,24,1,0,0,1,332
141820810,83,192,12,26,1,0,0,1,315
141820811,81,112,5,18,2,0,0,1,219
141820812,51,79,1,0,0,0,0,0,131
141820901,97,142,41,12,1,0,0,1,294
141820902,62,158,83,28,5,0,1,2,339
141820903,51,199,4,34,4,1,0,0,293
141820904,63,141,6,17,0,0,0,3,230
141820905,59,128,1,29,5,0,0,2,224
141820906,99,102,10,22,0,0,0,8,241
141820907,49,161,2,13,4,0,0,1,230
141820908,71,212,21,57,1,0,0,4,366
141820909,122,157,1,26,3,0,0,0,309
141820910,86,240,8,22,2,1,0,2,361
141820911,102,183,1,13,0,1,0,2,302
141821001,51,129,3,34,1,0,0,1,219
141821002,89,165,6,41,2,0,2,2,307
141821003,59,125,4,15,0,0,0,2,205
141821004,102,142,1,38,4,0,3,5,295
141821005,6,108,0,44,0,0,0,4,162
141821006,37,145,6,25,0,0,0,2,215
141821007,104,147,2,18,4,0,0,7,282
141821008,61,95,1,18,3,0,0,0,178
141821009,43,201,7,29,3,0,0,4,287
141821010,61,191,7,53,10,0,0,3,325
141821101,35,80,18,14,0,0,0,2,149
141821102,65,144,18,14,1,0,0,0,242
141821103,51,87,5,15,0,0,0,1,159
141821104,99,97,6,23,0,0,0,0,225
141821105,67,92,0,27,2,1,0,1,190
141821106,29,206,13,22,2,0,0,0,272
141821107,30,139,15,20,2,0,0,0,206
141821108,34,186,24,21,0,0,1,3,269
141821109,80,220,7,74,2,1,0,4,388
141821110,77,207,14,51,6,0,0,2,357
141821201,89,92,19,8,3,0,0,3,214
141821202,104,50,14,10,10,0,0,0,188
141821203,171,74,19,10,1,0,0,2,277
141821204,136,131,26,35,1,0,1,1,331
141821205,104,107,13,6,6,0,0,0,236
141821206,169,144,14,31,4,0,0,1,363
141821207,153,103,17,8,2,0,0,4,287
141821208,144,36,13,7,2,0,2,1,205
141821209,111,71,4,3,2,0,0,3,194
141821210,81,87,16,3,4,0,0,9,200
141821211,89,97,28,26,2,1,0,4,247
141821301,46,178,39,51,4,0,0,2,320
141821302,45,167,59,25,2,1,0,0,299
141821303,38,157,21,21,0,0,0,1,238
141821304,77,153,23,35,2,0,0,3,293
141821305,41,136,15,17,0,0,0,1,210
141821306,29,161,13,41,3,0,0,0,247
141821307,106,64,46,67,0,0,0,0,283
141821308,11,51,0,53,1,0,0,1,117
141821309,47,89,4,19,4,0,0,0,163
141821310,46,97,4,33,3,0,0,1,184
141821311,50,140,4,31,19,0,0,1,245
141821312,34,105,43,65,2,0,0,3,252
180070101,0,3,5,284,5,29,2,2,330
180070102,0,0,1,150,2,15,0,0,168
180070103,0,3,6,231,3,12,2,0,257
180070104,3,6,14,171,4,12,8,0,218
180070105,3,4,18,223,6,8,0,1,263
180070106,24,12,26,213,9,17,2,0,303
180070107,5,3,27,147,1,0,0,0,183
180070108,3,11,26,250,0,1,1,0,292
180070109,2,19,6,214,2,18,0,6,267
180070110,12,7,3,200,1,6,0,0,229
180070111,3,7,2,200,7,14,0,0,233
180070112,0,6,6,237,4,2,0,0,255
180070113,4,23,25,266,4,1,0,0,323
180070114,2,5,1,210,3,19,0,0,240
180070115,0,2,2,203,3,66,2,6,284
180070116,1,3,1,250,2,14,1,0,272
180070117,4,10,1,240,1,4,0,2,262
180070118,3,12,11,186,22,3,0,0,237
180070119,0,2,2,222,1,30,1,3,261
180070120,8,15,9,201,3,0,0,6,242
180070121,5,3,4,228,3,10,1,0,254
180070122,1,3,1,259,1,13,1,0,279
180070123,0,5,1,222,1,6,0,0,235
180070124,2,6,0,257,5,1,0,0,271
180070125,28,11,0,240,3,0,0,0,282
180070201,0,0,0,55,0,10,6,3,74
180070202,0,1,1,40,0,9,2,0,53
180070203,0,1,3,64,2,23,1,2,96
180070204,0,2,0,75,1,19,1,0,98
180070205,0,0,0,54,1,14,3,0,72
180070206,3,0,1,55,4,12,2,0,77
180070207,0,0,0,48,3,17,2,0,70
180070208,0,1,0,56,1,20,1,0,79
180070209,0,0,0,39,7,22,3,1,72
180070210,0,0,1,14,0,3,0,1,19
180070211,0,0,0,51,0,8,0,0,59
180070212,0,0,0,60,2,14,1,1,78
180070213,0,0,0,255,1,10,0,0,266
180070214,8,1,0,378,2,1,0,0,390
180070215,0,0,0,267,0,0,0,0,267
180070216,3,0,0,145,0,18,1,0,167
180070217,0,3,1,85,2,54,7,4,156
180070218,3,0,0,133,2,15,0,0,153
180070301,3,1,1,188,1,11,8,4,217
180070302,1,1,0,30,2,2,0,2,38
180070303,2,0,0,28,0,3,2,0,35
180070304,0,0,0,96,0,16,3,1,116
180070305,0,0,0,105,1,5,1,1,113
180070401,0,0,1,24,0,1,0,0,26
180070501,0,0,0,35,0,3,0,0,38
180070502,0,0,0,13,0,6,0,0,19
180070503,0,0,0,9,0,0,0,0,9
180070504,0,0,0,27,0,3,0,1,31
180070505,0,0,0,22,0,5,0,0,27
180070506,0,0,0,33,3,2,1,0,39
180070601,0,0,1,134,2,3,1,0,141
180070602,0,1,0,97,4,2,0,0,104
180070701,0,0,1,47,1,9,5,0,63
180070702,0,0,0,76,3,12,11,2,104
180070801,0,0,0,4,0,0,0,2,6
180070802,0,0,0,1,0,2,5,3,11
180140101,1,0,1,106,1,6,5,0,120
180140102,0,0,2,125,2,3,4,1,137
180140103,0,1,0,120,6,7,11,2,147
180140201,0,0,0,34,0,5,12,0,51
180140202,0,0,0,12,0,0,0,0,12
180140203,0,0,0,6,1,0,0,1,8
180140301,0,0,1,29,1,7,21,2,61
180140302,0,0,0,25,0,1,2,0,28
180140303,0,0,0,31,0,1,4,6,42
180140401,0,0,0,42,1,2,10,0,55
180140402,0,0,0,13,0,1,1,0,15
180140501,0,0,0,0,0,0,0,0,0
180140502,0,0,0,0,0,0,0,0,0
180210101,84,220,25,123,1,0,0,1,454
180210102,44,97,19,147,4,0,0,1,312
180210103,52,178,26,143,2,2,0,0,403
180210104,22,137,37,93,3,0,1,1,294
180210105,16,109,50,71,3,0,0,10,259
180210106,12,164,18,109,3,0,0,0,306
180210107,26,108,11,83,4,0,0,2,234
180210108,33,88,9,62,10,0,0,0,202
180210109,56,96,8,107,3,1,0,3,274
180210110,49,93,3,55,3,0,0,0,203
180210111,8,69,7,134,2,1,0,0,221
180210112,12,42,8,75,0,0,0,0,137
180210113,48,122,27,243,4,0,0,7,451
180210114,41,107,30,175,0,0,0,4,357
180210115,36,121,26,225,4,0,0,1,413
180210116,15,209,0,0,0,0,0,0,224
180210117,55,168,26,145,5,3,2,1,405
180210118,71,83,24,153,0,0,0,2,333
180210201,32,159,11,234,1,0,0,5,442
180210202,4,88,9,148,6,0,0,0,255
180210203,23,138,3,197,3,0,0,0,364
180210204,19,54,6,134,1,1,0,0,215
180210205,40,85,15,124,2,0,0,0,266
180210206,11,114,9,150,0,0,0,0,284
180210207,21,136,7,231,2,2,1,0,400
180210208,44,152,6,138,7,0,0,1,348
180210209,37,89,9,139,3,0,0,3,280
180210210,26,118,16,124,4,0,0,2,290
180210211,31,128,0,97,2,0,0,0,258
180210212,23,92,3,114,3,0,0,1,236
180210213,17,61,7,111,4,0,0,6,206
180210214,82,177,10,137,2,1,0,19,428
180210215,35,83,9,148,4,0,0,14,293
180210216,124,78,14,71,3,0,0,1,291
180210217,22,189,6,105,3,0,0,15,340
180210218,12,65,3,74,0,0,0,0,154
180210301,1,6,1,254,2,7,0,1,272
180210302,0,35,4,244,2,1,1,1,288
180210303,8,49,4,361,0,19,0,1,442
180210304,15,56,0,373,1,11,2,27,485
180210305,1,13,49,314,1,13,0,18,409
180210306,18,6,76,189,2,2,0,0,293
180210307,1,11,5,215,2,19,1,1,255
180210308,10,19,0,264,6,12,0,0,311
180210309,3,34,1,241,2,6,0,13,300
180210310,3,43,21,216,1,6,0,1,291
180210311,31,35,10,171,3,0,0,2,252
180210312,6,40,1,243,3,0,0,0,293
180210313,19,19,0,167,2,0,0,1,208
180210314,3,7,2,312,0,9,1,3,337
180210315,2,9,104,228,1,2,0,19,365
180210316,7,51,2,256,6,1,0,11,334
180210317,8,64,3,420,5,2,0,0,502
180210318,10,40,2,197,2,1,0,4,256
180210319,3,37,2,279,0,2,0,0,323
180210320,25,49,10,218,4,0,0,8,314
180210321,37,24,11,151,3,1,1,2,230
180210401,6,6,4,396,3,28,0,1,444
180210402,0,4,0,212,4,0,0,0,220
180210403,2,19,11,464,2,4,0,4,506
180210404,3,6,0,344,0,9,0,0,362
180210405,7,6,0,223,7,11,0,1,255
180210406,3,14,2,352,1,13,0,0,385
180210407,2,35,0,355,2,9,0,0,403
180210408,4,0,1,230,0,9,0,0,244
180210409,4,19,1,295,0,3,1,0,323
180210410,6,23,3,279,2,2,4,2,321
180210411,46,24,2,425,5,0,0,3,505
180210412,1,33,2,206,1,0,1,0,244
180210413,11,5,1,249,2,0,0,0,268
180210414,1,33,76,214,5,0,0,1,330
180210415,24,51,3,153,6,2,0,1,240
180210416,8,75,6,157,2,0,0,1,249
180210417,20,36,1,267,3,1,0,0,328
180210418,4,31,1,184,1,2,0,2,225
180210419,15,58,0,123,3,0,0,1,200
180210420,1,19,3,137,1,1,0,4,166
180210421,2,97,11,237,8,8,0,6,369
180210422,6,42,4,199,5,0,0,2,258
180210501,13,163,8,51,6,0,0,0,241
180210502,36,45,70,99,0,0,0,5,255
180210503,60,114,26,197,12,0,0,2,411
180210504,25,72,79,138,1,0,0,4,319
180210505,13,17,4,136,3,0,0,6,179
180210506,3,43,23,220,7,1,0,2,299
180210507,11,37,13,258,7,0,0,5,331
180210508,8,42,2,149,2,0,0,0,203
180210509,2,24,3,237,19,0,0,1,286
180210510,33,22,0,176,0,0,0,13,244
180210511,11,52,4,248,0,0,0,0,315
180210512,46,72,30,303,3,0,0,0,454
180210513,14,59,3,261,8,2,0,1,348
180210514,12,36,3,194,0,0,0,5,250
180210515,5,28,5,165,1,1,0,2,207
180210516,6,35,11,142,1,0,0,4,199
180210601,12,32,1,186,1,1,0,0,233
180210602,5,25,3,205,1,1,0,1,241
180210603,1,50,4,224,14,1,0,23,317
180210604,2,52,1,322,4,1,0,0,382
180210605,5,30,7,304,1,1,0,0,348
180210606,13,53,5,481,6,5,1,17,581
180210607,3,34,0,229,1,0,0,1,268
180210608,11,7,0,241,0,0,0,0,259
180210609,102,7,1,217,9,0,0,0,336
180210610,1,38,11,210,0,0,0,0,260
180210611,1,12,3,180,2,0,0,0,198
180210612,12,41,6,277,6,2,0,0,344
180210613,7,43,6,291,1,0,1,0,349
180210614,6,38,4,310,2,4,0,2,366
180210615,3,23,3,251,1,1,0,2,284
180210616,3,30,0,292,2,1,0,3,331
180210701,1,2,0,318,4,14,0,1,340
180210702,0,16,0,245,1,5,0,1,268
180210703,53,21,1,367,1,10,1,28,482
180210704,5,17,2,315,5,0,0,2,346
180210705,1,46,1,247,1,0,0,0,296
180210706,8,45,0,154,0,0,0,0,207
180210707,17,5,1,398,1,0,0,0,422
180210708,9,41,1,461,6,41,0,6,565
180210709,0,28,0,281,11,2,0,0,322
180210710,2,23,1,221,68,2,0,53,370
180210711,1,9,1,363,6,16,0,20,416
180210712,5,0,0,337,1,1,0,0,344
180210713,1,2,0,293,1,0,0,6,303
180210714,26,3,1,232,1,1,0,0,264
180210715,4,6,0,266,1,7,0,1,285
180210716,4,1,0,224,2,5,0,0,236
180210801,5,73,3,113,3,1,0,0,198
180210802,36,21,8,197,3,4,0,0,269
180210803,22,65,4,192,1,0,0,0,284
180210804,26,38,5,130,3,0,0,2,204
180210805,17,52,4,176,2,2,0,2,255
180210806,14,39,22,190,3,1,0,5,274
180210807,7,47,6,155,2,0,0,0,217
180210808,7,44,9,155,0,1,0,0,216
180210809,15,87,15,245,31,0,0,5,398
180210810,30,46,6,289,5,3,0,2,381
180210811,6,54,12,431,9,6,0,6,524
180210812,3,8,2,198,1,0,0,2,214
180210813,0,12,3,196,5,13,0,2,231
180210901,14,77,10,87,0,0,0,0,188
180210902,15,78,10,95,4,0,0,6,208
180210903,24,103,7,142,5,1,0,9,291
180210904,25,65,8,139,0,0,0,3,240
180210905,5,19,57,186,5,0,0,1,273
180210906,45,141,17,234,2,0,0,7,446
180210907,22,103,9,291,8,1,0,1,435
180210908,30,111,18,265,7,0,0,1,432
180210909,37,110,7,164,0,0,0,5,323
180210910,53,93,8,138,3,0,0,1,296
180210911,23,60,11,105,3,1,0,4,207
180210912,19,89,16,289,3,1,0,10,427
180210913,13,72,12,120,7,0,0,0,224
180210914,13,108,12,173,5,0,0,6,317
180210915,8,23,73,125,9,0,0,0,238
180211001,7,33,3,228,1,6,2,0,280
180211002,1,12,0,274,3,2,0,0,292
180211003,1,6,1,293,2,0,0,0,303
180211004,2,4,2,297,9,4,0,3,321
180211005,1,5,0,231,6,10,0,0,253
180211006,1,10,3,464,0,1,0,1,480
180211007,1,7,3,305,6,0,0,3,325
180211101,4,3,3,262,2,26,1,3,304
180211102,0,1,0,20,1,1,0,0,23
180211103,0,4,12,127,3,7,0,1,154
180211104,2,5,0,95,4,5,1,2,114
180211105,6,3,1,133,4,2,0,2,151
180211106,1,11,4,318,2,18,0,2,356
180211107,3,24,1,279,3,2,0,0,312
180211108,1,7,0,209,2,10,0,2,231
180211109,1,6,0,237,4,18,1,1,268
180211110,5,10,5,192,2,3,0,0,217
180211201,0,0,1,24,1,0,0,1,27
180211202,1,1,0,37,1,5,1,0,46
180211203,0,0,0,32,0,1,2,0,35
180211204,1,1,3,41,0,1,1,0,48
180211205,3,2,0,151,3,15,11,2,187
180211206,0,3,2,127,1,12,2,1,148
180211207,0,1,0,80,3,56,2,3,145
180211208,6,10,0,307,0,8,0,0,331
180211209,7,10,0,349,28,16,1,21,432
180211210,2,0,0,262,2,58,0,0,324
180211211,0,0,0,268,0,0,1,1,270
180211212,1,15,1,300,4,27,0,0,348
180211213,1,0,1,78,0,16,0,2,98
180211301,7,7,3,284,4,6,5,3,319
180211302,1,3,1,156,3,3,2,1,170
180211303,0,1,1,45,1,3,0,0,51
180211304,1,0,2,9,3,0,1,0,16
180211305,0,1,1,114,1,1,0,0,118
180211306,1,5,0,181,1,2,0,0,190
180211307,1,5,1,201,5,5,5,2,225
180211401,0,0,0,4,0,0,1,0,5
180211402,0,1,0,7,0,1,1,0,10
180211501,14,11,2,266,4,0,0,0,297
180211502,25,82,65,80,0,0,0,4,256
180211503,1,0,110,7,0,0,0,0,118
180211504,13,28,86,1,0,0,0,0,128
180211505,140,123,8,15,0,0,0,0,286
180211506,9,43,36,130,1,2,0,0,221
180211507,5,30,7,194,1,0,0,0,237
180211508,10,4,8,66,147,1,0,2,238
180211509,34,26,10,118,6,0,0,0,194
180211510,18,10,1,148,0,0,0,0,177
180211511,26,27,1,366,1,0,0,0,421
180211512,62,143,0,39,0,0,0,0,244
180211513,47,128,1,55,0,0,0,0,231
180211514,5,47,1,185,8,0,0,0,246
180211515,19,20,0,153,7,0,0,0,199
180211516,55,27,7,368,9,0,2,0,468
180211601,4,15,1,156,2,5,0,0,183
180211602,25,86,2,76,0,3,1,4,197
180211603,3,31,1,320,8,6,0,0,369
180211604,7,43,8,434,7,4,1,0,504
180211605,1,13,0,152,1,0,1,2,170
180211606,67,102,5,21,0,0,0,1,196
180211607,14,218,1,0,0,0,0,0,233
180211608,2,12,0,221,7,0,0,0,242
180211609,4,104,7,171,0,0,0,4,290
180211610,2,19,0,160,0,1,0,0,182
180211611,2,31,25,200,3,1,0,6,268
180211612,1,11,0,197,2,2,0,0,213
180211613,0,18,2,217,3,2,0,0,242
180211614,8,35,4,238,4,1,0,2,292
180211615,6,24,4,300,4,5,0,2,345
180211616,20,7,1,308,1,6,1,1,345
180211701,11,55,4,220,2,1,1,8,302
180211702,6,26,4,299,2,1,0,1,339
180211703,3,13,0,368,5,15,0,0,404
180211704,46,90,8,171,2,4,0,9,330
180211705,84,9,0,140,29,0,0,0,262
180211706,6,37,2,370,8,0,0,3,426
180211707,0,175,2,73,0,0,0,0,250
180211708,0,16,6,267,1,2,0,1,293
180211709,3,14,1,251,0,2,0,1,272
180211710,2,9,1,304,2,0,0,0,318
180211711,1,24,0,243,23,0,0,0,291
180211712,2,26,4,180,0,0,0,1,213
180211713,28,28,0,237,2,4,0,0,299
180211714,36,13,2,166,1,0,0,1,219
180211715,2,44,1,214,0,5,0,0,266
180211716,53,9,0,122,3,0,0,29,216
180211717,4,3,0,217,1,0,0,0,225
180211718,12,5,1,379,1,0,0,0,398
180211801,24,10,6,372,14,1,0,2,429
180211802,1,4,2,283,1,1,0,0,292
180211803,10,75,1,330,4,2,0,2,424
180211804,8,31,2,435,3,4,0,4,487
180211805,26,14,0,220,0,0,0,1,261
180211806,2,26,1,229,1,0,0,1,260
180211807,9,13,0,388,1,5,0,1,417
180211808,1,4,0,380,1,0,0,0,386
180211809,11,8,3,460,1,25,0,9,517
180211810,1,6,1,250,3,0,0,0,261
180211811,8,3,2,310,5,3,0,0,331
180211812,0,13,0,432,2,0,1,0,448
180211813,12,12,1,393,2,1,0,0,421
180211901,16,56,9,175,2,1,0,3,262
180211902,11,60,16,200,9,0,0,10,306
180211903,8,142,37,38,0,0,0,8,233
180211904,20,81,32,69,0,0,0,0,202
180211905,1,7,33,250,0,6,0,0,297
180211906,7,72,0,176,1,0,0,1,257
180211907,2,11,0,212,1,0,0,0,226
180211908,3,30,4,366,1,0,0,1,405
180211909,9,33,192,90,4,1,0,3,332
180211910,85,42,0,0,0,0,0,0,127
180211911,8,36,53,196,2,0,0,1,296
180211912,39,68,24,366,4,0,1,12,514
180211913,12,19,5,151,9,0,0,0,196
180211914,9,47,4,76,4,0,0,92,232
180211915,5,53,2,222,8,1,0,6,297
180211916,16,97,3,106,2,0,0,10,234
180211917,4,61,4,107,0,0,0,5,181
180211918,8,41,6,246,3,4,0,6,314
180212001,27,72,53,211,20,4,0,9,396
180212002,2,35,3,378,1,9,1,0,429
180212003,49,69,0,344,9,5,0,1,477
180212004,0,29,0,253,11,7,0,0,300
180212005,0,15,1,233,2,0,0,0,251
180212006,3,46,0,312,4,1,0,2,368
180212007,3,49,1,249,2,0,1,3,308
180212008,15,134,0,133,0,0,0,1,283
180212009,2,11,40,220,3,1,0,11,288
180212010,9,34,4,288,3,0,0,0,338
180212011,38,75,3,321,6,2,1,0,446
180212012,45,72,2,166,2,2,0,13,302
180212013,19,44,9,287,3,0,0,2,364
180212101,12,62,4,244,5,4,1,2,334
180212102,9,58,5,176,1,2,0,2,253
180212103,10,24,1,350,4,3,0,0,392
180212104,30,150,24,128,1,1,0,0,334
180212105,0,82,59,36,0,0,0,0,177
180212106,5,18,8,403,1,3,0,0,438
180212107,10,23,2,285,3,18,0,12,353
180212108,68,38,3,205,6,17,0,38,375
180212109,5,76,2,196,1,2,0,0,282
180212110,17,52,3,326,6,2,0,1,407
180212111,5,53,5,332,4,0,0,1,400
180212112,5,27,2,361,1,3,0,10,409
180212201,14,13,1,142,0,1,0,4,175
180212202,0,28,0,243,1,1,0,2,275
180212203,6,17,2,316,6,19,0,3,369
180212204,2,0,1,443,3,25,0,0,474
180212205,3,18,0,261,3,19,0,5,309
180212206,0,3,2,276,3,23,2,1,310
180212207,6,4,1,382,7,77,3,6,486
180212208,0,1,0,253,5,15,0,0,274
180212209,11,27,2,354,2,4,0,0,400
180212210,4,46,8,268,1,1,0,1,329
180212211,2,4,0,359,2,0,0,1,368
180212212,2,10,2,455,5,7,0,5,486
180212301,8,8,1,420,3,16,0,6,462
180212302,12,15,0,363,2,4,0,4,400
180212303,1,7,1,389,3,3,0,0,404
180212304,21,2,0,296,1,3,0,0,323
180212305,23,1,1,385,2,1,0,0,413
180212306,1,0,0,255,1,1,0,15,273
180212307,27,9,4,315,6,4,0,0,365
180212308,10,0,0,278,5,0,0,5,298
180212309,8,0,0,342,1,0,0,0,351
180212310,37,5,0,306,2,0,2,0,352
180212311,0,9,1,374,1,6,0,1,392
180212312,3,14,3,377,1,8,0,0,406
180212313,1,0,0,393,3,4,0,0,401
180212314,0,1,0,108,1,6,0,0,116
180280101,11,5,4,216,2,165,7,3,413
180280102,14,0,0,115,3,43,8,0,183
180280103,5,0,4,242,4,33,9,0,297
180280201,0,0,0,19,0,1,1,0,21
180280202,0,0,0,18,1,1,7,0,27
180280301,16,7,7,252,4,260,7,7,560
180280302,0,0,1,11,1,2,0,0,15
180280303,1,1,1,50,0,31,1,0,85
180280304,0,0,0,2,0,1,2,0,5
180280305,0,1,0,8,0,8,1,0,18
180280306,0,0,0,9,0,22,5,0,36
180280307,0,0,0,21,1,12,5,0,39
180280308,1,0,1,77,1,45,45,1,171
180280309,5,1,0,144,0,223,0,1,374
180280310,11,2,3,183,3,63,3,0,268
180280311,5,8,10,215,0,94,2,3,337
180280312,27,7,7,286,9,190,7,5,538
180280401,0,0,1,207,3,23,0,1,235
180280402,0,0,0,15,0,5,1,0,21
180280403,0,0,0,22,0,19,4,0,45
180280404,0,0,0,5,0,1,0,0,6
180280405,0,0,1,99,0,36,1,1,138
180280406,2,0,2,109,1,28,1,0,143
180280407,2,2,0,95,2,22,0,0,123
180280408,0,0,0,69,1,7,1,1,79
180280409,0,1,1,85,0,7,0,0,94
180280410,0,0,0,31,0,4,1,0,36
180280411,0,0,0,51,0,12,4,0,67
180280412,1,0,0,114,3,43,0,0,161
180280413,0,0,2,71,0,49,4,0,126
180280501,0,0,0,11,0,6,2,0,19
180280502,0,1,0,21,0,0,0,0,22
180280503,0,0,2,15,0,0,0,0,17
180280601,0,0,0,20,0,3,2,0,25
180280602,0,0,0,4,0,0,0,0,4
180280603,0,0,0,12,2,3,5,0,22
180280604,4,0,0,48,1,24,7,1,85
180280605,0,0,0,7,0,3,2,0,12
180280606,0,1,0,13,0,6,0,0,20
180280701,0,1,0,29,0,26,8,0,64
180280702,2,0,0,126,2,12,7,0,149
180280703,0,0,0,10,0,5,8,0,23
180280704,0,0,0,10,0,1,3,2,16
180280705,0,0,0,23,0,2,1,0,26
180280706,0,0,0,18,0,2,4,0,24
180280707,0,0,0,7,0,0,9,0,16
180350101,1,13,3,251,11,10,3,2,294
180350102,0,1,1,181,3,15,4,1,206
180350103,13,0,0,302,5,12,9,1,342
180350104,7,9,11,260,10,0,1,2,300
180350105,9,25,29,252,4,0,1,1,321
180350106,8,14,12,116,4,0,0,1,155
180350107,8,9,14,154,1,0,1,2,189
180350108,3,11,8,148,0,0,1,0,171
180350109,2,6,5,214,4,1,0,0,232
180350110,9,13,1,168,10,2,3,6,212
180350111,1,0,1,258,16,7,11,0,294
180350112,2,2,2,197,5,4,7,1,220
180350113,8,7,8,199,8,0,2,0,232
180350114,0,1,0,4,0,0,0,1,6
180350115,1,0,1,183,4,30,2,4,225
180350116,1,1,2,163,12,14,5,3,201
180350201,0,0,0,31,2,0,1,0,34
180350301,1,0,0,39,0,9,1,0,50
180350302,0,1,0,25,3,1,3,0,33
180350303,0,0,0,39,0,0,2,0,41
180350401,0,0,0,16,0,0,1,0,17
180350402,0,1,1,30,0,0,1,0,33
180350501,2,0,1,92,5,11,3,0,114
180350502,8,2,1,65,0,0,1,1,78
180350503,0,0,0,11,0,0,1,0,12
180350601,0,0,0,24,2,2,2,0,30
180350602,1,0,1,20,2,1,0,0,25
180350603,0,0,0,93,0,6,12,3,114
180350701,0,0,1,36,0,0,4,0,41
180350702,0,0,0,19,0,0,0,0,19
180350801,0,0,0,17,1,0,3,0,21
180350802,0,0,1,62,0,2,8,0,73
180350901,0,0,1,15,0,0,2,0,18
180350902,0,0,0,30,0,0,0,0,30
180351001,0,0,1,14,0,0,1,0,16
180351002,0,1,0,5,0,0,0,0,6
180351101,3,0,0,129,4,4,5,2,147
180351102,0,0,2,24,6,0,3,1,36
180351201,0,0,0,34,0,2,8,0,44
180351202,0,0,0,12,1,0,1,1,15
180351203,0,0,0,20,0,0,4,0,24
180351301,0,0,0,51,0,11,8,0,70
180351302,0,0,0,19,0,3,3,0,25
180351303,0,0,5,45,5,4,14,1,74
180351401,0,0,1,77,0,30,37,2,147
180351402,1,0,0,36,0,2,0,0,39
180351501,0,7,25,246,1,20,8,1,308
180351502,0,1,0,216,9,48,13,4,291
180351503,0,0,0,23,1,1,4,0,29
180351504,0,0,1,25,0,4,0,0,30
180351505,0,0,0,26,0,0,0,0,26
180351506,0,0,0,98,1,6,4,1,110
180351507,0,0,0,7,0,1,1,0,9
180351508,0,0,0,16,0,4,6,0,26
180351509,0,1,0,18,0,6,2,0,27
180351510,3,4,3,207,4,6,2,0,229
180351511,2,3,3,179,2,7,3,3,202
180351601,0,0,1,17,0,0,2,0,20
180351602,0,0,0,19,0,0,1,0,20
180351701,0,0,0,11,0,1,0,0,12
180351702,0,0,0,9,1,0,1,0,11
180351801,8,0,0,348,1,0,0,0,357
180351802,5,0,1,365,6,0,0,0,377
180351803,6,9,19,126,22,0,0,0,182
180351804,2,0,0,199,3,7,5,0,216
180351805,6,26,0,284,4,4,2,0,326
180351806,2,0,2,165,3,1,0,0,173
180351807,5,5,0,293,5,1,0,1,310
180351808,1,0,0,327,1,9,5,0,343
180351809,3,35,0,237,3,4,2,1,285
180351810,0,2,1,252,15,24,8,6,308
180351811,3,0,2,163,2,1,1,1,173
180351901,0,0,0,102,2,8,5,2,119
180351902,5,3,1,199,2,5,8,0,223
180351903,0,0,0,318,10,12,6,1,347
180351904,1,4,1,335,3,3,6,3,356
180351905,3,7,0,273,9,7,2,1,302
180351906,14,9,18,150,7,0,0,2,200
180351907,1,9,17,144,5,0,0,1,177
180351908,0,1,6,120,6,4,2,1,140
180351909,27,11,3,153,5,0,1,2,202
180351910,3,7,3,202,2,5,2,0,224
180351911,4,41,6,118,3,0,0,0,172
180351912,6,16,23,218,2,4,0,0,269
180351913,5,18,19,234,8,3,0,2,289
180420101,1,10,1,223,0,4,0,1,240
180420102,4,12,2,288,5,13,0,4,328
180420103,2,8,4,186,4,8,4,2,218
180420104,3,11,5,300,2,37,2,1,361
180420105,15,3,5,165,2,16,1,2,209
180420106,5,2,0,200,2,32,1,1,243
180420107,5,9,8,253,3,14,3,1,296
180420108,3,7,18,257,3,6,0,1,295
180420109,5,4,5,196,0,22,1,1,234
180420201,0,0,0,8,0,0,0,0,8
180420202,1,1,0,52,0,12,1,0,67
180420203,0,1,0,7,0,0,0,0,8
180420204,2,0,1,26,0,1,6,0,36
180420301,1,2,0,87,1,14,2,0,107
180420302,0,0,0,24,0,1,0,0,25
180420303,0,0,0,26,0,2,0,0,28
180420304,0,2,0,118,1,9,1,1,132
180420305,3,1,0,50,0,1,0,0,55
180420306,2,0,0,45,0,7,0,0,54
180420307,0,0,0,144,1,9,5,1,160
180420308,0,0,0,21,0,1,0,0,22
180420401,0,0,0,43,0,0,0,0,43
180420402,0,0,0,14,0,0,0,0,14
180420403,0,0,0,48,0,0,2,0,50
180420404,0,0,0,4,0,1,16,0,21
180420405,0,0,1,28,1,0,0,0,30
180420501,1,0,0,84,0,4,4,0,93
180420502,1,2,1,60,1,2,0,0,67
180420503,2,0,0,60,0,6,1,1,70
180420504,0,1,1,136,1,5,2,1,147
180420505,0,0,0,31,1,0,2,0,34
180420506,0,2,0,156,1,20,10,1,190
180420507,1,0,0,139,2,15,0,0,157
180420601,0,0,0,1,0,0,1,0,2
180420602,0,0,0,2,0,8,0,1,11
180420603,0,0,0,0,0,0,0,0,0
180490101,6,15,0,145,8,56,6,4,240
180490102,10,5,4,154,8,32,34,1,248
180490103,12,8,7,294,8,50,14,4,397
180490104,24,2,4,318,8,18,3,1,378
180490105,2,19,14,143,4,5,1,0,188
180490106,7,36,8,112,4,2,0,0,169
180490107,16,35,24,186,6,2,1,0,270
180490108,6,19,27,150,4,0,0,1,207
180490109,33,33,29,187,3,19,1,0,305
180490110,35,32,29,207,14,1,0,10,328
180490111,14,17,8,147,4,1,0,0,191
180490112,8,9,8,181,4,2,1,1,214
180490113,32,4,3,280,3,49,3,3,377
180490114,13,4,2,170,6,17,7,0,219
180490115,12,4,0,165,1,9,1,0,192
180490116,14,6,7,326,2,26,5,2,388
180490117,19,12,7,223,3,31,4,2,301
180490118,6,3,2,148,3,9,0,0,171
180490201,1,0,0,16,1,11,1,0,30
180490202,4,1,2,86,4,24,7,1,129
180490203,2,0,0,37,1,14,4,1,59
180490204,0,0,0,13,0,3,3,2,21
180490205,0,0,0,14,0,0,2,0,16
180490206,0,0,0,8,0,0,1,0,9
180490207,17,4,3,163,6,18,2,4,217
180490301,1,1,1,203,3,9,65,1,284
180490302,0,0,0,5,0,0,1,0,6
180490303,0,0,0,24,0,0,0,1,25
180490304,0,0,0,27,1,4,4,0,36
180490305,0,0,0,19,3,5,8,0,35
180490306,4,1,2,103,6,44,34,6,200
180490307,0,0,9,63,1,4,16,5,98
180490308,1,1,1,232,3,1,13,2,254
180490401,0,0,0,41,1,2,25,1,70
180490402,0,1,0,38,0,0,33,0,72
180490403,0,0,0,20,0,1,8,0,29
180490404,1,0,0,6,0,5,27,0,39
180490405,0,0,0,26,0,4,14,0,44
180490501,0,0,1,44,1,0,27,0,73
180490502,0,0,0,4,0,4,8,0,16
180490503,0,0,0,0,0,0,4,0,4
180490601,0,0,0,14,1,1,0,0,16
180490602,0,0,0,10,1,0,0,0,11
180490603,0,0,0,2,0,0,14,0,16
180490701,18,6,6,453,11,110,17,8,629
180490702,1,0,0,85,3,25,3,0,117
180490703,8,1,0,108,1,19,13,0,150
180490704,2,1,0,116,4,13,80,1,217
180490705,0,4,2,6,0,1,1,2,16
180490801,0,0,1,31,7,2,2,0,43
180490802,1,0,0,52,0,0,7,1,61
180490901,0,0,0,0,0,0,9,0,9
180490902,0,0,0,5,0,0,40,1,46
180490903,0,0,0,9,0,1,7,0,17
180490904,0,0,0,12,0,0,5,2,19
180491001,0,0,0,75,1,7,33,0,116
180491002,0,0,0,26,0,5,14,0,45
180491003,0,0,0,13,0,1,0,0,14
180491101,0,0,0,7,0,4,6,0,17
180560101,3,0,0,185,14,44,8,0,254
180560102,0,2,0,202,20,10,5,0,239
180560103,3,0,0,219,55,37,9,2,325
180560104,2,3,0,273,16,17,2,1,314
180560105,1,7,1,136,11,4,2,0,162
180560106,0,5,2,144,7,2,0,0,160
180560107,3,0,6,137,10,0,0,0,156
180560108,1,0,2,125,3,6,3,0,140
180560109,0,7,3,131,10,5,0,0,156
180560110,1,0,0,81,14,18,4,0,118
180560201,0,0,3,62,4,10,8,0,87
180560202,0,0,0,27,1,1,6,0,35
180560301,0,0,0,49,1,9,12,0,71
180560302,0,0,0,16,1,0,1,0,18
180560303,0,0,0,15,0,0,0,0,15
180560401,1,0,0,34,0,2,2,0,39
180560402,0,0,0,15,1,0,0,0,16
180560403,0,0,0,7,2,2,1,0,12
180560404,0,0,1,5,0,0,0,0,6
180560501,0,0,0,10,0,0,0,0,10
180560502,0,0,0,9,0,0,0,1,10
180560503,1,0,0,11,1,3,1,0,17
180560504,0,0,0,3,1,1,0,0,5
180560601,0,0,0,5,0,0,0,0,5
180560602,0,0,0,2,0,0,0,0,2
180560603,0,0,0,3,0,0,0,0,3
180560604,0,0,0,9,0,0,1,0,10
180560605,0,0,0,2,0,0,0,0,2
180630101,1,2,27,390,18,42,4,1,485
180630102,1,2,22,292,4,36,7,0,364
180630103,0,0,1,193,2,28,6,0,230
180630104,1,0,2,221,3,38,7,0,272
180630201,1,3,6,173,4,8,1,0,196
180630202,2,6,6,304,3,12,5,2,340
180630203,0,0,1,20,0,9,2,0,32
180630204,2,0,1,115,1,17,1,1,138
180630205,1,2,0,185,2,5,5,1,201
180630206,0,0,0,169,22,34,4,1,230
180630301,0,0,0,77,1,37,22,1,138
180630302,0,1,0,12,0,6,1,0,20
180630303,0,0,0,35,0,8,15,6,64
180630304,1,1,0,33,2,3,2,0,42
180630401,1,1,0,118,0,1,2,0,123
180630402,0,0,0,25,0,2,5,0,32
180630403,0,0,0,6,0,0,0,0,6
180630404,0,0,1,20,0,0,1,0,22
180630405,0,0,0,2,0,0,0,1,3
180630406,0,0,0,33,0,3,1,0,37
180630407,0,0,0,5,0,0,1,0,6
180630408,0,0,0,6,0,1,1,0,8
180630501,0,1,1,32,0,0,1,1,36
180630502,0,1,0,41,0,1,1,0,44
180630503,0,0,0,42,0,0,13,0,55
180630504,0,0,1,11,0,0,4,0,16
180630601,0,0,0,14,0,2,6,4,26
180630602,0,0,0,13,0,3,11,0,27
180630603,0,0,0,4,0,0,4,0,8
180630701,0,0,0,83,0,36,18,0,137
180630702,0,0,0,24,0,2,5,0,31
180630703,0,0,0,27,0,7,18,0,52
180630704,3,0,1,52,0,23,18,0,97
180630705,0,0,0,59,0,15,13,0,87
180630706,0,0,0,32,0,2,4,0,38
180630801,0,0,0,22,0,1,5,0,28
180630802,0,0,1,59,0,3,13,0,76
180630803,0,0,0,34,0,2,20,0,56
180630804,0,0,0,56,3,15,36,1,111
180630805,1,0,0,42,2,14,14,0,73
180630806,0,0,0,124,0,4,3,0,131
180630901,0,0,0,0,0,0,1,0,1
180700101,5,25,14,175,11,20,8,1,259
180700102,23,31,22,176,0,0,0,1,253
180700103,6,25,24,224,5,0,0,0,284
180700104,1,11,9,187,1,1,3,0,213
180700105,7,41,2,179,2,0,0,2,233
180700106,7,31,13,220,0,1,1,0,273
180700107,11,19,24,209,2,0,1,0,266
180700108,6,22,22,186,1,2,1,1,241
180700109,5,12,12,188,6,3,3,0,229
180700110,2,9,4,214,9,3,1,1,243
180700111,4,24,7,281,1,0,16,0,333
180700112,4,2,4,212,5,2,5,0,234
180700113,0,3,1,189,3,6,16,1,219
180700114,30,23,3,182,8,4,4,2,256
180700115,2,4,1,282,7,2,2,0,300
180700116,0,8,0,186,0,6,4,1,205
180700117,2,5,2,180,4,14,8,17,232
180700118,2,0,0,18,3,8,41,19,91
180700201,0,3,0,121,3,11,35,0,173
180700202,1,6,1,113,2,13,30,7,173
180700203,1,1,1,120,5,5,13,2,148
180700204,3,0,1,78,1,4,4,1,92
180700205,0,0,0,19,2,5,4,0,30
180700206,0,0,0,26,0,4,2,1,33
180700207,0,0,0,16,0,11,0,0,27
180700208,0,0,0,4,0,0,1,0,5
180700209,0,1,1,43,3,1,2,1,52
180700210,0,0,0,3,0,0,0,0,3
180700301,0,0,0,154,2,21,4,4,185
180700302,0,0,0,85,1,5,14,2,107
180700303,0,0,0,27,1,11,1,0,40
180700401,0,0,0,18,2,4,6,0,30
180700402,0,0,0,15,1,9,13,2,40
180700403,0,1,0,12,0,3,6,0,22
180700404,0,0,0,19,0,1,4,0,24
180700501,0,0,0,51,4,4,2,0,61
180700502,0,0,0,28,3,4,2,0,37
180700503,0,0,0,9,0,0,0,1,10
180700601,0,0,0,19,0,0,6,0,25
180700602,0,0,1,11,0,0,0,0,12
180700603,0,0,0,15,0,3,13,0,31
180700701,0,0,1,20,1,2,3,3,30
180700702,0,0,0,7,0,0,0,0,7
180700703,0,0,0,11,0,1,1,0,13
180700801,0,0,0,33,1,6,16,0,56
180700802,0,0,0,32,2,8,5,0,47
180700803,0,0,0,41,0,6,11,0,58
180700804,0,1,0,51,1,11,15,0,79
180700901,0,0,0,44,0,4,1,1,50
180700902,0,3,1,35,0,4,17,1,61
180701001,0,0,3,12,0,7,7,2,31
180701002,0,0,0,35,0,9,9,0,53
180701003,0,0,1,65,0,9,40,0,115
180701004,1,0,0,22,0,3,17,0,43
180701005,0,0,0,14,68,3,26,0,111
180701101,0,0,0,38,0,9,37,1,85
180701102,1,0,1,22,1,6,72,0,103
180701201,4,0,1,134,12,22,10,3,186
180701202,0,0,1,39,2,17,11,0,70
180701203,0,1,0,42,0,6,1,0,50
180701204,0,0,0,58,1,14,19,4,96
180701301,0,1,0,73,0,12,18,0,104
180701302,0,0,0,21,0,12,0,1,34
180701303,3,0,0,124,1,24,14,1,167
180701304,0,0,0,17,0,0,0,0,17
180701401,0,0,0,70,1,13,22,0,106
180701402,0,1,0,34,0,8,49,0,92
180701403,0,0,0,51,2,29,39,3,124
180701404,0,0,0,47,2,5,18,0,72
180701501,0,0,0,45,0,11,6,0,62
180701502,1,0,0,54,0,3,9,0,67
180701503,0,0,0,40,2,32,34,3,111
180701504,0,0,0,11,0,1,1,0,13
180701505,0,1,0,25,0,7,0,0,33
180701506,8,1,0,318,3,1,0,0,331
180701507,42,0,0,227,11,5,7,0,292
180701508,3,1,1,338,39,1,0,0,383
180701509,2,56,0,280,11,1,0,0,350
180701601,0,2,1,66,2,5,6,0,82
180701602,0,1,0,39,0,0,0,0,40
180701603,0,0,0,54,1,1,3,0,59
180701604,1,0,0,37,3,9,10,0,60
180701605,4,0,2,52,2,0,4,0,64
180701606,0,1,0,49,0,7,14,0,71
180701607,0,1,0,73,3,9,6,1,93
180701701,1,0,0,48,1,6,5,1,62
180701702,0,0,0,16,0,0,0,0,16
180701703,0,0,1,60,0,1,1,1,64
180701704,0,0,0,22,0,0,1,0,23
180701801,3,1,0,42,2,15,1,1,65
180701802,0,0,0,57,1,9,7,1,75
180701803,2,0,1,61,5,4,6,2,81
180701901,0,0,0,1,0,0,4,0,5
180701902,0,2,0,31,0,21,74,17,145
180701903,0,0,0,0,0,0,6,0,6
180701904,0,0,0,0,0,0,13,0,13
180701905,0,0,0,1,0,0,13,0,14
180701906,0,0,0,0,0,0,0,0,0
180701907,0,0,0,1,0,0,3,0,4
180701908,0,0,0,1,0,0,2,0,3
180701909,0,0,0,7,0,8,10,0,25
180702001,28,4,2,194,2,0,1,0,231
180702002,6,3,0,208,4,0,0,0,221
180702003,7,1,0,200,4,0,0,0,212
180702004,5,1,0,344,3,0,0,0,353
180702005,3,2,4,272,0,1,2,2,286
180702006,7,10,3,267,5,4,1,1,298
180702007,8,10,7,224,6,3,0,2,260
180702008,5,16,6,307,5,4,3,0,346
180702009,7,21,20,217,0,1,1,1,268
180702010,7,9,6,186,3,5,6,0,222
180702011,3,23,33,156,2,0,0,0,217
180702012,11,27,22,180,2,0,0,0,242
180702013,10,31,12,196,8,4,3,0,264
180702014,9,21,26,141,10,4,0,0,211
180702015,14,19,12,140,7,0,0,0,192
180702016,11,41,36,179,4,0,0,0,271
180702101,4,0,1,142,50,3,0,0,200
180702102,0,1,0,18,0,0,0,0,19
180702103,4,4,1,358,15,2,2,0,386
180702104,14,7,0,294,2,9,7,3,336
180702105,30,11,1,257,9,8,3,0,319
180702106,3,8,4,215,2,1,5,0,238
180702107,0,2,0,76,0,6,2,1,87
180702108,1,0,0,110,11,39,18,3,182
180702109,4,33,2,238,2,17,6,3,305
180702110,3,1,2,225,6,14,5,3,259
180702111,15,4,1,205,4,11,5,0,245
180702112,0,1,0,205,8,20,29,1,264
180702113,1,4,0,279,7,42,29,0,362
180702114,1,8,1,212,2,5,4,1,234
180702115,28,6,0,310,10,3,2,11,370
180702116,19,7,4,259,0,15,9,0,313
180702117,3,1,0,187,7,30,24,7,259
180702201,10,5,0,270,47,36,15,1,384
180702202,5,4,1,258,4,38,31,2,343
180702203,20,2,3,273,4,7,2,0,311
180702204,1,6,5,376,8,7,18,0,421
180702205,0,3,0,169,5,9,28,0,214
180702206,5,11,1,297,3,8,15,3,343
180702207,5,1,3,199,8,4,5,0,225
180702208,1,4,1,201,4,15,23,2,251
180702209,20,36,0,147,2,0,0,0,205
180702210,3,2,1,372,3,26,14,35,456
180702211,0,0,0,9,4,6,5,0,24
180702212,19,42,0,304,4,0,12,1,382
180702213,4,0,0,316,3,0,0,0,323
180702214,0,1,0,120,131,5,3,1,261
180702215,6,4,0,256,5,39,46,1,357
180702216,3,0,0,229,7,35,7,6,287
180702217,2,2,0,261,3,2,1,2,273
180702218,2,4,0,274,9,15,7,5,316
180770101,0,1,3,174,1,19,1,0,199
180770102,4,18,8,126,3,2,0,0,161
180770103,2,34,7,260,9,5,0,3,320
180770104,1,17,7,271,11,7,0,0,314
180770105,0,17,3,164,23,2,0,0,209
180770106,2,10,3,191,6,4,0,0,216
180770201,1,2,0,133,1,19,12,0,168
180770202,0,0,0,82,0,1,3,0,86
180770203,0,2,0,60,1,2,1,2,68
180770204,4,4,2,77,1,5,1,0,94
180770205,0,0,1,63,0,2,1,0,67
180770206,0,0,1,11,0,1,0,0,13
180770207,1,0,0,11,0,2,0,0,14
180770208,0,1,0,129,15,1,0,0,146
180770301,3,0,0,128,3,27,4,0,165
180770302,0,0,0,46,0,1,9,0,56
180770401,0,0,0,22,0,0,1,0,23
180770402,0,1,0,67,0,8,0,0,76
180770501,1,0,1,19,0,2,0,0,23
180770502,1,1,4,26,0,0,0,0,32
180770503,0,1,0,4,0,0,0,0,5
180770601,0,0,0,0,0,0,0,0,0
180770602,0,0,1,0,0,0,0,0,1
180770603,0,0,0,0,0,0,0,0,0
180840101,2,1,2,232,7,99,3,0,346
180840102,5,3,2,196,4,12,0,0,222
180840103,0,6,2,213,5,17,0,1,244
180840104,0,2,5,139,2,37,0,5,190
180840105,0,3,6,197,8,13,0,0,227
180840106,0,2,0,227,3,15,0,0,247
180840107,3,13,5,312,5,35,0,1,374
180840108,3,17,5,255,2,8,0,7,297
180840109,1,32,12,182,5,3,2,1,238
180840110,0,10,62,149,0,2,1,0,224
180840111,19,7,9,204,4,3,0,0,246
180840112,3,10,154,128,0,8,0,0,303
180840113,1,152,38,30,0,0,0,0,221
180840114,2,2,6,4,296,0,1,0,311
180840115,4,0,36,5,260,0,0,1,306
180840116,1,1,4,7,313,0,0,0,326
180840117,2,0,113,6,2,3,1,1,128
180840118,0,2,1,367,3,65,3,4,445
180840201,3,2,0,228,4,51,5,0,293
180840202,0,0,3,9,0,2,0,0,14
180840203,1,0,0,44,1,24,0,1,71
180840204,0,0,0,102,0,32,0,0,134
180840205,2,0,0,100,2,127,2,1,234
180840206,1,0,0,2,1,3,0,0,7
180840301,1,0,0,44,1,23,1,1,71
180840302,0,0,0,19,0,1,0,1,21
180840303,0,0,0,4,0,2,0,0,6
180840304,0,0,1,8,1,0,0,0,10
180840305,0,0,0,3,0,0,3,0,6
180840306,0,0,1,34,0,1,0,0,36
180840401,0,0,0,3,0,0,0,0,3
180840402,0,0,1,3,0,0,0,0,4
180840403,0,0,13,10,1,0,0,0,24
180840404,0,0,0,7,0,0,0,1,8
180840501,0,0,0,24,2,10,0,0,36
180840502,0,0,0,41,0,6,0,0,47
180840503,0,0,2,15,1,12,0,0,30
180840601,0,0,0,19,0,0,0,0,19
180840602,0,0,1,13,0,0,1,0,15
180840603,0,0,1,16,2,0,0,0,19
180840701,0,0,1,21,0,3,0,2,27
180840702,2,1,1,2,2,0,1,1,10
180840703,0,0,0,12,0,0,1,0,13
180840801,0,0,3,3,0,0,0,0,6
180840802,0,0,0,18,0,0,0,0,18
180840901,0,0,1,17,1,2,0,2,23
180840902,0,0,0,22,0,1,0,0,23
180840903,0,0,0,31,1,0,0,0,32
180841001,1,3,1,138,3,27,0,0,173
180841002,1,0,0,154,3,42,0,1,201
180841003,0,0,2,135,3,36,1,1,178
180841004,0,0,0,77,1,19,0,0,97
180841005,0,0,1,27,1,10,0,0,39
180841006,0,0,0,11,1,1,0,0,13
180841007,0,0,0,66,1,9,1,0,77
180841008,0,0,1,11,3,1,0,1,17
180841009,0,0,0,8,0,0,0,0,8
180841101,0,2,2,246,9,6,0,0,265
180841102,0,0,0,71,3,1,0,0,75
180841103,0,0,0,25,2,1,0,0,28
180841104,0,0,0,70,3,6,2,0,81
180841105,0,0,1,116,5,13,1,0,136
180841106,0,0,0,19,0,0,0,0,19
180841107,0,0,0,14,1,0,0,0,15
180841108,0,0,0,34,2,0,1,0,37
180841109,3,1,1,293,2,12,0,0,312
180841201,0,0,0,191,1,13,23,1,229
180841202,0,0,0,27,0,2,16,0,45
180841203,0,0,3,68,0,1,53,1,126
180841204,0,0,0,10,0,22,6,0,38
180841205,0,0,2,1,0,0,0,0,3
180841206,0,0,0,0,0,0,0,0,0
180841207,0,0,0,0,0,0,0,0,0
180910101,2,3,3,302,0,0,1,0,311
180910102,8,5,9,191,4,6,1,0,224
180910103,1,4,5,160,1,0,2,0,173
180910104,5,1,0,174,6,36,8,12,242
180910105,4,2,1,233,6,43,13,9,311
180910106,2,1,0,274,5,10,6,3,301
180910107,3,0,0,237,3,25,5,3,276
180910108,9,5,4,211,5,9,1,1,245
180910109,1,6,3,197,3,9,3,3,225
180910110,4,1,2,319,9,62,36,22,455
180910201,5,0,1,130,2,23,28,5,194
180910202,0,0,0,70,5,12,9,7,103
180910203,2,6,1,98,6,61,41,21,236
180910204,2,0,0,46,21,33,27,5,134
180910205,0,0,0,7,0,4,5,1,17
180910206,0,1,0,51,3,41,16,19,131
180910207,2,0,0,131,8,8,13,7,169
180910208,17,1,2,107,14,19,32,2,194
180910209,3,0,4,168,8,42,26,9,260
180910210,4,0,0,63,2,30,31,6,136
180910211,1,0,0,75,12,15,5,17,125
180910212,0,0,0,28,3,15,4,9,59
180910301,2,2,5,116,2,9,8,8,152
180910302,1,0,0,60,5,10,14,3,93
180910303,0,0,0,73,1,12,15,5,106
180910304,0,0,0,23,0,7,3,0,33
180910305,0,0,0,57,0,6,1,0,64
180910401,1,0,0,98,3,15,15,0,132
180910402,1,0,0,66,0,8,9,0,84
180910403,0,1,0,46,1,10,8,3,69
180910404,0,0,0,47,0,6,10,0,63
180910405,0,0,0,74,1,22,16,1,114
180910406,0,0,0,30,1,6,13,0,50
180910407,0,0,0,11,2,4,6,0,23
180910501,0,0,0,11,1,1,2,0,15
180910502,0,0,0,15,1,3,0,0,19
180910503,0,0,0,51,2,10,11,0,74
180910504,0,0,0,33,0,2,2,0,37
180910505,0,0,0,7,0,4,0,0,11
180910506,0,0,0,10,0,0,4,0,14
180910601,0,0,0,10,0,0,0,0,10
180910602,0,0,0,5,0,1,1,0,7
180910603,1,0,0,9,2,0,0,0,12
180910701,2,1,1,166,2,12,2,1,187
180910702,0,0,0,26,0,9,14,1,50
180910703,0,1,0,89,3,12,2,1,108
180910704,0,0,0,89,4,30,5,1,129
180910705,0,0,0,26,0,9,3,0,38
180910706,1,2,1,218,0,32,2,0,256
180910801,0,0,0,32,0,3,1,0,36
180910802,4,1,0,92,16,52,22,13,200
180910803,4,3,1,169,7,24,27,39,274
180910804,0,4,1,121,2,27,3,2,160
180910805,0,0,0,41,2,8,0,0,51
180910806,0,0,0,84,2,12,9,9,116
180910901,0,0,0,0,0,0,3,0,3
180910902,0,0,0,0,0,0,1,0,1
180910903,0,0,0,0,0,0,0,0,0
180980101,4,2,1,216,1,13,0,0,237
180980102,0,5,1,243,1,4,0,1,255
180980103,1,0,2,339,0,33,2,1,378
180980104,13,24,3,168,2,0,0,1,211
180980105,3,5,9,143,3,3,0,1,167
180980106,1,4,4,220,4,14,0,1,248
180980107,3,2,0,204,0,20,3,1,233
180980201,0,3,0,85,1,13,0,0,102
180980202,0,1,0,49,1,6,3,0,60
180980203,0,0,0,151,3,27,2,0,183
180980301,0,0,1,60,0,6,3,1,71
180980302,1,0,1,88,1,10,21,0,122
180980303,0,0,0,33,0,3,11,0,47
180980304,0,0,1,54,0,6,9,2,72
180980401,0,0,0,6,0,0,0,0,6
180980402,0,1,0,15,1,3,5,0,25
180980403,0,0,0,23,0,1,28,0,52
180980501,0,0,0,15,2,2,0,0,19
180980502,0,0,0,15,0,3,0,0,18
180980503,0,0,0,17,0,1,0,0,18
181050101,3,0,0,237,5,13,3,2,263
181050102,3,2,1,233,20,8,0,3,270
181050103,3,2,3,259,4,32,4,0,307
181050104,16,28,1,269,4,9,0,5,332
181050105,3,0,0,187,3,8,3,0,204
181050106,1,3,1,319,31,9,3,1,368
181050107,2,6,3,405,5,23,4,0,448
181050108,1,1,1,118,0,2,0,0,123
181050109,3,9,21,244,3,1,3,0,284
181050110,8,21,18,235,5,0,0,14,301
181050111,4,6,2,134,6,0,0,0,152
181050112,3,1,0,252,5,7,0,1,269
181050113,2,8,1,357,4,9,4,0,385
181050114,1,3,0,350,2,7,0,0,363
181050115,6,35,16,130,3,0,0,1,191
181050201,0,0,0,12,0,2,0,0,14
181050202,0,0,0,71,0,2,1,0,74
181050203,3,1,2,34,0,1,1,2,44
181050204,0,0,0,327,4,0,0,1,332
181050301,0,0,0,7,0,0,0,0,7
181050302,2,2,2,39,4,0,0,0,49
181050401,0,0,0,15,0,0,0,0,15
181050402,0,0,0,6,0,0,0,0,6
181050501,0,0,0,11,1,0,0,0,12
181050502,0,0,0,20,0,0,1,0,21
181050503,0,0,0,12,0,0,0,0,12
181050601,0,0,0,18,0,1,8,0,27
181050602,0,0,0,15,2,1,2,0,20
181050603,0,0,1,12,0,1,0,0,14
181050701,0,0,1,7,1,0,0,0,9
181050702,0,0,0,7,0,0,0,0,7
181050801,0,0,1,28,0,4,0,0,33
181050802,0,0,0,18,1,3,1,0,23
181050803,0,4,13,7,6,0,1,0,31
181050804,0,0,1,2,0,0,0,0,3
181050805,0,0,0,188,0,0,0,0,188
181050806,0,0,0,6,0,0,0,0,6
181050901,1,3,2,231,0,8,1,0,246
181050902,0,0,0,10,1,0,1,0,12
181050903,0,0,1,12,6,0,0,0,19
181050904,2,3,0,230,1,14,7,4,261
181051001,0,0,0,3,0,0,0,0,3
181051002,0,0,0,3,0,0,0,0,3
181051003,11,0,0,70,0,5,0,2,88
181051101,2,3,0,372,2,13,12,1,405
181051102,0,0,0,14,0,1,0,0,15
181051103,0,1,0,15,0,0,1,0,17
181051104,0,0,0,10,0,0,0,0,10
181051201,0,0,2,34,0,2,2,0,40
181051202,0,0,0,44,0,1,4,0,49
181051203,0,0,0,25,0,1,1,0,27
181051204,0,1,0,61,2,8,10,0,82
181051301,0,1,0,78,0,2,0,2,83
181051302,0,0,0,23,0,1,1,0,25
181051303,0,0,0,4,0,0,0,0,4
181051304,0,0,0,41,2,3,2,0,48
181051305,0,0,0,24,0,0,1,0,25
181051306,0,0,0,1,0,0,1,0,2
181051401,0,0,0,5,0,0,0,0,5
181051402,0,0,0,6,0,0,0,0,6
181051403,0,0,0,7,0,0,0,0,7
181051404,0,0,0,2,0,0,0,0,2
181051501,0,0,0,9,0,0,0,0,9
181051502,0,0,0,1,0,0,0,0,1
181051503,3,0,0,1,0,0,0,0,4
181051601,0,0,0,75,3,4,0,1,83
181051602,0,0,0,17,0,4,1,0,22
181051603,0,0,0,14,1,0,5,0,20
181051604,0,0,0,13,0,2,2,1,18
181051605,0,0,1,22,0,0,0,0,23
181051701,0,0,0,5,0,0,0,0,5
181051702,0,0,0,6,1,0,0,0,7
181051801,0,0,0,22,0,0,10,1,33
181051802,0,1,0,8,0,0,0,0,9
181051901,0,0,0,14,0,0,0,1,15
181051902,0,0,0,21,0,0,0,0,21
181052001,0,0,0,4,0,0,0,0,4
181052002,0,0,0,11,0,0,0,0,11
181052003,2,0,0,22,0,0,0,0,24
181052101,0,1,0,174,4,0,0,1,180
181052102,4,3,0,425,3,4,0,0,439
181052103,2,2,0,253,8,10,0,0,275
181052104,6,3,3,206,6,9,0,0,233
181052105,10,23,24,201,4,0,0,1,263
181052106,4,31,13,243,4,2,0,1,298
181052107,4,1,0,360,5,7,4,0,381
181052108,5,13,11,255,3,0,0,2,289
181052109,6,1,3,191,2,10,0,0,213
181052110,0,1,3,181,2,2,0,1,190
181052111,0,33,0,260,2,16,3,0,314
181052112,6,29,0,410,12,10,0,1,468
181052113,8,0,0,335,2,26,1,3,375
181052114,3,0,0,229,7,0,0,15,254
181120101,0,0,0,271,3,6,0,0,280
181120102,2,0,5,56,16,0,0,0,79
181120103,8,10,19,8,16,0,0,0,61
181120104,7,13,1,304,1,0,0,0,326
181120105,2,6,5,199,4,2,0,0,218
181120106,0,0,0,324,1,1,0,0,326
181120107,1,0,1,245,4,31,0,1,283
181120108,0,3,1,302,6,32,4,0,348
181120109,0,2,1,210,4,0,0,0,217
181120110,4,5,1,158,2,1,0,0,171
181120111,3,9,9,168,0,0,0,0,189
181120112,2,1,1,197,3,13,0,0,217
181120113,7,10,21,121,3,0,0,0,162
181120114,17,41,23,246,12,10,0,0,349
181120201,0,0,0,23,1,0,0,0,24
181120202,0,1,0,45,0,14,9,0,69
181120203,0,0,0,40,2,1,4,1,48
181120204,0,0,0,26,0,6,0,0,32
181120205,0,3,3,26,0,0,0,0,32
181120206,1,0,0,37,0,0,0,0,38
181120207,0,0,1,22,0,0,0,0,23
181120208,0,0,0,9,0,5,1,0,15
181120209,0,0,0,26,0,1,1,0,28
181120210,1,0,0,35,0,4,3,0,43
181120211,0,0,0,3,0,1,0,0,4
181120212,0,0,2,86,3,24,4,0,119
181120301,0,1,0,14,1,0,0,1,17
181120302,0,2,0,3,1,0,2,0,8
181120303,0,0,0,16,0,2,0,0,18
181120304,0,0,0,4,0,0,0,0,4
181120401,0,0,0,37,0,5,2,0,44
181120402,0,0,1,17,1,0,0,0,19
181120403,1,0,1,46,2,2,0,0,52
181120404,1,4,0,136,0,15,2,1,159
181120405,0,0,0,35,0,0,0,0,35
181120406,0,0,0,5,0,0,3,0,8
181120407,0,0,0,22,0,0,0,0,22
181120408,0,0,0,5,0,0,1,0,6
181120409,0,0,0,17,0,0,0,0,17
181120410,0,1,0,19,1,1,0,0,22
181120411,0,0,0,6,0,0,3,1,10
181120501,0,0,0,2,0,0,0,0,2
181120502,0,0,1,26,1,0,0,0,28
181120503,0,0,0,19,0,1,0,0,20
181120504,0,0,0,4,1,0,0,0,5
181120601,0,1,1,24,0,0,1,0,27
181120602,0,0,0,52,2,1,2,1,58
181120603,0,0,1,5,1,0,0,0,7
181120604,0,1,0,13,0,0,0,0,14
181120701,2,1,2,276,5,41,2,1,330
181120702,0,0,3,77,1,19,0,0,100
181120703,0,0,0,18,0,1,0,0,19
181120704,0,0,0,47,0,0,0,0,47
181120705,0,0,1,21,2,0,0,0,24
181120706,0,0,0,9,0,0,1,0,10
181120707,0,0,0,9,1,1,1,0,12
181120708,0,0,0,11,0,0,0,0,11
181120709,0,0,0,0,0,0,0,0,0
181120710,0,0,0,30,2,1,1,0,34
181120801,0,0,1,51,0,3,0,0,55
181120802,0,0,3,47,0,0,0,0,50
181120803,0,0,0,69,0,2,1,0,72
181120804,0,1,0,65,2,12,4,3,87
181120805,0,0,0,14,1,0,0,0,15
181120806,1,10,16,269,3,8,1,0,308
181120807,1,19,14,254,3,0,0,0,291
181120808,4,6,3,395,1,76,3,1,489
181120809,0,9,0,173,6,67,1,3,259
181120810,1,3,2,378,8,12,1,0,405
181120901,2,1,1,192,3,11,0,0,210
181120902,4,4,3,229,1,4,0,0,245
181120903,1,11,8,193,3,0,0,0,216
181120904,3,16,19,147,0,0,0,1,186
181120905,8,21,41,157,4,0,0,0,231
181120906,3,12,37,141,1,0,0,0,194
181120907,5,44,43,205,7,1,1,0,306
181120908,8,14,7,281,6,7,0,0,323
181120909,21,13,0,200,5,2,0,0,241
181120910,1,17,5,219,9,1,1,0,253
181120911,6,13,93,167,1,5,0,0,285
181120912,1,5,2,195,3,1,0,0,207
181120913,2,6,3,429,22,38,0,0,500
181120914,0,1,0,183,7,33,0,1,225
181190101,2,7,9,174,7,36,2,1,238
181190102,33,1,0,199,8,2,1,0,244
181190103,20,0,2,324,3,1,0,2,352
181190104,29,2,1,448,4,11,0,2,497
181190105,61,21,0,229,2,2,1,0,316
181190106,2,7,0,144,0,0,0,0,153
181190107,0,7,2,205,1,0,0,0,215
181190108,24,5,5,239,3,9,0,0,285
181190109,2,10,11,330,15,52,1,2,423
181190110,7,15,4,209,12,21,1,0,269
181190111,6,8,1,179,6,42,2,1,245
181190112,2,2,0,63,4,1,0,8,80
181190113,1,3,0,111,1,28,1,1,146
181190114,1,0,1,187,0,0,0,1,190
181190115,6,23,3,308,7,48,1,3,399
181190116,26,20,1,224,7,4,0,18,300
181190117,13,9,12,120,0,55,2,1,212
181190201,0,0,0,9,0,0,1,0,10
181190202,0,0,1,15,0,0,0,0,16
181190301,0,0,1,72,1,15,2,0,91
181190302,0,1,2,79,3,6,7,2,100
181190303,0,0,0,8,0,0,0,0,8
181190401,9,0,0,195,2,42,10,4,262
181190402,0,0,0,17,0,1,0,0,18
181190403,0,0,0,15,2,5,0,0,22
181190404,0,1,4,10,1,0,11,0,27
181190501,0,0,0,13,0,10,1,0,24
181190502,0,0,1,19,0,0,0,0,20
181190601,0,3,0,157,12,33,3,2,210
181190602,0,0,0,10,0,2,0,0,12
181190701,0,0,0,15,0,0,0,0,15
181190702,0,0,0,30,0,5,3,3,41
181190703,0,0,0,8,0,0,1,0,9
181190801,0,0,0,8,0,0,0,0,8
181190802,1,0,0,15,1,6,0,0,23
181190901,2,0,0,100,0,33,4,0,139
181190902,0,0,0,7,0,0,0,0,7
181190903,0,0,0,8,3,0,0,0,11
181190904,0,0,0,3,0,0,0,0,3
181190905,0,0,2,10,0,0,1,0,13
181191001,0,0,0,21,0,3,15,0,39
181191002,0,0,0,25,0,4,1,1,31
181191003,0,0,0,20,1,0,1,0,22
181191101,0,0,0,9,0,2,1,0,12
181191102,0,0,0,10,0,0,1,0,11
181191103,0,0,0,16,1,0,0,0,17
181191201,0,0,0,14,3,0,0,0,17
181191202,0,0,0,9,0,2,0,0,11
181191203,0,0,0,13,0,0,0,0,13
181191301,0,0,0,1,0,0,0,0,1
181191401,0,0,2,88,7,19,5,1,122
181191402,0,1,3,177,5,16,8,2,212
181191403,3,3,1,329,4,33,1,4,378
181191404,0,1,0,130,2,17,3,0,153
181191405,3,1,0,388,1,0,1,0,394
181191406,1,1,3,182,10,16,3,0,216
181191407,8,4,1,295,6,13,0,0,327
181191501,9,3,0,198,3,41,0,0,254
181191502,7,9,2,112,14,19,1,0,164
181191503,3,13,5,331,5,5,0,3,365
181191504,17,27,5,220,9,14,0,6,298
181191505,7,39,18,252,3,6,0,2,327
181191506,10,32,10,127,4,0,0,0,183
181191507,2,12,9,207,1,3,0,0,234
181191508,1,7,0,237,4,31,1,0,281
181191509,7,3,2,176,3,15,0,0,206
181191510,18,43,13,154,4,0,0,0,232
181191511,16,68,36,174,6,0,0,3,303
181191512,4,25,14,148,12,0,0,3,206
181191513,7,30,16,168,6,0,0,2,229
181191514,3,0,23,8,35,0,0,0,69
181191515,3,21,4,269,5,14,2,1,319
181191516,2,17,24,110,14,1,0,0,168
181191517,4,16,19,67,3,6,0,0,115
181191518,5,56,17,78,7,0,1,10,174
181191519,7,42,20,247,6,44,0,1,367
181191520,10,48,42,280,4,14,0,1,399
181191521,21,13,6,209,7,11,0,0,267
181191522,4,9,0,203,8,15,1,1,241
181191523,13,62,19,129,1,0,0,0,224
181260101,2,3,1,269,2,36,2,0,315
181260102,4,12,10,261,1,26,1,2,317
181260103,5,29,14,183,6,12,0,2,251
181260104,1,8,10,282,4,39,1,2,347
181260105,2,5,1,326,2,32,0,0,368
181260106,3,11,3,346,4,19,0,4,390
181260107,13,10,5,336,2,42,0,7,415
181260108,1,1,0,291,7,77,0,1,378
181260109,2,4,0,221,5,44,0,1,277
181260201,0,0,0,36,0,14,0,1,51
181260202,8,3,1,239,2,57,1,2,313
181260203,0,0,0,7,0,0,0,0,7
181260301,0,0,0,85,1,48,1,0,135
181260302,0,0,0,26,2,7,0,0,35
181260401,0,0,0,28,2,8,2,0,40
181260402,1,0,0,16,1,12,1,0,31
181260501,1,3,0,227,2,51,15,2,301
181260502,0,0,1,84,0,21,2,1,109
181260601,0,0,0,87,4,20,1,0,112
181260602,0,0,0,17,1,0,0,0,18
181260603,0,0,0,4,0,1,2,0,7
181260701,23,3,1,252,3,64,2,2,350
181260702,1,0,0,47,0,14,1,0,63
181260703,0,0,0,86,1,42,2,0,131
181260801,0,1,0,52,0,4,2,0,59
181260802,0,1,0,25,0,5,3,0,34
181260901,0,5,2,258,2,14,2,0,283
181260902,0,6,3,330,2,12,0,7,360
181260903,0,0,0,69,0,8,3,1,81
181260904,1,0,0,47,0,8,4,0,60
181330101,5,7,2,191,2,1,0,1,209
181330102,2,3,9,125,2,4,0,0,145
181330103,2,4,4,130,3,2,0,0,145
181330104,1,0,0,31,0,0,0,0,32
181330201,0,4,1,34,0,1,1,0,41
181330202,2,4,2,50,0,0,1,3,62
181330203,10,0,3,41,1,12,2,0,69
181330204,1,1,0,109,3,5,3,1,123
181330205,2,2,0,56,0,4,1,0,65
181330206,7,9,8,134,6,2,0,0,166
181330207,2,4,9,148,0,3,1,0,167
181330208,6,15,27,149,3,0,0,4,204
181330209,2,5,8,71,4,0,0,0,90
181330210,0,4,7,45,32,0,0,0,88
181330211,1,2,4,24,1,0,0,0,32
181330212,14,4,1,71,1,10,2,3,106
181330213,4,1,1,82,1,0,1,0,90
181330214,8,5,2,330,3,10,0,1,359
181330215,4,1,0,59,1,4,1,1,71
181330216,0,0,0,14,1,3,0,0,18
181330301,4,1,2,237,3,7,2,3,259
181330302,0,4,3,128,2,2,3,0,142
181330303,0,0,0,21,2,3,0,0,26
181330304,0,0,0,22,0,0,0,0,22
181330305,0,0,0,2,0,0,0,0,2
181330401,1,3,13,145,8,8,0,2,180
181330402,0,0,2,28,1,1,0,1,33
181330403,0,2,2,49,2,16,3,3,77
181330501,10,0,15,237,14,0,0,1,277
181330502,1,2,5,223,13,4,2,0,250
181330503,1,0,1,65,0,0,0,2,69
181330504,0,3,1,56,3,3,1,0,67
181330505,0,0,0,53,1,2,0,1,57
181330506,0,0,0,63,4,3,2,1,73
181330507,1,0,0,62,1,0,0,0,64
181330601,0,0,0,0,0,0,1,0,1
181330602,0,0,0,0,0,0,0,0,0
181330603,1,0,0,0,0,0,0,0,1
181400101,0,1,3,244,3,15,8,0,274
181400102,3,11,10,171,0,11,0,3,209
181400103,3,13,12,222,2,6,1,0,259
181400104,7,24,46,171,3,2,0,1,254
181400105,16,18,11,229,5,4,1,2,286
181400106,30,16,6,278,3,1,0,1,335
181400107,5,6,10,214,22,8,0,1,266
181400108,13,18,20,199,4,3,1,1,259
181400109,1,4,6,248,0,16,0,0,275
181400110,5,20,7,250,6,10,1,4,303
181400201,0,0,1,61,0,17,2,0,81
181400202,0,0,4,73,1,8,4,0,90
181400203,3,2,25,359,2,28,20,0,439
181400204,0,0,5,32,1,3,0,0,41
181400205,0,0,0,3,0,0,2,0,5
181400206,3,3,1,178,0,0,0,0,185
181400301,0,0,1,22,0,3,2,0,28
181400302,0,0,1,26,1,6,3,0,37
181400303,0,0,0,13,0,3,1,0,17
181400401,0,0,0,9,1,1,2,0,13
181400402,0,0,1,18,0,1,0,0,20
181400403,0,0,1,6,0,6,2,0,15
181400404,0,0,0,20,0,2,0,0,22
181400405,0,0,2,38,0,11,5,0,56
181400501,0,0,0,19,0,3,4,0,26
181400502,0,0,1,14,0,0,0,0,15
181400503,0,0,0,4,0,7,2,0,13
181400504,1,0,1,11,0,0,4,0,17
181400601,0,0,2,35,0,10,10,1,58
181400602,0,0,1,51,0,8,10,0,70
181400603,0,0,0,1,0,1,0,0,2
181400604,0,0,0,7,0,0,0,0,7
181400701,0,0,1,38,0,0,2,0,41
181400702,0,0,1,17,0,2,1,0,21
181400703,0,1,10,49,2,7,2,0,71
181400704,0,0,0,9,1,2,0,0,12
181400801,0,0,1,8,0,1,0,0,10
181400802,0,0,0,27,0,3,2,0,32
181400803,0,0,1,60,1,6,4,0,72
181400804,0,0,0,17,0,0,5,0,22
181400805,0,0,0,29,0,1,5,1,36
181400806,0,0,4,12,0,1,0,0,17
181400807,0,0,0,5,0,1,0,0,6
181400808,0,0,1,0,0,0,0,0,1
181400809,0,0,0,9,0,0,2,0,11
181400901,0,0,0,4,0,0,5,0,9
181400902,1,0,0,33,0,0,6,0,40
181400903,0,0,1,37,0,0,1,0,39
181470101,0,0,1,269,5,5,3,0,283
181470102,2,0,0,276,9,3,0,0,290
181470103,3,1,1,239,4,14,11,0,273
181470104,16,4,3,199,6,1,0,0,229
181470105,0,2,14,270,4,1,1,0,292
181470106,1,0,0,326,3,9,4,0,343
181470107,0,0,0,204,13,10,2,0,229
181470201,0,0,0,59,0,2,0,0,61
181470202,0,0,0,40,0,6,10,1,57
181470203,0,0,1,27,1,1,5,0,35
181470204,0,0,0,14,0,3,3,0,20
181470205,2,0,0,147,1,20,5,0,175
181470206,2,1,5,201,3,17,10,0,239
181470207,1,0,54,118,1,6,4,1,185
181470301,0,0,0,13,0,0,0,0,13
181470302,0,0,0,18,0,1,0,0,19
181470303,0,0,0,8,2,0,1,0,11
181470304,0,0,0,14,0,4,0,0,18
181470401,0,0,0,19,0,1,0,0,20
181470402,0,0,0,13,0,0,0,0,13
181470403,0,0,0,10,2,0,0,0,12
181470501,0,0,0,9,1,1,0,0,11
181470502,0,0,0,23,0,3,2,0,28
181470503,0,0,0,6,1,0,0,0,7
181470601,0,0,0,4,0,0,0,0,4
181470602,0,0,0,11,0,0,0,0,11
181470603,0,0,0,9,0,0,0,0,9
181470604,0,0,0,3,0,0,0,0,3
181470701,0,0,0,16,0,1,2,0,19
181470702,0,0,0,5,0,0,0,0,5
181470703,0,0,0,4,0,0,0,0,4
181470801,0,0,0,157,0,4,7,0,168
181470802,0,0,0,140,0,13,13,1,167
181470803,0,0,0,15,0,1,1,0,17
181470804,0,1,1,13,0,0,1,0,16
181470901,0,0,0,9,0,0,0,0,9
181470902,0,0,0,25,0,0,4,1,30
181470903,0,0,0,20,2,0,4,0,26
181471001,0,0,0,12,0,0,2,0,14
181471002,0,0,0,9,0,1,2,0,12
181471003,0,0,0,13,1,0,0,0,14
181471004,0,0,0,4,0,0,0,0,4
181471101,0,0,0,6,1,0,0,0,7
181471102,0,0,0,8,0,0,0,0,8
181471103,0,0,0,1,0,0,0,0,1
181471201,0,0,0,95,1,1,7,0,104
181471202,0,0,0,17,0,0,3,0,20
181471203,0,0,0,8,1,0,0,0,9
181471204,0,0,0,106,1,2,8,0,117
181540101,0,1,3,261,5,54,84,8,416
181540102,4,7,4,288,8,9,28,12,360
181540103,0,2,0,184,6,22,35,0,249
181540201,0,0,1,23,0,7,21,2,54
181540202,1,0,0,149,1,31,124,4,310
181540203,2,0,1,75,1,9,130,2,220
181540204,0,0,0,2,0,1,4,0,7
181540301,0,0,0,2,0,0,0,0,2
181540302,0,0,0,3,0,0,0,0,3
181540401,0,0,0,37,0,8,18,0,63
181540402,0,0,0,23,2,2,9,2,38
181540501,0,0,0,3,0,0,0,0,3
181540502,0,0,0,3,0,1,0,0,4
181540601,0,0,0,25,1,0,5,1,32
181540602,0,0,0,8,0,0,3,0,11
181540603,0,0,0,10,2,4,2,0,18
181540701,3,3,0,184,2,26,14,1,233
181540702,0,0,0,68,1,22,35,0,126
181540703,0,0,0,99,0,17,10,1,127
181540704,2,1,2,206,2,19,18,2,252
181540801,0,0,0,9,0,0,3,0,12
181540802,0,1,0,10,1,1,0,0,13
181540901,0,0,0,0,0,0,0,0,0
181610101,1,4,4,170,3,11,6,0,199
181610102,1,2,0,198,3,20,2,0,226
181610103,5,3,0,200,0,9,2,0,219
181610104,0,12,2,214,3,3,0,0,234
181610105,2,2,6,253,1,21,2,0,287
181610106,3,2,2,330,2,22,1,1,363
181610107,0,0,3,179,5,14,7,2,210
181610108,3,7,1,158,0,1,0,0,170
181610201,1,0,1,74,1,12,8,0,97
181610202,0,0,0,87,6,17,6,0,116
181610203,2,0,0,63,1,1,6,0,73
181610204,13,0,0,37,0,4,5,1,60
181610205,0,0,1,23,0,2,0,0,26
181610206,1,0,0,84,4,17,1,0,107
181610301,0,3,0,46,1,13,30,1,94
181610302,0,0,0,2,0,0,0,0,2
181610303,0,1,0,15,1,3,11,0,31
181610304,0,0,0,1,1,0,0,0,2
181610401,0,0,0,135,1,8,9,1,154
181610402,0,0,0,63,3,7,4,3,80
181610403,0,0,0,11,0,1,0,0,12
181610404,0,0,0,48,2,4,7,0,61
181610405,2,0,4,207,11,8,1,0,233
181610501,0,0,1,24,0,2,2,2,31
181610502,1,0,0,19,0,4,3,0,27
181610503,1,0,0,26,0,2,1,2,32
181610504,4,5,11,256,2,20,0,0,298
181610505,4,5,5,238,6,36,19,1,314
181610601,3,3,3,229,2,11,37,1,289
181610602,0,0,0,45,0,12,15,1,73
181610603,0,0,1,73,1,12,3,0,90
181610604,0,0,0,8,0,1,3,0,12
181610605,0,0,1,112,3,11,4,0,131
181610606,1,0,0,42,1,10,1,0,55
181610607,1,3,0,232,2,5,28,5,276
181680101,0,0,0,40,1,14,0,2,57
181680102,2,10,4,234,6,10,0,4,270
181680103,5,13,6,231,14,3,0,0,272
181680104,11,2,8,276,4,5,1,8,315
181680105,0,5,4,212,5,2,0,0,228
181680106,2,1,1,263,5,16,0,3,291
181680107,1,2,2,263,11,28,1,0,308
181680108,2,2,1,291,2,17,0,2,317
181680109,1,0,1,307,2,33,0,2,346
181680110,0,0,4,250,12,5,0,0,271
181680201,1,0,0,69,2,19,0,0,91
181680202,0,1,2,42,1,11,3,0,60
181680301,0,0,1,24,0,4,1,0,30
181680302,0,0,0,22,1,3,0,1,27
181680303,1,0,1,8,0,1,1,3,15
181680401,0,0,0,7,0,3,0,0,10
181680402,0,0,0,15,0,0,0,0,15
181680403,0,0,0,12,1,0,1,0,14
181680501,4,0,0,36,4,10,10,2,66
181680502,0,0,0,4,5,0,0,0,9
181680601,0,0,0,7,0,0,0,0,7
181680602,0,0,0,11,0,0,0,0,11
181680603,0,0,0,35,1,36,1,4,77
181680604,0,0,0,19,3,2,0,0,24
181680701,0,2,1,184,1,76,1,0,265
181680702,1,7,5,328,5,112,0,2,460
181680703,2,2,3,349,7,78,0,1,442
181680704,1,7,2,204,5,21,0,14,254
181680705,3,5,1,326,6,253,0,1,595
181680706,1,0,0,253,5,128,0,2,389
181680707,2,0,34,80,38,50,0,0,204
181680708,0,0,0,0,1,0,0,0,1
181680709,0,0,0,0,0,0,0,0,0
181680710,0,0,0,9,0,0,0,0,9
181680711,1,3,0,102,3,38,1,0,148
181680712,3,5,2,288,9,91,3,0,401
181680713,11,23,26,248,10,6,0,1,325
181680714,5,12,18,153,10,6,0,0,204
181680715,1,1,5,227,2,14,0,0,250
181680716,8,8,5,216,8,18,0,1,264
181680717,2,2,0,218,8,0,0,0,230
181680718,5,4,20,365,3,4,0,0,401
181680719,0,2,1,355,2,0,0,0,360
181680720,4,24,0,206,1,56,0,1,292
181680721,0,4,3,207,5,22,0,1,242
181680722,3,11,0,351,6,68,0,1,440
181680723,2,19,24,160,15,6,0,1,227
181680724,3,6,12,187,4,8,0,5,225
181680725,3,3,36,346,2,36,0,14,440
181680726,0,0,0,3,0,0,0,0,3
181680727,1,0,0,163,6,80,1,2,253
181680801,0,0,0,43,0,8,1,2,54
181680802,1,0,0,19,0,0,0,0,20
181680803,0,0,0,2,0,0,0,0,2
181680804,0,0,0,14,0,0,0,1,15
181680901,0,0,0,6,0,0,0,1,7
181680902,0,0,0,2,0,0,0,0,2
181680903,0,0,0,7,1,0,0,0,8
181680904,0,0,0,3,0,2,0,0,5
181681001,0,0,0,2,0,0,0,0,2
181681002,0,0,1,48,1,5,2,0,57
181681003,0,0,0,24,0,2,1,0,27
181681101,0,0,0,5,0,0,0,0,5
181681102,0,0,0,5,0,0,0,0,5
181681103,0,0,0,71,3,0,3,1,78
181681201,0,0,7,59,3,39,0,2,110
181681202,0,0,0,3,1,0,1,0,5
181681203,0,0,1,14,1,0,0,0,16
181681204,0,0,0,9,0,0,0,0,9
181681301,0,0,0,6,2,0,2,0,10
181681302,0,0,1,30,0,8,2,0,41
181681303,1,2,1,130,3,19,4,1,161
181681304,0,0,1,8,0,0,0,0,9
181681305,0,1,0,44,2,23,3,0,73
181681306,0,0,0,135,1,21,3,1,161
181681307,5,0,0,470,2,0,0,0,477
181681401,0,5,1,163,10,22,0,0,201
181681402,0,0,1,48,0,8,0,1,58
181681403,0,0,0,21,0,1,0,0,22
181681404,4,0,0,58,0,2,0,0,64
181681501,0,0,1,47,2,1,1,1,53
181681502,0,0,1,4,1,0,0,0,6
181681601,0,2,0,157,2,18,1,1,181
181681602,1,0,0,76,3,0,0,29,109
181681603,0,0,0,28,0,0,4,0,32
181681604,0,0,1,7,0,0,0,0,8
181681701,0,5,3,288,11,36,0,1,344
181681702,10,38,20,233,10,0,0,0,311
181681703,10,20,17,280,6,3,0,1,337
181681704,0,6,15,222,4,6,0,0,253
181681705,4,3,7,189,5,8,0,0,216
181681706,2,11,9,226,10,0,0,1,259
181681707,4,16,3,300,7,5,0,0,335
181681708,12,11,2,339,14,3,3,0,384
181681709,0,4,0,270,6,18,0,1,299
181681710,15,22,3,269,6,26,1,0,342
181681711,0,0,0,157,2,17,0,0,176
181681712,3,0,0,305,13,3,0,1,325
181681713,5,5,0,265,2,0,0,2,279
181681714,2,0,0,253,1,0,0,0,256
181750101,0,1,1,178,2,4,29,1,216
181750102,3,5,0,164,3,8,12,0,195
181750103,28,9,8,178,1,0,2,1,227
181750104,0,2,0,243,2,7,34,1,289
181750105,0,0,0,264,9,15,33,5,326
181750106,3,4,0,263,1,8,15,0,294
181750107,0,7,4,301,5,7,16,1,341
181750108,0,0,0,67,0,3,8,0,78
181750201,0,0,0,12,0,0,0,0,12
181750202,0,1,0,10,0,3,4,0,18
181750203,0,0,0,8,0,1,4,0,13
181750204,0,0,0,20,0,0,10,0,30
181750301,0,0,0,7,0,3,5,0,15
181750302,0,0,0,24,0,0,2,0,26
181750303,0,0,0,7,1,0,17,0,25
181750401,0,0,0,14,1,2,9,0,26
181750402,0,0,0,19,0,0,21,1,41
181750403,0,0,0,33,2,0,17,6,58
181750501,0,0,0,65,1,3,29,1,99
181750502,0,0,0,4,0,0,2,0,6
181750503,0,0,0,14,1,1,0,2,18
181750601,0,0,0,38,4,1,13,0,56
181750602,1,0,0,25,0,5,9,0,40
181750603,0,0,0,7,0,0,1,0,8
181750604,0,0,0,7,0,0,2,0,9
181750605,0,0,0,12,0,7,1,1,21
181750701,0,0,0,3,0,0,0,0,3
181750702,0,0,0,7,0,0,1,0,8
181750801,0,0,0,8,0,0,1,0,9
181750802,0,0,0,6,0,0,1,0,7
220070101,42,21,4,294,2,0,8,4,375
220070102,27,19,2,340,3,1,38,21,451
220070103,22,9,3,223,1,0,6,7,271
220070104,24,15,2,130,3,1,19,15,209
220070201,2,0,0,37,3,0,21,18,81
220070202,2,0,0,19,1,0,9,6,37
220070203,1,0,2,22,2,0,20,1,48
220070204,0,0,0,36,16,0,55,2,109
220070205,0,0,0,21,0,0,11,0,32
220070206,0,0,0,30,0,0,29,18,77
220070207,0,0,0,31,3,1,39,8,82
220070208,44,9,1,286,3,1,51,15,410
220070209,25,0,0,76,5,0,14,16,136
220070301,0,0,0,9,0,0,21,2,32
220070302,0,1,0,36,1,2,18,10,68
220070303,0,0,0,23,0,1,2,3,29
220070304,1,0,0,41,6,2,47,2,99
220070401,0,0,0,32,1,0,4,5,42
220070402,0,0,0,16,1,7,5,0,29
220070403,0,0,1,20,0,2,3,2,28
220070404,0,0,0,16,0,1,9,1,27
220070501,2,0,0,68,0,0,14,16,100
220070502,9,2,3,161,4,0,13,2,194
220070503,0,3,2,169,0,0,0,0,174
220070504,2,0,0,45,1,0,9,2,59
220070505,0,0,0,46,1,0,11,0,58
220070506,7,3,0,201,4,2,35,18,270
220070507,2,1,1,171,5,0,1,3,184
220070508,7,3,0,308,2,0,13,21,354
220070509,3,2,3,258,3,1,39,17,326
220070601,2,0,0,100,2,0,7,6,117
220070602,0,1,8,62,0,4,13,1,89
220070603,0,0,0,104,0,2,20,5,131
220070604,0,0,0,38,1,0,13,0,52
220070701,3,2,0,268,4,2,5,4,288
220070702,6,0,0,313,2,2,13,2,338
220070703,7,1,0,137,2,0,0,0,147
220070704,5,15,4,193,1,0,0,3,221
220070705,8,11,7,355,5,1,1,0,388
220070706,22,2,4,249,6,1,4,2,290
220070707,4,0,1,225,3,1,6,2,242
220070708,8,0,0,373,4,0,0,0,385
220070801,0,3,0,57,7,0,14,8,89
220070802,1,0,0,37,0,0,12,3,53
220070803,2,0,0,64,0,0,0,1,67
220070804,1,0,0,42,0,0,1,0,44
220070805,0,0,0,12,2,0,0,2,16
220070806,0,0,0,28,0,2,2,2,34
220070807,16,2,0,214,1,0,0,0,233
220070901,1,3,26,244,0,0,0,0,274
220070902,4,4,1,218,2,0,0,0,229
220070903,0,1,0,85,0,0,1,0,87
220070904,0,3,3,196,0,0,0,1,203
220070905,13,4,0,295,4,2,1,3,322
220140101,0,0,0,6,0,0,0,0,6
220140102,0,2,0,66,1,2,16,1,88
220140103,1,0,0,150,0,7,10,0,168
220140201,0,0,0,4,0,0,1,0,5
220140202,0,0,0,13,1,2,2,0,18
220140203,0,1,0,21,1,0,2,0,25
220140301,0,0,0,4,0,0,5,0,9
220140302,0,0,0,4,0,0,0,0,4
220140303,0,0,0,7,0,0,1,0,8
220140304,0,0,0,4,0,0,0,0,4
220140305,0,0,11,25,0,0,2,0,38
220140306,0,0,1,21,0,3,2,0,27
220140307,1,1,8,244,6,3,13,0,276
220140308,0,0,7,243,3,1,7,0,261
220140401,1,4,27,229,4,5,32,3,305
220140402,0,0,1,166,2,4,12,2,187
220140403,2,0,0,37,0,2,15,0,56
220140404,0,1,0,42,2,3,19,0,67
220140405,0,1,0,310,4,5,11,6,337
220140406,0,1,0,73,2,5,15,0,96
220140407,0,0,0,59,2,4,6,0,71
220140408,1,2,1,249,5,0,0,0,258
220140409,2,5,0,121,6,8,26,0,168
220140410,2,1,0,268,7,1,2,0,281
220140411,1,2,0,183,3,0,1,0,190
220140412,3,2,1,219,14,36,56,10,341
220140501,9,5,2,250,4,5,5,0,280
220140502,16,8,4,325,4,6,18,0,381
220140503,3,22,3,249,11,0,4,0,292
220140504,2,7,2,285,3,3,12,1,315
220140505,2,0,1,152,1,3,9,0,168
220140601,1,8,1,313,6,0,2,0,331
220140602,5,39,1,166,5,2,0,0,218
220140603,5,37,42,157,6,1,0,0,248
220140604,1,13,0,370,4,3,12,1,404
220140605,2,18,1,141,1,0,4,0,167
220140701,0,2,0,13,0,4,8,4,31
220140702,0,0,1,47,0,2,53,2,105
220140703,1,0,0,36,0,6,7,1,51
220140704,3,8,31,206,2,2,0,1,253
220140705,3,4,4,202,2,1,2,1,219
220140801,0,0,0,39,1,0,28,0,68
220140802,0,0,1,26,1,2,24,0,54
220140803,0,0,0,63,1,19,13,0,96
220140804,0,0,0,14,1,1,3,2,21
220140805,0,0,2,58,1,9,18,4,92
220140901,1,0,0,15,0,0,0,0,16
220140902,0,0,0,9,0,0,15,0,24
220210101,2,0,1,28,1,0,0,1,33
220210102,3,2,1,34,1,0,0,2,43
220210201,0,1,0,41,2,0,1,0,45
220210202,2,2,0,27,0,0,3,0,34
220210301,0,0,0,17,0,1,0,0,18
220210302,0,3,0,50,0,1,0,0,54
220210303,1,2,0,28,2,0,0,0,33
220210401,0,5,0,57,1,0,0,1,64
220210402,0,1,0,6,1,0,2,0,10
220210403,9,5,0,144,5,4,1,1,169
220210501,1,2,0,40,1,2,0,1,47
220210502,0,5,0,105,2,0,1,1,114
220210503,4,37,17,106,3,1,0,1,169
220210504,4,1,0,197,1,0,0,0,203
220210505,3,4,0,223,0,0,0,0,230
220210506,1,26,2,215,2,2,2,6,256
220210507,5,2,0,299,5,3,0,0,314
220210508,0,0,0,347,1,0,0,0,348
220210601,0,0,0,139,7,5,3,1,155
220210602,0,3,1,42,0,1,0,0,47
220210603,0,4,0,77,0,10,1,0,92
220210604,0,9,0,112,1,1,0,1,124
220210605,3,2,1,233,4,1,1,2,247
220210606,4,4,1,155,0,1,0,0,165
220210607,5,2,0,252,4,1,0,1,265
220210608,5,19,2,244,8,0,0,1,279
220210701,6,16,1,270,1,0,0,0,294
220210702,92,95,3,3,3,0,0,0,196
220210703,19,91,1,28,1,0,0,0,140
220210704,8,63,1,494,4,0,0,1,571
220210705,19,68,9,150,2,0,0,0,248
220210706,30,135,1,1,6,0,0,1,174
220210707,51,124,0,2,1,0,0,0,178
220210708,22,133,25,143,5,2,1,1,332
220210709,8,32,3,264,5,0,0,0,312
220210710,14,55,1,169,4,0,0,0,243
220210711,24,59,6,118,0,1,1,5,214
220210712,31,44,1,83,4,1,0,1,165
220210713,35,142,15,147,6,0,0,1,346
220210714,36,72,6,133,7,0,0,0,254
220210715,7,7,1,222,0,0,0,0,237
220210716,27,101,11,41,1,1,0,0,182
220210717,35,71,7,34,2,0,0,2,151
220210718,14,175,26,1,1,0,0,6,223
220210719,0,67,125,197,2,0,0,0,391
220210720,3,30,8,138,0,0,0,0,179
220210721,2,8,0,230,2,1,0,3,246
220210722,3,1,0,108,0,0,1,0,113
220210723,5,3,1,151,3,0,0,1,164
220210801,10,61,2,293,4,0,0,6,376
220210802,2,1,0,245,7,12,0,1,268
220210803,1,7,0,277,7,6,0,1,299
220210804,19,54,2,208,4,0,0,0,287
220210805,30,53,3,57,0,0,0,0,143
220210806,21,39,5,215,9,2,0,0,291
220210807,28,104,12,98,7,0,0,0,249
220210808,14,25,2,273,7,1,0,6,328
220210809,2,30,2,216,4,0,0,1,255
220210810,8,77,1,110,1,0,0,1,198
220210811,1,7,0,230,0,2,0,0,240
220210812,2,23,2,187,2,0,0,1,217
220210813,22,44,18,146,0,0,0,9,239
220210814,5,6,0,282,2,1,0,0,296
220210815,2,5,0,186,4,10,0,0,207
220210816,6,16,0,182,0,0,0,0,204
220210901,0,2,0,17,0,0,0,0,19
220210902,1,3,0,27,2,1,3,0,37
220210903,1,9,0,37,0,0,0,0,47
220211001,4,4,0,28,1,1,0,0,38
220211002,0,2,0,43,1,0,0,2,48
220211003,0,4,0,28,0,1,0,2,35
220211101,1,1,0,42,6,1,0,0,51
220211102,0,0,0,15,2,1,0,0,18
220211103,0,3,0,37,0,0,0,0,40
220211201,0,3,0,35,1,1,1,0,41
220211202,0,2,0,59,1,0,2,0,64
220211301,0,5,0,24,1,0,0,0,30
220211302,0,1,0,44,0,0,0,0,45
220211401,0,6,0,29,0,0,0,0,35
220211402,2,4,0,28,0,0,0,0,34
220211501,20,100,6,87,1,0,0,0,214
220211502,17,114,6,45,1,1,0,1,185
220211503,22,87,12,52,1,0,0,0,174
220211504,19,74,11,183,6,0,0,1,294
220211505,14,57,2,199,3,1,0,1,277
220211506,23,19,2,733,13,6,0,4,800
220211507,28,45,3,142,1,0,0,2,221
220211508,7,77,2,314,4,0,1,2,407
220211509,5,31,0,245,1,0,0,0,282
220211510,4,1,0,283,2,0,0,0,290
220211511,3,3,1,359,2,1,0,0,369
220211512,5,5,1,206,7,22,7,7,260
220211513,27,64,4,49,1,1,0,0,146
220211601,6,34,0,242,0,15,0,3,300
220211602,45,74,2,154,2,1,0,9,287
220211603,15,89,8,45,0,0,0,1,158
220211604,16,57,2,133,1,0,2,1,212
220211605,7,39,0,317,3,1,0,2,369
220211606,4,31,2,134,6,1,0,4,182
220211607,36,101,5,148,2,0,0,1,293
220211608,21,50,3,183,4,1,0,0,262
220211609,4,19,1,172,2,2,0,0,200
220211610,5,19,1,258,2,0,1,2,288
220211611,10,51,1,258,8,2,0,1,331
220211612,25,100,2,108,3,0,4,0,242
220211613,32,230,0,40,1,0,0,4,307
220211614,7,32,3,216,1,0,0,1,260
220211615,11,8,0,222,1,4,1,0,247
220211616,32,125,15,115,0,0,0,0,287
220211617,1,16,1,173,5,0,0,2,198
220211618,5,16,1,296,6,1,4,1,330
220211701,36,80,7,56,14,0,0,20,213
220211702,38,69,10,38,1,0,0,1,157
220211703,14,44,2,158,9,0,0,10,237
220211704,19,59,8,56,0,0,0,2,144
220211705,19,91,2,90,19,1,0,2,224
220211706,13,129,1,145,2,0,0,1,291
220211707,8,40,0,243,2,0,0,0,293
220211708,13,58,8,128,0,1,0,3,211
220211709,15,49,3,286,4,2,0,1,360
220211710,9,86,3,214,2,0,0,0,314
220211711,18,97,2,145,1,0,1,6,270
220211712,7,34,4,269,2,1,0,0,317
220211713,7,26,1,229,0,3,0,0,266
220211714,1,5,0,332,1,1,0,4,344
220211715,21,40,6,117,5,1,0,3,193
220211716,7,59,3,177,2,0,0,0,248
220211717,4,17,0,184,1,1,2,2,211
220211718,8,28,0,208,1,0,0,0,245
220280101,5,35,46,183,3,2,1,0,275
220280102,22,41,1,372,4,0,0,4,444
220280103,17,46,10,194,3,0,1,1,272
220280104,1,8,27,264,3,0,0,0,303
220280105,14,44,63,264,2,0,1,3,391
220280106,4,32,1,269,2,2,0,3,313
220280107,13,75,16,179,1,1,0,0,285
220280108,12,31,6,178,3,0,0,1,231
220280109,11,28,1,256,1,0,0,0,297
220280110,3,30,5,252,0,1,0,2,293
220280111,7,40,11,116,2,0,0,3,179
220280112,17,23,10,189,11,0,0,5,255
220280113,7,30,1,305,7,0,2,0,352
220280114,14,50,7,251,6,1,0,1,330
220280115,8,15,0,306,11,0,0,2,342
220280116,3,9,36,267,13,0,3,5,336
220280117,2,13,0,346,1,0,0,0,362
220280118,6,15,3,288,4,0,0,0,316
220280201,0,0,0,81,4,1,78,7,171
220280202,0,0,1,33,1,2,25,1,63
220280203,2,3,0,81,10,3,59,10,168
220280301,2,4,1,168,2,1,0,0,178
220280302,1,3,0,124,6,0,4,3,141
220280303,0,1,0,25,0,1,16,1,44
220280304,0,1,0,50,1,0,2,1,55
220280305,0,1,0,45,0,0,22,0,68
220280306,0,0,0,207,0,0,0,0,207
220280307,3,17,0,257,2,0,0,0,279
220280308,2,3,1,224,3,0,0,0,233
220280309,1,1,0,381,0,0,1,1,385
220280310,1,1,0,299,6,0,4,9,320
220280311,1,0,0,325,3,0,0,0,329
220280401,0,4,1,30,2,0,4,1,42
220280402,0,2,0,23,0,0,2,2,29
220280403,0,6,0,36,0,0,0,0,42
220280501,1,0,0,90,0,0,15,0,106
220280502,0,0,0,15,0,0,3,0,18
220280503,1,2,0,22,0,0,15,0,40
220360101,2,3,0,241,5,3,9,4,267
220360102,7,10,0,274,0,0,0,0,291
220360103,7,11,1,94,0,0,0,0,113
220360104,4,24,1,149,3,1,0,0,182
220360105,2,44,22,238,6,0,0,4,316
220360106,7,61,3,307,2,0,4,1,385
220360107,6,53,10,166,2,0,0,0,237
220360108,3,21,73,156,0,0,0,0,253
220360109,1,1,0,166,5,0,0,1,174
220360110,1,8,0,261,6,1,11,15,303
220360111,29,2,31,148,3,0,0,4,217
220360112,3,28,1,251,9,1,0,0,293
220360113,0,2,0,279,2,0,1,0,284
220360114,1,1,1,229,0,0,0,0,232
220360201,0,0,0,43,0,0,17,1,61
220360202,1,0,0,45,0,0,25,8,79
220360203,0,0,0,29,0,0,40,0,69
220360204,0,0,0,14,0,0,12,0,26
220360301,0,0,0,2,0,0,0,0,2
220360302,0,0,0,143,1,0,10,5,159
220360303,0,1,0,31,0,0,1,2,35
220360304,1,4,0,52,1,1,82,4,145
220360305,2,3,0,49,2,0,8,0,64
220360401,0,0,1,25,0,0,2,0,28
220360402,0,0,0,18,0,0,2,0,20
220360403,0,2,0,84,0,0,0,1,87
220360404,0,4,0,18,0,0,4,0,26
220360405,0,3,0,109,3,1,1,1,118
220360406,2,0,0,25,4,0,0,0,31
220360501,0,0,0,15,1,0,0,1,17
220360502,0,3,0,37,0,0,1,0,41
220360601,0,1,0,25,0,0,5,0,31
220360602,0,2,1,17,0,0,6,0,26
220360603,0,1,0,111,5,3,4,0,124
220360604,0,0,0,32,0,1,2,0,35
220360701,0,0,0,21,0,0,7,1,29
220360702,0,0,0,18,0,0,7,0,25
220360801,3,0,0,4,3,0,0,6,16
220360802,0,0,0,3,0,0,0,1,4
220360803,0,0,0,5,0,0,1,0,6
220360804,0,0,0,7,0,0,0,0,7
220360805,0,0,0,2,0,0,0,0,2
220360901,7,13,11,379,9,1,16,10,446
220360902,0,0,0,119,10,0,11,5,145
220360903,0,0,0,4,0,0,0,0,4
220360904,0,0,1,15,1,0,5,3,25
220360905,0,1,0,16,0,0,6,0,23
220360906,2,3,0,172,4,0,8,0,189
220360907,9,0,0,302,2,0,12,4,329
220390101,2,6,0,99,1,0,2,0,110
220390102,16,3,0,19,2,0,7,3,50
220390103,0,2,0,11,0,0,1,0,14
220390104,0,0,0,6,4,4,0,0,14
220390105,1,3,0,125,0,3,2,4,138
220390106,1,8,0,264,2,1,0,1,277
220390107,9,30,39,155,1,0,0,0,234
220390108,4,7,2,177,1,0,0,1,192
220390109,2,14,2,275,5,0,0,0,298
220390110,4,43,7,167,0,0,0,0,221
220390111,0,15,1,196,3,1,0,2,218
220390201,0,2,0,27,0,0,2,0,31
220390202,0,0,0,31,0,0,3,0,34
220390203,0,5,1,26,0,0,0,0,32
220390204,1,1,0,44,1,0,3,1,51
220390301,0,1,0,25,0,0,0,0,26
220390302,0,0,0,9,0,0,0,0,9
220390303,0,6,0,32,1,0,3,1,43
220390304,0,2,1,30,0,0,0,1,34
220390305,2,1,1,79,0,3,9,0,95
220430101,14,43,24,179,1,1,0,0,262
220430102,10,44,37,109,8,0,0,0,208
220430103,4,40,1,257,9,0,0,1,312
220430104,7,17,0,210,2,1,0,2,239
220430105,17,39,3,175,4,0,0,2,240
220430106,11,35,6,207,7,0,0,2,268
220430201,5,3,0,131,3,0,0,0,142
220430202,0,4,0,67,3,0,8,0,82
220430203,0,1,0,89,1,0,7,2,100
220430204,0,4,0,40,0,1,0,0,45
220430205,0,4,0,340,3,2,2,0,351
220430301,0,0,0,10,0,3,3,0,16
220430302,0,0,1,113,7,12,11,2,146
220430303,2,1,1,88,6,26,27,1,152
220430304,1,0,0,102,14,11,28,19,175
220430305,0,19,0,190,8,4,9,7,237
220430401,0,0,0,15,0,0,3,0,18
220430402,2,2,1,72,1,3,11,0,92
220430403,0,4,0,27,0,1,5,0,37
220430501,0,7,1,20,1,2,0,0,31
220430502,0,3,0,50,0,0,5,0,58
220430503,2,0,0,13,0,2,0,1,18
220490101,7,48,11,196,2,0,0,2,266
220490102,9,27,0,228,2,0,0,2,268
220490103,1,23,1,277,0,0,0,0,302
220490104,3,34,4,238,2,1,0,1,283
220490201,0,2,1,19,0,0,1,0,23
220490202,0,2,0,20,1,0,0,1,24
220490203,0,0,0,3,1,0,0,0,4
220490301,0,1,0,33,0,0,4,2,40
220490302,0,0,0,39,0,0,5,0,44
220490303,0,0,0,37,1,0,5,0,43
220490304,0,15,13,419,5,1,0,1,454
220490305,0,1,1,19,0,0,0,0,21
220490306,0,1,0,19,2,0,1,2,25
220490307,3,1,1,170,2,1,0,2,180
220490308,1,1,0,135,2,1,2,3,145
220490309,3,15,8,251,2,0,1,2,282
220490310,0,1,0,171,1,0,0,1,174
220490311,1,5,1,394,3,2,0,1,407
220490401,0,2,0,19,0,0,7,1,29
220490402,0,2,1,12,0,0,0,1,16
220490403,0,5,0,41,0,0,1,1,48
220560101,7,32,4,342,1,4,11,0,401
220560102,5,6,2,427,3,6,7,0,456
220560201,2,5,0,286,1,18,17,0,329
220560202,0,2,0,23,0,0,2,0,27
220560203,1,1,0,24,1,1,9,1,38
220560204,0,0,0,2,0,0,0,0,2
220560301,0,0,0,33,2,4,9,1,49
220560302,0,0,0,31,0,3,16,2,52
220560303,0,0,0,55,0,18,15,0,88
220560304,0,0,0,38,0,2,7,5,52
220560305,3,5,0,230,1,0,2,0,241
220560306,3,10,2,241,2,1,6,0,265
220560307,0,0,0,16,0,1,2,0,19
220560308,1,0,0,6,0,0,4,0,11
220560309,1,1,0,203,1,2,15,4,227
220560310,15,16,6,212,32,2,1,0,284
220560311,2,31,69,193,14,3,9,1,322
220560312,1,1,0,75,1,4,23,0,105
220560313,5,11,1,341,12,1,12,2,385
220560314,8,1,0,279,7,0,18,1,314
220560401,0,0,0,10,1,1,2,0,14
220560402,0,0,0,17,0,0,0,0,17
220630101,7,42,2,203,8,0,0,0,262
220630102,11,69,11,201,7,0,0,2,301
220630103,8,26,3,161,2,0,0,0,200
220630104,21,59,20,139,3,1,0,0,243
220630105,18,57,24,135,5,1,1,1,242
220630106,6,38,31,172,3,0,0,0,250
220630107,48,59,27,160,2,0,0,1,297
220630108,3,9,3,261,0,6,0,1,283
220630109,15,43,14,150,7,0,0,1,230
220630202,7,5,0,307,14,2,26,4,365
220630203,0,5,1,256,9,1,8,3,283
220630204,0,0,0,100,1,2,23,0,126
220630205,0,1,0,14,2,0,2,0,19
220630206,1,1,0,63,1,6,12,0,84
220630207,0,1,2,49,0,0,4,0,56
220630208,0,2,0,205,7,24,26,2,266
220630209,0,0,0,30,0,24,23,10,87
220630210,2,5,1,230,6,11,16,2,273
220630211,0,0,0,39,2,6,16,1,64
220630212,0,5,0,129,0,7,55,22,218
220630213,0,0,0,46,1,6,17,1,71
220630214,7,4,8,284,9,16,10,29,367
220630215,2,2,0,228,5,6,9,5,257
220630216,5,3,1,65,2,0,0,0,76
220630301,3,1,1,156,4,2,32,9,208
220630302,0,4,0,169,3,0,16,0,192
220630303,0,0,0,67,3,0,20,4,94
220630304,1,0,1,111,3,5,82,0,203
220630305,0,2,0,158,4,2,35,8,209
220630306,4,0,0,102,4,18,67,82,277
220630307,0,0,0,124,1,2,25,3,155
220630308,0,2,0,95,3,2,9,3,114
220630309,1,2,0,418,3,2,0,1,427
220630310,1,1,0,405,7,3,10,6,433
220630311,3,10,1,375,3,0,0,2,394
220630401,1,0,0,181,14,2,160,4,362
220630402,0,0,0,4,4,3,35,0,46
220630403,1,0,1,46,4,0,23,6,81
220630404,2,0,9,300,8,1,14,3,337
220630501,0,0,0,35,6,1,24,3,69
220630502,0,0,0,34,4,0,12,4,54
220630503,1,0,0,44,1,4,91,11,152
220630504,0,0,0,77,1,2,23,0,103
220630505,0,0,0,76,4,0,119,1,200
220630506,3,1,0,151,2,1,10,1,169
220630507,0,0,0,120,10,5,21,0,156
220630508,0,1,0,385,9,7,10,12,424
220630509,0,0,1,315,8,5,17,0,346
220630601,0,0,0,15,0,1,0,0,16
220630602,0,0,0,190,8,5,46,5,254
220630603,0,0,1,90,1,15,115,1,223
220630604,0,0,0,3,0,0,0,0,3
220630605,3,1,0,253,11,10,44,9,331
220630701,0,0,0,138,4,2,5,0,149
220630702,0,9,1,242,3,15,145,95,510
220630703,0,0,1,92,3,5,30,1,132
220630704,0,0,0,11,1,0,4,0,16
220630705,3,0,0,423,9,4,23,7,469
220630801,3,13,1,350,10,5,0,2,384
220630814,1,8,1,205,5,1,0,0,221
220630816,4,12,1,299,5,1,0,1,323
220630817,4,12,0,313,3,3,0,1,336
220630818,7,73,1,61,1,0,0,1,144
220630824,2,0,3,191,4,5,3,0,208
220630825,4,7,0,157,0,2,0,0,170
220630826,4,12,6,96,4,0,0,0,122
220630827,3,8,0,135,0,0,0,2,148
220630915,1,1,2,342,3,6,2,3,360
220630919,2,3,1,346,3,1,0,1,357
220630920,3,7,0,327,6,2,0,0,345
220630921,4,4,2,369,4,1,0,1,385
220630922,27,1,0,133,2,0,0,0,163
220630923,0,5,1,245,5,0,4,1,261
220630928,5,3,4,160,5,0,0,3,180
220630929,2,2,0,182,2,1,0,2,191
220630930,1,0,0,185,13,8,2,0,209
220630931,2,18,8,239,1,0,0,15,283
220630932,3,1,0,215,4,1,0,1,225
220700101,8,8,0,266,8,1,0,0,291
220700102,4,26,3,221,6,1,1,0,262
220700103,4,3,2,352,3,1,0,1,366
220700104,12,22,4,312,11,0,0,4,365
220700105,1,1,1,243,4,0,0,1,251
220700201,0,0,1,47,0,0,1,0,49
220700202,3,19,0,323,2,0,2,1,350
220700203,1,1,0,21,0,0,2,3,28
220700204,0,1,0,24,0,0,0,0,25
220700205,1,0,2,127,6,0,6,0,142
220700206,3,0,1,377,4,1,0,0,386
220700301,5,2,3,281,3,2,0,0,296
220700302,1,1,1,59,1,0,0,1,64
220700303,0,2,0,41,4,0,4,2,53
220700304,0,0,0,51,0,1,3,1,56
220700305,0,0,0,33,3,0,12,0,48
220700306,1,2,1,47,5,0,10,2,68
220700307,3,5,1,313,7,1,1,1,332
220700308,4,2,1,242,0,0,1,0,250
220700309,10,18,0,183,6,0,0,0,217
220700310,1,0,0,126,3,0,0,0,130
220700311,2,1,0,181,5,2,2,1,194
220700401,0,4,0,291,3,0,0,0,298
220700402,1,3,0,59,0,0,0,0,63
220700403,0,4,0,67,2,0,0,0,73
220700404,0,1,0,31,0,0,1,0,33
220700405,0,1,1,64,3,0,0,3,72
220700406,9,7,2,334,2,0,1,1,356
220700501,1,3,0,62,1,0,0,0,67
220700502,0,2,0,27,1,0,1,2,33
220700503,0,0,0,14,0,0,0,0,14
220700504,0,0,0,9,0,0,0,0,9
220700601,0,5,0,56,0,0,0,2,63
220700602,0,3,0,36,0,0,1,0,40
220700603,0,1,1,67,3,1,0,0,73
220770101,4,3,13,252,9,0,0,1,282
220770102,19,11,2,114,16,1,0,3,166
220770103,10,28,2,351,9,2,3,0,405
220770104,6,11,4,224,9,5,0,1,260
220770105,10,3,48,184,3,0,0,0,248
220770106,3,12,1,190,4,3,3,2,218
220770107,0,4,0,274,14,1,0,3,296
220770201,1,1,0,65,1,5,2,0,75
220770202,3,6,2,184,10,6,5,0,216
220770203,1,1,0,40,0,1,4,0,47
220770204,0,1,0,20,1,0,2,0,24
220770205,3,1,0,28,0,0,1,0,33
220770206,2,1,0,111,1,1,0,0,116
220770207,0,1,0,36,0,0,0,0,37
220770208,0,0,0,76,0,2,0,0,78
220770301,1,2,1,62,1,3,1,0,71
220770302,2,0,0,254,1,9,0,0,266
220770303,0,3,0,143,3,17,0,0,166
220770304,0,3,0,100,3,9,2,3,120
220770305,0,0,0,29,0,3,0,0,32
220770306,1,1,0,9,0,0,0,0,11
220770307,0,0,0,23,1,0,1,0,25
220770308,0,0,0,9,0,1,0,0,10
220770401,1,1,0,4,0,0,0,0,6
220770402,0,1,0,14,0,0,0,0,15
220770403,0,1,0,10,2,1,0,0,14
220840101,4,12,3,437,9,32,3,1,501
220840102,7,3,1,196,8,26,7,2,250
220840103,7,2,9,261,3,0,0,2,284
220840104,2,5,4,262,2,3,1,0,279
220840105,20,0,0,250,3,118,3,12,406
220840201,0,0,0,18,0,1,0,0,19
220840202,1,0,1,73,2,25,7,2,111
220840203,0,2,0,180,2,63,7,1,255
220840204,0,1,0,94,2,48,15,0,160
220840205,1,3,1,229,12,281,55,6,588
220840206,0,0,0,111,2,20,6,1,140
220840207,0,1,0,64,0,18,1,1,85
220840208,0,2,0,219,3,0,0,1,225
220840209,2,2,1,262,6,113,1,11,398
220840301,1,1,0,12,1,2,1,0,18
220840302,0,0,0,23,1,1,1,0,26
220840303,0,1,0,55,0,31,5,0,92
220840401,1,3,2,73,5,14,5,5,108
220840402,1,1,4,73,2,7,4,0,92
220840403,0,1,0,45,0,0,1,0,47
220840404,0,0,1,25,0,8,5,0,39
220840501,5,3,7,250,1,1,0,0,267
220840502,3,0,0,265,11,2,0,0,281
220840503,1,3,22,258,0,4,0,0,288
220840504,0,3,0,261,8,5,0,0,277
220840601,0,8,0,262,3,8,27,0,308
220840602,0,0,0,18,0,5,7,0,30
220840603,0,1,0,38,0,3,9,0,51
220840604,0,0,0,106,1,4,9,0,120
220840605,1,2,0,202,0,2,1,0,208
220840606,0,0,1,14,0,1,2,0,18
220840607,1,0,0,5,0,1,0,0,7
220840701,0,4,7,89,1,26,14,2,143
220840702,0,0,0,11,1,0,1,0,13
220840703,0,0,0,16,0,2,4,0,22
220840704,0,0,0,11,0,0,7,0,18
220840705,1,0,0,21,0,2,2,1,27
220840706,0,0,1,28,0,6,3,0,38
220840707,0,1,1,53,0,3,5,1,64
220840801,2,0,1,105,1,17,21,1,148
220840802,0,0,1,53,0,13,5,0,72
220840803,0,9,6,72,1,13,8,1,110
220840804,0,0,3,143,2,38,28,0,214
220840805,2,0,12,62,1,6,44,9,136
220840901,0,0,0,11,0,0,4,0,15
220840902,0,0,0,13,0,0,0,0,13
220840903,0,0,0,57,0,7,14,1,79
220840904,0,0,0,37,1,0,1,0,39
220841001,0,2,0,59,0,10,17,0,88
220841002,3,1,1,230,7,9,31,1,283
220841003,0,0,0,11,0,2,0,0,13
220841004,3,3,0,115,7,5,10,0,143
220841005,1,4,0,294,1,3,0,0,303
220841006,0,0,2,131,2,6,26,0,167
220841101,1,17,5,316,12,11,4,2,368
220841102,20,50,8,91,6,0,0,0,175
220841103,3,24,0,106,2,0,0,0,135
220841104,7,26,0,229,4,5,7,0,278
220841105,2,5,4,236,1,9,2,0,259
220841106,5,27,0,231,1,4,0,1,269
220841107,27,59,5,142,7,0,0,0,240
220841108,8,39,0,222,5,0,0,0,274
220841109,17,8,0,128,0,4,0,0,157
220841110,13,10,1,366,2,0,0,0,392
220841111,4,8,0,230,6,6,4,1,259
220841112,6,5,0,232,1,2,0,2,248
220841201,12,9,3,364,3,12,16,2,421
220841202,7,36,6,272,3,5,3,3,335
220841203,4,6,1,187,1,13,4,1,217
220841204,16,11,1,222,6,8,0,0,264
220841205,24,78,12,127,3,0,0,0,244
220841206,35,61,3,103,2,0,0,3,207
220841207,10,58,0,224,10,3,0,3,308
220841208,3,4,1,181,5,1,0,0,195
220841209,4,5,1,200,0,0,0,0,210
220841210,0,3,0,175,7,72,2,1,260
220841211,1,2,0,331,3,21,3,0,361
220841212,2,0,0,227,0,9,0,1,239
220841213,13,19,0,213,11,0,0,2,258
220841214,0,0,0,232,8,14,2,0,256
220841215,6,1,1,238,4,11,4,0,265
220841216,1,0,2,318,10,53,5,2,391
220841217,2,0,0,149,2,32,1,0,186
220910101,9,51,13,265,1,0,0,0,339
220910102,18,34,3,197,0,0,0,0,252
220910103,6,7,45,311,2,16,0,2,389
220910104,14,62,8,181,4,0,0,0,269
220910105,9,13,1,201,7,0,0,3,234
220910201,1,0,0,38,0,0,5,3,47
220910202,1,0,0,56,0,0,21,1,79
220910203,0,2,1,65,1,0,4,0,73
220910204,0,0,0,80,3,1,3,2,89
220910301,0,0,0,82,4,3,22,4,115
220910302,0,0,0,117,0,5,10,1,133
220910303,1,1,1,149,4,4,22,1,183
220910304,0,1,1,57,0,0,2,0,61
220910401,1,0,2,86,2,5,0,0,96
220910402,1,2,0,126,1,2,2,1,135
220910403,1,0,0,114,1,5,9,0,130
220910404,0,1,0,57,2,0,1,0,61
220910501,4,1,0,435,1,3,0,1,445
220910502,1,2,0,243,1,2,1,4,254
220910503,1,1,0,96,0,1,5,0,104
220910504,0,2,0,100,1,5,2,0,110
220910505,0,1,0,55,2,0,4,0,62
220910506,0,3,0,92,0,1,3,1,100
220910507,4,1,0,267,1,4,0,0,277
220910508,7,4,6,406,8,9,0,4,444
220910509,1,0,0,318,3,25,0,1,348
220910510,1,1,1,262,2,15,0,1,283
220910511,2,2,0,202,2,13,1,1,223
220910512,1,10,35,196,6,7,0,15,270
220910513,2,0,1,264,3,5,2,0,277
220910601,0,0,0,36,2,0,5,1,44
220910602,2,2,0,95,0,1,18,1,119
220910701,1,2,0,38,1,1,1,0,44
220910702,1,1,1,40,1,0,0,0,44
220910703,0,1,0,102,0,4,4,0,111
220910704,7,15,1,75,1,2,0,1,102
220980101,6,7,0,272,1,0,0,1,287
220980102,1,2,2,144,2,9,1,2,163
220980103,29,31,30,415,8,1,0,2,516
220980104,2,27,94,148,1,0,0,0,272
220980105,6,14,2,259,16,1,1,1,300
220980106,23,23,5,219,5,1,0,0,276
220980107,18,74,0,191,0,0,0,1,284
220980108,17,35,4,181,1,0,1,2,241
220980109,25,44,24,149,3,0,0,1,246
220980110,31,21,0,256,2,0,1,0,311
220980111,19,64,2,276,3,1,2,8,375
220980112,18,37,9,97,1,0,0,1,163
220980113,10,37,14,57,0,0,0,0,118
220980114,23,35,9,65,1,0,0,0,133
220980115,29,44,9,83,1,0,0,1,167
220980116,21,65,15,55,3,0,0,2,161
220980117,18,56,0,128,2,0,0,1,205
220980118,5,7,5,162,4,0,1,0,184
220980119,8,19,116,185,1,3,0,2,334
220980120,2,51,2,206,5,1,0,2,269
220980121,3,4,1,312,8,2,1,0,331
220980122,4,3,0,243,4,0,0,0,254
220980123,2,5,0,248,7,1,0,1,264
220980201,2,2,1,51,1,0,0,0,57
220980202,2,4,0,127,2,0,0,0,135
220980203,1,0,0,11,0,0,0,0,12
220980204,0,1,0,23,1,0,0,0,25
220980205,1,2,0,41,0,0,1,0,45
220980206,0,1,0,43,0,0,0,0,44
220980207,1,5,0,66,1,0,2,2,77
220980208,1,1,1,42,0,0,0,1,46
220980209,0,2,0,52,1,0,4,10,69
220980210,0,0,0,22,1,2,0,0,25
220980211,0,3,0,74,1,1,2,0,81
220980212,2,3,0,35,0,3,0,0,43
220980213,0,1,0,55,1,1,2,0,60
220980214,1,0,0,206,2,0,0,0,209
220980301,2,18,0,142,1,0,0,0,163
220980302,4,39,1,235,10,0,1,1,291
220980303,8,50,8,209,2,1,0,0,278
220980304,17,57,4,126,0,0,0,2,206
220980305,4,64,3,193,1,0,0,1,266
220980306,5,34,0,175,3,0,0,0,217
220980307,4,30,2,174,2,0,1,0,213
220980401,0,6,0,208,2,0,0,1,217
220980402,0,1,0,35,0,0,0,0,36
220980403,0,1,0,36,0,0,0,0,37
220980404,1,0,0,23,1,0,0,0,25
220980405,1,2,0,23,2,0,0,0,28
220980406,2,4,1,257,6,3,11,5,289
220980407,3,10,2,97,2,0,0,0,114
220980408,5,33,5,251,4,2,0,3,303
220980501,0,1,0,64,1,0,4,5,75
220980502,0,0,0,50,0,1,1,1,53
220980503,1,0,0,27,10,1,0,0,39
220980601,1,4,0,123,2,0,0,0,130
220980602,1,1,0,56,1,0,0,0,59
220980603,1,4,0,61,0,0,0,0,66
220980604,0,2,0,6,3,0,0,0,11
220980605,0,4,3,30,3,0,0,0,40
220980701,9,3,2,415,4,0,1,2,436
220980702,10,11,0,379,6,2,0,1,409
220980703,9,12,1,171,4,0,0,0,197
220980704,27,30,0,137,4,0,0,4,202
220980705,17,48,7,114,7,1,0,1,195
220980706,17,42,12,212,13,0,1,1,298
220980707,13,36,27,382,8,0,0,1,467
220980708,19,15,0,386,4,2,0,1,427
220980709,37,41,2,269,5,0,0,2,356
220980710,22,14,5,209,5,0,0,6,261
220980711,12,9,0,62,0,0,0,0,83
220980712,1,10,0,158,0,0,1,0,170
220980713,3,17,1,129,0,0,1,0,151
220980714,5,24,0,191,0,1,0,2,223
220980715,15,8,0,362,7,0,3,3,398
220980716,0,0,0,26,0,0,1,0,27
220980717,26,15,0,272,2,1,1,4,321
220980718,19,35,0,495,9,2,1,2,563
220980719,1,5,0,91,0,1,0,1,99
220980720,8,2,0,252,9,1,1,1,274
221050101,0,4,2,174,4,0,0,0,184
221050102,1,4,0,187,6,0,0,2,200
221050103,2,12,0,177,0,0,0,0,191
221050104,5,40,4,121,3,0,0,0,173
221050105,4,40,2,119,0,0,0,0,165
221050106,14,43,4,203,1,0,0,0,265
221050107,2,44,1,265,8,1,1,4,326
221050108,10,23,1,319,4,0,0,0,357
221050109,5,47,29,231,3,1,0,1,317
221050110,3,47,8,152,1,0,2,4,217
221050111,16,24,1,183,4,0,0,0,228
221050112,2,3,1,235,5,0,0,0,246
221050113,6,13,36,114,2,0,0,0,171
221050114,2,5,0,222,1,1,1,0,232
221050115,2,2,0,149,6,0,0,1,160
221050201,4,3,2,87,1,0,13,3,113
221050202,0,0,0,40,1,0,35,8,84
221050203,3,4,1,74,4,2,52,13,153
221050204,0,0,0,21,1,0,18,5,45
221050205,2,0,0,50,6,5,35,17,115
221050301,10,22,66,425,4,19,1,8,555
221050302,0,0,0,20,11,0,3,1,35
221050303,1,0,1,323,18,2,0,2,347
221050304,1,3,0,82,2,1,12,3,104
221050305,0,1,3,57,1,1,4,3,70
221050306,0,2,0,96,1,8,42,1,150
221050307,0,0,0,42,0,0,24,1,67
221050308,0,0,0,26,1,0,7,3,37
221050309,2,0,0,39,0,0,19,6,66
221050310,2,1,0,88,1,0,3,0,95
221050311,7,16,5,385,2,1,0,0,416
221050312,9,8,1,387,6,1,1,2,415
221050313,1,2,2,11,0,0,0,0,16
221050314,5,5,1,305,5,3,1,2,327
221050315,1,4,1,269,4,0,7,0,286
221050316,2,1,2,318,4,0,0,1,328
221050317,1,0,2,274,1,0,0,0,278
221050401,0,0,0,20,0,0,1,0,21
221050402,1,1,0,23,1,0,0,0,26
221050403,0,4,0,46,2,0,5,14,71
221050404,0,1,0,51,2,1,27,15,97
221050405,0,0,1,30,1,0,7,10,49
221120101,13,26,34,274,12,0,0,0,359
221120102,19,52,28,179,7,1,0,0,286
221120103,5,3,4,411,2,0,0,0,425
221120104,3,5,4,362,8,0,0,1,383
221120105,3,4,35,367,2,2,0,0,413
221120106,9,9,2,456,6,1,1,2,486
221120201,0,0,0,0,0,0,0,0,0
221120202,4,2,0,42,1,0,0,1,50
221120203,0,0,0,18,1,0,0,0,19
221120301,5,40,1,183,1,0,0,0,230
221120302,2,4,5,421,4,0,0,1,437
221120303,1,4,0,29,0,0,0,0,34
221120304,0,0,0,24,0,0,0,0,24
221120305,1,5,0,24,1,0,2,0,33
221120306,3,23,9,155,0,0,0,1,191
221120401,7,13,4,168,5,2,0,0,199
221120402,1,4,0,167,1,2,0,0,175
221120403,0,3,0,101,0,1,1,1,107
221120404,0,5,0,136,1,0,0,0,142
221120405,0,0,0,29,2,0,0,0,31
221120406,0,0,0,38,1,1,0,0,40
221120407,8,3,1,281,18,0,0,0,311
221120408,0,4,0,42,0,0,3,0,49
221120501,0,3,0,16,0,0,0,0,19
221120502,0,2,0,24,0,0,0,0,26
221120503,0,1,0,16,1,0,0,0,18
221120504,0,2,0,27,2,0,0,1,32
221120505,0,2,2,36,1,0,0,0,41
221120601,0,0,0,15,0,0,0,0,15
221120602,0,2,0,30,0,0,0,0,32
221120603,0,1,0,29,0,0,6,3,39
221120701,1,1,0,38,0,2,0,0,42
221120702,1,1,0,31,0,0,0,0,33
221120801,0,0,0,49,1,0,5,1,56
221120802,3,2,1,60,0,1,0,0,67
221120803,0,1,0,61,0,0,13,3,78
221120901,0,2,0,33,0,0,0,0,35
221120902,0,1,0,25,0,0,0,0,26
221120903,0,1,0,39,0,0,0,0,40
221121001,0,2,0,83,3,0,0,2,90
221121002,0,4,0,51,0,0,0,0,55
221121003,0,0,0,16,0,0,0,0,16
221190101,11,10,6,194,3,2,3,0,229
221190102,5,19,2,276,3,11,2,0,318
221190103,7,14,4,339,8,12,0,0,384
221190104,8,27,0,360,3,2,0,2,402
221190105,6,16,0,198,5,1,0,2,228
221190106,12,6,52,264,5,5,0,4,348
221190107,5,0,0,281,5,2,0,0,293
221190108,8,1,0,270,8,2,0,0,289
221190201,1,1,0,148,4,4,2,1,161
221190202,10,2,1,156,3,10,2,16,200
221190203,1,1,1,97,1,1,1,1,104
221190204,0,0,0,72,2,12,2,1,89
221190205,1,0,0,145,3,6,9,0,164
221190206,0,0,0,50,2,3,1,1,57
221190207,0,0,0,21,2,0,0,0,23
221190208,0,0,0,36,0,1,4,0,41
221190301,0,1,0,43,0,3,0,0,47
221190302,0,0,0,13,0,0,0,0,13
221190303,0,0,0,26,0,0,0,0,26
221260101,1,9,0,262,4,5,0,2,283
221260102,6,34,41,120,1,0,1,0,203
221260103,5,28,4,119,1,3,0,0,160
221260104,5,6,0,210,3,6,6,2,238
221260105,0,4,1,183,2,1,0,2,193
221260201,0,2,0,20,1,0,2,0,25
221260202,0,4,1,98,3,3,2,0,111
221260203,0,1,0,44,0,0,3,1,49
221260204,0,3,0,38,1,1,3,0,46
221260301,3,3,0,212,3,21,8,0,250
221260302,0,1,1,43,1,0,2,0,48
221260303,2,1,0,89,0,3,5,0,100
221260304,0,1,1,161,4,4,0,1,172
221260305,3,0,1,214,0,13,0,0,231
221260306,0,1,0,24,0,0,0,0,25
221260307,0,0,0,11,0,4,0,1,16
221260308,1,0,0,16,0,1,1,0,19
221260309,0,0,1,10,0,0,0,0,11
221260310,0,1,0,15,1,0,1,0,18
221260311,1,2,0,46,0,6,1,0,56
221260312,1,2,0,163,16,22,0,2,206
221260313,4,2,1,165,5,2,0,0,179
221260314,3,0,1,297,1,1,0,0,303
221260315,0,1,0,11,0,0,0,0,12
221330101,6,35,0,174,2,0,0,1,218
221330102,19,54,9,220,3,0,0,0,305
221330103,22,42,15,236,2,1,0,0,318
221330104,23,64,15,214,8,0,0,3,327
221330105,15,62,10,75,8,0,0,0,170
221330106,26,73,9,228,1,0,0,0,337
221330107,25,47,12,83,1,0,0,2,170
221330108,2,1,1,439,4,7,1,1,456
221330109,6,23,6,325,3,2,6,0,371
221330110,10,25,0,148,0,0,0,3,186
221330111,9,4,0,259,0,0,0,0,272
221330112,27,38,0,151,0,0,1,0,217
221330113,32,38,2,100,4,1,0,1,178
221330114,3,3,0,351,5,11,2,1,376
221330115,8,5,10,317,7,0,0,0,347
221330116,18,54,6,93,3,0,0,0,174
221330117,14,24,0,106,1,0,0,0,145
221330118,11,35,4,188,0,0,0,0,238
221330119,7,13,1,243,2,4,9,3,282
221330120,26,43,1,176,3,0,0,0,249
221330201,0,0,0,50,1,1,0,0,52
221330202,0,3,0,89,2,4,6,1,105
221330203,2,1,0,102,3,4,1,0,113
221330204,1,0,0,20,0,1,1,0,23
221330205,0,1,0,78,2,0,2,0,83
221330206,1,1,0,67,2,2,8,0,81
221330207,2,6,4,194,2,2,7,0,217
221330208,0,4,0,46,0,1,2,0,53
221330301,0,11,2,62,1,5,4,0,85
221330302,0,1,0,94,2,6,6,1,110
221330303,1,1,0,54,1,5,3,0,65
221330304,1,1,0,56,0,1,0,0,59
221330305,1,1,1,55,3,7,0,1,69
221330306,0,1,0,34,1,1,7,0,44
221330307,1,0,0,39,2,0,1,0,43
221330308,0,4,0,54,4,2,1,0,65
221330309,0,1,0,68,10,0,18,0,97
221330401,0,4,0,91,3,2,1,0,101
221330402,0,3,0,60,1,0,2,0,66
221330403,0,2,1,38,0,1,1,0,43
221330404,1,1,0,51,1,1,5,0,60
221330405,0,6,0,56,1,6,8,0,77
221330406,0,2,0,35,0,0,0,1,38
221330407,0,0,0,5,0,0,0,0,5
221330408,2,4,0,48,0,3,0,0,57
221330409,1,1,0,3,0,0,0,0,5
221330410,0,0,0,7,0,0,0,0,7
221330411,0,5,0,94,6,15,1,0,121
221330412,0,1,0,324,16,6,1,5,353
221330413,26,3,3,252,21,3,3,1,312
221330414,7,17,11,171,5,0,0,0,211
221330415,0,0,0,120,3,5,5,1,134
221330501,2,6,0,35,0,1,4,0,48
221330502,3,0,0,261,3,4,1,0,272
221330503,0,0,0,46,0,5,6,0,57
221330504,0,2,0,24,0,5,0,1,32
221330505,1,2,0,45,2,1,0,2,53
221330506,1,0,1,14,1,0,0,0,17
221330507,0,2,0,14,1,0,0,1,18
221330508,1,3,0,18,0,0,0,0,22
221400101,0,2,0,130,1,0,0,0,133
221400102,13,55,0,252,2,49,20,16,407
221400103,5,67,5,94,2,0,0,1,174
221400104,36,81,14,161,17,1,0,0,310
221400105,40,78,8,107,1,3,0,0,237
221400106,10,40,1,191,3,20,0,23,288
221400107,10,9,3,282,25,28,1,0,358
221400108,2,16,3,100,1,1,0,0,123
221400109,15,28,1,233,15,0,0,0,292
221400110,3,28,1,160,6,4,0,0,202
221400111,12,111,5,241,7,0,0,5,381
221400112,13,47,3,187,5,2,0,1,258
221400113,5,5,0,208,6,13,0,2,239
221400114,7,16,29,57,0,2,0,0,111
221400115,5,34,3,182,3,2,0,1,230
221400116,41,46,2,109,0,2,0,0,200
221400117,9,21,1,200,4,3,0,0,238
221400118,6,16,1,191,3,0,0,0,217
221400201,41,84,23,76,9,0,0,4,237
221400202,77,111,17,60,0,0,0,3,268
221400203,17,71,14,180,11,0,0,1,294
221400204,29,54,4,244,0,4,0,0,335
221400205,25,55,15,123,5,1,0,0,224
221400206,19,69,27,238,12,2,0,1,368
221400207,13,5,0,321,6,8,1,1,355
221400208,37,36,1,197,26,0,0,5,302
221400209,43,58,0,115,1,1,0,1,219
221400210,56,71,1,207,0,0,1,3,339
221400211,24,67,0,162,8,9,0,0,270
221400301,17,109,17,60,3,0,0,1,207
221400302,24,107,18,45,7,0,0,0,201
221400303,52,155,30,39,3,1,0,1,281
221400304,38,133,28,51,1,0,0,0,251
221400305,46,138,29,54,4,1,0,0,272
221400306,28,82,23,80,1,0,0,0,214
221400307,24,79,38,58,3,0,0,0,202
221400308,63,72,14,83,0,0,0,0,232
221400309,16,64,1,166,2,0,0,1,250
221400310,20,57,59,67,4,1,0,1,209
221400311,45,81,9,91,8,0,0,0,234
221400312,5,90,2,228,6,3,0,1,335
221400313,14,15,1,319,8,9,0,1,367
221400401,19,82,10,15,2,0,0,0,128
221400402,24,96,23,31,4,2,0,5,185
221400403,23,101,13,88,2,0,0,1,228
221400404,63,140,27,42,0,0,0,1,273
221400405,61,113,23,70,2,0,0,1,270
221400406,51,83,23,61,5,1,0,0,224
221400407,62,135,28,41,1,0,0,0,267
221400408,34,107,11,48,4,0,0,0,204
221400409,20,69,10,180,6,0,0,3,288
221400410,44,69,12,90,2,0,0,2,219
221400411,16,114,8,150,1,0,0,2,291
221400412,14,74,11,183,4,1,0,7,294
221400413,21,51,5,83,1,0,1,1,163
221400414,21,33,7,192,1,0,0,1,255
221400415,18,29,4,86,2,0,0,0,139
221400416,7,66,15,99,4,0,0,10,201
221400417,3,8,12,46,1,0,0,1,71
221400418,5,26,11,88,6,0,0,0,136
221400501,13,74,7,140,2,0,0,0,236
221400502,16,84,38,76,3,0,0,0,217
221400503,23,77,9,113,4,2,0,0,228
221400504,24,85,18,102,1,3,0,8,241
221400505,11,62,3,308,4,10,0,4,402
221400506,23,35,17,195,3,0,0,4,277
221400507,7,43,5,226,7,6,0,2,296
221400508,3,2,1,300,14,18,0,0,338
221400509,11,21,0,170,7,1,1,0,211
221400510,5,41,0,198,0,0,0,2,246
221400511,10,9,0,209,3,2,0,0,233
221400512,7,3,0,274,9,8,0,1,302
221400513,9,8,0,272,2,20,0,1,312
221400514,9,2,0,226,1,17,0,1,256
221400601,4,23,4,322,2,20,1,1,377
221400602,2,85,67,96,0,3,0,0,253
221400603,29,92,65,91,1,0,1,0,279
221400604,20,82,105,33,1,0,0,0,241
221400605,19,23,19,243,1,2,0,1,308
221400606,17,39,15,311,3,0,0,2,387
221400607,33,72,7,95,1,2,0,1,211
221400608,8,61,2,327,3,3,0,1,405
221400609,1,82,0,262,29,1,0,0,375
221400610,3,43,0,285,3,2,0,1,337
221400611,18,37,25,203,0,0,0,0,283
221400612,2,5,9,146,0,1,0,2,165
221400701,22,136,30,59,9,0,0,1,257
221400702,13,37,5,269,5,0,0,0,329
221400703,20,54,49,171,2,0,1,2,299
221400704,6,23,1,200,2,6,0,2,240
221400705,23,27,4,175,0,3,0,2,234
221400706,21,44,2,260,5,0,0,3,335
221400707,19,70,1,116,4,0,0,1,211
221400708,9,23,1,226,6,0,0,0,265
221400709,11,6,1,187,1,2,0,1,209
221400710,7,5,0,220,0,1,0,1,234
221400711,3,14,0,192,3,1,0,1,214
221400712,6,19,0,146,22,2,0,0,195
221400713,15,103,0,60,0,0,0,2,180
221400714,4,30,1,260,0,0,0,0,295
221400715,7,38,3,139,6,0,0,0,193
221400716,9,52,10,214,1,0,0,1,287
221400717,6,32,0,125,1,0,0,0,164
221400718,4,30,2,261,4,1,0,0,302
221400719,3,24,1,183,6,0,2,0,219
221400720,2,13,0,190,1,1,0,1,208
221400721,5,16,1,229,2,0,0,2,255
221400722,0,1,7,2,0,0,0,0,10
221400723,1,9,0,237,3,1,0,0,251
221400724,24,23,2,279,0,0,0,0,328
221400725,6,54,2,186,2,0,0,0,250
221400726,0,16,1,223,0,0,1,2,243
221400727,3,7,1,256,0,1,0,1,269
221400728,22,14,1,153,0,0,0,3,193
221400729,7,20,1,119,6,0,0,0,153
221400801,30,174,2,49,3,1,0,1,260
221400802,45,135,18,52,3,0,0,2,255
221400803,31,124,11,77,12,0,0,1,256
221400804,12,67,7,36,0,0,0,0,122
221400805,20,84,11,80,8,0,0,2,205
221400806,26,130,3,55,0,0,0,0,214
221400807,36,148,10,56,8,0,0,1,259
221400808,44,121,24,115,2,0,0,2,308
221400809,23,62,5,54,0,0,0,4,148
221400810,17,20,1,245,5,0,0,1,289
221400811,15,37,2,175,7,2,0,0,238
221400812,29,71,0,76,1,0,0,0,177
221400813,59,102,11,67,0,0,0,0,239
221400814,47,141,7,95,3,0,0,0,293
221400815,42,162,11,56,5,0,0,5,281
221400816,17,43,0,52,8,0,0,0,120
221400817,25,100,3,53,2,0,1,0,184
221400818,21,62,2,78,4,0,0,0,167
221400901,14,55,3,157,2,0,0,1,232
221400902,22,41,0,330,3,1,0,0,397
221400903,94,149,7,57,0,0,0,15,322
221400904,6,55,5,257,8,0,0,0,331
221400905,6,37,1,257,6,1,0,0,308
221400906,54,297,0,5,0,0,0,3,359
221400907,15,13,0,219,10,13,0,0,270
221400908,8,24,1,219,1,3,1,0,257
221400909,8,40,1,219,3,1,1,2,275
221400910,75,268,0,4,10,0,0,1,358
221400911,31,221,0,0,1,0,0,0,253
221400912,24,156,0,1,1,0,0,0,182
221400913,1,38,56,255,0,0,0,2,352
221400914,4,105,0,288,2,0,0,0,399
221400915,32,9,5,271,36,0,0,0,353
221400916,6,55,1,274,5,0,0,0,341
221400917,4,4,0,208,4,2,0,0,222
221400918,16,205,0,2,3,0,0,0,226
221401001,10,47,2,242,2,1,0,2,306
221401002,4,27,3,155,7,2,0,2,200
221401003,9,28,1,236,4,2,0,3,283
221401004,35,44,3,278,3,2,0,1,366
221401005,8,109,0,182,2,3,0,2,306
221401006,13,51,2,257,1,4,1,0,329
221401007,2,12,0,338,2,15,0,0,369
221401008,3,3,0,245,6,2,0,0,259
221401009,23,29,1,318,6,8,0,1,386
221401010,17,50,3,179,8,0,0,2,259
221401011,9,10,0,245,1,0,0,0,265
221401012,8,31,0,207,0,1,0,1,248
221401013,7,58,1,194,2,2,0,0,264
221401014,4,10,0,246,7,6,1,1,275
221401015,4,0,0,233,7,15,1,0,260
221401017,1,1,1,262,0,12,0,0,277
221401018,0,4,0,243,2,14,0,0,263
221401019,3,6,0,189,5,1,0,1,205
221401020,2,1,0,282,0,2,0,0,287
221401021,1,0,0,182,3,33,1,0,220
221401022,7,0,0,218,3,7,0,0,235
221401101,61,107,4,89,0,0,0,0,261
221401102,37,115,7,128,16,0,0,0,303
221401103,24,100,7,127,8,0,0,0,266
221401104,66,107,25,209,4,0,0,1,412
221401105,10,61,8,139,4,1,1,0,224
221401106,31,47,4,116,7,0,0,0,205
221401107,56,61,0,124,6,0,0,0,247
221401108,19,59,3,127,1,0,0,0,209
221401109,11,35,2,113,7,0,0,0,168
221401110,20,66,8,95,0,0,0,9,198
221401111,20,76,2,186,15,0,0,0,299
221401112,72,139,0,73,1,0,0,0,285
221401113,15,39,10,115,2,0,0,1,182
221401114,26,77,3,111,3,0,0,0,220
221401115,5,87,2,121,3,2,0,0,220
221401201,49,91,8,29,1,0,0,0,178
221401202,27,96,19,45,0,0,0,2,189
221401203,42,138,8,36,0,0,0,0,224
221401204,35,156,8,44,0,0,0,4,247
221401205,19,73,45,62,7,0,0,0,206
221401206,37,155,13,57,2,0,0,0,264
221401207,44,120,22,61,2,0,0,0,249
221401208,55,180,23,86,1,0,0,0,345
221401209,16,52,2,72,2,0,0,15,159
221401210,82,144,24,115,6,0,0,2,373
221401211,42,127,13,156,10,0,0,1,349
221401212,17,56,2,78,33,0,0,0,186
221401213,29,108,13,226,14,0,0,4,394
221401214,9,33,6,159,2,0,0,1,210
221401215,15,52,4,359,1,1,0,0,432
221401216,60,81,6,10,0,0,0,2,159
221401217,1,1,0,356,1,1,0,0,360
221401301,27,79,12,92,3,0,0,0,213
221401302,34,132,14,79,4,0,0,2,265
221401303,38,111,13,89,2,0,0,1,254
221401304,53,77,3,105,5,2,2,3,250
221401305,5,58,5,198,8,1,0,0,275
221401306,14,54,4,137,2,0,0,1,212
221401307,60,79,6,134,1,0,0,3,283
221401308,15,96,11,268,2,1,0,0,393
221401309,11,41,6,84,8,3,0,9,162
221401310,3,51,3,118,2,1,0,0,178
221401311,4,38,0,166,6,0,0,0,214
221401312,6,35,2,145,3,0,0,0,191
221401313,8,25,3,191,0,1,1,0,229
221401314,3,28,0,169,3,1,0,0,204
221401315,11,17,4,27,1,0,0,1,61
221401401,2,36,95,8,0,0,0,0,141
221401402,8,61,29,18,99,2,0,2,219
221401403,11,40,5,15,192,29,0,0,292
221401404,23,32,4,10,197,0,0,0,266
221401405,22,47,0,1,121,0,0,0,191
221401406,3,47,1,314,0,0,0,1,366
221401407,6,58,0,165,1,0,0,0,230
221401408,5,60,1,143,5,0,0,0,214
221401409,3,55,0,131,3,1,0,0,193
221401410,7,8,3,59,99,3,0,2,181
221401411,6,46,2,185,1,2,0,2,244
221401412,1,14,2,28,53,1,0,2,101
221401413,2,22,0,145,1,0,0,1,171
221401501,8,76,15,207,5,0,0,1,312
221401502,27,77,5,122,0,1,0,1,233
221401503,26,87,137,46,4,0,0,4,304
221401504,42,159,2,57,0,0,0,0,260
221401505,3,44,133,11,0,0,0,6,197
221401506,16,24,0,320,3,0,0,1,364
221401507,20,4,1,254,3,1,0,0,283
221401508,12,31,0,215,16,0,0,3,277
221401509,4,49,123,16,0,0,0,0,192
221401510,1,90,0,249,0,0,0,2,342
221401601,6,30,6,208,2,1,0,1,254
221401602,14,45,7,41,0,0,1,0,108
221401603,31,84,3,99,2,0,0,0,219
221401604,12,61,8,255,10,29,2,2,379
221401605,25,51,4,220,2,0,0,0,302
221401606,11,37,0,237,8,2,0,0,295
221401607,34,79,2,124,7,0,0,0,246
221401608,4,30,2,150,3,1,0,1,191
221401609,2,19,3,357,2,8,1,0,392
221401610,6,86,0,181,4,0,0,0,277
221401611,8,9,0,106,2,0,0,0,125
221401612,0,1,0,218,1,0,0,0,220
221401613,6,25,8,117,0,0,0,2,158
221401614,20,12,12,81,1,3,0,0,129
221401615,7,13,146,48,1,0,0,0,215
221401616,15,32,13,222,2,1,0,0,285
221401617,4,4,1,222,2,2,0,0,235
221401618,5,4,3,284,3,1,0,0,300
221401619,17,2,0,231,5,1,0,2,258
221401620,4,5,0,200,4,10,0,0,223
221401621,16,2,0,251,2,12,0,1,284
221401622,1,7,0,43,0,1,0,0,52
221401623,1,10,0,65,2,1,0,0,79
221401624,7,10,1,37,3,0,2,1,61
221401625,9,3,1,164,7,2,0,0,186
221401701,0,5,1,151,2,4,2,0,165
221401702,3,11,0,268,4,18,1,2,307
221401703,16,45,6,292,5,2,2,2,370
221401704,25,70,2,153,7,0,0,5,262
221401705,5,4,0,293,5,50,1,21,379
221401706,7,5,0,325,7,2,0,1,347
221401707,7,3,1,216,2,0,0,0,229
221401708,1,1,0,187,2,3,0,0,194
221401709,8,23,2,144,4,0,0,8,189
221401710,1,2,0,174,5,4,0,1,187
221401801,8,16,0,203,3,21,2,1,254
221401802,3,5,0,299,2,19,0,0,328
221401803,4,25,0,181,3,2,0,0,215
221401804,4,19,2,216,2,10,0,0,253
221401805,8,19,0,192,1,2,0,0,222
221401806,2,0,1,295,7,11,1,0,317
221401807,22,39,8,258,3,1,0,2,333
221401808,28,54,2,178,2,0,0,0,264
221401809,5,21,1,208,4,0,1,0,240
221401810,2,8,0,238,2,6,1,0,257
221401811,3,2,17,209,2,6,0,0,239
221401812,25,53,3,114,4,0,0,0,199
221401813,23,48,5,151,4,0,2,1,234
221401814,4,39,96,86,4,0,0,0,229
221401815,28,7,0,157,10,1,0,0,203
221401816,1,4,1,382,2,4,0,2,396
221401817,3,5,0,145,6,26,1,0,186
221401818,0,0,0,7,0,2,0,0,9
221401819,34,1,1,219,4,11,0,0,270
221401820,9,35,15,179,3,2,0,7,250
221401821,0,18,2,161,10,2,0,0,193
221401901,25,108,69,178,6,0,0,0,386
221401902,5,14,4,55,4,2,0,0,84
221401903,16,62,7,120,2,0,0,1,208
221401904,6,77,9,251,4,2,0,0,349
221401905,8,37,8,110,1,0,0,0,164
221401906,22,32,4,152,3,0,0,0,213
221401907,25,71,10,216,13,3,0,1,339
221401908,6,21,0,149,11,12,0,0,199
221401909,7,91,1,122,3,0,1,0,225
221401910,15,54,5,82,4,0,0,0,160
221401911,14,52,4,138,4,1,0,1,214
221401912,23,47,3,146,6,2,0,2,229
221401913,6,24,0,172,1,8,1,0,212
221401914,43,47,4,71,0,0,0,0,165
221401915,24,57,1,112,1,0,0,1,196
221401916,10,31,2,158,2,6,0,12,221
221402001,13,37,76,99,1,1,1,2,230
221402002,18,79,7,197,3,1,0,1,306
221402003,19,73,4,96,2,0,1,0,195
221402004,25,56,1,191,3,0,0,0,276
221402005,10,2,1,360,3,17,1,0,394
221402006,8,0,0,318,5,26,1,1,359
221402007,1,11,0,225,9,8,0,0,254
221402008,9,23,2,201,1,0,0,1,237
221402009,8,59,1,200,1,0,0,0,269
221402010,33,12,5,158,1,3,0,1,213
221402011,4,27,1,166,0,0,0,1,199
221402101,5,9,1,281,5,0,0,0,301
221402102,11,26,55,170,4,0,0,0,266
221402103,29,13,3,193,5,21,1,3,268
221402104,1,8,3,80,6,39,5,2,144
221402105,13,4,0,331,9,18,3,1,379
221402106,7,8,0,472,3,9,1,2,502
221402107,0,0,0,64,0,0,0,0,64
221402108,9,10,1,231,4,0,0,0,255
221402109,0,0,0,26,0,18,0,0,44
221402201,0,1,0,21,2,0,1,0,25
221402202,0,2,1,30,0,0,0,0,33
221402203,0,0,0,42,2,11,4,0,59
221402204,0,0,0,13,0,3,1,0,17
221402205,0,0,0,11,1,25,8,0,45
221402206,0,0,1,12,3,11,13,1,41
221402301,0,0,0,5,0,0,0,0,5
221402302,0,0,0,2,0,0,0,0,2
221402303,0,0,0,14,0,2,0,0,16
221402304,0,2,0,104,2,0,1,8,117
221402305,0,0,0,15,4,0,0,0,19
221402401,5,3,3,171,5,6,5,1,199
221402402,0,0,0,8,0,2,0,0,10
221402403,0,1,1,23,0,1,3,0,29
221402404,3,19,0,229,2,2,2,0,257
221402405,0,3,0,24,7,3,13,0,50
221402406,1,1,0,73,1,6,8,0,90
221402407,0,0,0,1,0,0,1,0,2
221402408,0,0,0,4,0,0,2,0,6
221402409,5,2,0,37,3,0,11,0,58
221402410,0,1,0,52,0,1,24,0,78
221402411,0,0,0,159,4,0,10,3,176
221402501,2,2,4,294,2,2,0,0,306
221402502,0,0,0,259,5,1,0,21,286
221402503,5,9,10,365,25,20,0,0,434
221402504,33,21,106,191,3,0,0,1,355
221402505,12,36,27,414,2,3,0,0,494
221402506,4,4,29,131,2,31,1,0,202
221402507,4,0,0,79,0,3,0,1,87
221402508,7,2,0,315,2,4,0,2,332
221402509,0,0,0,243,1,33,0,0,277
221402510,6,3,7,279,14,28,1,2,340
221402511,4,5,0,371,10,37,0,3,430
221402512,2,2,2,234,3,117,0,0,360
221402513,2,15,0,128,2,4,0,2,153
221402514,1,1,1,66,1,0,0,0,70
221402515,0,4,2,123,1,0,0,0,130
221402516,0,0,0,148,1,13,2,0,164
221402517,0,1,2,114,0,0,0,0,117
221402518,0,3,0,229,1,2,1,0,236
221402601,1,23,0,188,1,2,0,3,218
221402602,19,1,0,290,1,0,0,0,311
221402603,1,11,0,291,4,0,0,3,310
221402604,2,15,0,241,5,0,0,1,264
221402605,1,11,1,230,4,0,0,9,256
221402606,9,0,0,203,5,3,0,0,220
221402607,3,2,0,351,2,3,0,2,363
221402608,3,39,0,301,2,0,0,4,349
221402609,2,1,0,159,1,8,0,0,171
221402701,13,27,41,231,3,5,2,0,322
221402702,7,37,47,207,1,1,0,33,333
221402703,2,4,0,237,4,0,0,0,247
221402704,2,24,0,257,2,6,0,0,291
221402705,4,20,1,282,4,0,0,0,311
221402706,5,3,1,204,6,5,0,2,226
221402707,5,5,0,366,5,2,0,5,388
221402708,0,9,0,254,0,1,0,0,264
221402709,6,2,0,223,0,2,0,0,233
221402710,0,116,46,17,0,0,0,0,179
221402711,0,7,0,295,0,18,0,2,322
221402712,82,160,0,0,0,0,0,1,243
221402713,7,88,28,116,1,2,0,0,242
221402714,7,3,2,448,5,1,0,0,466
221402715,8,1,1,305,1,0,0,0,316
221402716,7,3,1,355,4,0,0,1,371
221402717,5,5,0,341,1,0,0,0,352
221402718,5,1,1,320,4,1,0,2,334
221402719,7,69,2,269,1,8,0,0,356
221402720,1,0,0,198,3,52,1,0,255
221402721,30,7,0,198,4,3,0,0,242
221402722,0,0,1,195,4,81,0,3,284
221402723,6,6,0,193,3,9,1,1,219
221402724,0,1,0,122,0,29,0,0,152
221402725,0,0,0,147,1,46,2,3,199
221402726,3,2,0,189,3,8,0,0,205
221402801,3,8,1,316,2,1,0,0,331
221402802,8,137,133,33,5,0,0,0,316
221402803,2,4,0,208,2,1,0,0,217
221402804,8,84,85,108,0,0,0,0,285
221402805,9,4,0,375,2,0,0,2,392
221402806,2,5,0,178,0,17,0,0,202
221402807,2,2,0,126,2,2,0,0,134
221402808,5,3,0,393,2,1,0,1,405
221402809,2,48,2,194,1,2,0,0,249
221402810,4,73,70,206,3,3,0,0,359
221402811,0,3,0,287,1,7,0,2,300
221402901,2,6,0,168,2,3,3,2,186
221402902,2,2,0,206,4,9,0,0,223
221402903,0,5,0,232,1,13,0,0,251
221402904,2,2,0,275,0,1,0,0,280
221402905,1,7,0,231,5,20,6,0,270
221402906,2,5,0,243,2,1,0,28,281
221402907,1,2,0,101,6,6,0,2,118
221402908,5,6,0,273,4,1,0,0,289
221402909,1,5,0,322,2,4,1,4,339
221402910,31,6,0,344,5,0,0,0,386
221402911,9,10,0,300,1,0,0,1,321
221402912,4,62,0,72,1,0,0,22,161
221402913,3,1,0,243,2,0,0,0,249
221402914,3,1,0,239,5,41,0,0,289
221402915,0,0,0,245,7,1,0,19,272
221402916,2,1,0,178,4,21,0,1,207
221402919,1,1,0,125,3,56,2,0,188
221402920,2,0,0,192,1,28,1,0,224
221403001,4,7,0,227,3,1,0,0,242
221403002,2,3,0,211,4,6,0,1,227
221403003,5,0,2,346,10,18,0,0,381
221403004,6,0,1,213,1,0,0,0,221
221403005,5,6,1,360,16,7,0,1,396
221403006,7,0,1,154,1,0,0,0,163
221403007,1,5,0,377,6,4,0,9,402
221403008,2,1,0,96,1,17,0,0,117
221403009,12,1,0,314,4,4,0,2,337
221403010,0,2,0,142,1,0,0,0,145
221403011,15,6,2,201,7,1,0,0,232
221403012,32,2,0,156,3,1,0,4,198
221403013,2,0,0,125,1,2,0,0,130
221470101,0,1,0,55,3,0,3,0,62
221470102,1,1,1,13,0,0,1,0,17
221470103,0,0,0,41,0,0,0,0,41
221470104,0,6,0,59,0,0,0,0,65
221470105,0,0,0,110,1,1,0,0,112
221470106,0,0,0,130,2,0,1,0,133
221470107,0,0,0,42,0,0,2,0,44
221470108,0,0,0,44,0,0,1,0,45
221470201,10,6,1,343,4,0,0,1,365
221470202,19,33,0,136,3,0,0,0,191
221470203,2,2,2,295,5,0,0,0,306
221470204,7,5,0,160,3,0,0,0,175
221470205,5,20,65,75,1,0,1,0,167
221470206,4,18,3,271,0,0,0,0,296
221470301,1,0,5,379,3,1,0,2,391
221470302,0,3,1,45,0,1,0,0,50
221470303,0,0,3,93,1,1,2,1,101
221470304,4,0,2,31,1,0,1,0,39
221470305,4,1,12,447,5,2,0,0,471
221470306,7,1,33,324,0,0,0,0,365
221470307,0,2,3,80,0,0,0,0,85
221470401,2,3,30,243,2,0,1,0,281
221470402,1,2,2,92,2,0,0,0,99
221470403,0,0,0,50,2,0,2,0,54
221470404,0,0,1,34,2,0,0,0,37
221540101,1,5,0,356,3,0,0,0,365
221540102,1,0,3,244,1,5,2,0,256
221540103,0,1,1,96,0,1,5,0,104
221540104,0,0,0,146,1,2,4,0,153
221540105,4,3,2,310,1,0,0,0,320
221540106,0,1,0,114,0,2,2,0,119
221540201,6,10,0,249,4,4,0,0,273
221540202,11,27,5,295,7,4,3,1,353
221540203,0,1,0,23,0,4,0,2,30
221540204,0,0,1,147,0,11,3,3,165
221540205,0,0,0,33,0,3,1,0,37
221540206,1,2,1,250,1,9,1,0,265
221540301,1,2,0,224,5,6,4,0,242
221540302,5,0,2,325,2,6,5,0,345
221540303,0,0,0,91,1,3,3,2,100
221540304,0,0,0,46,0,2,13,0,61
221540305,1,0,0,110,2,7,3,1,124
221540306,0,0,0,24,0,2,4,0,30
221540307,11,4,2,337,5,3,3,2,367
221540308,0,0,0,76,0,2,16,1,95
221540309,4,1,2,194,0,0,0,0,201
221540310,0,1,0,84,0,10,10,1,106
221540311,3,0,1,235,1,15,1,0,256
221610101,1,0,0,48,1,1,0,0,51
221610102,0,0,0,50,0,0,0,0,50
221610103,0,0,0,17,1,0,0,0,18
221610201,4,6,0,316,6,7,3,0,342
221610202,0,1,0,64,0,0,0,1,66
221610203,0,0,0,29,0,0,0,0,29
221610301,7,19,12,351,8,2,0,0,399
221610302,0,0,0,63,0,0,1,0,64
221610303,0,0,1,14,0,0,0,0,15
221610304,0,1,0,18,2,0,0,0,21
221610305,1,0,0,28,0,0,1,0,30
221610401,2,3,2,47,7,0,0,0,61
221610402,0,0,0,10,0,0,0,0,10
221680101,9,120,31,178,3,0,0,0,341
221680102,4,74,30,146,3,1,0,0,258
221680103,3,1,0,252,2,7,0,0,265
221680104,9,14,0,261,5,2,0,0,291
221680105,6,90,20,148,1,1,0,0,266
221680106,9,84,6,175,3,0,0,0,277
221680107,9,13,0,506,8,7,1,3,547
221680108,2,4,0,290,3,3,1,1,304
221680109,1,10,17,251,2,8,0,0,289
221680110,3,22,0,303,1,3,0,2,334
221680111,0,0,0,144,0,14,0,0,158
221680112,1,10,1,304,4,4,1,0,325
221680113,4,10,45,259,15,1,0,0,334
221680114,11,9,0,251,3,1,0,0,275
221680115,1,1,0,200,15,6,0,1,224
221680116,12,0,0,139,6,29,2,0,188
221680117,0,0,0,199,0,2,0,0,201
221680201,0,0,0,52,0,0,0,0,52
221680202,0,0,0,77,2,1,0,0,80
221680203,1,2,0,34,0,2,3,0,42
221680204,0,0,0,36,1,0,4,0,41
221680205,0,1,0,44,0,9,11,1,66
221680206,0,0,0,23,0,0,0,0,23
221680207,0,2,0,61,0,1,0,0,64
221680301,0,0,0,55,0,0,5,0,60
221680302,0,0,0,90,2,1,0,0,93
221680303,0,0,0,16,0,1,1,0,18
221680304,0,2,0,36,1,1,0,0,40
221680305,0,3,0,23,1,4,3,0,34
221680306,0,0,0,63,0,0,0,0,63
221680307,1,6,0,44,0,0,0,0,51
221680308,0,0,0,46,1,4,0,0,51
221680309,0,9,2,311,8,61,0,1,392
221680310,3,1,0,453,9,27,0,0,493
221680401,0,1,1,74,0,1,5,0,82
221680402,2,0,0,137,0,11,8,0,158
221680403,0,0,0,109,8,17,6,0,140
221680404,1,1,0,47,5,4,2,0,60
221680405,0,0,0,60,1,0,7,1,69
221680406,0,2,0,84,2,1,0,0,89
221680407,0,0,0,43,1,3,1,0,48
221680408,1,1,0,56,0,0,0,1,59
221680409,11,1,0,261,10,4,0,0,287
260070101,2,1,0,24,2,0,0,0,29
260070201,2,10,3,27,0,0,0,0,42
260070202,6,6,2,133,4,2,0,3,156
260070301,0,7,3,40,4,1,0,1,56
260070302,3,0,0,8,0,0,0,0,11
260070303,0,0,0,26,0,1,0,0,27
260070304,9,23,22,146,2,0,0,1,203
260070401,92,165,11,26,1,0,0,0,295
260070402,47,74,37,67,9,0,1,0,235
260070403,32,121,29,69,7,0,1,9,268
260070404,52,140,11,65,5,0,0,2,275
260070405,40,229,11,51,3,0,0,2,336
260070406,62,58,83,23,1,0,0,0,227
260070407,199,223,2,3,1,0,0,5,433
260070408,50,56,0,0,0,0,0,0,106
260070409,93,92,12,36,1,0,0,1,235
260070410,41,77,28,62,1,0,0,1,210
260070411,14,2,1,181,1,0,0,1,200
260070412,9,31,11,308,3,0,0,0,362
260070413,1,4,0,19,3,2,0,1,30
260070414,0,3,0,7,0,1,0,0,11
260070501,63,55,1,162,16,20,5,5,327
260070502,16,167,14,82,1,1,2,2,285
260070503,27,130,2,149,1,5,3,7,324
260070504,17,119,0,60,2,1,2,5,206
260070505,8,154,1,30,1,0,0,37,231
260070506,17,33,1,183,1,0,2,1,238
260070507,1,20,0,204,22,1,0,1,249
260070508,18,166,7,64,4,2,0,11,272
260070509,17,145,11,80,4,1,1,7,266
260070510,30,188,8,149,11,3,0,2,391
260070511,27,101,2,130,5,4,1,5,275
260070601,19,278,7,44,5,1,0,2,356
260070602,51,127,4,30,8,1,1,7,229
260070603,160,104,8,12,0,0,0,1,285
260070604,80,295,0,0,0,0,0,2,377
260070605,139,100,1,154,0,0,1,2,397
260070606,3,29,16,164,9,2,0,2,225
260070607,5,110,119,69,2,0,0,1,306
260070608,9,159,4,152,1,1,1,13,340
260070609,42,113,141,79,7,3,1,3,389
260070610,12,102,72,150,4,0,0,4,344
260070611,16,30,10,68,4,8,0,0,136
260070612,57,213,49,61,13,5,0,5,403
260070613,54,98,9,24,0,0,0,0,185
260070614,73,137,35,49,4,1,0,8,307
260070615,67,164,79,50,3,1,0,0,364
260070701,1,3,48,19,4,0,0,0,75
260070702,8,70,2,145,2,1,0,4,232
260070703,5,16,2,227,1,1,1,2,255
260070704,22,101,6,205,3,2,1,8,348
260070705,28,63,4,157,8,10,6,11,287
260070706,28,51,0,80,3,8,7,16,193
260070707,48,93,2,166,11,18,4,12,354
260070708,27,66,2,238,3,1,0,6,343
260070709,57,81,3,158,16,2,2,5,324
260070710,44,101,0,120,11,1,0,4,281
260070711,6,40,0,173,18,2,0,0,239
260070712,19,96,27,97,5,1,1,3,249
260070801,47,91,18,89,15,0,0,0,260
260070802,47,145,10,238,11,2,0,2,455
260070803,27,95,8,111,8,0,0,1,250
260070804,56,119,15,135,1,1,0,3,330
260070805,19,131,32,102,2,0,0,8,294
260070806,44,226,39,141,2,1,0,4,457
260070807,22,79,26,72,5,0,0,2,206
260070808,32,123,17,40,4,0,0,2,218
260070809,10,76,11,105,4,3,0,1,210
260070810,12,56,4,142,0,0,0,3,217
260070811,40,71,177,124,8,0,0,2,422
260070812,6,21,5,298,1,1,0,7,339
260070813,7,23,5,227,2,1,0,6,271
260070901,104,107,60,57,2,0,0,5,335
260070902,73,149,35,56,4,0,0,2,319
260070903,50,227,57,99,7,0,0,5,445
260070904,20,93,53,131,2,0,0,2,301
260070905,55,123,46,77,10,0,0,4,315
260070906,48,59,60,105,6,1,0,1,280
260070907,28,55,63,167,1,0,1,5,320
260070908,16,72,36,188,1,0,0,4,317
260070909,20,19,32,83,0,1,0,1,156
260070910,8,40,25,138,3,0,0,0,214
260071001,23,60,3,2,0,0,0,0,88
260071002,163,114,39,25,1,1,0,2,345
260071003,89,39,5,0,0,0,0,0,133
260071004,44,43,56,33,0,1,0,5,182
260071005,45,86,72,49,1,0,0,0,253
260071006,48,54,105,41,1,0,0,0,249
260071007,28,79,120,51,2,0,0,3,283
260071008,26,40,81,60,2,0,0,2,211
260071009,21,50,93,61,4,0,0,2,231
260071010,45,103,109,112,0,0,0,7,376
260071011,32,51,65,79,4,0,0,2,233
260071012,18,39,22,100,1,0,0,2,182
260071013,22,37,32,48,1,0,0,0,140
260140101,0,0,0,42,0,5,0,0,47
260140102,0,0,0,30,0,7,0,0,37
260140103,0,0,1,64,3,6,0,0,74
260140104,0,2,0,220,4,11,0,0,237
260140105,8,5,22,234,3,4,0,10,286
260140106,20,0,0,206,4,15,1,0,246
260140107,8,0,0,184,1,3,0,1,197
260140108,1,0,10,193,7,25,0,1,237
260140201,0,0,0,2,1,0,0,0,3
260140202,0,0,0,22,0,0,0,0,22
260140203,0,0,0,7,0,0,0,0,7
260140204,0,0,0,3,0,3,0,0,6
260140205,0,0,0,3,0,0,0,0,3
260140206,0,0,0,1,0,0,0,0,1
260140207,0,0,0,10,0,0,0,0,10
260140208,0,1,0,3,0,0,0,0,4
260140209,0,0,0,5,0,0,0,0,5
260140301,0,0,2,46,1,28,0,0,77
260140302,0,0,0,31,0,14,0,1,46
260140303,2,0,1,172,3,48,0,1,227
260140304,1,0,0,20,0,5,0,0,26
260140305,0,0,0,30,1,23,0,1,55
260140306,0,0,0,33,0,7,0,2,42
260140307,0,0,0,37,0,8,0,0,45
260140401,0,0,0,37,0,18,0,0,55
260140501,0,0,0,9,1,0,0,0,10
260140601,0,0,0,16,0,2,0,0,18
260140701,0,0,0,14,0,5,2,0,21
260140702,0,0,0,27,0,22,1,0,50
260140703,0,0,0,0,0,3,0,0,3
260140704,0,0,0,21,3,18,1,0,43
260140705,2,1,0,247,1,122,0,0,373
260140801,0,1,2,163,1,21,0,1,189
260140802,0,0,0,20,1,3,4,0,28
260140803,2,0,1,232,4,27,0,2,268
260140804,13,0,1,218,1,14,0,0,247
260140901,5,0,25,704,32,143,6,30,945
260140902,0,0,11,10,1,3,1,1,27
260140903,3,0,1,186,2,33,1,4,230
260140904,2,1,4,213,11,19,0,4,254
260140905,1,1,4,214,5,10,0,1,236
260140906,0,0,0,206,6,42,0,1,255
260141001,2,0,2,38,0,20,2,1,65
260141002,2,0,1,33,0,7,3,1,47
260141003,9,0,0,109,8,18,0,1,145
260141004,3,0,1,284,7,31,0,1,327
260141101,0,0,2,11,0,12,0,0,25
260141102,4,1,5,324,15,105,1,7,462
260141103,2,0,1,242,7,20,0,0,272
260141104,3,2,2,121,9,38,1,3,179
260210101,0,0,0,27,2,3,0,0,32
260210102,0,6,0,16,0,0,0,0,22
260210103,0,0,2,24,1,0,0,0,27
260210104,1,12,0,0,0,0,0,0,13
260210201,8,6,1,10,0,1,0,0,26
260210202,1,2,0,46,1,0,0,0,50
260210203,2,0,0,9,2,0,0,0,13
260210204,4,6,132,200,32,0,0,1,375
260210301,3,2,1,23,0,0,0,0,29
260210302,0,0,0,8,1,0,0,0,9
260210401,0,0,0,2,0,0,0,0,2
260210402,2,4,50,10,0,0,1,0,67
260210403,34,27,0,19,1,0,0,1,82
260210404,24,45,16,190,4,1,0,1,281
260210405,35,44,43,141,4,0,0,7,274
260210406,43,55,34,180,3,0,0,2,317
260210407,10,20,12,222,83,0,0,0,347
260210408,26,45,4,136,4,1,0,4,220
260210409,28,20,42,144,7,0,0,0,241
260210410,53,41,43,107,1,0,0,0,245
260210411,62,61,28,42,1,0,0,2,196
260210412,81,36,14,61,1,0,0,0,193
260210413,37,51,32,109,3,0,0,0,232
260210414,7,15,38,153,2,0,0,0,215
260210501,0,0,0,10,1,1,0,0,12
260210502,20,58,1,143,3,2,0,1,228
260210503,7,3,22,55,24,0,0,0,111
260210504,0,0,0,2,0,0,0,0,2
260210505,32,89,1,183,2,0,0,5,312
260210506,18,58,8,198,4,0,1,1,288
260210507,5,29,2,204,5,0,0,0,245
260210508,2,21,0,110,0,0,0,0,133
260210509,22,33,1,147,4,0,0,0,207
260210510,8,65,0,171,3,1,0,0,248
260210511,27,55,1,189,1,1,1,1,276
260210512,1,17,0,288,13,1,0,0,320
260210513,30,108,44,190,69,0,0,1,442
260210514,47,103,2,312,7,0,0,2,473
260210515,34,166,7,189,6,0,0,5,407
260210516,3,3,1,230,0,0,0,0,237
260210517,1,1,0,213,25,0,0,2,242
260210518,9,8,0,257,9,2,0,8,293
260210601,3,3,3,97,2,0,0,0,108
260210602,10,7,0,157,10,5,0,5,194
260210603,1,0,31,28,12,1,0,0,73
260210604,32,66,41,131,3,0,0,4,277
260210605,20,135,60,146,6,0,0,0,367
260210606,50,117,2,106,3,0,0,1,279
260210607,67,115,8,136,8,0,0,0,334
260210608,57,87,2,294,8,0,0,1,449
260210609,25,77,2,226,3,0,0,3,336
260210610,36,16,0,307,23,0,0,2,384
260210611,57,89,15,183,4,1,0,2,351
260210612,34,63,25,136,12,1,0,8,279
260210613,8,55,3,122,5,3,0,0,196
260210614,17,89,2,157,2,0,0,0,267
260210615,12,74,3,161,0,0,0,1,251
260210701,2,15,0,20,0,0,0,2,39
260210702,9,21,1,199,1,2,0,8,241
260210703,2,11,1,68,0,1,0,0,83
260210704,26,101,9,296,4,0,0,4,440
260210705,12,23,3,67,1,0,0,0,106
260210706,8,34,3,180,4,0,0,1,230
260210707,10,26,2,205,4,3,0,1,251
260210708,8,25,0,184,3,0,0,0,220
260210709,75,114,4,138,3,2,0,1,337
260210710,56,94,3,114,8,3,0,0,278
260210711,19,42,1,108,3,2,1,2,178
260210712,44,111,3,109,1,2,0,1,271
260210801,8,0,3,19,0,0,0,0,30
260210802,12,48,22,351,6,0,1,2,442
260210803,6,2,1,38,1,0,0,0,48
260210804,5,15,2,100,18,0,0,1,141
260210805,61,43,24,88,8,1,0,0,225
260210806,10,29,41,92,33,0,0,2,207
260210807,36,61,22,241,5,2,0,5,372
260210808,69,46,4,140,2,0,0,6,267
260210809,7,20,5,107,8,0,0,0,147
260210810,22,53,8,208,9,0,0,1,301
260210811,0,11,0,41,1,0,0,0,53
260210812,12,38,8,238,11,9,1,4,321
260210813,0,0,110,2,1,0,0,1,114
260210814,15,57,4,303,10,0,0,1,390
260210815,18,40,53,276,12,0,0,3,402
260210901,68,109,3,116,4,1,4,2,307
260210902,87,52,2,57,11,0,0,3,212
260210903,84,105,5,18,1,0,0,2,215
260210904,47,50,2,18,9,0,0,0,126
260210905,42,125,1,16,1,0,0,1,186
260210906,116,32,0,4,0,0,0,0,152
260210907,53,90,7,52,1,0,0,0,203
260210908,28,176,6,37,2,0,0,7,256
260210909,73,123,1,25,1,0,0,0,223
260210910,46,71,6,23,1,0,0,0,147
260210911,81,124,6,65,8,0,0,3,287
260210912,49,72,4,28,0,0,0,1,154
260210913,12,95,5,14,1,1,0,0,128
260210914,43,87,5,46,2,1,0,1,185
260211001,128,195,6,5,0,0,0,2,336
260211002,109,121,9,23,9,0,0,1,272
260211003,83,147,27,58,7,0,0,4,326
260211004,36,142,9,39,5,0,1,3,235
260211005,41,75,6,27,0,0,0,0,149
260211006,38,74,5,63,7,1,0,2,190
260211007,38,73,13,53,0,0,0,0,177
260211008,37,108,2,58,1,0,0,0,206
260211009,48,89,3,26,3,0,0,1,170
260211010,30,80,5,98,1,0,1,0,215
260211011,34,46,22,2,1,0,0,0,105
260211012,190,281,0,0,0,0,0,5,476
260211013,64,129,16,101,3,1,1,1,316
260211101,7,21,0,103,4,1,0,4,140
260211102,13,53,0,187,5,0,1,5,264
260211103,16,68,0,52,1,0,0,1,138
260211104,52,129,4,180,3,0,0,3,371
260211105,35,76,3,61,1,0,0,3,179
260211106,18,89,0,98,9,1,0,0,215
260211107,7,55,0,248,5,10,0,2,327
260211108,85,173,1,125,7,2,0,3,396
260211109,28,185,1,86,2,0,0,1,303
260211110,50,149,3,101,4,1,0,7,315
260211111,42,165,1,66,3,1,0,1,279
260211112,23,104,17,33,3,0,0,1,181
260211113,67,140,6,106,2,0,0,1,322
260211114,22,58,36,85,28,0,0,6,235
260211115,16,44,49,52,26,0,0,1,188
260211116,34,130,3,70,2,0,0,6,245
260211117,34,111,8,59,6,0,0,1,219
260211201,10,56,0,230,22,5,0,0,323
260211202,36,63,2,121,1,2,1,5,231
260211203,11,61,3,242,7,5,1,4,334
260211204,21,179,2,158,1,4,0,2,367
260211205,3,88,2,83,1,0,0,1,178
260211206,34,183,1,113,6,4,0,0,341
260211207,58,168,1,114,2,0,0,4,347
260211208,58,110,5,100,2,1,0,1,277
260211209,12,194,1,107,5,0,0,0,319
260211210,27,74,1,65,2,0,0,1,170
260211301,30,149,2,131,5,4,2,2,325
260211302,14,173,5,209,1,0,0,8,410
260211303,7,115,4,86,6,16,0,2,236
260211304,5,76,10,136,3,0,0,1,231
260211305,44,165,8,151,4,3,0,4,379
260211306,21,154,5,81,3,0,0,1,265
260211307,18,120,1,54,0,0,0,1,194
260211308,26,99,1,83,5,1,0,3,218
260211309,13,101,1,152,4,0,0,0,271
260211310,22,139,0,105,5,0,0,0,271
260211311,20,87,2,95,3,2,0,0,209
260211312,83,189,6,135,7,1,0,3,424
260211401,97,183,47,63,1,0,1,5,397
260211402,128,133,6,30,0,0,0,0,297
260211403,28,151,14,38,0,0,0,1,232
260211404,44,132,47,122,6,0,0,5,356
260211405,24,111,12,87,5,0,0,1,240
260211406,65,45,13,199,3,4,0,3,332
260211407,115,159,36,95,10,1,0,3,419
260211408,84,89,19,46,3,0,0,3,244
260211409,58,97,22,45,2,0,0,11,235
260211410,40,76,26,32,0,1,0,3,178
260211411,37,74,16,118,8,0,0,2,255
260211412,84,37,19,154,3,0,1,0,298
260211413,32,108,5,183,6,0,0,5,339
260211501,5,95,3,121,8,1,1,0,234
260211502,49,105,2,154,6,2,0,3,321
260211503,6,24,6,288,4,0,0,3,331
260211504,54,128,13,103,6,1,0,1,306
260211505,32,147,3,52,2,0,0,0,236
260211506,27,140,2,108,2,0,0,5,284
260211507,53,53,6,123,1,0,0,3,239
260211508,19,40,8,164,2,0,0,0,233
260211509,38,102,12,65,2,0,0,6,225
260211510,10,17,0,248,9,0,0,3,287
260211511,18,70,0,244,2,0,0,6,340
260211601,13,24,2,290,8,4,1,10,352
260211602,7,20,0,77,6,0,0,1,111
260211603,9,60,1,113,8,5,1,1,198
260211604,11,70,1,119,1,0,0,1,203
260211605,22,119,2,181,8,0,1,2,335
260211606,7,112,2,119,3,13,1,0,257
260211607,10,106,1,152,16,3,0,1,289
260211608,9,72,3,196,2,1,0,2,285
260211609,7,159,2,146,4,4,0,2,324
260211610,8,107,3,245,10,2,0,6,381
260211611,19,39,0,191,4,3,0,0,256
260211612,5,12,1,185,1,5,0,1,210
260211613,12,193,1,180,4,1,0,0,391
260211614,3,63,2,118,1,2,1,0,190
260211615,46,66,0,98,3,1,0,2,216
260211701,1,7,0,58,3,2,0,6,77
260211702,12,74,0,199,6,5,0,13,309
260211703,11,24,0,140,1,0,0,3,179
260211704,9,25,0,212,7,1,2,5,261
260211705,7,27,1,239,9,2,0,1,286
260211706,11,23,0,243,2,12,2,1,294
260211707,12,30,0,166,2,0,0,0,210
260211708,46,46,2,199,9,0,0,1,303
260211709,4,43,2,355,1,0,0,2,407
260211710,8,78,0,156,8,2,0,12,264
260211711,4,120,1,284,7,3,0,1,420
260211712,12,91,2,176,8,6,0,0,295
260211713,1,56,0,100,0,0,0,0,157
260211714,14,17,2,289,3,1,0,1,327
260211801,3,20,3,155,4,1,1,1,188
260211802,13,20,1,176,5,2,0,2,219
260211803,18,70,3,172,0,1,0,1,265
260211804,6,9,0,259,3,0,0,3,280
260211805,9,4,0,213,10,3,0,7,246
260211806,10,3,0,149,19,4,0,6,191
260211807,5,45,3,124,3,1,0,2,183
260211808,36,60,1,155,49,0,0,3,304
260211809,52,112,23,173,12,0,0,3,375
260211810,43,123,7,53,3,0,0,2,231
260211811,67,134,26,67,7,0,0,1,302
260211812,20,81,19,96,5,0,0,0,221
260211813,17,77,8,117,3,1,0,0,223
260211901,21,92,17,64,2,0,0,0,196
260211902,76,108,25,84,9,0,0,1,303
260211903,23,66,12,257,6,6,0,3,373
260211904,9,22,1,144,3,0,0,6,185
260211905,18,19,0,202,3,0,0,15,257
260211906,37,38,1,150,3,0,0,8,237
260211907,46,48,2,134,6,0,0,16,252
260211908,21,23,2,201,3,7,2,3,262
260211909,17,30,1,199,4,3,0,5,259
260211910,40,54,1,128,14,0,0,23,260
260211911,107,36,19,107,3,1,0,5,278
260211912,18,106,1,184,7,1,0,3,320
260211913,10,63,3,211,11,1,1,1,301
260211914,15,23,2,120,6,0,0,4,170
260211915,20,33,0,202,6,3,0,4,268
260211916,12,36,0,172,4,1,0,2,227
260280101,0,0,0,24,1,0,0,0,25
260280102,0,1,0,3,0,0,0,0,4
260280201,0,1,0,32,0,0,0,0,33
260280301,0,0,0,13,0,0,0,0,13
260280302,0,0,0,24,0,0,0,0,24
260280303,10,24,3,324,16,0,0,3,380
260350101,0,0,10,34,0,5,0,2,51
260350102,0,0,2,13,0,9,1,0,25
260350201,0,0,1,88,11,26,0,1,127
260350202,0,0,1,30,0,0,0,0,31
260350301,1,1,3,117,1,13,0,2,138
260350302,1,0,2,126,3,57,0,1,190
260350303,2,1,3,188,8,14,0,1,217
260350304,2,2,2,201,7,31,0,1,246
260350305,6,1,21,189,7,19,0,6,249
260350306,0,1,6,177,9,13,0,5,211
260350307,19,2,15,224,6,7,0,0,273
260350308,16,6,16,93,3,2,0,1,137
260350309,2,7,32,234,22,10,0,4,311
260350310,3,2,8,122,1,4,0,0,140
260350311,4,7,18,302,18,18,0,4,371
260350312,3,2,2,178,5,45,0,7,242
260350313,0,0,0,168,3,45,0,0,216
260350401,0,0,0,5,2,0,0,0,7
260350402,0,0,0,23,3,5,0,1,32
260350403,0,0,0,77,3,8,0,0,88
260350404,9,1,0,541,3,33,0,0,587
260350405,0,0,0,13,1,7,0,0,21
260350501,0,0,0,7,1,1,0,0,9
260350502,0,0,0,42,3,10,1,0,56
260350503,1,0,1,21,0,5,1,0,29
260350504,0,0,0,27,1,3,0,1,32
260350505,1,0,0,150,6,28,0,2,187
260350506,0,0,0,31,1,2,0,0,34
260350507,2,0,4,92,2,49,0,1,150
260350508,0,0,2,61,4,14,1,1,83
260350509,4,0,1,234,4,30,0,0,273
260350510,4,0,6,343,17,37,0,2,409
260350511,14,0,4,120,1,23,1,0,163
260350512,3,1,1,136,3,34,1,0,179
260350513,4,1,1,210,5,55,0,4,280
260350514,0,0,2,248,3,35,2,1,291
260350515,3,0,2,272,1,16,0,24,318
260350601,8,7,17,247,1,44,0,6,330
260350602,1,2,1,185,9,53,1,0,252
260350603,16,1,0,197,1,47,0,3,265
260350604,3,2,1,160,2,24,0,1,193
260350605,2,3,0,208,3,4,0,0,220
260350606,2,5,0,169,5,0,0,0,181
260350607,2,5,6,145,17,7,0,0,182
260350608,5,4,12,183,2,7,0,1,214
260350609,7,12,15,124,12,2,0,2,174
260350610,11,2,22,186,8,7,0,0,236
260350611,4,17,4,204,18,2,1,10,260
260350612,6,1,3,199,6,17,0,2,234
260350613,0,0,14,183,3,7,0,0,207
260350614,3,1,1,192,4,13,0,1,215
260350615,2,28,0,243,5,4,0,2,284
260350701,2,10,13,233,23,18,0,1,300
260350702,2,2,0,209,3,76,0,1,293
260350703,3,2,0,302,3,55,1,0,366
260350704,1,5,13,184,20,21,0,3,247
260350705,5,0,1,325,3,12,0,2,348
260350706,5,17,2,208,5,6,0,1,244
260350707,2,41,2,324,2,13,0,2,386
260350708,2,0,0,324,1,2,0,2,331
260350709,6,0,1,298,3,9,0,0,317
260350710,4,1,0,333,5,5,0,1,349
260350711,2,2,3,151,3,9,0,3,173
260350712,16,0,41,300,3,1,0,2,363
260350713,1,7,2,146,3,14,0,0,173
260420101,0,0,0,13,1,0,0,0,14
260420102,1,0,0,23,2,0,0,0,26
260420103,0,1,0,7,0,0,1,0,9
260420201,32,0,0,1,0,0,0,4,37
260420301,28,0,1,28,1,0,0,1,59
260420302,4,1,0,12,0,0,0,0,17
260420401,0,0,0,0,0,1,0,0,1
260420402,1,0,0,4,0,0,0,0,5
260420403,6,9,3,91,1,0,0,0,110
260420404,3,6,1,23,0,0,0,0,33
260420405,0,8,0,24,0,0,3,2,37
260420406,0,1,1,36,2,2,4,0,46
260420407,4,5,0,42,3,2,1,0,57
260420408,2,2,0,45,0,2,0,2,53
260420409,6,23,6,90,4,1,0,0,130
260420410,22,22,4,254,7,1,0,2,312
260420411,11,9,5,118,1,7,1,1,153
260420412,6,12,0,33,5,10,1,1,68
260420413,43,70,19,359,24,8,1,4,528
260420414,59,64,14,247,8,3,1,1,397
260420415,13,67,2,287,11,10,0,2,392
260420416,76,53,11,145,7,0,0,4,296
260420417,43,74,8,193,6,10,0,2,336
260420418,101,62,67,156,4,2,0,0,392
260490101,1,0,0,35,0,3,0,0,39
260490102,0,0,0,25,0,0,0,0,25
260490103,0,0,0,48,1,0,0,0,49
260490104,0,0,0,32,0,5,0,0,37
260490105,1,1,0,83,1,1,1,0,88
260490106,5,5,0,167,1,3,0,0,181
260490201,0,0,0,3,1,1,0,0,5
260490202,0,2,0,25,1,0,0,0,28
260490203,0,2,0,58,0,0,0,0,60
260560101,1,0,0,24,0,11,0,0,36
260560102,0,0,0,15,0,3,0,0,18
260560103,0,0,0,15,3,2,0,0,20
260560104,1,0,0,96,0,3,0,1,101
260560105,0,0,0,25,0,3,0,0,28
260560106,0,0,0,28,1,2,2,0,33
260560107,1,0,0,84,1,4,0,0,90
260560108,2,0,0,145,0,9,0,1,157
260560201,0,0,0,17,1,0,0,0,18
260560202,0,0,0,46,0,3,0,0,49
260560203,0,0,0,5,0,0,0,0,5
260560204,0,0,0,12,0,0,0,0,12
260560205,0,0,0,14,0,0,0,0,14
260560206,1,6,0,355,5,20,3,2,392
260560301,0,0,1,94,1,3,0,1,100
260630101,0,2,0,6,0,0,0,0,8
260630102,0,0,0,11,0,1,1,0,13
260630103,0,0,0,20,0,0,0,1,21
260630201,2,5,0,15,2,1,1,0,26
260630202,5,1,0,17,2,0,0,0,25
260630203,4,10,1,130,10,5,0,0,160
260630301,0,2,0,14,1,0,0,0,17
260630401,1,2,0,12,1,1,0,0,17
260700101,3,0,0,21,1,0,1,0,26
260700102,0,1,1,21,1,0,1,0,25
260700103,0,0,0,14,0,0,1,0,15
260700104,1,3,0,96,4,0,2,0,106
260700105,0,1,1,26,1,0,0,0,29
260700106,0,0,0,17,1,0,0,0,18
260700107,0,0,0,10,0,0,0,0,10
260700108,24,19,0,325,5,3,0,1,377
260700201,0,1,0,17,0,0,0,0,18
260700202,0,4,0,21,0,0,0,0,25
260770101,0,2,0,0,0,0,0,1,3
260770102,1,7,0,4,1,0,0,0,13
260770103,2,1,0,7,0,0,0,0,10
260770104,0,1,0,15,2,0,0,0,18
260770201,0,6,1,14,0,0,0,1,22
260770202,0,0,0,1,0,1,0,0,2
260770203,4,15,5,21,1,1,0,4,51
260770204,2,8,3,44,0,1,0,0,58
260770301,3,3,106,1,0,0,0,2,115
260770302,47,61,49,70,2,1,0,1,231
260770303,8,22,7,133,0,0,0,1,171
260770304,23,9,0,175,1,0,0,0,208
260770305,4,6,1,278,5,1,0,0,295
260770306,20,29,12,147,1,0,0,6,215
260770307,43,32,48,47,2,0,0,2,174
260770308,46,29,6,22,2,0,0,1,106
260770309,38,20,9,8,0,0,0,0,75
260770310,10,13,68,40,0,0,0,1,132
260770311,14,5,44,44,1,0,0,0,108
260770312,16,16,17,53,3,0,0,0,105
260770313,10,12,33,66,1,0,0,1,123
260770314,23,32,38,14,0,0,0,2,109
260770315,17,27,22,76,2,0,0,2,146
260770316,1,47,3,31,5,0,0,1,88
260770401,6,22,1,73,5,4,0,2,113
260770402,1,9,4,33,4,8,0,1,60
260770403,13,18,14,90,6,24,0,2,167
260770404,17,41,10,129,6,6,1,1,211
260770405,10,9,1,61,0,0,1,1,83
260770501,2,1,0,0,0,0,0,0,3
260770502,23,90,3,164,2,2,0,1,285
260770503,2,13,2,181,1,1,0,2,202
260770504,10,0,0,205,4,0,0,0,219
260770505,11,81,72,86,1,1,0,0,252
260770506,16,129,9,94,1,1,0,0,250
260770507,2,24,54,146,2,0,0,1,229
260770508,61,60,47,2,0,0,0,1,171
260770509,20,5,10,177,1,1,0,0,214
260770510,7,14,53,245,2,0,0,0,321
260770511,14,42,72,84,1,0,0,1,214
260770512,19,149,6,25,0,0,0,0,199
260770513,44,85,3,50,0,1,0,0,183
260770514,67,160,0,1,0,0,0,0,228
260770515,142,90,0,0,0,0,0,0,232
260770516,2,8,11,191,1,0,0,0,213
260770517,38,71,1,90,1,0,0,0,201
260770518,20,78,7,129,0,4,0,1,239
260770519,12,57,11,100,0,2,0,2,184
260770520,10,16,12,73,1,2,0,2,116
260770601,66,93,10,29,2,1,0,1,202
260770602,97,131,12,23,2,1,0,7,273
260770603,121,126,6,22,0,0,0,0,275
260770604,73,60,0,47,1,0,0,0,181
260770605,54,175,4,90,1,2,0,0,326
260770606,132,110,10,55,8,0,1,7,323
260770607,72,65,2,28,1,1,0,1,170
260770608,67,124,10,110,4,1,0,1,317
260770609,77,99,12,85,7,0,0,1,281
260770610,59,66,5,40,0,0,0,0,170
260770611,88,109,7,57,4,1,0,1,267
260770612,96,65,7,37,8,1,0,0,214
260770701,196,132,2,149,2,0,0,1,482
260770702,6,2,0,290,0,0,0,0,298
260770703,8,139,0,228,18,2,0,2,397
260770704,2,3,0,458,2,0,0,0,465
260770705,9,145,1,138,2,4,0,0,299
260770706,16,95,3,76,7,13,0,1,211
260770707,22,157,2,152,6,9,0,2,350
260770708,12,98,0,97,3,1,0,1,212
260770709,20,227,1,136,7,11,0,1,403
260770710,28,166,6,112,0,2,0,3,317
260770711,12,130,3,35,2,3,0,3,188
260770712,86,190,3,54,10,0,0,3,346
260770713,21,176,5,96,2,6,0,0,306
260770714,28,102,4,81,5,2,0,1,223
260770715,40,101,1,48,5,1,0,2,198
260770801,12,54,25,218,5,4,0,1,319
260770802,8,15,1,282,0,1,0,0,307
260770803,228,140,1,1,23,0,0,0,393
260770804,153,107,1,1,0,0,0,3,265
260770805,173,73,1,0,1,0,0,7,255
260770806,71,259,6,51,5,5,0,6,403
260770807,22,108,5,23,2,0,0,0,160
260770808,32,244,4,76,2,3,0,2,363
260770809,22,187,3,60,0,1,0,4,277
260770810,38,184,13,37,2,3,0,0,277
260770811,69,82,6,10,1,0,0,0,168
260770812,59,126,14,22,2,0,1,0,224
260770813,61,194,10,56,1,0,0,0,322
260770814,35,135,4,35,0,2,0,4,215
260770815,33,203,8,80,4,0,0,2,330
260770901,10,14,2,354,6,1,0,3,390
260770902,5,86,4,220,6,3,0,1,325
260770903,20,144,1,237,12,9,1,4,428
260770904,31,185,2,56,3,2,1,5,285
260770905,65,198,9,58,13,0,0,7,350
260770906,56,233,0,58,4,2,0,2,355
260770907,14,144,4,74,2,0,0,2,240
260770908,30,160,8,61,0,3,0,2,264
260770909,35,111,3,80,1,3,0,5,238
260770910,65,128,5,128,7,8,0,3,344
260770911,19,173,7,135,12,13,0,1,360
260770912,18,93,6,288,12,16,0,2,435
260771001,32,148,14,43,7,0,0,1,245
260771002,69,112,14,38,6,0,0,7,246
260771003,63,44,16,16,15,0,0,4,158
260771004,63,119,16,32,6,0,0,1,237
260771005,126,112,26,41,0,1,0,0,306
260771006,61,55,12,7,3,0,0,2,140
260771007,111,53,7,14,1,0,0,3,189
260771008,75,81,7,8,0,0,0,17,188
260771009,102,90,8,5,0,0,0,0,205
260771010,104,93,7,9,0,0,0,0,213
260771011,91,44,12,7,0,0,0,0,154
260771012,86,43,12,13,2,1,0,1,158
260771013,184,72,27,29,0,0,0,3,315
260771014,90,178,16,37,5,1,0,1,328
260771015,24,19,211,57,0,0,1,0,312
260771016,37,143,245,56,6,0,0,1,488
260771017,73,137,31,124,8,0,0,2,375
260771018,29,90,63,32,2,2,0,0,218
260771101,1,3,2,149,3,0,0,0,158
260771102,12,25,6,381,1,0,0,0,425
260771103,18,45,4,271,16,9,0,3,366
260771104,9,41,4,103,62,2,0,1,222
260771105,15,102,5,144,19,6,0,2,293
260771106,13,21,3,250,1,0,0,0,288
260771107,38,212,10,95,8,3,0,0,366
260771108,92,86,10,22,5,0,0,0,215
260771109,72,101,6,10,0,0,0,0,189
260771110,85,73,0,5,0,0,0,0,163
260771111,70,44,8,19,2,0,0,0,143
260771112,110,107,15,35,2,0,0,2,271
260771113,102,104,33,87,8,0,0,5,339
260771114,6,20,8,157,2,0,0,0,193
260771201,94,72,95,188,0,0,0,0,449
260771202,18,75,38,149,3,0,0,0,283
260771203,150,88,44,107,1,1,0,1,392
260771204,90,94,81,19,1,0,0,0,285
260771205,93,131,39,64,8,1,0,0,336
260771206,72,89,99,55,1,0,0,3,319
260771207,83,109,94,62,3,0,0,5,356
260771208,137,100,53,29,2,1,0,1,323
260771209,74,92,23,16,0,0,2,0,207
260771210,84,101,41,87,6,1,0,0,320
260771211,119,125,42,97,1,1,0,4,389
260771212,115,166,31,32,4,0,0,1,349
260771213,127,139,4,4,0,0,0,7,281
260771214,19,57,10,284,5,1,0,2,378
260771215,48,45,17,245,5,0,0,3,363
260771301,165,126,8,36,0,1,0,0,336
260771302,8,49,4,380,4,0,0,1,446
260771303,97,134,63,64,5,1,0,0,364
260771304,199,100,6,86,1,0,0,3,395
260771305,47,102,129,100,2,0,0,12,392
260771306,86,70,202,80,4,0,0,1,443
260771307,244,91,8,7,1,0,0,0,351
260771308,42,15,104,215,0,0,0,2,378
260771309,16,49,158,222,1,1,0,2,449
260771310,154,69,5,12,1,0,0,0,241
260771311,12,65,64,148,4,0,0,0,293
260771312,38,55,18,152,3,0,0,2,268
260771313,13,25,57,111,4,0,0,2,212
260771314,18,11,16,82,3,0,0,0,130
260840101,0,0,0,6,0,0,0,0,6
260840102,0,0,0,32,1,0,0,0,33
260840103,0,0,0,39,1,1,0,1,42
260840104,0,0,0,3,0,0,1,0,4
260840105,0,0,0,5,0,0,0,0,5
260840106,3,0,0,37,2,1,0,0,43
260840107,2,0,4,195,4,12,0,1,218
260840108,28,12,2,220,5,9,0,5,281
260840201,0,0,0,59,9,0,0,0,68
260840202,2,1,1,56,2,0,0,0,62
260840301,0,0,0,12,0,0,0,0,12
260840302,0,0,0,8,0,1,0,0,9
260840303,0,0,0,11,0,0,0,0,11
260840304,0,0,0,37,0,0,1,1,39
260840305,10,7,0,430,4,15,0,0,466
260840306,6,11,0,238,7,5,0,3,270
260840307,1,0,6,93,2,0,0,1,103
260840401,0,0,0,19,2,0,0,0,21
260840402,0,0,0,29,0,0,0,0,29
260840403,0,0,0,63,0,1,0,1,65
260840501,0,1,0,9,0,0,0,0,10
260840502,0,0,0,16,1,1,0,0,18
260840503,0,0,0,21,1,0,0,0,22
260840504,0,0,0,23,0,1,0,0,24
260840505,0,8,0,59,3,0,0,0,70
260840506,1,5,0,46,0,1,0,0,53
260910101,0,0,0,24,1,0,0,0,25
260910102,0,0,1,32,0,0,0,1,34
260910201,1,0,0,25,1,0,0,0,27
260910301,0,0,0,7,0,0,0,0,7
260910302,0,0,0,8,1,0,0,0,9
260910303,0,0,0,35,1,0,0,0,36
260910304,7,4,0,87,3,0,0,1,102
260910305,0,0,0,4,0,0,0,0,4
260910306,0,0,0,3,0,0,0,0,3
260910401,13,13,1,164,19,1,0,1,212
260910402,1,7,3,132,9,0,0,0,152
260910403,0,10,0,104,0,0,0,0,114
260910404,9,10,0,250,8,6,0,0,283
260910405,9,27,0,280,4,0,0,1,321
260910406,4,8,1,131,5,2,0,2,153
260910407,11,19,1,140,5,3,1,0,180
260910408,17,25,2,125,5,1,0,1,176
260910409,16,56,8,207,6,1,0,0,294
260910410,38,61,6,161,5,1,0,1,273
260910411,7,14,6,140,8,1,0,0,176
260910412,19,27,6,166,1,2,0,0,221
260910413,9,10,51,160,2,0,0,0,232
260910414,10,10,2,195,10,1,0,0,228
260980101,0,0,0,15,0,0,0,0,15
260980102,0,0,0,25,1,1,0,0,27
260980103,0,6,0,218,2,8,0,0,234
260980104,5,15,2,242,4,6,0,1,275
260980201,0,0,0,20,0,0,0,0,20
260980202,0,0,0,24,0,0,0,0,24
260980203,0,2,0,16,0,0,0,1,19
260980204,0,0,0,0,0,0,0,0,0
260980205,18,6,2,383,11,9,0,3,432
260980206,9,7,1,283,3,12,0,2,317
260980301,0,0,0,0,0,0,0,0,0
260980302,0,0,0,1,0,0,0,0,1
260980303,0,0,0,9,0,2,0,0,11
260980304,0,0,0,17,1,3,1,0,22
260980305,2,0,0,51,0,3,0,0,56
260980306,9,0,0,288,10,33,0,0,340
261050101,0,1,0,22,0,2,3,0,28
261050102,0,1,1,12,0,0,0,0,14
261050103,2,0,0,46,1,0,0,0,49
261050104,0,1,1,19,1,3,1,0,26
261050105,3,7,4,180,4,2,0,5,205
261050201,0,0,0,27,0,0,0,0,27
261050202,0,1,0,9,0,0,0,0,10
261050203,0,1,0,5,2,0,0,0,8
261050204,4,0,0,47,1,1,0,0,53
261050205,2,10,0,199,0,1,0,0,212
300080101,4,5,5,113,2,3,1,0,133
300080102,2,13,7,164,0,1,0,0,187
300080103,4,11,8,146,13,0,0,2,184
300080104,5,8,6,147,2,2,0,1,171
300080105,8,4,2,154,0,2,0,0,170
300080106,4,6,21,160,0,0,0,1,192
300080107,9,13,20,72,1,0,1,0,116
300080108,4,16,12,138,2,0,0,1,173
300080109,12,69,20,105,3,0,0,0,209
300080110,11,8,14,190,3,0,0,0,226
300080111,9,28,14,233,7,1,0,2,294
300080112,7,43,12,150,5,0,0,2,219
300080113,15,8,4,152,8,0,1,0,188
300080114,12,8,17,166,0,0,0,2,205
300080201,9,29,17,94,0,0,0,1,150
300080202,9,30,9,68,0,0,0,0,116
300080203,3,16,28,90,1,0,0,0,138
300080204,13,29,18,143,1,0,0,0,204
300080205,6,18,36,143,3,0,0,0,206
300080206,6,36,25,200,3,0,0,2,272
300080207,12,15,33,262,3,6,1,2,334
300080208,14,26,65,218,0,5,0,1,329
300080209,0,17,16,129,2,0,0,0,164
300080210,3,23,19,129,3,0,0,0,177
300080211,0,11,43,113,2,0,0,2,171
300080212,3,11,25,33,1,1,0,0,74
300080213,4,12,20,22,0,0,1,0,59
300080214,4,9,31,61,1,0,0,0,106
300080215,3,2,6,164,1,1,0,4,181
300080216,7,5,19,135,3,7,0,1,177
300080301,0,0,0,50,0,0,0,0,50
300080302,0,0,3,73,0,0,1,0,77
300080303,2,3,5,83,0,1,0,1,95
300080304,2,2,0,85,0,0,0,1,90
300080305,3,11,2,170,2,4,0,1,193
300080306,4,13,3,218,1,31,2,1,273
300080307,1,9,10,151,7,3,0,0,181
300080308,6,50,53,149,2,0,0,0,260
300080309,1,6,1,71,0,0,0,0,79
300080310,9,11,11,183,3,0,0,1,218
300080311,5,6,7,215,0,5,1,0,239
300080312,5,5,21,169,1,0,0,1,202
300080313,1,1,3,131,2,47,0,0,185
300080314,0,0,3,99,0,0,0,0,102
300080315,0,3,5,106,0,1,0,3,118
300080316,0,0,2,26,0,0,0,0,28
300080317,0,2,3,53,0,1,1,0,60
300080318,0,0,0,55,0,0,0,0,55
300080319,0,0,1,53,0,0,0,0,54
300080401,1,3,0,158,2,2,0,0,166
300080402,4,6,6,337,3,6,0,0,362
300080403,6,21,11,285,2,1,0,0,326
300080404,3,2,7,294,13,3,0,4,326
300080405,3,3,3,324,2,3,0,0,338
300080406,16,13,17,319,9,6,0,2,382
300080407,3,4,3,148,0,0,0,0,158
300080408,19,18,18,192,0,0,0,0,247
300080409,23,22,21,215,2,0,1,0,284
300080410,12,11,7,291,9,0,0,1,331
300080411,6,7,5,250,4,0,0,1,273
300080412,10,70,6,318,15,5,0,2,426
300080413,2,2,3,167,1,1,0,0,176
300080501,0,0,0,41,0,0,0,0,41
300080502,0,1,0,68,0,0,0,0,69
300080503,0,0,0,70,0,1,1,3,75
300080504,2,1,6,133,2,11,0,1,156
300080505,1,0,2,51,0,1,0,0,55
300080506,2,5,2,296,13,31,2,1,352
300080507,6,17,4,294,2,11,0,2,336
300080508,1,2,4,337,2,2,3,0,351
300080509,8,4,7,147,2,2,1,4,175
300080510,1,4,11,180,1,2,0,0,199
300080511,2,4,8,52,0,0,4,0,70
300080601,2,2,6,282,0,0,0,0,292
300080602,0,10,3,337,1,0,0,2,353
300080603,1,0,0,182,3,0,0,0,186
300080604,12,38,9,236,0,0,0,0,295
300080605,5,17,10,333,1,0,0,1,367
300080606,9,24,6,291,4,0,0,0,334
300080607,7,21,14,257,4,0,0,1,304
300080608,6,14,3,346,0,0,0,0,369
300080609,6,5,5,163,1,2,0,0,182
300080610,0,5,2,215,1,2,0,0,225
300080611,2,12,15,306,5,0,0,0,340
300080612,0,2,4,257,2,0,0,0,265
300080701,0,0,0,7,0,0,0,0,7
300080702,0,0,0,30,1,0,0,0,31
300080703,0,0,0,96,1,0,0,0,97
300080704,0,0,0,10,0,0,0,0,10
300080705,0,0,0,57,0,0,1,0,58
300080706,0,0,0,16,0,0,0,0,16
300080707,0,2,1,33,0,0,0,0,36
300080708,0,0,0,20,0,0,0,0,20
300080709,0,0,0,22,1,0,0,0,23
300080710,0,0,0,22,0,0,0,0,22
300080711,1,0,0,58,1,1,0,6,67
300080801,0,0,0,17,0,0,0,0,17
300080802,0,0,0,11,1,0,0,0,12
300080803,0,0,0,10,0,0,0,0,10
300080804,0,2,0,34,0,0,0,0,36
300080805,0,0,0,24,0,0,0,0,24
300080806,0,0,0,16,0,0,0,0,16
300080807,0,0,0,85,1,4,0,0,90
300080808,0,0,0,47,0,0,0,0,47
300080809,0,0,0,15,0,0,0,0,15
300080810,0,0,2,43,0,0,0,0,45
300080811,1,0,0,36,0,0,0,0,37
300080901,0,0,0,23,0,0,0,0,23
300080902,0,0,0,22,0,1,0,0,23
300080903,0,1,1,17,0,0,0,1,20
300080904,0,0,1,7,0,0,0,0,8
300080905,1,0,0,27,0,0,0,2,30
300080906,1,2,0,67,0,0,0,0,70
300080907,0,0,0,13,0,1,0,0,14
300080908,0,0,0,5,0,0,0,0,5
300080909,0,1,1,29,0,0,0,0,31
300080910,4,1,1,217,1,0,0,0,224
300081001,0,1,3,22,0,0,0,1,27
300081002,0,1,0,21,0,1,0,0,23
300081003,0,2,0,165,1,1,1,1,171
300081004,0,0,0,17,0,0,0,0,17
300081005,0,1,0,31,1,1,0,1,35
300081006,0,0,0,16,0,0,0,0,16
300081007,0,0,2,130,1,0,0,1,134
300081008,0,1,1,17,2,1,0,0,22
300081009,0,0,0,6,1,0,2,1,10
300081101,1,1,0,24,3,2,2,1,34
300081102,0,0,0,22,1,0,0,0,23
300081103,0,0,0,27,0,0,0,0,27
300081104,0,0,0,16,0,0,0,0,16
300081105,2,0,1,35,0,1,0,0,39
300081106,0,1,0,3,0,0,0,0,4
300081107,0,1,2,17,1,2,0,0,23
300081108,3,0,1,208,1,8,3,0,224
300081109,0,1,3,102,0,4,0,2,112
300081110,1,1,9,381,1,22,1,1,417
300081111,1,3,0,123,1,6,0,0,134
300081201,0,0,0,1,0,0,0,0,1
300150101,25,135,66,122,3,34,1,2,388
300150102,7,1,121,217,0,1,0,2,349
300150103,6,3,1,448,9,38,3,1,509
300150104,4,8,1,405,19,18,0,3,458
300150105,3,4,0,309,0,13,0,0,329
300150106,0,5,1,314,8,35,0,44,407
300150107,7,3,0,326,1,8,1,0,346
300150108,4,5,1,275,0,1,0,0,286
300150109,7,9,0,265,2,3,0,6,292
300150110,1,3,0,163,3,27,0,0,197
300150111,7,9,2,369,6,89,1,2,485
300150112,1,5,1,259,48,30,1,1,346
300150113,8,4,1,330,11,60,6,5,425
300150201,3,71,0,267,3,66,0,1,411
300150202,29,50,29,158,1,4,0,0,271
300150203,0,3,1,260,1,8,0,1,274
300150204,0,4,1,305,2,24,0,1,337
300150205,5,12,4,325,121,9,0,1,477
300150206,1,11,12,298,11,2,0,2,337
300150207,2,13,2,174,4,0,0,0,195
300150208,5,22,2,296,20,4,0,0,349
300150209,12,10,6,366,19,1,0,2,416
300150210,3,22,6,371,5,13,0,2,422
300150211,3,78,4,219,28,2,0,0,334
300150212,5,8,3,349,13,6,1,16,401
300150213,8,17,5,334,24,14,1,3,406
300150214,5,19,3,190,11,5,3,0,236
300150301,1,192,67,21,0,0,0,0,281
300150302,12,282,37,14,6,3,0,0,354
300150303,20,404,0,0,0,0,0,0,424
300150304,44,256,13,35,0,0,0,1,349
300150305,3,3,8,294,15,56,0,1,380
300150306,1,1,6,42,1,0,1,0,52
300150307,20,5,19,58,3,0,1,0,106
300150308,19,10,19,329,2,9,0,0,388
300150309,4,5,7,280,3,31,1,1,332
300150310,4,11,2,193,6,10,0,2,228
300150401,27,9,7,239,2,3,0,0,287
300150402,5,44,23,114,2,1,0,0,189
300150403,6,125,24,176,3,0,0,0,334
300150404,5,20,21,259,4,0,0,0,309
300150405,4,26,16,258,3,15,0,0,322
300150406,10,52,19,289,8,5,0,3,386
300150407,8,7,91,216,1,4,0,1,328
300150408,2,5,9,265,8,23,0,0,312
300150409,3,9,63,163,1,0,0,1,240
300150410,10,10,41,246,6,4,0,1,318
300150411,1,4,155,269,3,8,1,0,441
300150412,1,5,24,362,3,14,2,1,412
300150413,54,19,44,292,10,2,0,1,422
300150414,28,49,41,140,5,0,0,0,263
300150415,4,11,15,82,3,0,0,4,119
300150416,10,71,19,332,4,2,0,3,441
300150501,1,24,26,131,3,0,0,0,185
300150502,42,47,22,259,9,1,0,13,393
300150503,4,73,5,130,3,0,0,0,215
300150504,9,9,4,184,0,0,0,0,206
300150505,9,0,1,154,3,18,0,0,185
300150506,39,8,3,214,3,0,0,0,267
300150507,4,9,9,219,5,9,1,0,256
300150508,3,7,2,222,8,5,1,1,249
300150509,2,9,1,251,4,9,0,0,276
300150510,3,32,2,143,4,0,0,4,188
300150511,9,17,5,156,0,0,0,1,188
300150512,5,19,10,121,2,0,0,2,159
300150513,1,33,15,116,1,0,0,0,166
300150514,6,44,9,87,0,0,0,0,146
300150515,5,29,8,177,2,0,0,0,221
300150516,27,49,12,96,1,0,0,0,185
300150517,37,77,6,84,3,1,0,0,208
300150518,5,36,7,99,2,0,0,0,149
300150519,13,14,8,155,7,0,0,0,197
300150520,4,10,25,180,4,0,0,0,223
300150521,2,1,2,106,1,1,0,0,113
300150522,7,4,3,301,9,60,0,0,384
300150601,7,11,0,281,7,43,0,3,352
300150602,0,6,0,125,63,9,0,3,206
300150603,6,6,0,447,2,10,1,2,474
300150604,32,14,2,357,10,3,0,0,418
300150605,3,6,10,124,0,5,1,1,150
300150606,14,7,6,223,6,6,2,0,264
300150607,55,85,8,190,2,0,0,0,340
300150608,8,30,27,173,7,0,0,0,245
300150609,10,28,17,192,7,0,0,0,254
300150610,10,47,22,148,1,0,0,2,230
300150611,2,30,9,129,1,0,0,0,171
300150612,9,8,7,166,5,0,0,1,196
300150613,4,30,6,309,3,3,0,2,357
300150614,41,101,10,281,5,3,0,8,449
300150615,2,8,4,212,1,1,0,0,228
300150616,6,35,4,246,4,6,0,0,301
300150617,14,38,16,192,6,1,0,1,268
300150618,4,22,4,93,0,0,0,1,124
300150619,10,94,8,98,2,0,0,1,213
300150620,3,37,2,62,6,2,0,0,112
300150621,35,78,0,23,0,0,0,0,136
300150701,3,14,6,231,13,2,0,0,269
300150702,7,11,3,146,1,0,0,1,169
300150703,20,51,7,114,3,0,0,0,195
300150704,10,17,6,117,1,0,0,3,154
300150705,43,14,2,87,0,0,0,0,146
300150706,14,61,2,20,1,0,0,20,118
300150707,12,24,7,121,3,1,0,0,168
300150708,12,17,8,131,5,0,1,0,174
300150709,8,11,4,155,0,0,0,1,179
300150710,3,4,1,204,28,16,0,0,256
300150711,21,13,2,191,0,0,1,1,229
300150712,6,2,1,203,1,34,0,0,247
300150713,4,12,2,177,2,0,0,0,197
300150714,2,16,15,145,4,0,0,0,182
300150715,2,19,1,159,2,0,0,0,183
300150716,3,3,0,254,5,19,0,0,284
300150717,0,0,0,9,0,8,0,0,17
300150718,14,15,1,374,7,10,0,0,421
300150719,5,3,0,319,8,48,0,4,387
300150720,2,0,1,85,3,39,0,1,131
300150801,6,50,7,96,0,0,0,2,161
300150802,8,45,7,82,0,0,0,0,142
300150803,14,65,1,52,0,0,0,0,132
300150804,28,52,4,59,4,0,0,2,149
300150805,7,33,6,135,0,0,0,0,181
300150806,2,12,3,177,4,2,0,0,200
300150807,12,135,8,204,0,0,0,0,359
300150808,6,44,13,151,3,0,0,0,217
300150809,26,33,5,113,0,0,0,0,177
300150810,29,23,4,163,1,0,0,0,220
300150811,11,8,6,194,2,0,0,0,221
300150812,5,17,11,163,0,0,0,2,198
300150813,0,0,0,5,0,0,0,0,5
300150814,16,19,5,279,4,30,0,2,355
300150815,1,0,0,91,0,1,0,0,93
300150901,0,0,2,72,2,4,0,0,80
300150902,1,1,3,76,4,2,2,2,91
300150903,0,0,0,21,2,0,0,0,23
300150904,1,3,2,247,1,8,0,0,262
300150905,5,5,2,283,6,12,1,2,316
300150906,0,4,3,289,0,21,1,0,318
300150907,3,1,5,249,2,36,0,2,298
300150908,1,2,0,237,4,57,1,1,303
300150909,5,4,40,91,1,1,0,0,142
300150910,2,7,1,108,1,5,0,0,124
300150911,0,0,2,10,2,0,0,0,14
300151001,3,2,2,125,4,35,11,5,187
300151002,2,1,1,361,4,41,0,0,410
300151003,2,2,3,161,8,5,1,1,183
300151004,9,29,1,412,6,9,1,5,472
300151005,6,10,1,338,5,33,1,0,394
300151006,1,9,6,245,6,32,4,0,303
300151007,7,10,3,245,8,32,0,2,307
300151008,1,3,1,283,3,43,0,1,335
300151009,7,1,2,340,9,57,0,0,416
300151010,5,18,3,261,9,0,1,0,297
300151011,12,15,1,300,1,61,0,8,398
300151012,11,1,0,344,24,60,1,0,441
300151013,3,0,0,259,2,27,0,4,295
300151101,0,1,4,217,1,7,0,8,238
300151102,0,0,0,9,0,1,1,0,11
300151103,1,8,13,197,3,0,0,2,224
300151104,4,4,3,169,1,0,0,0,181
300151105,5,5,6,286,10,30,0,7,349
300151106,1,2,3,194,1,0,0,4,205
300151107,3,1,0,150,2,36,2,9,203
300151108,2,2,6,223,0,1,0,0,234
300151109,0,0,0,46,3,2,0,3,54
300151110,4,14,2,203,5,8,1,0,237
300151111,0,3,1,141,4,6,0,22,177
300151201,0,0,2,53,2,1,1,0,59
300151202,0,1,0,29,0,0,3,0,33
300151203,0,1,3,37,1,0,0,0,42
300151204,0,5,13,24,0,0,0,0,42
300151205,0,1,2,9,0,0,0,0,12
300151206,0,0,0,29,0,0,0,0,29
300151207,0,1,1,13,0,0,1,0,16
300151208,0,2,1,54,1,7,0,0,65
300151209,0,0,0,23,0,0,0,0,23
300151210,0,0,0,44,1,1,0,2,48
300151211,0,1,0,51,1,5,0,0,58
300151212,3,3,1,255,1,11,0,1,275
300151213,2,8,2,283,2,2,1,0,300
300151214,6,13,11,260,2,2,0,2,296
300151301,1,2,3,100,1,2,1,0,110
300151302,0,2,0,17,0,1,0,0,20
300151303,0,0,0,16,0,0,1,0,17
300151304,3,5,1,287,3,6,0,1,306
300151305,0,4,1,108,1,26,0,0,140
300151306,0,0,1,42,0,1,0,0,44
300151307,0,1,4,41,1,1,1,1,50
300151308,0,0,1,33,0,0,0,0,34
300151309,1,1,1,10,0,0,2,0,15
300151310,4,3,0,184,12,19,1,1,224
300151311,5,1,2,235,2,7,2,1,255
300151312,2,10,1,170,3,2,0,5,193
300151401,0,0,0,11,0,0,0,0,11
300151402,0,0,0,9,0,0,0,0,9
300151403,0,1,2,45,0,2,0,8,58
300151404,0,4,0,51,1,3,0,0,59
300151405,0,0,0,19,2,1,0,0,22
300151406,0,0,0,30,0,0,0,0,30
300151407,0,0,0,32,0,0,0,0,32
300151408,0,1,0,75,1,5,0,0,82
300151501,2,0,0,41,2,11,1,0,57
300151502,4,0,3,32,3,12,0,0,54
300151503,0,0,0,6,0,0,0,0,6
300151504,3,2,1,46,3,4,0,1,60
300151505,1,2,0,51,2,0,0,1,57
300151506,0,1,0,54,6,7,0,0,68
300151507,0,0,0,49,0,6,1,0,56
300151508,0,0,0,39,4,0,0,0,43
300151509,1,1,0,32,0,0,0,0,34
300151510,0,1,0,131,0,29,0,0,161
300151511,2,3,18,168,2,34,6,3,236
300151512,0,1,2,74,0,1,0,0,78
300151513,0,1,1,84,0,0,1,0,87
300151514,1,0,1,87,4,9,0,0,102
300151515,1,0,1,94,1,2,0,0,99
300151601,0,0,0,11,0,0,0,0,11
300151602,0,0,0,50,0,0,1,0,51
300151603,0,0,1,20,0,1,1,1,24
300151604,0,0,0,14,0,0,0,0,14
300151605,0,0,0,25,0,0,0,0,25
300151606,1,2,0,125,2,1,0,0,131
300151607,0,0,1,121,0,10,0,2,134
300210101,16,115,18,102,8,0,0,2,261
300210102,7,73,9,200,1,0,0,1,291
300210103,0,6,0,36,0,1,0,1,44
300210104,12,81,34,172,11,1,1,1,313
300210105,10,90,15,99,3,0,0,0,217
300210106,37,84,8,137,3,2,0,1,272
300210107,48,64,6,159,3,1,1,1,283
300210108,2,38,0,300,9,1,0,1,351
300210109,5,42,9,122,2,0,0,0,180
300210110,24,47,8,70,1,0,0,0,150
300210111,10,58,6,90,7,0,0,1,172
300210112,5,32,17,150,2,0,0,0,206
300210201,13,45,5,131,12,0,0,1,207
300210202,11,54,5,76,0,0,0,0,146
300210203,6,63,3,188,1,0,0,0,261
300210204,0,8,0,20,0,0,0,0,28
300210205,2,4,0,119,2,0,0,0,127
300210206,0,8,1,84,0,0,0,0,93
300210207,0,14,2,166,2,0,0,0,184
300210208,9,52,0,107,0,0,0,0,168
300210209,1,24,2,100,5,0,0,2,134
300210210,11,81,30,168,7,0,0,0,297
300210211,18,93,2,127,7,0,0,1,248
300210212,3,66,1,275,8,2,2,1,358
300210301,1,0,0,58,0,0,0,0,59
300210302,7,16,0,90,1,0,1,0,115
300210303,6,30,1,131,2,0,0,0,170
300210304,5,28,1,108,1,0,1,0,144
300210305,2,18,3,117,0,0,0,0,140
300210306,0,8,2,29,0,0,0,0,39
300210307,2,4,3,45,0,0,1,0,55
300210308,2,9,0,77,5,0,0,0,93
300210309,2,10,0,95,49,0,0,4,160
300210310,2,2,0,77,0,0,6,2,89
300210311,0,5,0,52,0,0,0,1,58
300210312,4,0,1,34,2,0,0,0,41
300210401,9,33,3,97,1,0,1,0,144
300210402,0,2,1,12,0,0,0,0,15
300210403,0,9,1,68,0,0,1,0,79
300210404,0,14,5,32,0,0,0,0,51
300210405,7,48,20,86,2,0,0,0,163
300210406,3,38,10,60,1,0,0,1,113
300210407,0,2,0,7,0,0,0,0,9
300210408,0,1,0,18,1,0,0,1,21
300210409,0,19,2,38,0,0,0,0,59
300210410,2,9,3,82,9,0,0,0,105
300210501,1,3,1,61,1,1,2,0,70
300210502,0,0,1,73,0,0,0,0,74
300210503,0,2,1,25,2,0,1,0,31
300210504,0,3,3,55,0,0,0,0,61
300210505,4,43,15,202,2,0,0,0,266
300210506,7,38,11,195,0,0,0,0,251
300210507,2,23,4,175,0,0,0,0,204
300210508,0,1,0,25,0,1,0,0,27
300210509,0,0,0,6,0,0,0,0,6
300210510,0,0,1,42,0,0,0,0,43
300210511,1,8,1,36,0,0,0,0,46
300210512,3,15,6,141,0,0,0,1,166
300210601,0,6,1,53,0,0,0,0,60
300210602,0,2,2,51,1,0,0,1,57
300210603,2,1,1,37,0,0,0,0,41
300210604,0,14,3,142,1,0,0,1,161
300210605,4,0,3,32,1,0,0,0,40
300210606,0,2,2,17,0,0,0,0,21
300210701,1,0,0,9,0,0,0,0,10
300210702,0,2,3,12,0,0,0,0,17
300210703,0,0,0,2,0,0,0,0,2
300210704,0,5,0,28,0,0,0,0,33
300210705,1,1,0,14,0,0,0,0,16
300210706,4,49,52,65,1,2,0,0,173
300210707,5,40,21,75,2,0,0,0,143
300210708,5,43,14,153,2,0,1,0,218
300210709,33,66,49,109,2,0,0,3,262
300210710,24,67,109,67,1,0,0,0,268
300210711,2,2,18,2,0,0,0,0,24
300210712,25,33,88,44,3,1,0,5,199
300210713,11,48,38,34,1,0,0,0,132
300210714,26,93,69,55,5,0,0,0,248
300210715,30,77,76,77,2,0,0,0,262
300210716,39,51,46,73,2,0,0,3,214
300210801,0,1,1,12,0,0,0,0,14
300210802,0,0,0,30,0,0,0,0,30
300210803,0,2,1,25,0,0,0,0,28
300210804,3,10,6,89,1,0,0,1,110
300210805,0,1,0,19,0,0,0,0,20
300210806,0,2,0,25,0,0,0,0,27
300210807,0,0,0,34,0,0,0,0,34
300210808,0,0,0,14,0,0,0,0,14
300210809,0,0,0,30,2,0,0,0,32
300210901,1,3,2,64,1,0,0,0,71
300210902,1,10,0,85,7,0,0,0,103
300210903,7,47,12,156,4,2,0,0,228
300210904,10,44,20,66,1,0,0,0,141
300210905,7,75,6,308,3,1,0,2,402
300210906,2,5,1,89,1,0,0,0,98
300210907,7,98,13,116,3,0,0,0,237
300210908,8,39,15,122,4,0,0,0,188
300210909,4,32,11,157,1,0,0,0,205
300210910,4,35,3,142,4,0,0,0,188
300210911,8,37,5,164,2,0,0,0,216
300211001,1,2,1,25,0,0,0,0,29
300211002,5,4,45,99,0,0,0,0,153
300211003,0,3,0,78,1,0,0,0,82
300211004,2,22,14,149,3,0,0,0,190
300211005,1,9,5,95,2,0,0,0,112
300211006,2,10,2,166,9,2,0,3,194
300211007,5,51,10,164,3,0,0,0,233
300211101,0,3,2,31,2,0,0,0,38
300211102,0,2,0,31,1,0,0,0,34
300211103,0,1,2,24,1,0,0,0,28
300211104,0,1,1,17,0,0,0,0,19
300211105,3,3,0,10,0,0,0,0,16
300211201,0,0,0,5,0,0,0,0,5
300211202,0,0,0,4,0,0,0,0,4
300211203,0,0,0,23,0,0,0,0,23
300211204,0,0,0,42,0,0,0,0,42
300211205,1,1,2,17,0,0,0,0,21
300211206,0,0,0,29,1,0,1,0,31
300211207,0,5,0,17,1,0,0,0,23
300211208,0,0,2,30,3,0,4,0,39
300211209,1,0,0,24,1,0,6,0,32
300211210,1,6,2,175,0,1,11,0,196
300211211,0,2,0,10,0,0,1,0,13
300211212,0,0,0,36,0,0,2,0,38
300211301,0,0,0,12,0,0,20,0,32
300211302,0,0,0,8,0,0,3,1,12
300280101,7,15,54,10,0,0,0,0,86
300280102,9,46,15,241,3,1,0,8,323
300280103,13,51,118,35,2,0,0,0,219
300280104,5,36,103,34,1,0,0,0,179
300280105,16,74,51,214,5,4,2,0,366
300280106,5,1,1,293,1,4,0,0,305
300280107,32,30,70,120,1,2,0,1,256
300280108,11,43,120,33,1,0,0,0,208
300280109,4,13,115,34,4,0,0,0,170
300280110,21,105,24,161,2,7,1,4,325
300280111,14,41,64,37,0,0,0,0,156
300280112,10,61,21,103,2,0,0,0,197
300280113,1,2,0,102,1,11,0,4,121
300280114,3,1,0,42,0,3,0,0,49
300280201,3,0,4,45,1,2,2,0,57
300280202,0,0,6,34,1,0,1,0,42
300280203,9,2,1,181,2,55,0,0,250
300280204,7,2,0,343,1,11,0,2,366
300280205,11,0,0,299,4,12,0,8,334
300280206,31,4,3,225,2,9,0,0,274
300280301,0,0,0,44,0,0,0,0,44
300280302,0,0,0,7,0,0,0,0,7
300280303,3,3,7,62,1,1,2,0,79
300280304,0,0,0,7,0,0,0,0,7
300280305,0,0,0,21,0,1,0,0,22
300280306,0,0,2,50,0,0,0,1,53
300280307,0,0,0,3,0,0,0,0,3
300280308,5,0,0,6,0,0,1,0,12
300280401,1,7,2,137,1,0,0,0,148
300280402,1,8,5,241,0,2,0,0,257
300280403,10,107,12,204,1,0,0,2,336
300280404,3,4,3,210,0,3,0,1,224
300280405,1,7,1,195,3,0,1,1,209
300280406,1,1,0,270,4,1,1,1,279
300280407,1,0,1,166,3,27,1,1,200
300280408,5,4,2,220,1,4,1,15,252
300280409,0,10,3,145,0,1,0,1,160
300280410,5,5,24,229,1,7,0,0,271
300280411,1,7,2,201,2,0,2,0,215
300280412,0,9,10,213,1,0,0,0,233
300280413,1,6,12,175,1,1,0,3,199
300280414,4,7,3,172,4,4,0,1,195
300280415,1,0,2,201,2,1,0,0,207
300280416,23,11,12,226,2,7,2,0,283
300280417,3,11,8,205,2,3,0,1,233
300280418,0,3,8,250,3,0,1,0,265
300280419,1,3,2,264,1,7,3,0,281
300280501,2,2,1,218,1,18,2,1,245
300280502,0,0,8,265,1,10,0,2,286
300280503,2,1,0,254,3,1,0,16,277
300280504,0,0,0,185,3,30,1,0,219
300280505,2,1,1,314,1,11,0,1,331
300280506,2,24,3,102,0,1,0,0,132
300280507,5,0,0,259,2,1,0,0,267
300280508,1,5,22,148,1,0,0,1,178
300280509,9,19,27,178,2,0,0,0,235
300280510,4,28,22,116,1,0,1,0,172
300280511,3,6,15,195,1,0,0,2,222
300280512,8,6,11,291,5,0,0,2,323
300280513,3,6,4,140,1,0,0,2,156
300280514,5,12,13,259,3,0,0,1,293
300280515,16,22,13,152,4,0,0,0,207
300280516,9,13,12,105,2,0,0,1,142
300280517,3,5,60,234,9,5,0,0,316
300280518,23,90,4,170,2,3,0,1,293
300280519,5,7,5,223,2,4,2,3,251
300280601,0,1,1,78,0,1,2,0,83
300280602,0,1,0,55,1,5,1,1,64
300280603,2,0,1,181,0,0,0,0,184
300280604,0,0,2,40,0,0,0,0,42
300280605,0,0,1,90,1,6,0,0,98
300280606,0,2,0,95,0,12,0,0,109
300280607,1,3,2,110,0,2,0,0,118
300280608,3,1,2,192,3,2,0,4,207
300280609,3,5,3,194,2,0,0,0,207
300280610,0,0,0,22,0,0,3,0,25
300280611,0,0,0,58,1,0,0,0,59
300280701,0,0,0,2,0,0,0,0,2
300280702,0,0,0,3,0,0,0,0,3
300280703,0,0,0,13,0,0,0,0,13
300280704,0,0,0,27,0,5,0,0,32
300280705,0,0,0,3,0,0,0,0,3
300280706,0,0,0,12,0,0,0,0,12
300280707,0,0,0,7,0,1,0,0,8
300280708,0,0,0,92,0,6,3,0,101
300280709,0,14,4,223,7,7,4,1,260
300280710,1,19,4,301,8,6,3,0,342
300280711,7,10,0,192,3,6,1,1,220
300280712,0,8,0,169,6,8,9,0,200
300280801,0,0,0,39,0,0,1,0,40
300280802,0,0,0,36,1,0,0,0,37
300280803,0,0,0,58,1,1,0,0,60
300280804,0,0,0,3,0,0,0,0,3
300280805,0,0,1,76,2,0,0,0,79
300280806,0,3,1,45,1,0,0,0,50
300280807,1,0,0,20,1,0,0,2,24
300280808,0,1,1,63,0,1,0,1,67
300280809,2,12,2,281,2,6,0,2,307
300280810,5,10,6,161,3,1,0,0,186
300280811,0,2,2,144,1,1,0,0,150
300280812,0,0,5,116,0,2,0,0,123
300280901,0,8,0,50,1,0,1,0,60
300280902,0,0,0,13,3,0,0,0,16
300280903,0,0,0,64,0,0,3,0,67
300280904,1,0,0,53,0,0,0,0,54
300280905,0,0,0,31,0,0,0,0,31
300280906,0,0,0,29,1,0,1,0,31
300280907,0,2,0,232,2,0,0,1,237
300281001,0,0,0,5,0,2,0,2,9
300281002,0,0,0,23,0,0,0,0,23
300281003,0,0,0,7,0,0,0,0,7
300281004,0,0,0,5,0,1,0,0,6
300281005,0,3,0,32,0,0,0,0,35
300281006,0,1,0,5,0,0,0,0,6
300281007,0,0,0,9,0,0,0,0,9
300281008,0,0,0,73,5,2,4,2,86
300281101,0,0,2,15,2,0,0,0,19
300281102,0,0,0,2,0,0,0,0,2
300281103,0,0,0,29,2,0,1,0,32
300281104,0,0,0,35,0,1,1,0,37
300281105,0,0,0,12,0,0,0,0,12
300281106,0,0,0,11,0,0,0,0,11
300281107,0,0,1,173,3,2,1,0,180
300281108,0,0,0,134,1,6,1,1,143
300281201,0,0,0,49,0,0,0,0,49
300281202,0,0,0,1,0,1,0,0,2
300281203,0,0,1,28,0,1,0,0,30
300281204,0,1,1,54,3,2,0,1,62
300281205,0,0,0,27,2,0,0,0,29
300281206,0,0,1,33,2,1,0,0,37
300281207,0,0,0,58,1,0,0,0,59
300281208,0,0,2,207,2,1,1,1,214
300281209,0,0,0,15,0,0,0,0,15
300281210,1,0,7,60,22,1,0,0,91
300281211,0,0,0,51,0,1,0,0,52
300281212,0,5,11,45,0,0,1,0,62
300281213,1,0,1,34,0,0,0,0,36
300281214,1,0,1,43,0,0,0,1,46
300281215,0,0,2,109,1,4,0,2,118
300281301,0,1,0,14,1,0,0,0,16
300281302,0,0,0,11,0,1,0,0,12
300281303,0,1,3,55,2,1,0,0,62
300281304,0,0,0,24,3,0,0,0,27
300281305,0,0,0,8,0,0,0,0,8
300281306,0,1,0,30,0,0,0,0,31
300281307,0,0,1,55,1,0,0,0,57
300281308,1,0,0,9,0,0,0,0,10
300281309,0,2,3,102,1,0,0,0,108
300281310,0,1,0,11,0,0,0,0,12
300350101,1,0,3,184,7,1,7,0,203
300350102,1,1,0,200,3,1,5,2,213
300350103,2,3,2,134,20,0,0,1,162
300350104,3,6,3,362,4,6,5,0,389
300350105,1,4,1,276,5,3,6,1,297
300350106,0,2,0,237,2,2,1,0,244
300350107,1,3,11,241,11,2,2,1,272
300350108,2,4,12,169,1,0,0,3,191
300350109,0,2,6,124,2,0,0,0,134
300350110,0,1,6,200,9,0,2,1,219
300350111,0,25,0,114,0,0,0,1,140
300350112,4,102,1,179,8,0,0,0,294
300350113,4,5,16,246,4,0,0,0,275
300350114,0,6,1,177,3,1,1,0,189
300350115,2,2,1,191,18,0,1,1,216
300350116,1,8,2,299,3,2,3,0,318
300350117,6,34,5,261,1,1,1,0,309
300350118,0,1,0,219,8,0,3,5,236
300350119,0,1,0,209,4,2,8,1,225
300350201,0,0,0,17,1,3,8,0,29
300350202,0,0,0,40,0,3,0,1,44
300350203,0,0,0,54,0,0,1,1,56
300350204,0,1,2,153,4,2,12,0,174
300350205,0,0,0,34,0,0,2,0,36
300350206,0,0,0,65,1,2,10,2,80
300350301,0,0,0,4,0,0,0,0,4
300350302,0,0,0,5,0,0,0,0,5
300350303,0,0,1,7,0,0,1,0,9
300350304,0,0,0,12,0,0,0,0,12
300350305,0,0,0,4,0,0,1,0,5
300350401,0,0,0,24,0,0,1,0,25
300350402,0,0,0,4,0,0,4,0,8
300350403,1,0,0,22,1,2,8,2,36
300350404,0,0,0,4,0,0,0,0,4
300350405,0,0,0,21,0,0,0,0,21
300350406,0,0,0,13,0,0,2,0,15
300350407,0,0,1,21,0,0,4,0,26
300350408,0,0,0,33,0,0,0,1,34
300350409,0,0,2,43,0,0,0,0,45
300350410,0,0,0,6,0,0,2,0,8
300350411,0,0,1,10,0,1,0,0,12
300350412,0,1,0,5,0,0,0,0,6
300350413,0,0,0,3,0,0,0,0,3
300350414,2,0,0,94,0,1,0,0,97
300350501,0,0,0,18,2,1,4,1,26
300350502,0,0,0,14,0,0,2,0,16
300350503,0,0,0,3,0,0,1,0,4
300350504,0,0,0,25,1,0,7,0,33
300350505,0,0,0,12,0,0,1,0,13
300350506,0,0,0,13,0,0,1,0,14
300350507,0,0,0,66,0,0,0,0,66
300350601,0,0,0,3,0,0,2,0,5
300350602,0,0,0,7,0,0,0,0,7
300350603,0,0,0,17,0,0,3,0,20
300350604,0,0,0,8,0,0,1,0,9
300350605,0,0,1,23,0,0,0,1,25
300350606,0,0,0,12,1,1,2,1,17
300350701,0,0,0,48,1,0,4,0,53
300350702,0,1,0,29,0,0,0,0,30
300350703,0,0,0,19,0,0,0,0,19
300350704,0,0,0,21,0,1,0,0,22
300350705,0,0,1,13,9,0,1,0,24
300350706,0,0,0,35,0,0,2,0,37
300350801,0,3,0,22,0,0,1,0,26
300350802,1,1,0,34,1,0,1,1,39
300350803,0,0,0,28,0,0,0,0,28
300350804,0,1,3,37,0,0,0,0,41
300350805,0,0,2,25,0,0,0,0,27
300350901,0,2,0,21,0,0,0,1,24
300350902,1,1,0,31,0,0,1,0,34
300350903,1,0,0,8,1,0,0,0,10
300350904,0,0,0,3,0,1,0,1,5
300350905,0,0,0,26,0,0,3,0,29
300350906,0,0,0,9,1,0,0,0,10
300350907,0,0,0,7,0,0,1,0,8
300351001,0,0,0,1,0,0,0,0,1
300351002,0,0,0,4,0,0,0,0,4
300351003,0,0,0,25,0,0,3,0,28
300351004,0,0,0,10,1,0,2,0,13
300351005,0,0,0,80,0,0,5,1,86
300351006,0,0,1,86,0,0,4,1,92
300351007,2,20,0,170,3,2,2,1,200
300351101,0,0,0,16,0,2,0,0,18
300351102,0,0,4,33,0,0,0,0,37
300351103,0,1,3,323,4,6,12,3,352
300351104,0,1,3,187,3,0,1,0,195
300351105,1,1,2,197,3,1,1,1,207
300351106,0,1,0,128,1,0,0,4,134
300420101,5,29,2,141,4,8,30,5,224
300420102,2,1,0,208,1,9,28,2,251
300420103,14,3,1,165,4,14,12,1,214
300420104,2,8,6,258,2,5,3,0,284
300420105,1,1,1,170,3,6,16,0,198
300420106,2,6,5,247,5,1,4,0,270
300420107,4,4,7,230,0,1,1,4,251
300420108,0,0,0,136,2,3,29,14,184
300420109,1,2,1,113,2,1,11,0,131
300420110,2,60,1,147,1,2,9,0,222
300420111,0,0,0,197,4,5,27,3,236
300420112,3,1,0,154,1,17,8,0,184
300420201,0,0,0,49,3,0,5,0,57
300420202,1,0,0,50,1,3,13,0,68
300420203,1,0,0,32,0,0,11,0,44
300420204,0,2,1,87,1,4,39,0,134
300420205,1,0,0,85,4,0,4,5,99
300420206,0,0,0,50,2,8,32,0,92
300420301,0,0,0,18,0,0,7,0,25
300420302,0,1,0,39,1,1,21,0,63
300420303,0,0,0,50,0,5,16,1,72
300420304,0,0,0,5,1,0,0,1,7
300420305,0,0,0,36,0,2,10,1,49
300420401,0,0,0,10,0,0,5,0,15
300420402,0,0,0,23,0,0,2,0,25
300420403,0,0,0,8,0,2,1,2,13
300420404,0,0,0,40,0,2,7,0,49
300420405,3,0,0,5,0,0,0,0,8
300420406,0,0,0,19,0,2,4,0,25
300420501,0,0,0,12,1,1,3,0,17
300420502,0,0,0,4,0,5,3,0,12
300420503,0,6,1,92,0,2,6,0,107
300420504,0,0,0,38,0,1,2,0,41
300420601,0,0,0,3,1,0,1,0,5
300420602,0,0,0,22,2,0,4,0,28
300420603,0,0,0,31,0,0,2,0,33
300420604,0,1,0,26,1,1,5,0,34
300420605,0,0,1,14,1,0,0,0,16
300420701,0,0,0,17,1,1,1,0,20
300420702,0,0,0,14,0,0,1,0,15
300420703,0,0,0,37,0,2,3,0,42
300420704,0,0,1,59,1,5,18,1,85
300490101,1,4,12,73,1,0,0,0,91
300490102,2,5,2,385,28,4,0,2,428
300490103,1,8,13,226,3,0,1,0,252
300490104,0,3,1,144,7,0,0,0,155
300490105,15,13,6,273,6,0,0,0,313
300490106,3,15,8,299,2,0,0,1,328
300490107,5,11,8,269,6,2,0,0,301
300490108,11,14,3,273,2,1,0,1,305
300490109,5,11,3,129,1,0,0,0,149
300490110,6,9,15,154,3,0,0,1,188
300490111,7,12,11,230,6,0,1,0,267
300490112,2,38,1,151,7,1,0,0,200
300490113,0,8,3,120,24,0,0,0,155
300490114,8,95,7,34,0,1,0,0,145
300490201,1,12,6,217,5,0,0,1,242
300490202,2,23,3,328,6,1,0,0,363
300490203,10,4,0,191,4,0,1,0,210
300490204,1,5,19,150,3,0,0,2,180
300490205,3,2,7,185,2,0,0,0,199
300490206,3,7,2,179,2,1,0,0,194
300490207,11,15,4,117,1,1,0,1,150
300490208,2,8,6,177,2,0,0,1,196
300490209,3,9,9,200,5,0,1,0,227
300490210,6,5,2,318,3,0,0,6,340
300490211,5,14,7,236,1,0,0,0,263
300490212,19,15,5,91,0,0,0,0,130
300490213,2,44,12,164,8,0,0,0,230
300490214,6,12,5,136,6,1,0,1,167
300490215,6,10,4,110,0,1,0,0,131
300490216,1,4,1,115,1,0,1,0,123
300490217,0,4,1,79,0,0,0,0,84
300490218,10,9,6,236,7,0,1,0,269
300490219,15,36,12,198,8,0,0,0,269
300490220,8,8,4,270,7,1,2,1,301
300490221,2,1,1,227,2,3,0,1,237
300490222,0,6,0,208,7,0,1,0,222
300490301,5,14,18,346,4,1,0,1,389
300490302,3,19,9,164,0,0,0,0,195
300490303,3,15,5,115,2,0,0,1,141
300490304,7,23,18,131,2,0,0,0,181
300490305,18,40,9,163,4,0,0,0,234
300490306,23,9,4,256,4,0,0,0,296
300490307,25,10,3,216,2,1,1,0,258
300490308,3,8,1,334,1,1,1,0,349
300490309,5,27,9,248,91,0,0,6,386
300490310,38,1,1,337,5,1,1,1,385
300490311,2,0,1,143,2,2,2,1,153
300490312,2,1,0,246,6,4,0,0,259
300490401,0,0,3,127,4,2,0,0,136
300490402,3,2,3,90,0,2,0,0,100
300490403,0,1,1,84,3,1,0,0,90
300490404,0,0,0,17,0,0,0,0,17
300490405,0,0,1,19,1,0,0,0,21
300490406,0,0,1,6,0,0,0,0,7
300490407,0,1,5,97,1,2,0,1,107
300490408,0,0,0,42,0,0,0,0,42
300490409,1,7,4,119,0,1,0,3,135
300490410,0,0,0,2,2,0,0,0,4
300490411,1,2,9,149,2,0,0,3,166
300490412,3,3,5,334,9,1,1,1,357
300490413,1,47,7,224,37,4,0,0,320
300490414,4,3,0,218,4,0,0,2,231
300490415,1,0,0,191,13,4,1,0,210
300490416,0,0,0,3,0,0,0,0,3
300490417,1,1,0,86,1,0,0,0,89
300490501,0,0,0,23,0,0,0,0,23
300490502,0,0,0,15,0,0,0,0,15
300490503,0,1,0,36,0,0,0,0,37
300490504,0,0,0,15,0,0,0,0,15
300490505,0,0,0,21,1,0,0,0,22
300490506,0,0,0,18,1,0,0,0,19
300490507,0,0,0,27,0,0,0,0,27
300490508,0,0,0,33,1,0,0,0,34
300490509,0,0,1,29,0,1,2,2,35
300490510,0,0,0,36,0,0,0,1,37
300490511,4,2,0,112,0,0,0,0,118
300490512,0,0,0,48,0,0,1,0,49
300490513,0,1,0,14,1,0,0,0,16
300490601,0,0,1,26,0,0,0,0,27
300490602,0,0,2,20,4,0,0,0,26
300490603,1,0,1,19,1,2,0,0,24
300490604,0,0,1,15,0,0,0,0,16
300490605,0,1,2,24,3,0,0,1,31
300490606,0,0,0,21,0,1,0,0,22
300490607,0,0,0,10,0,0,0,0,10
300490608,0,0,0,3,0,0,0,0,3
300490609,0,0,1,35,1,0,0,0,37
300490610,0,0,0,14,0,0,0,1,15
300490611,1,0,1,106,3,2,1,0,114
300490701,1,0,0,16,0,0,0,0,17
300490702,0,1,0,54,1,0,0,0,56
300490703,2,1,0,14,2,0,0,0,19
300490704,0,0,0,7,0,0,0,0,7
300490705,0,0,0,10,0,0,1,0,11
300490706,0,0,1,38,0,0,0,0,39
300490707,0,0,1,18,1,0,0,0,20
300490708,0,1,0,30,1,0,0,0,32
300490709,2,0,1,11,0,0,0,0,14
300490710,0,1,0,9,1,0,0,0,11
300490711,0,0,0,15,0,0,0,0,15
300490712,0,0,0,10,2,0,0,0,12
300490801,0,0,0,6,0,0,0,0,6
300490802,0,0,0,27,0,0,0,1,28
300490803,0,0,0,20,0,2,2,0,24
300490804,0,1,1,25,0,0,0,0,27
300490805,0,0,0,24,1,0,2,1,28
300490806,0,0,0,42,2,0,1,1,46
300490807,0,0,0,10,0,0,0,0,10
300490901,0,0,0,26,1,1,2,1,31
300490902,0,1,1,70,5,0,0,0,77
300491001,0,0,0,1,0,0,0,0,1
300491002,0,1,0,9,0,0,0,0,10
300491003,0,1,1,18,0,0,0,0,20
300491004,0,0,1,17,0,0,0,0,18
300491005,2,0,0,75,2,0,0,0,79
300491006,17,14,8,156,4,0,0,0,199
300491007,1,4,4,288,4,1,1,2,305
300491008,0,4,9,170,1,0,0,0,184
300491009,0,9,10,121,0,0,0,0,140
300491010,7,40,12,261,2,0,0,0,322
300491011,2,0,1,296,9,0,0,0,308
300560101,3,11,5,257,6,2,1,14,299
300560102,2,1,0,240,3,0,0,3,249
300560103,4,30,3,321,6,0,0,0,364
300560104,25,89,13,180,2,0,0,0,309
300560105,26,24,3,316,3,0,1,0,373
300560106,5,41,6,306,5,0,1,1,365
300560107,16,15,7,334,4,2,0,1,379
300560108,11,34,46,243,7,1,0,0,342
300560109,1,30,4,197,10,0,0,1,243
300560110,6,34,4,326,7,0,1,4,382
300560111,12,79,18,229,3,0,0,3,344
300560112,1,35,1,117,1,0,0,0,155
300560113,15,67,6,96,1,0,0,0,185
300560114,5,37,11,174,1,0,0,0,228
300560115,11,67,10,301,9,1,0,1,400
300560116,4,49,6,275,5,0,0,1,340
300560117,3,54,4,228,0,0,1,0,290
300560118,6,35,2,70,0,0,0,1,114
300560119,5,34,5,146,1,0,0,3,194
300560120,7,85,3,131,1,0,0,0,227
300560121,44,27,4,92,1,0,0,2,170
300560122,2,45,6,174,0,0,0,0,227
300560201,4,12,4,252,2,0,0,0,274
300560202,2,4,88,129,3,0,0,0,226
300560203,0,10,51,292,4,14,2,3,376
300560204,3,3,0,142,3,1,0,1,153
300560205,3,21,1,347,5,2,3,0,382
300560206,4,22,2,340,8,0,3,2,381
300560207,2,20,13,196,3,0,0,1,235
300560208,2,12,1,182,4,0,0,0,201
300560209,5,26,7,163,1,1,0,0,203
300560210,4,33,8,150,0,0,2,0,197
300560211,1,33,4,104,0,0,0,0,142
300560212,17,47,6,119,11,0,1,0,201
300560213,5,33,9,164,1,0,2,0,214
300560214,5,31,9,182,3,0,2,2,234
300560215,4,32,3,181,5,1,0,1,227
300560216,8,31,4,240,8,0,1,0,292
300560217,4,38,4,181,2,0,1,1,231
300560218,10,33,7,130,7,0,0,0,187
300560219,5,33,8,119,4,0,0,0,169
300560220,13,54,11,184,1,1,0,3,267
300560221,10,30,14,122,1,0,0,0,177
300560301,3,38,5,28,2,0,0,0,76
300560302,5,60,0,54,0,0,0,0,119
300560303,30,73,3,148,1,0,0,0,255
300560304,8,49,5,116,2,0,1,0,181
300560305,8,29,8,82,0,1,0,0,128
300560306,25,40,4,106,2,0,0,2,179
300560307,9,48,5,146,3,0,0,3,214
300560308,10,40,19,209,0,0,1,0,279
300560309,11,48,4,110,2,0,0,0,175
300560310,8,41,10,183,0,0,0,1,243
300560311,4,32,5,141,1,0,1,1,185
300560312,9,24,5,179,3,0,0,1,221
300560313,9,30,5,289,6,2,0,2,343
300560314,5,27,1,236,3,0,0,0,272
300560315,4,20,0,94,0,0,0,0,118
300560316,27,32,2,149,0,0,0,0,210
300560317,9,41,1,250,31,0,0,0,332
300560318,4,15,1,191,119,0,0,0,330
300560319,1,4,2,117,1,0,0,0,125
300560401,8,36,7,163,0,0,0,0,214
300560402,2,28,4,156,2,0,0,0,192
300560403,7,23,1,88,5,1,0,17,142
300560404,17,44,4,94,1,0,0,0,160
300560405,5,60,4,243,3,0,0,3,318
300560406,6,27,2,201,5,0,0,0,241
300560407,8,20,2,221,21,0,0,0,272
300560408,7,24,10,275,17,0,0,0,333
300560409,7,21,4,292,2,0,0,10,336
300560410,6,5,2,338,8,0,0,0,359
300560411,7,5,2,173,97,1,1,1,287
300560412,2,4,1,262,1,1,0,1,272
300560413,10,7,0,214,11,2,0,1,245
300560414,0,1,0,380,4,0,1,0,386
300560415,0,6,2,262,30,2,4,0,306
300560416,0,4,4,188,4,0,2,1,203
300560417,0,10,5,260,3,1,3,1,283
300560418,2,12,1,235,5,1,1,0,257
300560501,2,19,8,109,3,0,0,0,141
300560502,1,1,4,141,4,0,0,0,151
300560503,0,131,1,13,0,0,0,0,145
300560504,41,259,5,12,0,0,0,0,317
300560505,2,2,29,152,5,3,1,1,195
300560506,16,43,22,74,3,0,0,0,158
300560507,3,16,59,148,2,0,1,1,230
300560508,0,6,0,213,5,3,1,0,228
300560509,0,8,0,184,4,1,0,1,198
300560510,3,24,2,206,11,0,2,1,249
300560511,5,36,0,246,4,0,2,6,299
300560512,1,12,3,164,4,1,0,1,186
300560513,16,58,2,223,4,0,0,2,305
300560601,0,2,1,52,5,1,1,0,62
300560602,0,3,1,113,1,1,1,0,120
300560603,0,1,0,21,0,1,0,0,23
300560604,3,4,4,30,0,1,4,0,46
300560605,0,4,4,360,2,1,0,0,371
300560606,1,26,3,274,6,1,1,0,312
300560607,1,3,3,111,0,1,0,0,119
300560608,0,5,1,338,5,0,0,0,349
300560609,0,1,0,22,0,0,0,0,23
300560610,2,6,12,176,2,0,0,0,198
300560611,0,1,3,58,5,0,0,0,67
300560612,0,0,0,19,0,0,0,0,19
300560701,58,303,0,23,1,0,0,4,389
300560702,5,7,5,307,3,7,0,8,342
300560703,1,4,10,50,2,0,2,0,69
300560704,0,0,0,33,0,0,0,0,33
300560705,0,4,0,77,3,2,1,0,87
300560706,6,7,8,237,8,3,2,1,272
300560707,0,1,1,46,4,0,0,1,53
300560801,0,0,0,15,0,1,0,0,16
300560802,0,1,0,11,0,0,0,0,12
300560803,0,0,0,1,0,0,0,0,1
300560804,0,0,0,41,2,1,0,0,44
300560805,0,0,1,12,1,0,0,0,14
300560806,0,0,1,9,1,0,0,0,11
300560807,0,0,0,6,0,0,0,0,6
300560808,0,0,0,54,0,0,0,0,54
300560809,0,0,0,26,1,0,0,0,27
300560810,0,1,1,54,0,1,0,0,57
300560811,3,4,7,128,10,0,0,0,152
300560812,0,2,0,95,0,0,1,2,100
300560901,0,1,0,17,0,0,0,1,19
300560902,0,4,0,40,0,0,0,0,44
300560903,0,0,1,6,0,0,0,0,7
300560904,0,1,1,9,1,0,0,0,12
300560905,0,0,1,7,0,0,0,0,8
300560906,0,0,0,20,2,1,0,0,23
300560907,0,3,0,39,0,0,0,0,42
300560908,1,4,2,42,0,0,0,0,49
300560909,0,0,0,36,0,0,0,0,36
300560910,0,0,0,15,0,0,0,0,15
300560911,0,3,3,101,8,3,0,0,118
300560912,0,0,0,9,0,0,0,0,9
300560913,0,0,1,14,0,0,0,0,15
300560914,0,0,1,5,0,0,0,0,6
300560915,2,9,12,123,0,1,0,0,147
300560916,1,21,27,163,1,0,0,0,213
300561001,2,0,2,38,2,0,0,0,44
300561002,0,0,1,4,0,0,0,0,5
300561003,1,0,0,40,2,0,0,0,43
300561004,0,3,4,61,1,1,0,0,70
300561005,0,2,0,34,1,0,0,0,37
300561006,0,0,0,5,0,0,0,0,5
300561007,0,0,0,14,0,0,0,0,14
300561008,1,0,0,21,0,0,0,1,23
300561009,0,2,1,71,0,0,0,1,75
300561010,0,1,1,17,0,0,0,0,19
300561011,0,0,1,50,1,0,0,0,52
300561101,0,0,0,5,0,0,0,0,5
300561102,0,0,3,14,0,0,0,0,17
300561103,3,0,0,14,0,0,0,0,17
300561104,0,0,1,12,0,0,1,0,14
300561105,0,0,0,15,0,0,0,0,15
300561106,0,0,0,20,0,0,0,0,20
300561107,0,0,0,20,0,0,0,0,20
300561108,0,0,0,6,1,0,0,0,7
300561109,0,0,0,19,0,0,0,0,19
300561110,0,1,0,15,2,0,0,1,19
300561111,1,2,2,101,1,0,0,1,108
300561201,0,0,2,64,4,1,0,1,72
300561202,0,0,0,44,5,0,0,0,49
300561203,0,0,0,22,0,0,3,0,25
300561204,0,0,2,34,0,0,5,1,42
300561205,0,1,2,41,1,0,1,0,46
300561206,18,3,1,29,0,0,2,0,53
300561207,0,3,0,36,0,0,0,0,39
300561208,1,1,1,36,0,0,0,2,41
300561209,5,0,0,10,1,0,0,0,16
300561301,0,0,0,7,0,0,0,0,7
300561302,0,1,0,47,0,0,0,0,48
300561303,0,3,2,17,0,0,1,0,23
300561304,0,0,0,11,0,0,0,0,11
300561305,0,1,0,11,0,0,0,0,12
300561306,1,0,0,47,1,1,1,0,51
300561307,0,0,1,15,1,1,0,0,18
300561308,0,0,1,21,7,1,0,0,30
300561309,0,0,0,8,0,0,0,0,8
300561310,0,0,0,24,0,0,0,0,24
300561401,1,0,1,45,1,0,1,0,49
300561402,0,0,1,9,0,0,0,0,10
300561403,1,0,1,15,0,0,0,0,17
300561404,0,0,0,13,2,0,0,0,15
300561405,0,0,0,17,0,0,1,0,18
300561406,1,3,11,207,2,0,0,1,225
300561501,1,6,1,164,2,1,0,1,176
300561502,1,5,2,188,6,4,0,0,206
300561503,3,5,2,206,6,1,0,1,224
300561504,3,31,2,156,10,0,0,0,202
300561505,13,25,17,90,3,1,0,0,149
300561506,9,27,15,162,2,0,0,1,216
300561507,5,29,23,218,4,0,0,0,279
300561508,1,17,14,129,0,0,0,0,161
300561509,11,24,8,209,2,1,0,0,255
300561510,0,3,2,103,0,0,0,1,109
300561511,0,46,1,208,3,0,2,1,261
300561512,11,26,13,187,3,2,0,0,242
300561513,3,32,12,232,3,2,0,0,284
300561601,1,2,0,61,1,0,0,0,65
300561602,1,1,1,45,0,0,0,0,48
300561603,1,0,0,0,0,0,0,0,1
300561604,2,5,12,112,1,0,0,0,132
300561605,0,0,0,17,0,0,0,0,17
300561701,0,0,0,20,1,0,0,0,21
300561702,0,1,2,61,1,0,0,0,65
300561703,0,0,2,157,0,0,0,0,159
300561704,6,16,18,217,5,0,0,0,262
300561705,1,1,2,238,3,1,0,0,246
300561706,0,11,2,120,1,0,0,0,134
300561707,0,3,4,200,9,3,0,2,221
300561708,2,59,5,108,1,0,0,0,175
300561709,0,11,8,146,1,0,0,0,166
300561710,0,24,5,124,1,0,0,0,154
300561711,1,12,8,148,3,1,0,0,173
300561712,1,2,2,158,11,0,0,0,174
300561801,0,0,0,19,12,1,0,1,33
300561802,0,1,0,12,0,0,0,0,13
300561803,0,0,0,1,1,0,6,0,8
300561804,0,1,0,28,0,0,0,0,29
300561805,0,2,1,22,0,0,0,0,25
300561806,0,3,0,14,0,0,4,0,21
300561807,0,0,0,13,4,0,0,0,17
300561808,3,0,3,45,2,2,3,7,65
300561809,0,3,11,47,1,2,12,1,77
300561810,5,10,8,124,7,1,3,0,158
300561811,3,7,7,152,12,1,2,0,184
300561812,4,5,7,112,0,0,2,0,130
300561813,1,3,3,79,5,0,3,0,94
300561814,2,2,1,81,4,0,1,0,91
300561815,0,1,0,20,0,0,0,0,21
300630101,2,3,0,16,9,0,0,0,30
300630102,1,1,0,19,0,2,0,0,23
300630103,2,5,2,83,6,2,0,0,100
300630104,1,2,1,29,10,0,0,0,43
300630105,0,0,0,29,2,1,1,0,33
300630106,1,0,0,7,3,0,0,0,11
300630107,2,0,1,39,7,0,0,1,50
300630108,2,1,0,31,6,0,0,1,41
300630109,0,0,0,5,1,0,0,0,6
300630110,1,23,6,201,8,26,0,0,265
300630111,0,6,5,214,10,3,1,4,243
300630201,1,2,0,33,0,0,0,1,37
300630202,0,0,0,16,1,0,0,0,17
300630203,0,17,0,48,1,0,0,0,66
300630204,4,5,3,257,4,0,0,1,274
300630205,2,26,1,292,5,1,0,0,327
300630206,5,13,0,268,4,1,0,2,293
300630207,2,3,1,261,6,1,0,0,274
300630301,0,0,0,42,0,0,1,0,43
300630302,0,0,0,16,1,0,0,0,17
300630303,0,1,0,25,1,0,1,0,28
300630304,0,2,0,174,3,0,0,0,179
300630401,0,0,0,3,0,0,0,0,3
300630402,0,0,0,1,0,0,0,0,1
300630403,0,0,0,5,0,0,0,1,6
300630404,0,0,0,4,1,0,0,0,5
300630405,0,2,0,11,1,0,0,0,14
300630406,0,2,0,46,2,0,0,0,50
300630407,0,0,0,13,0,1,0,0,14
300630408,0,1,0,15,0,0,0,0,16
300630409,0,0,0,11,2,1,0,0,14
300630410,0,0,0,1,0,0,0,0,1
300630411,0,0,0,3,0,0,0,0,3
300630412,5,0,2,173,0,1,0,0,181
300630413,3,3,1,243,7,1,0,1,259
300630501,0,0,0,22,0,1,0,0,23
300630502,0,0,1,38,0,0,0,0,39
300630503,0,0,0,7,0,1,0,0,8
300630504,0,2,1,27,2,1,0,0,33
300630505,0,5,4,58,5,2,2,0,76
300630506,0,0,0,5,1,0,1,0,7
300630507,1,0,1,17,7,4,0,1,31
300630508,4,12,0,91,11,7,3,0,128
300630509,3,1,2,44,2,1,0,0,53
300630510,0,0,0,6,2,1,1,0,10
300630511,0,0,1,11,0,1,0,1,14
300630512,0,5,0,43,2,0,1,0,51
300630513,0,0,0,4,0,0,0,0,4
300630514,0,0,0,1,0,0,0,0,1
300700101,9,28,6,60,0,1,2,2,108
300700102,17,41,4,100,1,0,0,0,163
300700103,4,23,4,114,1,1,0,0,147
300700104,9,5,1,160,1,1,0,5,182
300700105,5,20,5,148,2,2,0,2,184
300700106,2,3,2,250,5,3,0,0,265
300700107,20,34,10,141,3,0,0,0,208
300700108,18,16,8,197,5,0,0,0,244
300700109,22,43,15,171,3,2,1,0,257
300700110,6,21,4,152,1,2,4,1,191
300700111,45,28,3,133,2,8,2,1,222
300700112,8,22,5,137,3,0,0,1,176
300700113,9,30,14,234,5,2,1,2,297
300700114,17,19,7,315,2,8,3,1,372
300700115,6,40,4,252,9,1,1,4,317
300700201,5,23,4,231,6,1,0,2,272
300700202,15,48,1,103,23,1,0,9,200
300700203,15,54,3,174,0,1,0,3,250
300700204,6,6,0,194,3,5,0,5,219
300700205,1,7,1,133,10,2,2,3,159
300700206,1,11,1,240,3,2,1,5,264
300700207,2,13,1,116,5,1,0,0,138
300700208,1,3,0,126,9,8,2,0,149
300700209,0,0,1,188,9,3,3,7,211
300700210,2,2,1,199,1,5,4,7,221
300700301,0,1,1,3,0,0,0,0,5
300700302,0,4,0,55,0,1,0,0,60
300700303,1,2,3,226,2,2,0,2,238
300700304,17,23,4,192,2,0,1,0,239
300700305,1,3,2,95,0,2,1,3,107
300700306,1,0,0,64,0,1,1,1,68
300700307,2,1,2,43,2,0,0,2,52
300700308,12,38,4,184,3,2,1,2,246
300700309,0,5,2,106,2,0,5,2,122
300700310,30,69,1,182,1,2,0,1,286
300700311,4,3,2,133,5,2,2,0,151
300700312,0,2,1,67,1,2,1,0,74
300700313,0,1,2,18,3,0,4,1,29
300700314,0,0,0,8,0,1,0,0,9
300700401,0,0,0,47,2,2,1,2,54
300700402,0,2,0,31,1,0,1,0,35
300700403,0,0,0,4,0,0,1,0,5
300700404,0,0,0,13,0,0,2,0,15
300700405,0,0,0,20,1,3,1,0,25
300700406,0,0,0,80,1,5,2,0,88
300700407,0,0,0,38,1,3,1,0,43
300700408,0,0,0,58,1,4,5,0,68
300700409,0,2,0,27,0,0,1,1,31
300700410,0,0,1,2,0,0,0,0,3
300700411,0,0,0,43,0,1,5,0,49
300700412,0,0,2,12,0,0,0,0,14
300700413,0,1,0,27,0,1,1,5,35
300700414,0,4,0,28,2,2,0,1,37
300700415,0,0,0,58,0,0,2,0,60
300700416,0,0,0,21,0,0,0,0,21
300700501,1,0,1,34,0,0,2,1,39
300700502,0,0,1,29,1,0,1,0,32
300700503,0,0,0,36,0,1,0,0,37
300700504,0,0,0,9,0,0,1,0,10
300700505,0,0,0,42,4,0,0,0,46
300700506,0,0,2,40,0,0,0,0,42
300700507,0,1,0,37,0,1,0,0,39
300700508,0,0,1,6,0,0,0,0,7
300700509,0,0,1,25,0,1,1,1,29
300700510,1,0,2,122,2,2,2,1,132
300700511,1,1,1,196,2,1,0,0,202
300700601,0,1,0,7,0,0,0,0,8
300700602,0,0,0,11,0,0,0,0,11
300700603,0,0,1,8,0,1,0,0,10
300700604,0,0,2,19,0,0,0,0,21
300700605,0,0,0,4,0,0,1,0,5
300700606,0,0,1,4,0,0,0,1,6
300700607,1,0,0,18,0,0,0,0,19
300700608,1,2,2,54,2,2,3,1,67
300700609,1,0,0,20,1,3,0,0,25
300700701,0,1,1,49,3,0,0,3,57
300700702,0,0,0,14,2,0,6,0,22
300700703,0,0,1,40,2,0,6,0,49
300700704,0,0,0,19,0,1,0,0,20
300700705,0,1,1,22,0,0,7,0,31
300700706,1,0,0,23,3,0,19,0,46
300700801,0,1,0,5,1,0,6,0,13
300700802,0,0,0,10,0,0,1,0,11
300700803,0,0,1,21,0,0,2,2,26
300700804,0,0,0,9,0,0,6,1,16
300700805,0,0,0,14,0,0,2,0,16
300700806,0,0,0,20,0,1,0,0,21
300700807,0,0,0,16,0,0,0,0,16
300700808,0,0,0,10,0,0,1,0,11
300700809,1,0,0,16,0,0,0,0,17
300700810,0,1,0,113,1,1,17,0,133
300700901,0,1,0,27,0,2,3,0,33
300700902,0,0,1,6,0,0,2,1,10
300700903,0,0,1,61,2,2,2,0,68
300700904,1,2,1,24,0,0,0,0,28
300700905,1,0,1,21,0,0,0,0,23
300700906,0,0,0,5,0,0,0,0,5
300700907,0,3,0,59,0,0,1,0,63
300700908,0,1,0,30,0,0,0,0,31
300700909,0,1,0,71,1,0,2,2,77
300701001,0,0,0,1,0,0,0,0,1
300701002,0,0,0,10,0,0,0,1,11
300701003,0,26,2,80,1,1,1,0,111
300701004,3,22,0,154,11,2,3,1,196
300701005,3,46,1,150,2,1,5,2,210
300701006,4,15,74,36,1,0,0,0,130
300701007,15,45,0,99,0,0,0,0,159
300701008,18,57,5,217,5,3,1,4,310
300701009,6,61,1,197,3,5,2,0,275
300701010,25,80,5,210,5,1,1,2,329
300701011,6,36,5,134,8,3,0,0,192
300701101,15,26,1,138,12,1,0,0,193
300701102,7,16,3,128,2,3,2,0,161
300701103,17,43,1,148,6,2,0,3,220
300701104,16,46,1,247,2,7,1,0,320
300701105,1,31,1,141,1,3,4,0,182
300701106,11,224,3,108,12,0,0,0,358
300701107,6,51,2,164,0,0,0,1,224
300701108,31,70,8,109,0,0,0,0,218
300701109,2,24,2,178,7,0,1,0,214
300701110,0,7,0,327,4,1,2,2,343
300701111,4,35,1,270,7,10,3,1,331
300701112,0,4,0,74,0,6,2,3,89
300701201,0,1,0,74,1,1,6,0,83
300701202,0,2,0,18,0,0,0,1,21
300701203,0,1,1,16,2,0,0,0,20
300701204,0,1,0,59,2,2,2,2,68
300701205,0,1,0,23,0,0,1,0,25
300701206,0,3,0,25,0,0,0,0,28
300701207,0,4,0,30,4,0,1,0,39
300701208,0,1,3,21,0,0,0,0,25
300701209,0,2,0,30,1,0,1,0,34
300701210,0,0,0,19,2,0,0,0,21
300701211,0,0,0,0,0,0,0,0,0
300701212,0,5,8,62,6,0,1,0,82
300701213,1,25,10,264,4,2,4,0,310
300701301,2,4,4,68,1,2,3,0,84
300701302,0,13,4,69,0,1,3,3,93
300701303,0,0,2,19,0,2,3,0,26
300701304,1,3,0,35,0,1,5,0,45
300701305,0,0,1,10,0,0,1,0,12
300701306,0,0,0,17,0,0,1,0,18
300701307,0,0,1,20,1,0,0,0,22
300701308,0,10,1,43,0,0,3,1,58
300701309,0,9,0,175,1,0,0,0,185
300701310,3,21,5,85,0,0,0,1,115
300701311,0,21,0,148,0,3,3,0,175
300701312,0,26,1,131,4,0,2,0,164
300701401,0,0,0,12,0,0,0,0,12
300701402,0,0,0,14,0,1,3,0,18
300701403,4,0,0,9,1,0,0,0,14
300701404,1,4,0,12,0,0,0,0,17
300701405,2,5,1,281,15,3,5,0,312
300701406,2,42,16,158,6,1,1,1,227
300701407,10,14,2,184,3,1,3,0,217
300701408,4,7,1,212,13,6,3,2,248
300701409,6,29,1,180,1,3,1,4,225
300701410,8,39,13,140,5,1,0,1,207
300701411,27,119,16,197,6,2,0,5,372
300701412,0,18,2,233,4,1,0,0,258
300701413,8,6,0,310,3,0,1,1,329
300701501,0,0,0,3,0,0,1,0,4
300770101,1,9,2,110,0,1,0,1,124
300770102,40,30,6,183,4,3,0,3,269
300770103,5,17,5,151,1,0,0,0,179
300770104,1,6,0,194,0,2,0,3,206
300770105,0,7,0,216,2,0,0,0,225
300770106,0,16,0,174,1,0,0,0,191
300770107,3,17,9,182,2,1,1,0,215
300770108,0,34,2,145,2,0,0,1,184
300770109,4,64,8,149,2,0,0,1,228
300770110,13,32,10,283,8,0,1,4,351
300770111,21,46,8,69,3,0,0,0,147
300770112,2,3,0,91,0,1,1,0,98
300770113,9,33,7,251,5,0,0,1,306
300770114,8,63,23,181,1,0,0,0,276
300770115,22,45,14,150,2,0,0,1,234
300770201,4,10,2,211,0,0,0,0,227
300770202,8,32,21,227,2,0,0,0,290
300770203,2,7,4,114,2,1,1,0,131
300770204,12,19,4,172,2,0,0,1,210
300770205,14,40,11,152,0,0,0,0,217
300770206,4,14,6,163,1,1,1,2,192
300770207,1,23,10,200,3,0,0,1,238
300770208,15,27,15,149,0,0,0,4,210
300770209,3,8,2,170,2,2,0,1,188
300770210,3,10,7,226,3,0,0,0,249
300770211,3,15,1,230,5,0,0,0,254
300770212,2,1,0,98,0,0,0,1,102
300770213,14,146,2,104,15,0,0,0,281
300770214,0,1,1,176,1,0,0,3,182
300770215,1,0,0,209,0,0,0,0,210
300770216,5,0,0,284,32,2,0,1,324
300770217,1,5,0,106,1,0,0,0,113
300770301,0,1,0,17,0,0,0,0,18
300770302,1,1,2,68,0,0,1,2,75
300770303,0,1,0,17,1,1,0,0,20
300770304,0,2,2,73,1,2,2,2,84
300770305,0,10,7,82,1,0,0,0,100
300770306,0,3,1,72,0,0,0,0,76
300770401,0,0,0,14,0,0,0,0,14
300770402,2,0,0,18,0,0,0,0,20
300770403,0,1,1,37,0,0,0,0,39
300770404,1,0,1,25,0,0,0,0,27
300770405,10,2,0,38,0,0,0,1,51
300770406,0,1,0,26,0,0,0,0,27
300770407,0,1,0,27,0,0,0,0,28
300770408,0,0,0,36,0,1,1,0,38
300770409,0,0,0,14,1,0,0,0,15
300770410,0,0,0,27,0,1,3,0,31
300770411,0,0,1,24,0,0,0,1,26
300770412,0,0,0,15,0,0,0,0,15
300770413,0,0,0,9,0,0,0,0,9
300770414,0,0,1,38,0,0,1,1,41
300770415,0,2,1,20,0,0,1,0,24
300770416,0,2,0,30,0,0,0,0,32
300770417,0,1,0,15,0,0,0,0,16
300770501,0,0,0,31,0,0,0,1,32
300770502,0,0,0,5,0,0,0,0,5
300770503,0,1,2,20,1,0,0,0,24
300770504,0,0,0,18,0,0,0,0,18
300770505,1,0,0,46,1,0,0,0,48
300770506,1,1,0,38,0,0,0,0,40
300770507,0,0,0,40,1,1,0,0,42
300770508,0,0,0,19,0,0,2,0,21
300770509,0,0,0,7,0,0,0,0,7
300770510,0,0,0,32,0,0,0,0,32
300770511,0,0,0,10,0,0,0,0,10
300770512,0,0,1,4,0,0,0,0,5
300770513,0,1,0,28,1,0,0,0,30
300770514,0,0,0,31,0,0,2,0,33
300770515,0,1,0,19,0,0,0,0,20
300770516,0,0,0,50,0,0,0,0,50
300770517,0,0,0,27,1,0,1,0,29
300770518,0,0,1,20,0,0,0,0,21
300770519,0,0,0,7,0,0,0,0,7
300770601,0,9,2,35,0,0,0,0,46
300770602,0,8,0,3,0,0,0,0,11
300770603,0,4,2,35,0,0,0,0,41
300770604,0,2,1,3,0,0,0,0,6
300770605,0,3,2,40,0,0,0,0,45
300770606,0,3,2,31,1,0,0,1,38
300770607,0,2,0,33,0,0,0,0,35
300770608,0,1,0,13,0,0,0,0,14
300770609,0,0,0,18,0,0,0,0,18
300770610,0,2,0,28,0,0,0,0,30
300770611,1,1,1,15,1,0,0,0,19
300770612,1,1,0,91,0,0,0,2,95
300770613,0,0,0,5,0,0,0,0,5
300770701,1,5,1,39,0,0,0,1,47
300770702,0,0,0,30,0,0,0,0,30
300770703,3,1,0,11,0,0,0,1,16
300770704,0,0,0,19,0,0,0,0,19
300770705,0,2,1,19,2,0,0,0,24
300770706,5,14,7,208,0,0,0,1,235
300770707,1,6,1,247,4,0,0,0,259
300770708,0,0,0,10,0,0,0,0,10
300770709,0,2,1,22,0,0,0,0,25
300770710,1,0,1,19,0,0,0,0,21
300770711,0,0,0,7,0,0,0,0,7
300770801,1,1,0,85,2,0,0,0,89
300770802,6,6,4,124,0,0,0,0,140
300770803,4,32,5,103,1,0,0,1,146
300770804,20,18,7,119,4,0,0,2,170
300770805,0,0,0,31,0,0,0,0,31
300770806,0,2,2,55,1,0,1,1,62
300770807,0,0,0,6,0,0,0,0,6
300770901,0,0,0,21,0,0,0,0,21
300770902,0,0,0,13,0,0,0,0,13
300770903,0,0,1,24,0,0,0,0,25
300770904,1,0,3,61,0,0,0,1,66
300770905,0,0,1,7,0,0,0,0,8
300770906,2,2,2,88,1,0,0,0,95
300770907,1,0,1,18,0,0,0,0,20
300770908,0,0,0,22,0,1,0,0,23
300771001,0,1,1,25,0,0,0,0,27
300771002,0,0,0,31,0,0,0,0,31
300771003,0,0,0,14,0,0,0,0,14
300771004,0,0,0,9,0,0,0,0,9
300771005,0,0,0,13,0,0,0,0,13
300771006,0,0,0,4,0,0,0,0,4
300771101,1,1,5,28,0,0,0,1,36
300771102,0,2,0,18,0,0,0,0,20
300771103,1,1,0,54,2,0,1,0,59
300771104,0,0,0,23,0,0,0,0,23
300771105,1,0,0,18,1,0,0,0,20
300771106,0,2,0,6,0,0,0,0,8
300771107,0,0,0,3,0,0,0,0,3
300771108,0,0,0,21,0,0,0,0,21
300771109,0,1,1,22,2,0,0,0,26
300771110,0,1,1,26,5,0,0,0,33
300771111,0,1,1,25,0,0,0,0,27
300771112,0,0,0,37,0,0,0,0,37
300771113,1,2,0,35,0,0,0,0,38
300771114,0,0,0,30,1,0,0,0,31
300771115,0,0,0,20,0,0,0,0,20
300771201,24,12,0,249,8,0,0,2,295
300771202,1,0,0,130,1,0,0,0,132
300771203,8,14,4,186,1,0,0,0,213
300771204,4,14,9,168,1,0,0,3,199
300771205,10,35,4,144,5,1,0,0,199
300771206,0,3,2,162,2,1,0,0,170
300771207,2,7,4,218,1,0,0,4,236
300771208,1,1,0,33,0,0,0,0,35
300771209,0,0,0,29,0,0,0,0,29
300771210,0,0,0,13,1,0,0,0,14
300771211,0,1,1,8,0,0,0,0,10
300771212,0,0,0,11,0,0,0,0,11
300771213,0,0,0,2,0,0,0,0,2
300840101,16,108,5,139,1,0,0,4,273
300840102,2,46,6,190,2,0,0,0,246
300840103,6,36,13,37,10,0,2,1,105
300840104,19,65,3,188,1,1,2,15,294
300840105,11,86,10,160,3,4,1,1,276
300840106,3,72,8,108,3,0,0,0,194
300840107,5,48,3,117,3,3,0,1,180
300840108,6,131,3,232,1,0,0,0,373
300840109,2,35,1,77,0,0,0,1,116
300840110,15,4,0,172,5,2,1,1,200
300840111,5,21,2,319,3,1,0,0,351
300840112,4,118,7,188,6,1,0,0,324
300840113,17,131,1,197,7,0,0,1,354
300840114,8,167,6,214,3,2,1,0,401
300840201,10,103,2,100,7,1,0,0,223
300840202,51,83,20,14,0,0,0,2,170
300840203,49,133,32,21,0,0,0,0,235
300840204,76,76,7,8,1,0,1,27,196
300840205,82,207,15,21,0,0,0,1,326
300840206,14,105,11,28,0,0,0,29,187
300840207,44,95,15,19,0,0,1,0,174
300840208,8,149,10,40,98,0,0,0,305
300840209,41,151,6,32,1,0,0,1,232
300840210,41,63,10,14,0,0,0,0,128
300840211,6,172,4,14,0,1,0,0,197
300840212,95,150,1,4,0,0,0,0,250
300840213,46,176,12,19,0,0,0,1,254
300840214,25,92,10,29,1,0,0,1,158
300840215,57,144,4,43,3,0,0,0,251
300840216,23,206,11,83,2,1,0,0,326
300840217,26,172,16,54,3,0,0,1,272
300840218,82,133,6,23,0,0,0,3,247
300840219,64,87,4,52,16,0,0,0,223
300840220,26,144,3,30,3,0,0,0,206
300840221,33,132,7,33,3,0,0,0,208
300840222,46,111,2,9,0,0,0,0,168
300840223,24,111,0,32,0,0,0,0,167
300840224,12,130,3,9,1,0,0,2,157
300840301,41,220,28,45,0,1,0,0,335
300840302,7,43,32,186,13,2,0,15,298
300840303,20,98,18,109,0,1,0,0,246
300840304,16,147,7,64,3,0,0,1,238
300840305,12,118,3,264,17,0,0,0,414
300840306,94,126,17,27,1,0,0,1,266
300840307,47,104,6,46,4,0,0,2,209
300840308,32,156,8,22,0,0,0,0,218
300840309,47,155,18,46,0,0,0,2,268
300840310,55,160,7,76,4,0,0,3,305
300840311,42,173,14,34,1,0,0,0,264
300840312,47,119,13,35,1,0,1,3,219
300840313,30,104,0,47,0,0,0,0,181
300840314,57,175,27,59,1,0,0,0,319
300840315,22,88,6,26,1,0,0,0,143
300840316,44,94,5,50,1,0,0,0,194
300840317,40,127,16,47,0,1,0,2,233
300840318,69,269,15,63,0,0,0,10,426
300840319,26,70,2,18,0,0,0,0,116
300840320,20,179,2,18,0,0,0,2,221
300840321,41,106,0,28,0,0,0,0,175
300840322,36,70,0,3,0,0,0,1,110
300840323,22,119,2,25,1,0,0,1,170
300840401,5,92,18,209,2,1,1,0,328
300840402,5,24,9,205,3,2,0,1,249
300840403,9,66,23,14,0,0,0,0,112
300840404,56,212,30,72,0,0,0,0,370
300840405,24,150,16,83,5,0,1,2,281
300840406,34,157,8,35,2,1,0,0,237
300840407,31,130,11,23,0,0,0,2,197
300840408,21,174,17,28,1,0,0,1,242
300840409,34,182,13,111,3,0,0,2,345
300840410,60,115,11,52,4,0,0,2,244
300840411,15,159,15,202,3,2,0,0,396
300840412,20,140,60,63,2,0,0,4,289
300840413,16,137,26,47,5,0,0,0,231
300840414,33,156,7,91,1,0,0,0,288
300840415,37,251,0,104,4,1,0,3,400
300840416,38,265,3,81,2,0,0,1,390
300840417,38,233,6,67,1,0,0,0,345
300840418,42,154,2,103,4,1,0,1,307
300840419,35,83,9,20,3,1,0,0,151
300840420,63,151,9,8,0,0,0,0,231
300840421,49,63,61,66,0,0,0,1,240
300840501,49,258,20,58,3,1,0,3,392
300840502,56,142,8,35,1,0,0,0,242
300840503,28,131,7,89,2,0,0,0,257
300840504,47,235,16,31,2,0,0,8,339
300840505,36,283,36,142,10,0,0,1,508
300840506,16,150,8,47,2,1,0,0,224
300840507,22,132,35,42,2,0,0,0,233
300840508,24,193,14,66,4,2,0,3,306
300840509,2,48,25,109,0,0,0,0,184
300840510,48,135,30,22,1,0,0,1,237
300840511,3,33,2,131,4,0,0,1,174
300840512,52,176,97,5,0,0,0,0,330
300840513,0,4,0,221,1,0,0,1,227
300840514,34,187,0,148,1,0,0,0,370
300840515,20,92,4,95,0,0,0,0,211
300840516,15,235,26,94,3,0,0,0,373
300840517,24,175,4,65,3,0,0,0,271
300840518,34,123,5,71,1,1,0,0,235
300840519,22,147,7,41,2,0,0,1,220
300840520,30,188,21,38,1,0,0,1,279
300840521,34,145,10,23,0,2,0,0,214
300840522,49,215,37,44,5,0,0,0,350
300840523,44,242,15,62,5,0,2,0,370
300840524,57,220,11,52,5,0,0,2,347
300840601,109,192,0,31,0,0,0,0,332
300840602,15,82,1,6,0,0,0,0,104
300840603,20,140,5,14,7,0,0,0,186
300840604,53,124,25,105,1,0,0,1,309
300840605,20,150,4,37,0,0,0,0,211
300840606,34,131,3,21,1,0,0,1,191
300840607,28,135,4,18,0,0,0,1,186
300840608,28,240,14,48,5,0,0,0,335
300840609,20,93,4,17,0,0,0,0,134
300840610,21,57,0,3,0,0,0,0,81
300840611,28,69,2,25,1,0,0,0,125
300840612,74,121,7,41,2,0,0,0,245
300840613,21,131,4,7,0,1,0,0,164
300840614,31,108,5,28,1,2,0,2,177
300840615,54,180,7,19,3,0,0,1,264
300840616,56,176,12,55,2,1,0,1,303
300840617,46,163,15,56,1,0,0,0,281
300840618,53,145,9,46,1,0,0,0,254
300840619,44,165,14,52,4,0,0,2,281
300840620,40,195,31,76,1,0,0,0,343
300840621,58,187,18,38,5,1,1,1,309
300840622,20,125,17,55,1,0,0,1,219
300840623,30,165,24,46,2,0,0,5,272
300840701,68,143,3,73,5,0,0,0,292
300840702,57,137,9,68,0,0,0,2,273
300840703,26,69,0,24,1,0,0,0,120
300840704,42,60,0,7,0,0,0,0,109
300840705,59,78,0,17,0,0,0,0,154
300840706,30,76,2,101,1,0,0,0,210
300840707,29,111,0,14,0,0,0,0,154
300840708,72,176,4,70,2,0,0,1,325
300840709,34,266,13,60,2,0,0,5,380
300840710,109,149,11,65,2,0,0,3,339
300840711,61,201,11,72,1,0,0,10,356
300840712,92,176,14,43,1,0,0,0,326
300840713,9,71,2,226,20,1,0,1,330
300840714,30,212,2,142,4,0,0,0,390
300840715,47,186,4,70,2,1,1,0,311
300840801,7,52,90,54,0,0,0,0,203
300840802,41,157,1,80,16,2,0,3,300
300840803,24,154,19,39,3,0,0,1,240
300840804,34,265,2,49,1,0,0,0,351
300840805,31,211,24,113,1,0,2,3,385
300840806,14,141,18,122,3,0,0,2,300
300840807,77,188,31,35,1,0,0,0,332
300840808,29,86,41,27,0,0,0,2,185
300840809,17,155,22,35,5,0,0,2,236
300840810,15,191,15,82,2,0,0,0,305
300840811,89,161,28,18,0,0,0,2,298
300840812,40,123,11,74,3,1,0,0,252
300840813,0,2,9,13,20,0,0,0,44
300840814,38,169,32,95,1,2,0,1,338
300840815,22,214,20,34,0,1,0,2,293
300840816,15,77,2,217,5,1,0,0,317
300840817,8,102,49,111,6,1,0,1,278
300840818,20,200,84,33,10,0,0,1,348
300840819,19,267,23,42,2,2,0,9,364
300840820,17,170,89,40,1,0,0,0,317
300840821,38,200,73,66,4,1,0,1,383
300840822,21,194,52,66,8,1,0,6,348
300840823,15,106,25,35,1,1,0,1,184
300840901,34,195,13,69,2,0,0,0,313
300840902,50,169,13,52,1,0,0,1,286
300840903,16,97,12,11,1,0,0,0,137
300840904,54,156,20,72,1,0,0,0,303
300840905,18,96,34,7,0,0,0,0,155
300840906,34,149,10,43,0,0,1,0,237
300840907,40,260,34,99,2,0,0,0,435
300840908,32,87,8,4,0,0,0,0,131
300840909,59,208,11,46,4,0,0,0,328
300840910,26,177,13,28,2,0,0,0,246
300840911,93,161,41,33,1,0,0,3,332
300840912,22,94,8,146,0,0,0,0,270
300840913,48,188,7,123,0,0,0,0,366
300840914,22,192,25,61,3,0,0,0,303
300840915,4,89,0,39,1,0,1,0,134
300840916,15,169,14,71,1,0,0,0,270
300840917,10,333,5,11,2,0,0,0,361
300841001,47,164,24,44,0,1,0,0,280
300841002,7,101,11,115,31,2,0,0,267
300841003,28,182,14,35,3,0,0,1,263
300841004,50,90,12,25,4,0,0,0,181
300841005,33,137,13,25,1,0,0,3,212
300841006,23,154,16,18,3,0,0,2,216
300841007,38,165,16,35,2,0,1,1,258
300841008,74,146,22,52,4,0,1,5,304
300841009,79,212,7,21,1,0,0,1,321
300841010,28,147,9,36,1,0,0,1,222
300841011,26,170,23,76,2,0,0,0,297
300841012,25,161,16,32,4,0,0,1,239
300841013,19,143,26,53,2,0,0,0,243
300841014,17,141,8,181,4,0,0,0,351
300841015,9,40,59,209,2,0,0,0,319
300841016,34,121,22,29,1,0,0,0,207
300841017,14,86,17,195,10,0,0,3,325
300841018,9,140,3,158,3,0,0,0,313
300841019,6,82,7,55,5,4,0,1,160
300841020,14,225,29,71,4,0,0,9,352
300841021,14,154,38,79,3,0,0,4,292
300841101,9,52,10,33,3,1,0,0,108
300841102,8,182,9,31,1,0,0,10,241
300841103,10,218,28,53,3,0,0,3,315
300841104,63,181,0,0,0,0,0,0,244
300841105,9,79,0,29,3,0,0,1,121
300841106,16,135,5,155,4,3,0,2,320
300841107,17,245,5,102,5,1,1,0,376
300841108,29,166,5,43,2,2,0,0,247
300841109,3,36,4,27,1,0,0,0,71
300841110,20,156,1,230,0,0,0,0,407
300841111,14,149,8,97,4,0,1,0,273
300841112,11,151,21,63,2,1,0,0,249
300841113,6,88,2,77,0,2,0,8,183
300841114,15,115,9,161,3,2,1,8,314
300841201,5,23,12,37,1,0,1,0,79
300841202,12,25,74,72,2,0,0,0,185
300841203,1,9,8,28,0,0,0,4,50
300841204,3,20,4,23,2,0,1,0,53
300841205,7,42,96,92,2,0,0,0,239
300841206,3,18,14,36,0,0,0,0,71
300841207,72,210,2,6,0,0,0,0,290
300841208,1,10,1,38,0,3,3,0,56
300841209,1,13,5,34,0,1,2,0,56
300841210,4,50,2,74,0,1,0,6,137
300841211,1,22,50,93,0,1,1,0,168
300841212,1,1,1,4,0,0,0,0,7
300841301,11,41,30,204,9,0,0,0,295
300841302,2,58,4,115,6,3,0,2,190
300841303,1,17,2,20,1,0,1,4,46
300841304,20,77,13,70,7,0,1,0,188
300841305,15,25,1,0,1,0,0,0,42
300841306,6,43,7,103,0,2,0,0,161
300841307,3,25,3,145,4,1,1,2,184
300841401,48,138,26,76,1,0,0,1,290
300841402,40,218,26,80,4,0,1,0,369
300841403,28,176,8,80,3,0,0,3,298
300841404,15,176,3,134,11,0,1,1,341
300841405,13,91,8,191,2,0,0,1,306
300841406,24,231,19,115,9,0,0,4,402
300841407,45,240,16,67,10,0,0,4,382
300841408,12,174,13,37,1,0,0,0,237
300841409,17,200,15,68,4,0,0,1,305
300841410,4,183,16,62,7,0,0,1,273
300841411,12,187,16,81,1,1,0,4,302
300841412,13,205,25,103,3,0,0,0,349
300841413,1,46,3,106,1,0,0,2,159
300841414,16,177,10,131,4,0,1,5,344
300841415,6,78,19,19,1,0,0,1,124
300841416,16,114,8,154,3,0,0,0,295
300841417,28,98,9,190,3,5,1,8,342
300841501,24,148,46,57,1,0,0,0,276
300841502,7,43,6,81,1,1,0,0,139
300841503,27,276,23,72,4,0,0,2,404
300841504,15,146,59,59,0,0,1,1,281
300841505,11,90,9,28,3,0,0,3,144
300841506,21,143,2,175,4,0,0,2,347
300841507,6,125,10,195,9,0,1,9,355
300841508,7,77,245,19,1,0,0,0,349
300841509,9,45,4,136,1,0,1,0,196
300841510,22,152,18,83,2,0,0,0,277
300841511,6,52,93,10,0,0,0,0,161
300841512,5,1,18,289,1,0,0,20,334
300841513,1,0,0,3,0,0,0,0,4
300841601,6,115,13,174,0,3,0,0,311
300841602,12,138,34,51,1,0,0,6,242
300841603,24,161,44,59,3,0,0,2,293
300841604,21,92,67,42,3,0,0,0,225
300841605,23,104,34,36,2,0,0,1,200
300841606,18,165,63,52,0,0,0,0,298
300841607,32,213,37,51,3,0,0,0,336
300841608,19,176,104,49,2,0,0,0,350
300841609,12,108,111,33,0,1,0,1,266
300841610,11,111,65,90,5,0,1,1,284
300841611,9,76,11,211,10,1,1,0,319
300841701,1,11,1,99,6,3,1,0,122
300841702,17,105,6,144,3,1,1,9,286
300841703,5,180,3,83,4,0,0,1,276
300841704,38,186,6,35,5,0,1,2,273
300841705,22,171,4,48,1,0,0,0,246
300841706,38,88,6,33,2,0,0,1,168
300841707,63,240,9,69,5,0,0,1,387
300841708,16,105,7,150,4,1,0,0,283
300841709,6,106,0,168,1,0,0,0,281
300841710,26,177,4,114,5,0,0,1,327
300841711,34,185,4,33,2,0,0,2,260
300841712,13,100,2,105,3,0,0,0,223
300841713,36,202,10,61,5,1,0,0,315
300841714,13,110,4,254,12,1,1,9,404
300841715,18,70,0,172,2,0,1,2,265
300841716,9,39,1,157,4,0,0,0,210
300841717,8,24,3,160,8,1,0,0,204
300841718,1,16,1,175,1,0,0,1,195
300841719,9,54,19,261,7,3,0,2,355
300841801,0,3,9,17,0,0,0,0,29
300841802,8,71,10,183,4,0,0,0,276
300841803,2,68,2,53,2,0,0,1,128
300841804,3,40,3,46,5,0,0,0,97
300841901,1,1,2,22,0,0,0,0,26
300841902,0,2,0,8,0,0,0,0,10
300841903,2,0,0,2,0,0,0,0,4
300841904,0,2,0,2,0,0,0,0,4
300841905,3,25,5,119,3,0,0,0,155
300841906,2,34,5,90,5,0,0,0,136
300841907,3,24,7,42,3,0,1,1,81
300841908,2,4,3,8,0,0,0,0,17
300841909,6,33,6,53,8,0,0,3,109
300841910,7,60,6,74,5,0,0,0,152
300841911,6,47,9,70,0,0,0,0,132
300841912,0,9,13,25,1,0,1,0,49
300842001,0,5,0,5,0,0,0,0,10
300842002,5,23,7,37,0,0,0,0,72
300842003,1,9,3,42,1,1,0,0,57
300842004,2,8,2,33,0,0,0,1,46
300842005,4,3,1,16,0,0,0,0,24
300842006,0,4,2,17,0,0,0,1,24
300842007,3,8,1,13,1,0,0,0,26
300842101,11,63,6,227,5,1,1,4,318
300842102,6,22,12,72,2,2,1,2,119
300842103,4,14,80,59,0,1,0,1,159
300842104,5,33,17,100,0,0,0,0,155
300842105,10,29,7,63,3,0,0,0,112
300842106,19,168,5,259,10,2,0,0,463
300842107,15,82,23,119,0,0,0,4,243
300842108,13,97,15,119,6,1,0,1,252
300842201,7,34,2,105,2,0,2,5,157
300842202,3,23,8,96,0,0,0,0,130
300842203,0,5,2,48,0,0,0,0,55
300842204,4,21,0,65,2,0,2,0,94
300842205,3,25,1,40,1,0,1,2,73
300842206,12,65,72,67,3,0,0,0,219
300842207,1,19,2,16,0,0,0,0,38
300842208,0,3,2,15,0,0,0,0,20
300842301,0,7,0,0,0,0,0,0,7
300842302,8,15,4,34,6,0,0,0,67
300842303,0,2,0,3,0,0,0,0,5
300842304,1,8,1,27,1,0,0,0,38
300842305,13,88,6,104,0,1,0,0,212
300842306,11,73,21,138,3,0,0,1,247
300842307,1,20,6,126,1,0,0,2,156
300842308,21,101,11,184,1,1,0,0,319
300842309,21,111,21,147,6,1,0,0,307
300842310,18,58,13,164,1,0,0,5,259
300842311,4,8,10,31,0,0,0,1,54
300842401,4,18,7,20,0,0,0,0,49
300842402,0,9,0,15,0,0,0,0,24
300842403,5,28,4,31,0,0,0,0,68
300842404,0,11,2,23,0,0,0,0,36
300842405,1,11,5,35,0,0,0,0,52
300842406,3,6,2,20,0,0,0,0,31
300842407,4,13,2,57,0,0,0,0,76
300842408,0,0,0,16,0,0,0,0,16
300842409,7,61,22,146,6,0,0,1,243
300842501,0,0,0,6,0,0,0,0,6
300842502,0,0,0,7,0,0,0,0,7
300842503,0,5,0,31,0,0,3,0,39
300842504,0,1,1,29,1,2,2,1,37
300842505,0,0,1,27,0,3,0,1,32
300842506,2,0,0,206,3,0,0,0,211
300842507,3,31,5,193,10,1,1,4,248
300842508,3,43,5,277,1,1,2,1,333
300842509,9,30,9,211,14,0,0,1,274
300842510,16,47,5,145,5,0,1,0,219
300842511,9,59,5,154,5,1,0,0,233
300842512,20,6,1,56,0,0,0,0,83
300842601,0,0,0,7,0,0,0,0,7
300842602,0,0,0,6,0,0,0,0,6
300842603,0,0,2,4,0,0,0,0,6
300842604,0,0,0,11,0,0,0,0,11
300842605,0,0,0,14,0,0,0,0,14
300842606,0,0,0,11,0,0,0,0,11
300842607,0,1,0,24,2,0,0,0,27
300842608,0,2,1,11,0,0,0,0,14
300842609,1,10,2,38,0,0,2,0,53
300842610,0,4,0,25,2,0,0,0,31
300842611,0,3,0,15,0,0,0,0,18
300842612,0,1,0,19,0,0,0,0,20
300842613,0,6,0,28,0,0,0,0,34
300842614,0,5,1,3,0,0,0,0,9
300842615,1,3,2,100,0,0,2,0,108
300842616,1,4,0,96,1,0,2,1,105
300842701,0,3,0,15,1,0,0,0,19
300842702,0,4,1,16,0,0,1,0,22
300842703,1,13,10,174,2,0,0,4,204
300842704,11,89,32,143,9,0,0,0,284
300842705,11,120,26,105,13,0,0,0,275
300842706,0,9,6,96,1,0,0,0,112
300842707,17,65,20,214,6,0,1,0,323
300842708,1,9,2,214,1,3,0,0,230
300842801,6,16,2,67,1,2,1,1,96
300842802,0,0,0,9,0,0,0,0,9
300842803,0,2,0,22,0,0,0,0,24
300842804,1,0,0,4,0,0,1,0,6
300842805,0,0,1,16,0,0,0,0,17
300842806,0,2,0,19,0,0,1,0,22
300842807,0,0,0,9,0,1,0,0,10
300842808,0,1,3,16,0,0,1,0,21
300842809,0,1,0,18,1,0,4,1,25
300842810,0,1,1,6,3,0,7,0,18
300842811,0,0,0,8,0,0,4,2,14
300842812,0,0,0,23,0,0,1,0,24
300842813,0,0,0,19,0,0,0,0,19
300842901,0,1,1,4,0,0,0,0,6
300842902,1,1,0,7,0,0,0,0,9
300842903,0,2,0,9,0,1,0,0,12
300842904,0,0,3,7,0,1,1,0,12
300842905,0,0,0,6,0,0,1,0,7
300842906,0,1,0,10,0,0,0,0,11
300842907,0,0,1,4,0,0,0,0,5
300842908,0,0,0,1,1,0,0,0,2
300842909,0,1,0,11,0,0,0,0,12
300842910,4,25,2,172,5,5,1,2,216
300843001,0,4,1,18,1,0,0,0,24
300843002,0,4,0,46,2,0,0,1,53
300843003,0,3,3,16,1,0,0,0,23
300843004,0,1,4,4,0,0,0,0,9
300843005,1,24,0,52,2,0,0,0,79
300843006,14,106,5,97,0,0,0,0,222
300843007,8,87,9,93,1,0,0,1,199
300843008,2,86,3,55,0,0,0,0,146
300843009,3,61,21,55,1,0,0,0,141
300843010,7,50,4,57,1,0,0,4,123
300843011,8,90,7,44,1,0,0,0,150
300843012,7,148,27,89,2,0,0,0,273
300843013,5,44,116,59,1,0,0,0,225
300843014,1,18,0,37,0,0,1,0,57
300843101,0,2,0,19,0,0,0,0,21
300843102,0,3,0,30,3,0,0,0,36
300843103,0,1,1,10,0,0,0,0,12
300843104,0,0,0,5,0,0,0,0,5
300843105,0,1,0,16,0,0,0,0,17
300843106,1,0,0,12,0,0,0,0,13
300843107,2,5,3,38,5,0,0,3,56
300843108,0,0,2,12,0,0,0,0,14
300843109,0,9,2,18,0,0,1,0,30
300843110,0,8,0,21,0,1,0,0,30
300843111,1,2,1,13,0,0,0,0,17
300843112,0,1,3,31,0,0,0,0,35
300843113,0,2,0,24,1,0,1,0,28
300843114,0,0,0,17,0,0,0,0,17
300843115,0,4,0,93,1,1,0,0,99
300843116,0,0,1,106,1,0,0,0,108
300843201,0,1,0,21,0,0,0,0,22
300843202,1,7,5,45,4,0,1,0,63
300843203,2,2,3,35,0,1,0,0,43
300843204,4,4,3,34,1,0,0,0,46
300843205,1,14,1,93,0,0,0,0,109
300843206,2,13,8,63,2,3,1,0,92
300843207,1,7,4,53,2,0,2,1,70
300843208,1,5,1,27,0,0,2,0,36
300843209,5,47,7,97,1,0,1,1,159
300843210,0,10,1,20,0,0,0,0,31
300843211,0,5,5,30,1,0,0,2,43
300843212,0,18,20,59,1,0,0,0,98
300843213,0,13,20,49,0,0,0,0,82
300843301,0,4,0,6,0,0,0,0,10
300843302,0,2,1,24,0,0,0,0,27
300843303,0,1,1,13,1,0,0,0,16
300843304,0,1,1,5,0,0,0,0,7
300843305,0,8,1,77,1,0,2,0,89
300843306,5,55,4,240,4,0,0,0,308
300843307,11,82,12,235,6,0,0,0,346
300843308,24,135,13,210,1,0,0,0,383
300843309,17,26,0,168,3,0,1,2,217
300843310,1,2,2,98,0,0,0,0,103
300843311,3,19,3,101,0,0,0,0,126
300843312,14,88,13,102,0,1,1,1,220
300843313,1,56,5,146,11,0,0,0,219
300843314,2,12,5,296,1,0,1,1,318
300843401,0,1,0,3,0,0,0,0,4
300843402,0,5,1,8,0,0,2,0,16
300843403,0,0,0,7,1,0,0,0,8
300843404,0,0,1,10,1,0,0,0,12
300843405,0,1,1,8,0,0,1,0,11
300843406,0,0,0,0,0,0,0,0,0
300843407,0,3,0,45,1,0,0,0,49
300843408,1,2,1,44,0,0,1,0,49
300843409,0,1,0,16,0,0,0,0,17
300843410,1,0,0,16,0,0,0,0,17
300843411,0,1,0,12,1,0,0,0,14
300843412,0,2,2,43,1,0,0,0,48
300843413,0,0,1,21,0,0,0,0,22
300843414,0,3,0,29,0,0,0,0,32
300843415,2,4,6,62,1,0,0,0,75
300843416,1,3,5,137,1,0,0,0,147
300843501,0,1,0,11,0,0,0,0,12
300843502,0,1,0,12,0,0,0,0,13
300843503,0,4,1,14,0,0,0,0,19
300843504,0,1,0,6,1,0,0,0,8
300843505,0,2,0,12,0,0,1,1,16
300843506,0,17,1,113,2,0,0,0,133
300843507,1,4,3,109,1,0,0,0,118
300843508,2,20,7,109,1,0,0,0,139
300843601,1,2,0,14,0,0,0,0,17
300843602,0,2,0,17,0,0,1,0,20
300843603,0,1,0,24,0,0,1,0,26
300843604,0,0,1,17,1,0,1,0,20
300843701,8,65,4,111,2,0,1,1,192
300843702,1,14,1,137,2,0,0,0,155
300843703,5,29,4,76,1,0,0,0,115
300843704,5,80,25,257,3,0,0,0,370
300843705,4,65,10,109,0,0,1,0,189
300843706,10,65,16,142,1,0,0,1,235
300843707,20,55,24,87,0,0,0,0,186
300843708,15,42,6,69,0,0,0,2,134
300843709,1,0,50,93,1,0,0,0,145
300843710,6,39,10,131,21,0,0,0,207
300843711,12,87,7,148,3,0,0,0,257
300843712,1,8,0,165,1,0,0,3,178
300843713,0,0,0,145,1,0,0,0,146
300843714,4,42,2,209,4,0,0,4,265
300843715,0,1,2,19,0,0,0,0,22
300843801,0,0,0,3,0,1,0,0,4
300843802,0,0,0,14,0,0,0,0,14
300843803,0,0,0,15,0,0,0,0,15
300843804,0,1,2,15,0,0,0,0,18
300843805,0,6,0,27,0,0,0,1,34
300843806,1,0,1,10,0,0,0,0,12
300843807,0,1,0,24,0,0,0,0,25
300843808,1,3,1,21,0,0,0,0,26
300843809,0,1,3,12,0,0,0,0,16
300843901,2,13,3,23,0,0,0,0,41
300843902,1,8,3,12,2,0,0,0,26
300843903,1,11,2,37,0,0,0,0,51
300843904,2,8,2,24,2,0,0,0,38
300843905,0,4,0,5,0,0,0,0,9
300843906,1,1,0,5,0,0,0,0,7
300843907,0,4,0,10,0,0,0,0,14
300843908,0,2,0,28,0,0,0,0,30
300843909,0,2,3,20,1,0,0,0,26
300844001,0,3,1,44,0,0,0,0,48
300844002,0,3,1,17,1,0,0,0,22
300844003,0,3,3,18,0,0,0,0,24
300844004,0,4,0,59,0,0,0,0,63
300844005,2,2,2,15,0,0,0,3,24
300844006,0,1,0,12,0,0,0,0,13
300844007,0,0,2,25,0,0,0,0,27
300844008,0,2,0,39,1,0,0,0,42
300844009,3,3,1,32,1,0,1,0,41
300844101,0,0,0,7,0,0,0,0,7
300844102,2,3,0,10,0,0,0,0,15
300844103,0,5,1,13,0,0,0,0,19
300844104,1,2,0,16,0,0,0,0,19
300844105,11,101,11,162,6,1,0,1,293
300844106,3,56,7,195,9,0,0,2,272
300844107,0,0,0,2,0,0,0,0,2
300844108,16,83,31,192,1,1,0,1,325
300844109,12,54,9,128,1,1,0,1,206
300844110,4,32,2,117,0,0,0,0,155
300844201,2,1,0,5,0,0,0,0,8
300844202,3,2,1,39,2,0,0,0,47
300844203,0,2,4,12,0,0,0,0,18
300844204,1,4,1,43,1,0,0,0,50
300844205,0,1,0,13,0,0,0,0,14
300844206,0,0,0,10,0,0,0,0,10
300844207,0,1,0,21,0,0,0,0,22
300844208,0,3,3,14,0,0,0,0,20
300844209,1,3,6,31,0,0,0,0,41
300844301,5,30,31,274,2,0,0,1,343
300844302,3,26,26,137,0,0,0,0,192
300844303,8,62,13,162,7,0,0,0,252
300844304,7,67,30,98,1,0,0,2,205
300844305,20,96,27,116,1,0,0,0,260
300844306,11,49,16,193,0,0,0,4,273
300844307,2,23,69,184,1,0,0,0,279
300844308,13,54,12,125,1,1,0,1,207
300844309,11,88,24,241,4,0,0,0,368
300844310,1,34,5,107,1,0,0,1,149
300844311,1,6,99,81,6,0,0,0,193
300844312,1,6,9,188,1,0,0,0,205
300844313,0,3,1,195,0,0,0,0,199
300844401,2,71,27,192,1,0,0,0,293
300844402,0,9,36,42,1,0,0,0,88
300844403,25,88,48,196,11,0,0,0,368
300844404,13,156,30,151,9,0,0,0,359
300844405,11,64,9,61,0,0,0,1,146
300844406,10,62,48,75,0,1,0,0,196
300844407,12,58,20,203,2,1,0,0,296
300844408,1,42,18,226,2,0,0,0,289
300844409,0,20,3,112,8,1,0,0,144
300844410,7,23,6,237,1,0,0,1,275
300844411,5,11,34,165,0,0,0,0,215
300844501,0,1,1,33,0,0,0,0,35
300844502,0,3,3,24,0,0,0,0,30
300844503,1,6,3,29,1,0,0,0,40
300844504,0,6,3,42,0,0,0,0,51
300844505,0,3,2,45,0,0,0,0,50
300844506,0,3,0,33,0,0,0,0,36
300844507,1,22,17,100,1,0,0,1,142
300844508,1,11,16,98,0,0,0,0,126
300844509,0,2,0,56,2,0,0,0,60
300844510,5,5,11,98,1,0,0,0,120
300844511,2,0,0,30,1,0,0,0,33
300844601,0,0,0,7,0,0,2,8,17
300880101,0,17,14,245,3,0,0,0,279
300880102,0,53,4,212,2,0,0,0,271
300880103,2,11,9,338,3,0,0,1,364
300880104,2,17,11,210,5,0,1,0,246
300880105,11,32,31,154,1,0,0,1,230
300880106,2,5,2,261,3,2,0,0,275
300880107,2,2,3,225,0,0,0,0,232
300880201,0,0,1,47,1,4,0,0,53
300880202,0,2,0,34,0,2,0,0,38
300880203,0,0,0,49,3,0,0,0,52
300880204,2,1,1,255,2,1,0,1,263
300880205,3,2,0,365,7,7,0,2,386
300880206,0,0,1,302,38,0,0,0,341
300880207,2,5,112,198,0,1,0,0,318
300880208,2,2,1,300,5,4,0,1,315
300880209,3,3,0,184,5,0,0,1,196
300880210,0,1,0,103,3,1,0,0,108
300880301,0,0,0,125,5,1,0,0,131
300880302,0,1,0,10,0,0,0,1,12
300880303,0,0,0,5,0,1,0,0,6
300880304,0,0,0,98,3,0,0,0,101
300880305,0,10,0,146,0,1,0,0,157
300880306,0,9,1,191,33,2,0,0,236
300880307,4,5,3,148,1,1,0,0,162
300880308,0,11,1,146,3,0,0,0,161
300880401,0,0,0,5,0,0,0,0,5
300880402,0,0,0,19,3,1,0,0,23
300880403,0,0,0,8,0,1,0,0,9
300880404,1,0,0,16,0,0,0,0,17
300880405,0,0,2,28,0,1,2,0,33
300880501,0,0,0,20,0,0,0,0,20
300880502,0,0,0,5,0,0,0,0,5
300880503,0,1,0,12,1,0,0,0,14
300880504,0,0,0,23,0,0,0,0,23
300880601,0,0,0,2,0,0,0,0,2
300880602,1,0,0,9,0,1,0,0,11
300880603,0,0,0,7,0,0,0,0,7
300880604,0,0,0,11,0,0,0,0,11
300880605,0,0,0,1,0,0,0,0,1
300880606,0,0,0,8,0,0,0,0,8
300880701,0,0,0,33,0,0,0,0,33
300880702,0,0,0,17,0,0,0,0,17
300880703,0,0,0,7,0,0,0,0,7
300880704,0,0,0,23,0,0,0,0,23
300880705,0,0,0,4,0,0,0,0,4
300880706,0,0,0,21,0,0,0,0,21
300880707,0,0,0,29,1,0,0,0,30
300910101,2,1,1,258,1,8,0,6,277
300910102,0,33,3,270,3,5,0,0,314
300910103,7,96,12,267,3,0,0,0,385
300910104,5,22,17,210,5,0,0,2,261
300910105,5,50,9,129,3,2,0,0,198
300910106,4,18,8,155,2,0,0,1,188
300910107,2,7,9,159,1,0,0,3,181
300910108,1,5,2,246,2,2,0,0,258
300910109,2,12,8,259,4,2,0,1,288
300910110,15,2,6,159,1,0,0,0,183
300910111,5,16,9,161,4,0,0,1,196
300910112,2,11,9,143,5,0,0,0,170
300910113,0,2,3,176,31,0,0,0,212
300910114,0,0,0,53,2,0,1,0,56
300910115,2,1,0,166,1,3,0,2,175
300910116,1,5,1,313,11,1,0,0,332
300910117,7,9,4,183,5,0,0,0,208
300910118,1,10,1,207,19,1,0,0,239
300910201,0,0,0,9,0,0,0,0,9
300910202,0,0,0,9,0,1,0,0,10
300910203,0,0,13,35,7,1,0,0,56
300910204,0,0,0,26,2,0,0,0,28
300910205,0,0,0,43,1,2,0,0,46
300910206,0,0,0,6,0,0,0,0,6
300910207,0,0,2,46,0,1,1,2,52
300910208,0,2,6,91,1,1,2,0,103
300910209,0,0,0,18,1,0,1,0,20
300910301,0,0,0,14,1,0,0,0,15
300910302,2,1,0,92,0,0,0,0,95
300910303,0,0,0,20,0,0,0,0,20
300910304,0,1,0,59,0,0,0,0,60
300910305,0,0,0,26,2,0,0,0,28
300910306,0,0,0,37,0,0,1,1,39
300910307,1,1,0,47,1,0,0,0,50
300910308,0,0,1,8,0,0,0,0,9
300910309,0,0,0,24,0,0,0,0,24
300910401,0,0,0,1,0,0,0,0,1
300910402,1,0,0,16,0,0,0,0,17
300910403,1,1,0,34,1,0,0,0,37
300910404,0,0,1,39,0,0,0,0,40
300910405,1,1,0,16,1,0,0,0,19
300910406,0,0,0,10,1,0,0,0,11
300910407,0,1,0,12,0,0,0,0,13
300910501,0,2,3,211,3,0,0,0,219
300910502,4,10,11,229,3,1,0,0,258
300910503,0,23,5,206,2,0,0,0,236
300910504,2,2,4,207,10,2,0,2,229
300910505,4,8,10,115,1,0,0,0,138
300910506,9,30,10,258,4,0,0,0,311
300910507,9,15,13,218,4,0,0,1,260
300910508,0,3,0,208,15,4,1,1,232
300910509,0,1,0,55,1,0,0,1,58
300910510,0,0,0,24,1,0,0,0,25
300910511,0,0,0,10,1,0,0,0,11
300910512,0,0,0,11,0,0,0,0,11
300910601,0,0,0,18,0,0,0,0,18
300910602,0,0,0,12,0,0,0,0,12
300910603,0,0,0,6,0,0,0,0,6
300910604,0,0,0,17,2,0,0,0,19
300910605,1,0,0,8,0,0,0,0,9
300910606,0,1,4,151,2,0,0,0,158
300910701,0,0,0,12,2,0,0,0,14
300910702,2,1,2,67,2,0,0,0,74
300910703,0,0,1,16,1,0,0,0,18
300910704,0,0,0,5,0,0,0,0,5
300910705,0,0,0,7,0,0,0,0,7
300910706,0,0,0,6,0,0,0,0,6
300910801,0,0,0,11,1,0,1,0,13
300910802,1,0,0,16,0,0,0,0,17
300910803,0,0,0,11,0,0,0,0,11
300910804,0,0,0,5,0,0,0,0,5
300910805,0,0,0,10,0,0,0,0,10
300910806,0,0,0,8,0,0,0,0,8
300910807,0,0,0,14,0,0,0,0,14
300910808,1,1,1,58,4,0,0,0,65
300910901,0,0,0,13,1,0,0,0,14
300910902,0,0,0,5,0,0,0,0,5
300910903,0,0,0,33,1,1,0,0,35
300910904,0,0,0,10,0,0,0,0,10
300910905,1,1,0,17,1,1,2,0,23
300910906,0,0,0,4,0,0,0,0,4
300911001,1,4,2,129,1,0,0,0,137
300911002,0,2,5,176,6,0,0,0,189
300911003,0,24,1,144,1,1,0,0,171
300911004,0,9,6,188,2,0,0,0,205
300911005,0,1,0,87,0,0,1,0,89
300911101,0,0,0,9,0,0,0,0,9
300911102,0,0,0,16,0,0,0,0,16
300911103,0,0,0,13,0,0,0,0,13
300911104,0,0,0,7,0,0,0,0,7
300911105,0,0,0,49,0,0,0,1,50
300911106,0,0,1,22,0,0,0,0,23
300980101,12,12,1,242,92,3,0,1,363
300980102,2,6,0,264,5,1,0,0,278
300980103,2,8,5,213,3,1,0,1,233
300980104,2,9,4,250,2,0,0,0,267
300980105,1,54,1,208,3,1,0,0,268
300980106,3,20,5,332,2,6,2,0,370
300980107,0,3,3,206,8,1,0,0,221
300980108,1,44,12,202,3,0,0,0,262
300980109,85,92,3,165,1,0,0,1,347
300980110,9,34,8,271,1,0,0,0,323
300980111,5,10,5,272,2,4,0,0,298
300980112,6,29,4,300,1,0,0,1,341
300980113,14,44,7,308,2,0,1,1,377
300980114,9,34,2,165,2,0,0,0,212
300980115,12,27,9,212,4,0,0,0,264
300980116,15,42,5,357,12,2,0,2,435
300980117,19,38,14,218,6,1,0,0,296
300980118,9,23,5,209,1,0,0,1,248
300980119,0,45,0,163,16,0,0,1,225
300980120,4,22,1,133,1,0,0,0,161
300980201,29,6,3,258,7,0,1,0,304
300980202,6,17,0,292,7,1,0,1,324
300980203,9,31,11,241,5,2,0,1,300
300980204,42,105,12,160,3,0,0,0,322
300980205,13,68,13,222,2,0,0,0,318
300980206,19,16,4,100,3,0,0,0,142
300980207,2,42,54,107,1,0,0,0,206
300980208,9,89,1,222,3,0,0,0,324
300980209,14,32,3,256,2,2,0,9,318
300980210,3,36,10,201,1,0,0,0,251
300980211,3,24,3,287,3,4,0,3,327
300980212,8,9,8,294,1,2,0,11,333
300980213,0,17,3,208,2,0,0,0,230
300980214,1,34,11,240,1,0,0,0,287
300980215,8,11,4,207,2,0,0,2,234
300980301,6,30,15,106,2,0,0,1,160
300980302,4,35,10,162,1,0,0,0,212
300980303,32,105,24,184,1,0,0,3,349
300980304,20,96,19,190,2,0,0,4,331
300980305,32,66,19,178,2,0,0,1,298
300980306,17,55,14,119,0,0,0,1,206
300980307,19,63,21,126,2,0,0,0,231
300980308,35,75,8,87,2,0,0,0,207
300980309,13,26,11,150,2,0,0,0,202
300980310,17,36,3,138,0,0,0,0,194
300980311,15,7,1,25,8,0,0,0,56
300980312,8,141,6,28,0,0,0,0,183
300980313,13,44,9,67,0,0,0,0,133
300980314,25,39,18,115,4,0,0,0,201
300980315,8,70,3,65,1,0,0,0,147
300980316,10,69,8,189,1,0,0,0,277
300980317,20,35,14,81,1,0,0,0,151
300980318,14,43,10,154,1,1,0,0,223
300980401,6,36,5,129,3,1,0,2,182
300980402,10,17,4,193,0,0,0,2,226
300980403,11,34,7,211,0,0,0,0,263
300980404,4,22,9,135,4,1,0,3,178
300980405,4,47,11,89,0,0,0,0,151
300980406,32,96,10,72,0,0,0,0,210
300980407,11,20,8,107,0,0,0,0,146
300980408,14,28,10,136,1,0,0,0,189
300980409,14,32,7,168,3,0,0,0,224
300980410,5,14,2,267,3,1,1,0,293
300980411,6,19,2,262,0,0,0,0,289
300980412,3,23,2,186,0,0,0,2,216
300980413,7,17,4,271,4,0,0,0,303
300980414,7,45,1,190,3,1,0,0,247
300980415,39,14,6,120,0,0,0,0,179
300980416,17,49,9,148,2,0,0,0,225
300980417,10,72,7,152,1,0,0,7,249
300980418,8,33,0,222,3,2,0,0,268
300980419,2,9,2,152,1,0,0,0,166
300980420,8,26,7,122,2,0,1,1,167
300980421,15,40,6,120,0,0,0,0,181
300980501,0,2,4,98,1,4,2,7,118
300980502,3,3,8,134,2,1,0,2,153
300980503,0,2,1,43,0,1,0,0,47
300980504,3,2,0,254,2,6,0,0,267
300980505,2,0,3,13,2,6,0,0,26
300980506,14,18,44,235,1,1,1,5,319
300980507,4,15,9,195,5,5,0,2,235
300980508,27,6,0,261,12,13,0,0,319
300980509,3,3,41,239,85,5,0,3,379
300980510,7,31,3,194,2,0,0,12,249
300980511,19,67,41,183,13,0,0,5,328
300980512,12,34,35,184,2,0,0,1,268
300980513,0,1,0,217,2,3,0,0,223
300980514,0,1,0,67,1,1,0,0,70
300980601,0,0,0,10,0,0,0,1,11
300980602,0,2,4,51,0,0,0,0,57
300980603,2,1,3,73,11,0,1,0,91
300980604,1,4,1,69,1,0,2,4,82
300980605,2,8,10,201,4,2,0,2,229
300980606,11,7,3,326,6,9,0,3,365
300980607,2,2,0,282,0,12,0,0,298
300980608,20,7,3,311,2,0,0,0,343
300980609,0,10,2,118,0,0,1,0,131
300980610,2,11,0,215,1,0,0,0,229
300980611,3,8,2,323,4,3,0,0,343
300980612,0,0,4,31,1,1,0,0,37
300980613,0,0,0,31,2,0,0,0,33
300980614,0,2,1,61,3,1,0,0,68
300980701,4,20,7,337,1,0,0,1,370
300980702,1,1,21,67,0,0,0,0,90
300980703,1,12,33,202,1,0,0,1,250
300980704,1,16,5,164,3,0,0,0,189
300980705,1,4,0,107,3,0,0,0,115
300980706,3,23,6,137,3,0,0,0,172
300980707,13,32,4,231,5,0,0,0,285
300980708,5,15,3,161,0,0,0,3,187
300980709,5,57,5,135,7,0,0,0,209
300980710,2,20,23,156,0,0,0,0,201
300980711,5,10,2,157,1,0,0,0,175
300980712,8,12,6,119,5,1,0,0,151
300980713,4,8,1,192,0,0,0,0,205
300980714,0,1,1,169,1,2,0,0,174
300980715,2,2,0,216,1,1,0,1,223
300980716,2,0,1,102,3,0,0,0,108
300980801,1,0,0,11,1,0,0,0,13
300980802,1,0,0,12,1,0,0,0,14
300980803,0,0,0,6,0,0,0,0,6
300980804,0,2,0,10,0,0,0,0,12
300980805,0,3,0,16,2,0,0,0,21
300980901,0,0,0,10,0,0,0,0,10
300980902,0,0,0,9,0,0,0,0,9
300980903,4,2,0,129,0,0,0,1,136
300980904,0,0,0,1,0,0,0,0,1
300980905,0,0,0,7,0,0,0,0,7
300980906,2,0,1,47,0,0,0,0,50
300980907,1,0,3,107,1,1,0,0,113
300980908,0,0,0,97,4,0,0,0,101
300980909,0,0,0,23,0,0,0,0,23
300980910,0,1,1,30,1,0,0,0,33
300980911,0,0,0,11,1,0,0,0,12
300980912,2,0,1,70,2,0,0,0,75
300980913,0,0,1,80,2,0,1,0,84
300980914,0,0,3,51,1,0,0,0,55
300980915,0,1,1,14,1,0,0,1,18
300980916,0,0,1,13,0,0,0,0,14
300980917,0,1,0,19,0,0,0,0,20
300981001,1,0,4,217,1,0,0,0,223
300981002,0,3,2,209,4,0,0,0,218
300981003,0,0,0,44,0,0,0,0,44
300981004,0,0,0,24,0,0,0,0,24
300981005,0,2,0,43,2,0,0,0,47
300981006,0,0,1,10,0,0,0,0,11
300981007,0,0,1,6,0,0,0,0,7
300981101,10,9,4,87,9,0,0,0,119
300981102,2,1,0,115,1,1,0,0,120
300981103,1,0,9,103,13,1,0,0,127
300981104,0,1,3,94,1,0,0,0,99
300981105,0,0,0,16,0,0,0,0,16
300981106,0,1,1,8,0,0,0,0,10
300981201,0,0,0,10,0,0,0,0,10
300981202,0,0,0,6,0,0,0,0,6
300981203,1,0,1,10,1,0,0,0,13
300981204,0,0,0,6,0,0,0,0,6
300981205,0,0,0,8,1,0,0,0,9
300981206,0,0,0,6,1,0,0,0,7
300981301,0,0,0,12,0,0,0,0,12
300981302,0,0,0,7,0,0,0,0,7
300981303,0,0,0,11,3,0,0,0,14
300981304,0,0,0,5,0,0,0,0,5
300981305,0,0,1,12,0,0,0,0,13
300981306,0,0,0,21,2,0,0,0,23
300981307,0,0,2,41,0,0,0,0,43
300981308,0,0,0,22,0,0,0,0,22
300981309,0,1,0,137,1,2,0,0,141
300981310,3,4,4,142,0,0,0,0,153
300981311,0,4,4,122,0,0,0,0,130
300981312,2,0,2,55,0,0,0,0,59
300981313,1,0,2,18,0,0,0,0,21
300981314,0,0,0,18,0,0,0,0,18
300981401,0,0,0,34,0,0,0,0,34
300981402,0,1,0,31,0,0,0,0,32
300981403,0,0,1,36,0,0,0,0,37
300981404,0,1,0,10,0,0,0,0,11
300981405,2,10,6,223,2,0,0,0,243
300981406,0,0,0,39,0,0,0,0,39
300981407,0,0,0,26,0,0,0,0,26
300981408,0,0,1,13,0,0,0,0,14
300981409,2,9,8,306,1,1,0,0,327
300981410,1,3,0,91,0,1,0,0,96
300981411,0,1,2,94,1,0,0,0,98
300981412,0,1,0,19,0,0,0,0,20
300981413,0,1,1,43,2,1,0,0,48
300981414,0,0,0,47,4,0,1,0,52
300981415,0,0,0,28,0,0,0,0,28
300981416,0,0,0,39,0,0,0,0,39
300981501,0,0,0,37,0,0,0,0,37
300981502,2,2,3,86,0,0,1,0,94
300981503,1,2,2,240,1,4,2,1,253
300981504,0,10,2,119,1,2,0,0,134
300981505,0,2,2,29,0,0,0,0,33
300981506,0,0,1,18,0,0,0,0,19
300981507,0,0,0,39,0,0,0,0,39
300981508,0,13,4,27,0,0,0,0,44
300981509,0,3,1,51,1,0,0,0,56
300981510,11,6,6,117,6,1,0,5,152
300981511,1,12,11,175,1,0,0,0,200
300981512,6,6,10,100,2,1,0,0,125
300981513,8,1,2,106,1,0,0,1,119
300981514,0,0,0,12,2,0,0,0,14
300981515,0,0,0,17,0,0,0,0,17
300981516,0,1,0,30,0,0,0,0,31
300981601,0,0,0,5,0,0,0,0,5
300981602,0,0,1,9,0,0,0,0,10
300981603,0,1,1,46,2,1,0,0,51
300981604,1,0,2,43,3,0,0,0,49
300981605,0,0,1,84,1,0,0,0,86
300981606,4,6,0,30,0,0,0,0,40
300981701,0,0,0,28,0,0,0,0,28
300981702,2,1,1,95,4,0,0,1,104
300981703,2,1,2,100,3,4,1,0,113
300981704,0,0,0,108,0,0,1,0,109
300981705,0,1,1,26,1,0,1,1,31
300981706,0,0,0,11,0,0,0,0,11
300981707,0,0,1,12,0,0,0,0,13
300981708,0,4,1,19,1,0,0,0,25
300981709,0,0,0,23,0,0,0,1,24
300981801,0,0,0,2,0,1,0,0,3
300981802,0,0,0,10,0,0,2,0,12
301050101,0,4,0,192,2,0,0,1,199
301050102,0,1,0,147,3,1,0,4,156
301050103,4,7,2,169,2,0,0,1,185
301050104,5,11,0,252,1,1,0,1,271
301050105,2,2,2,113,4,1,1,4,129
301050106,27,8,2,74,8,0,1,2,122
301050107,15,27,9,184,5,1,2,0,243
301050108,12,35,5,182,3,0,0,0,237
301050109,2,23,2,136,1,1,2,1,168
301050110,27,74,6,154,6,0,0,0,267
301050111,19,32,6,95,0,0,0,0,152
301050112,31,57,6,63,1,1,0,1,160
301050201,2,7,3,133,12,0,0,1,158
301050202,5,13,1,172,23,1,0,1,216
301050203,7,17,8,182,5,2,0,0,221
301050204,5,28,2,136,3,0,0,1,175
301050205,9,32,3,144,1,0,0,1,190
301050206,3,13,4,184,3,0,0,1,208
301050207,3,1,3,194,6,2,1,2,212
301050208,2,6,2,181,7,0,1,3,202
301050209,10,50,4,200,3,1,0,1,269
301050210,23,111,4,94,8,0,0,0,240
301050211,16,28,2,119,1,0,0,4,170
301050212,18,76,3,78,30,0,0,0,205
301050213,2,8,5,185,6,1,0,0,207
301050301,9,25,5,213,3,0,0,1,256
301050302,6,4,9,16,2,0,0,0,37
301050303,15,41,7,297,4,3,3,1,371
301050304,9,19,1,195,6,3,2,1,236
301050305,30,72,2,86,0,0,0,2,192
301050306,22,65,9,183,7,1,0,9,296
301050307,2,75,150,6,0,0,1,0,234
301050308,18,69,16,134,2,0,0,4,243
301050309,9,105,16,79,0,0,0,0,209
301050310,22,108,9,101,7,0,0,0,247
301050401,33,49,5,31,0,1,0,0,119
301050402,19,43,3,65,2,0,0,0,132
301050403,13,68,11,94,7,1,0,3,197
301050404,6,22,2,228,1,0,0,2,261
301050405,7,36,3,126,4,0,0,0,176
301050406,19,75,4,187,4,1,0,1,291
301050407,2,4,0,180,5,0,0,1,192
301050408,1,3,2,79,0,0,0,1,86
301050409,9,12,6,228,3,8,0,2,268
301050410,2,7,6,290,7,0,0,2,314
301050501,2,2,1,60,4,0,0,0,69
301050502,1,3,1,10,0,0,0,0,15
301050503,0,4,4,52,2,0,1,0,63
301050504,1,5,3,50,1,0,0,0,60
301050601,0,0,0,38,0,0,0,0,38
301050602,0,0,1,28,0,0,0,0,29
301050603,0,0,1,7,0,0,0,0,8
301050604,0,2,0,19,0,0,0,0,21
301050605,0,2,0,52,0,0,1,0,55
301050606,1,11,0,96,2,0,0,1,111
301050607,0,0,0,18,1,0,0,0,19
301050608,0,0,1,12,0,0,0,0,13
301050609,1,4,6,34,0,2,0,0,47
301050610,0,3,2,179,2,1,4,0,191
301050611,0,2,1,24,2,2,3,1,35
301050612,0,4,7,50,1,0,1,0,63
301050701,1,2,1,9,0,0,0,0,13
301050702,0,0,1,27,1,0,0,0,29
301050703,0,2,2,37,1,0,0,0,42
301050704,0,0,2,16,0,0,0,0,18
301050705,0,1,0,27,0,1,0,0,29
301050706,0,0,0,21,0,0,0,0,21
301050707,2,1,2,16,0,0,1,0,22
301050708,3,0,1,38,0,0,0,0,42
301050709,2,1,0,18,0,0,0,0,21
301050710,0,1,1,7,0,1,0,0,10
301050711,0,2,1,130,1,2,0,0,136
301050712,5,2,5,112,1,3,1,3,132
301050713,0,0,1,17,0,0,0,0,18
301050714,0,0,0,12,0,0,0,0,12
301050715,1,1,0,61,2,0,2,1,68
301050801,0,0,0,7,0,1,0,17,25
301050802,0,0,0,5,0,0,8,0,13
301050803,0,0,0,4,0,0,0,7,11
301050804,0,0,0,4,0,0,10,3,17
301050805,0,0,0,5,1,0,14,1,21
301050806,0,0,0,25,0,0,0,0,25
301050807,0,0,0,24,1,0,0,1,26
301050808,0,0,0,21,0,0,1,0,22
301050809,1,0,0,14,0,0,0,0,15
301050810,0,0,1,33,0,0,1,1,36
301050811,0,2,0,18,1,1,0,3,25
301050812,0,0,0,56,1,1,0,0,58
301130101,1,1,0,94,0,1,0,0,97
301130102,0,0,0,1,0,0,0,0,1
301130103,19,41,0,209,3,0,0,0,272
301130104,2,4,0,195,3,2,0,0,206
301130105,5,12,23,310,18,0,0,0,368
301130106,4,0,3,219,0,0,0,0,226
301130107,8,15,1,155,1,0,0,1,181
301130108,9,58,11,187,1,1,0,0,267
301130109,15,12,9,327,5,0,0,0,368
301130110,7,58,0,167,2,0,0,0,234
301130111,5,31,2,222,14,0,0,0,274
301130112,4,16,12,269,9,0,0,1,311
301130113,38,53,8,103,9,0,0,0,211
301130114,6,11,15,168,0,0,0,1,201
301130115,5,11,6,289,2,1,2,0,316
301130116,1,4,2,184,0,1,1,0,193
301130117,0,2,2,184,1,0,0,2,191
301130118,4,8,2,228,15,1,0,0,258
301130119,7,29,12,179,4,2,0,0,233
301130120,7,20,4,72,3,0,0,1,107
301130121,16,26,12,114,0,0,0,0,168
301130122,1,14,6,301,7,0,0,0,329
301130123,7,14,9,271,12,2,0,1,316
301130201,23,32,16,190,3,1,0,1,266
301130202,7,23,8,69,4,0,0,0,111
301130203,12,38,13,122,1,0,0,0,186
301130204,6,15,63,140,3,2,0,3,232
301130205,9,36,7,205,6,0,0,1,264
301130206,2,30,5,88,1,0,0,1,127
301130207,7,18,1,101,1,0,0,3,131
301130208,3,34,6,169,5,0,0,0,217
301130209,22,32,5,169,6,0,0,1,235
301130210,7,33,7,172,0,0,0,1,220
301130211,1,5,17,229,7,1,0,0,260
301130212,7,7,2,268,2,0,0,1,287
301130213,0,1,1,121,7,0,0,0,130
301130214,2,15,2,246,4,0,0,0,269
301130215,6,4,1,175,5,1,1,1,194
301130216,0,16,1,171,2,0,1,0,191
301130301,1,0,0,6,0,0,0,0,7
301130302,0,1,3,63,0,0,0,0,67
301130303,0,1,1,171,5,0,2,3,183
301130304,0,2,2,60,2,0,0,0,66
301130305,1,1,3,187,2,1,1,1,197
301130306,0,0,0,56,2,0,0,0,58
301130307,2,1,0,296,3,3,3,0,308
301130308,0,10,17,109,5,2,1,0,144
301130309,0,4,1,228,6,1,0,0,240
301130310,1,4,2,331,0,0,0,0,338
301130311,0,1,0,200,2,3,0,0,206
301130312,0,0,0,13,0,0,0,0,13
301130401,0,0,0,6,0,0,0,0,6
301130402,0,0,0,2,1,0,0,0,3
301130403,0,0,0,12,0,0,0,0,12
301130404,0,30,0,177,1,1,0,0,209
301130405,13,14,3,228,2,0,0,1,261
301130406,3,12,0,268,6,1,0,0,290
301130501,0,0,0,10,0,0,0,0,10
301130502,0,0,0,0,0,0,0,0,0
301130503,0,0,0,13,0,0,1,0,14
301130504,0,0,0,155,2,0,0,0,157
301130505,7,19,0,106,5,0,0,0,137
301130506,1,9,1,105,2,0,0,0,118
301130507,0,1,3,95,1,1,0,0,101
301130601,0,0,0,17,0,0,1,0,18
301130602,0,2,0,12,0,0,0,0,14
301130603,0,1,0,58,3,2,0,0,64
301130604,0,0,0,17,0,0,0,0,17
301130605,0,0,0,11,0,0,0,1,12
301130606,0,0,0,106,2,0,5,7,120
301130607,0,0,0,35,0,0,1,0,36
301130608,0,1,0,70,1,1,4,2,79
301130609,0,0,0,30,0,1,2,5,38
301130610,0,0,1,25,1,0,0,0,27
301130701,1,1,0,19,0,0,0,1,22
301130702,1,0,1,91,1,2,1,0,97
301130703,1,0,0,48,1,3,3,0,56
301130704,0,0,0,22,0,5,1,0,28
301130705,0,1,0,48,1,2,2,2,56
301130706,0,0,0,96,6,2,9,3,116
301130801,0,0,0,14,0,0,1,1,16
301130802,0,0,0,6,0,0,0,0,6
301130803,0,0,1,13,0,0,0,0,14
301130804,0,1,0,15,0,0,0,0,16
301130805,0,0,0,38,0,0,0,0,38
301130806,0,1,0,58,0,2,0,0,61
301130807,0,0,0,35,0,2,0,0,37
301130808,0,0,0,35,1,1,4,0,41
301130809,1,0,3,13,0,0,0,0,17
301130810,0,0,3,13,0,0,0,0,16
301130811,0,0,0,12,0,0,0,0,12
301130812,0,0,0,15,0,0,0,0,15
301130813,0,0,0,23,0,0,0,0,23
301130814,0,0,0,16,0,0,0,1,17
301130815,0,0,1,29,0,0,0,0,30
301130901,0,0,0,21,1,0,0,0,22
301130902,0,0,0,18,0,0,1,0,19
301130903,0,0,0,27,0,1,0,0,28
301130904,0,1,1,20,0,0,0,1,23
301130905,0,0,1,18,0,1,0,0,20
301130906,0,0,0,55,0,0,0,1,56
301130907,0,1,0,18,0,0,0,0,19
301130908,0,0,0,12,0,0,0,1,13
301131001,0,0,1,31,2,0,4,0,38
301131002,0,2,0,58,0,1,3,1,65
301131003,5,1,0,17,1,2,4,0,30
301131004,0,0,1,50,1,0,1,0,53
301131005,0,0,1,48,0,0,0,0,49
301131006,0,1,0,19,0,2,2,0,24
301131007,0,0,0,35,0,0,1,1,37
301131008,1,0,0,37,1,0,0,2,41
301131101,0,0,1,9,0,1,0,0,11
301131102,0,0,0,4,0,0,0,0,4
301131103,1,0,1,31,0,1,8,0,42
301131104,0,2,2,39,0,0,4,0,47
301131105,1,0,2,32,1,0,6,0,42
301131106,0,1,5,55,0,0,27,0,88
301131107,0,0,0,9,1,0,1,0,11
301131108,0,1,0,18,1,0,0,0,20
301131109,0,0,1,20,0,0,4,0,25
301131110,1,0,0,33,0,0,1,2,37
301131201,0,1,0,19,0,0,0,0,20
301131202,0,0,0,13,0,0,0,0,13
301131203,0,3,0,115,3,1,0,3,125
301131204,0,1,2,69,1,0,4,0,77
301131205,0,0,0,8,0,1,1,0,10
301131206,0,1,0,21,0,1,4,0,27
301131207,0,0,0,17,2,0,0,0,19
301131208,1,0,0,28,2,0,0,0,31
301131209,0,0,1,45,1,0,0,0,47
301131301,0,0,0,4,0,0,0,0,4
301131302,0,0,0,33,0,0,0,0,33
301131303,0,0,0,11,0,0,0,0,11
301131304,0,0,0,23,1,0,0,0,24
301131305,0,0,0,5,0,0,0,0,5
301131306,0,1,3,12,0,0,0,0,16
301131307,0,0,0,5,0,0,0,0,5
301131308,0,1,0,114,1,0,1,2,119
301131309,0,0,0,72,1,0,1,0,74
301131401,0,0,0,14,0,0,0,0,14
301131402,0,0,1,29,0,0,0,0,30
301131403,0,0,0,7,0,0,0,0,7
301131404,0,0,0,8,0,0,0,0,8
301131405,2,0,0,30,1,0,0,0,33
301131406,0,1,0,16,0,0,0,0,17
301131407,0,0,1,9,0,0,0,0,10
301131408,0,0,0,6,0,0,0,0,6
301131409,0,0,0,8,0,0,0,0,8
301131410,0,0,0,4,0,0,0,0,4
301131411,1,2,0,109,1,0,0,0,113
340070101,0,0,0,62,1,3,17,0,83
340070102,0,0,0,174,2,31,92,8,307
340070201,0,0,1,89,0,16,96,1,203
340070202,0,0,0,20,0,6,6,1,33
340070203,0,0,5,78,7,12,85,5,192
340070204,0,2,0,94,1,7,48,16,168
340070301,0,0,0,42,1,3,14,0,60
340070401,0,0,0,44,0,14,0,1,59
340070402,0,0,0,114,2,24,3,8,151
340070403,1,0,6,134,0,5,25,0,171
340070404,0,1,0,133,1,3,0,0,138
340070405,2,1,1,228,1,7,0,1,241
340070406,2,2,6,187,0,8,1,0,206
340070407,1,2,0,129,1,2,0,0,135
340070408,1,0,0,128,0,7,0,0,136
340070409,5,1,2,96,0,15,1,0,120
340070501,1,1,11,92,1,4,87,0,197
340070502,0,0,30,7,0,0,15,0,52
340070503,0,0,0,104,0,15,65,2,186
340070504,0,0,0,35,0,5,9,1,50
340070505,0,0,0,131,4,4,15,2,156
340070601,0,0,0,19,2,8,1,0,30
340070602,0,0,0,29,2,29,25,12,97
340070603,0,0,0,8,0,1,7,1,17
340070701,0,0,0,20,0,0,7,0,27
340070702,0,0,0,87,1,32,22,3,145
340070703,0,0,7,63,4,3,17,0,94
340070801,0,0,0,68,1,11,13,1,94
340140101,11,42,1,269,6,4,8,1,342
340140102,8,48,4,177,9,1,0,1,248
340140103,0,19,3,9,64,0,0,0,95
340140104,5,114,5,13,118,0,0,0,255
340140105,25,153,18,31,11,0,0,0,238
340140106,15,140,0,97,4,0,0,0,256
340140107,2,48,0,152,0,0,0,0,202
340140108,8,213,1,177,6,0,0,0,405
340140109,8,50,4,233,3,2,0,1,301
340140110,1,41,1,279,31,2,1,0,356
340140111,6,116,0,91,1,0,0,1,215
340140112,11,125,1,108,6,0,0,0,251
340140113,12,74,21,185,4,1,0,3,300
340140114,17,185,4,85,1,0,0,0,292
340140115,41,10,17,105,2,0,0,0,175
340140116,7,70,17,184,5,1,0,0,284
340140117,10,34,1,200,2,0,0,0,247
340140118,14,37,8,106,4,0,0,7,176
340140119,14,37,29,83,3,0,0,1,167
340140120,34,115,21,190,3,0,0,1,364
340140121,6,43,14,98,4,0,0,5,170
340140122,3,28,4,195,2,2,1,0,235
340140123,8,43,6,183,5,0,0,1,246
340140124,37,8,0,172,0,0,1,0,218
340140125,2,22,3,174,1,0,0,1,203
340140126,0,24,3,146,2,1,0,0,176
340140201,7,24,1,302,2,24,0,1,361
340140202,3,36,4,231,4,20,0,0,298
340140203,67,162,26,68,4,0,0,3,330
340140204,4,100,29,34,19,0,0,0,186
340140205,4,15,1,312,5,7,1,0,345
340140206,0,6,1,269,2,19,1,1,299
340140207,0,2,2,165,11,44,8,12,244
340140208,13,49,4,184,6,2,0,0,258
340140209,13,58,13,234,38,0,0,3,359
340140210,10,52,11,150,13,0,1,1,238
340140211,11,48,11,178,10,3,0,1,262
340140212,15,46,19,164,10,0,0,0,254
340140213,19,55,17,94,2,0,0,1,188
340140214,14,107,26,160,4,0,0,0,311
340140215,22,92,29,107,5,0,0,3,258
340140216,18,65,24,116,4,0,0,0,227
340140217,22,42,35,105,8,0,1,2,215
340140218,9,49,18,131,5,0,0,0,212
340140219,2,26,6,138,5,2,1,5,185
340140220,4,68,13,274,8,3,0,0,370
340140221,0,9,0,159,2,23,0,0,193
340140222,1,12,0,185,0,2,0,0,200
340140223,5,12,0,210,2,10,0,1,240
340140301,11,84,34,138,5,1,0,1,274
340140302,34,103,39,127,6,0,0,13,322
340140303,24,94,41,96,6,3,0,0,264
340140304,20,90,20,143,8,0,0,0,281
340140305,25,66,27,127,6,0,0,1,252
340140306,43,62,19,113,8,0,0,3,248
340140307,42,48,26,206,12,4,0,1,339
340140308,9,39,10,243,5,12,0,1,319
340140309,0,7,1,146,3,19,0,0,176
340140310,7,33,2,305,3,2,1,0,353
340140311,1,25,2,247,4,2,1,0,282
340140312,0,9,5,217,2,16,1,0,250
340140313,0,12,1,251,1,12,2,2,281
340140401,1,74,11,127,3,4,0,1,221
340140402,12,21,10,139,2,3,2,0,189
340140403,9,75,9,272,9,7,0,1,382
340140404,10,50,34,265,7,1,0,0,367
340140405,11,75,5,130,1,0,0,1,223
340140406,13,96,20,237,6,4,0,0,376
340140407,8,62,19,126,5,1,1,0,222
340140408,12,73,16,182,1,0,1,0,285
340140409,13,88,19,209,18,2,0,1,350
340140410,16,91,20,125,6,0,0,0,258
340140411,5,31,5,164,4,3,0,0,212
340140412,3,55,0,197,0,7,0,0,262
340140413,3,35,1,251,4,4,0,8,306
340140414,6,17,0,207,2,11,0,0,243
340140415,4,36,3,299,1,21,1,1,366
340140416,18,33,2,223,2,12,0,0,290
340140417,2,53,3,220,5,7,0,0,290
340140418,8,27,2,186,6,16,0,0,245
340140419,6,28,0,184,0,40,0,1,259
340140501,0,0,0,9,0,5,3,0,17
340140502,0,1,0,258,3,68,13,8,351
340140503,0,0,0,10,0,0,4,0,14
340140504,0,4,0,107,1,7,8,0,127
340140505,2,1,2,83,0,2,3,0,93
340140506,0,7,1,136,1,20,2,0,167
340140601,0,0,0,4,0,0,2,0,6
340140602,2,3,0,104,6,14,8,4,141
340140603,1,1,1,93,1,11,7,0,115
340140604,0,0,0,17,1,3,4,0,25
340140605,1,2,1,56,0,3,3,1,67
340140606,0,4,1,48,0,8,3,0,64
340140607,1,1,0,77,2,9,4,0,94
340140608,0,0,0,3,0,0,0,0,3
340140609,0,0,0,0,0,0,0,0,0
340140701,0,0,1,123,2,40,37,0,203
340140702,0,2,1,198,5,10,5,0,221
340140703,0,3,0,189,0,4,0,0,196
340140704,0,0,1,188,3,4,0,0,196
340140705,0,0,0,302,0,17,0,0,319
340140706,0,1,0,291,4,4,0,1,301
340140707,1,0,1,219,1,1,0,0,223
340140708,1,0,0,266,1,2,0,0,270
340140709,1,2,0,330,3,2,0,0,338
340140710,3,2,0,254,1,1,0,1,262
340140711,0,1,0,333,3,0,0,0,337
340140712,0,0,0,5,0,0,0,0,5
340140713,1,0,0,246,1,0,0,0,248
340140714,9,0,1,237,0,1,0,27,275
340140715,1,1,0,302,2,16,1,0,323
340140716,0,0,0,102,0,15,8,1,126
340140717,0,0,1,147,1,30,11,0,190
340140801,0,0,0,30,0,0,3,0,33
340140802,0,0,0,16,0,0,0,0,16
340140803,0,0,0,32,2,2,7,3,46
340140804,0,0,0,38,2,11,3,0,54
340140901,2,0,1,95,0,10,7,0,115
340140902,0,0,0,31,0,0,1,0,32
340141001,1,0,1,53,4,2,3,0,64
340141002,0,0,0,7,0,0,0,0,7
340141003,0,0,0,4,0,0,1,0,5
340141004,1,3,1,95,5,5,2,0,112
340141005,0,1,2,124,1,8,0,20,156
340141101,4,0,0,17,1,15,1,1,39
340141102,0,0,0,13,0,0,0,0,13
340141103,1,1,0,46,1,4,6,0,59
340141104,0,1,0,95,0,1,12,0,109
340141201,0,1,0,44,2,5,3,0,55
340141301,0,1,0,47,0,0,0,0,48
340141302,0,0,0,6,0,1,0,0,7
340141401,0,0,0,29,1,1,5,0,36
340141402,0,0,4,30,0,3,15,0,52
340141403,0,0,1,124,2,7,28,0,162
340141404,0,0,2,74,0,5,17,1,99
340141501,5,60,11,304,1,0,0,0,381
340141502,2,60,147,15,1,1,0,2,228
340141503,0,7,38,166,0,2,1,0,214
340141504,28,265,47,35,0,0,0,14,389
340141505,6,55,107,95,1,0,0,0,264
340141506,17,20,6,236,3,0,0,4,286
340141507,6,64,8,334,2,7,0,0,421
340141508,3,77,4,291,0,1,0,0,376
340141509,3,49,2,242,1,1,0,0,298
340141510,8,41,1,153,6,3,0,0,212
340141511,3,22,5,95,4,0,0,0,129
340141512,2,60,1,273,5,1,0,0,342
340141513,18,65,8,223,3,0,0,0,317
340141514,7,75,11,341,5,3,0,1,443
340141515,1,22,0,156,0,0,0,0,179
340141516,4,25,4,205,30,2,0,0,270
340141517,7,126,0,200,18,0,0,1,352
340141518,26,57,4,163,2,0,0,31,283
340141519,3,94,73,39,2,0,0,1,212
340141520,2,37,64,56,4,0,0,2,165
340141521,22,125,16,44,2,0,0,6,215
340141522,3,6,0,204,0,0,0,0,213
340141523,42,18,4,166,3,1,0,0,234
340141524,2,20,1,170,19,0,0,1,213
340141525,6,11,0,266,1,0,0,0,284
340141526,2,26,2,158,0,1,0,0,189
340141527,2,14,171,20,0,0,0,0,207
340141528,5,31,0,224,2,2,0,2,266
340141601,0,6,0,159,2,38,0,0,205
340141602,1,10,8,241,4,103,3,0,370
340141603,8,10,2,164,3,2,0,0,189
340141604,2,10,1,201,4,2,0,0,220
340141605,2,46,3,271,7,5,2,0,336
340141606,2,30,1,280,17,21,0,1,352
340141607,2,27,2,195,3,6,0,0,235
340141608,6,46,5,293,7,11,0,1,369
340141609,11,57,36,182,2,4,0,0,292
340141610,5,95,21,177,4,1,0,0,303
340141611,70,134,3,46,0,0,0,0,253
340141612,41,11,2,173,0,1,0,0,228
340141613,1,10,3,121,104,0,0,0,239
340141614,16,133,1,43,2,0,0,0,195
340141615,10,132,8,83,2,0,0,1,236
340141616,4,5,0,292,2,0,0,0,303
340141617,2,101,156,11,1,0,0,0,271
340141618,1,3,0,172,0,0,0,0,176
340141619,18,125,11,61,0,0,0,0,215
340141620,1,36,2,198,10,2,0,2,251
340141621,1,59,4,260,1,3,0,2,330
340141622,3,12,6,317,2,12,0,0,352
340141623,6,5,0,246,5,12,2,0,276
340141624,9,12,0,190,0,0,0,2,213
340141625,4,39,12,134,3,4,0,16,212
340141626,10,93,2,118,2,1,0,0,226
340141627,1,7,0,176,1,16,1,0,202
340141628,2,53,1,148,2,0,0,0,206
340141701,0,14,2,158,0,5,0,0,179
340141702,1,21,2,161,15,4,0,0,204
340141703,8,7,0,223,1,0,0,1,240
340141704,0,1,2,243,0,2,0,0,248
340141705,1,10,1,352,11,3,1,0,379
340141706,11,88,12,138,29,2,0,5,285
340141707,0,0,1,119,1,23,3,0,147
340141708,2,0,0,253,2,1,1,0,259
340141709,5,0,0,223,2,0,0,0,230
340141710,0,0,0,206,0,0,0,0,206
340141711,0,1,0,240,1,1,0,4,247
340141712,0,0,0,239,3,14,1,0,257
340141713,0,4,0,96,1,9,0,1,111
340141714,9,20,0,231,4,0,0,0,264
340141715,0,4,0,185,0,0,0,0,189
340141716,21,2,0,250,6,46,1,2,328
340141717,0,4,0,211,1,36,0,0,252
340141801,0,0,0,8,0,0,0,1,9
340141802,0,0,0,5,0,0,1,0,6
340141901,0,0,0,32,0,0,0,0,32
340141902,0,0,0,4,0,0,0,0,4
340142001,0,0,1,19,3,12,2,0,37
340142002,1,3,1,190,0,37,9,1,242
340142003,0,0,1,17,0,0,0,0,18
340142004,1,1,1,127,3,123,2,2,260
340142005,0,0,1,15,0,6,2,0,24
340142006,0,11,3,263,3,42,4,1,327
340142007,1,0,0,22,0,21,2,0,46
340142008,0,0,0,2,0,1,2,0,5
340142009,0,0,0,7,0,10,0,0,17
340142010,0,0,0,1,0,0,1,0,2
340142011,0,0,0,14,0,11,1,1,27
340142012,1,11,0,105,3,1,0,0,121
340142013,1,9,1,256,6,5,0,0,278
340142014,0,7,1,202,2,6,0,0,218
340142015,2,6,0,271,23,23,4,1,330
340142016,1,10,2,226,0,12,2,0,253
340142017,0,3,1,163,2,36,2,18,225
340142018,0,2,1,142,3,31,2,3,184
340142019,15,3,0,164,1,28,0,2,213
340142020,0,1,0,67,1,106,6,1,182
340142021,0,0,0,0,0,0,0,0,0
340142022,0,0,0,1,0,0,0,0,1
340142023,1,7,4,231,9,65,3,2,322
340142024,0,10,0,177,5,48,4,1,245
340142025,1,23,1,275,7,0,1,1,309
340142026,2,15,0,220,1,2,0,20,260
340142027,1,4,2,283,2,24,1,1,318
340142101,2,13,0,136,2,27,1,3,184
340142102,4,31,0,172,0,4,0,5,216
340142103,7,34,5,222,1,2,0,3,274
340142104,37,44,8,240,0,3,0,0,332
340142105,1,34,5,115,0,1,0,1,157
340142106,14,99,16,69,1,0,1,1,201
340142107,30,72,6,136,1,0,0,1,246
340142108,2,42,2,181,2,0,0,0,229
340142109,4,55,6,143,4,0,0,11,223
340142110,0,51,4,148,0,1,0,0,204
340142111,11,34,8,100,75,0,0,0,228
340142112,5,26,1,92,35,0,0,5,164
340142113,2,42,0,164,2,2,0,0,212
340142114,2,79,0,159,2,1,0,0,243
340142115,5,29,0,322,4,34,3,9,406
340142116,16,53,6,309,2,5,0,0,391
340142117,8,43,7,212,11,4,1,3,289
340142118,5,63,1,136,4,14,0,2,225
340142119,3,18,1,205,0,36,4,1,268
340142201,0,22,0,196,1,0,0,0,219
340142202,0,2,0,293,4,0,0,1,300
340142203,9,57,0,110,1,0,0,0,177
340142204,14,68,1,235,12,0,0,0,330
340142205,1,6,1,369,2,1,0,0,380
340142206,0,15,2,353,6,1,0,0,377
340142207,0,28,1,320,0,8,0,1,358
340142208,1,19,1,340,3,5,0,0,369
340142209,2,14,2,313,6,9,0,2,348
340142210,2,11,1,309,44,8,0,0,375
340142211,1,2,0,212,100,6,0,2,323
340142212,2,5,1,344,12,11,1,0,376
340142213,14,14,0,234,85,5,0,0,352
340142214,3,12,0,248,97,3,0,0,363
340142215,1,16,0,202,2,0,0,0,221
340142216,3,25,0,286,0,5,0,0,319
340142217,2,24,0,235,0,4,0,0,265
340142218,4,8,0,193,55,2,0,0,262
340142219,15,9,3,284,4,34,0,4,353
340142220,2,10,1,183,1,3,0,0,200
340142221,0,3,1,148,7,20,3,0,182
340142222,0,1,0,10,1,15,3,0,30
340210101,0,0,0,5,1,0,1,0,7
340210102,0,1,1,23,1,0,0,0,26
340210201,1,5,1,70,0,34,20,6,137
340210202,3,1,0,18,0,24,0,1,47
340210203,0,0,0,9,0,0,0,0,9
340210204,0,0,0,4,2,0,0,0,6
340210205,0,0,0,5,0,0,0,0,5
340210206,0,0,0,43,0,1,6,0,50
340210207,0,0,0,9,0,0,1,0,10
340210208,1,1,2,37,3,28,7,1,80
340210209,1,0,1,31,0,0,1,0,34
340210210,0,1,1,28,0,7,1,9,47
340210211,13,3,3,166,1,1,1,0,188
340210212,3,9,2,163,0,24,2,0,203
340210213,0,3,0,234,1,23,9,10,280
340210214,0,3,1,260,2,33,1,2,302
340210215,0,4,4,141,0,1,0,1,151
340210301,1,0,0,46,1,12,11,1,72
340210302,0,2,0,87,5,17,18,0,129
340210303,0,2,0,55,0,4,6,0,67
340210304,1,6,9,153,2,2,12,0,185
340210305,2,1,2,139,1,9,10,0,164
340210306,1,0,2,50,2,10,11,0,76
340210307,0,1,0,160,1,17,17,0,196
340210401,0,0,0,8,0,2,1,0,11
340210402,2,1,0,49,0,11,10,0,73
340210403,1,1,1,203,3,18,27,4,258
340210501,0,0,0,3,1,1,0,0,5
340210502,0,0,2,101,0,2,21,1,127
340210601,0,0,0,40,0,7,3,0,50
340210602,0,1,1,113,0,13,5,1,134
340210603,0,2,1,162,3,20,15,2,205
340210604,0,0,1,213,22,7,4,0,247
340210701,0,1,0,14,0,1,1,1,18
340210702,0,0,2,6,1,0,5,0,14
340210703,0,1,1,26,1,3,17,0,49
340210704,0,0,0,9,0,0,19,0,28
340210705,0,0,0,5,0,0,1,1,7
340210706,4,3,0,301,4,12,2,1,327
340210707,1,6,4,194,0,25,6,0,236
340210708,1,0,0,150,0,21,3,1,176
340210709,0,2,0,53,0,4,43,0,102
340280101,0,0,4,122,2,12,25,2,167
340280102,2,0,0,148,2,1,0,1,154
340280103,1,2,0,259,2,1,0,6,271
340280104,6,7,2,222,0,6,0,0,243
340280105,1,11,2,257,2,1,0,3,277
340280106,1,23,2,186,0,0,0,0,212
340280107,1,1,0,199,0,3,1,0,205
340280108,3,3,3,146,0,8,0,0,163
340280109,0,0,11,231,10,10,2,0,264
340280110,0,0,0,104,9,14,12,1,140
340280111,0,0,0,104,0,12,0,2,118
340280112,22,0,0,141,3,1,2,0,169
340280113,1,10,0,229,1,5,2,0,248
340280114,2,0,0,185,3,1,0,0,191
340280115,0,0,0,169,1,10,0,0,180
340280201,0,0,2,159,1,25,36,10,233
340280301,0,0,0,37,0,3,54,5,99
340280302,0,0,0,18,1,3,5,2,29
340350101,3,1,0,191,2,27,21,2,247
340350102,0,0,0,50,0,2,7,0,59
340350103,2,0,0,134,3,14,1,0,154
340350104,0,0,0,20,0,0,9,0,29
340350105,0,0,0,39,1,6,0,1,47
340350106,0,1,1,43,2,71,38,1,157
340350107,0,0,0,6,0,0,0,0,6
340350108,0,0,1,65,23,81,29,1,200
340350201,3,0,0,96,9,59,12,0,179
340350202,0,0,0,45,1,20,5,0,71
340350203,1,0,2,96,3,18,34,3,157
340350204,2,0,0,57,1,26,5,0,91
340350205,0,0,0,19,0,2,3,0,24
340350206,3,1,0,53,1,2,33,1,94
340350207,0,0,0,5,0,0,0,0,5
340350301,0,0,1,102,0,94,7,2,206
340350302,0,0,0,16,1,5,3,0,25
340350303,0,1,0,74,0,18,17,0,110
340350304,0,0,0,9,0,0,2,0,11
340350401,0,0,0,14,0,0,0,0,14
340350402,0,0,1,135,2,15,111,5,269
340350403,1,0,0,41,2,0,17,3,64
340350404,0,0,0,23,0,2,0,1,26
340350405,0,1,0,183,0,1,0,0,185
340350406,0,2,0,103,0,9,1,1,116
340350501,1,3,6,342,4,37,59,3,455
340350502,0,1,1,25,0,1,1,0,29
340350503,0,0,0,2,0,0,0,0,2
340350601,1,1,2,73,0,7,21,1,106
340350602,0,0,8,122,2,5,29,0,166
340350603,0,2,9,92,0,15,33,4,155
340350604,0,0,3,136,1,20,20,0,180
340350605,0,1,2,118,13,7,2,0,143
340350606,0,6,3,139,2,9,4,2,165
340350607,2,2,0,170,0,15,8,1,198
340350608,1,3,0,157,1,6,3,0,171
340350609,1,0,11,82,0,35,13,0,142
340350610,0,0,0,92,0,19,7,1,119
340350611,3,2,0,268,0,7,13,0,293
340350612,0,3,3,249,1,26,18,1,301
340350613,8,10,4,185,1,4,4,1,217
340350614,0,2,1,116,0,5,1,0,125
340350615,1,0,4,101,0,31,5,0,142
340350701,0,0,1,52,0,4,54,0,111
340350702,0,1,5,85,0,1,64,1,157
340350703,0,0,2,121,0,24,26,0,173
340350704,2,0,32,221,0,4,57,0,316
340350705,3,0,33,167,4,0,25,4,236
340350706,0,0,29,54,0,5,67,0,155
340350707,1,0,3,119,5,7,82,3,220
340350801,2,32,0,81,1,7,0,0,123
340350802,3,4,0,211,7,4,1,1,231
340350803,6,3,0,182,6,11,1,1,210
340350804,0,14,2,201,10,18,1,0,246
340350805,0,0,2,257,3,17,0,2,281
340350806,7,4,2,154,6,1,1,1,176
340350901,7,2,0,151,3,4,1,0,168
340350902,4,5,1,173,1,15,1,0,200
340350903,8,16,1,225,3,16,1,2,272
340350904,19,14,4,185,8,3,0,1,234
340350905,16,9,2,131,10,1,0,0,169
340350906,14,7,9,262,3,11,2,2,310
340350907,21,2,0,172,3,8,0,0,206
340350908,18,3,3,224,1,1,0,0,250
340350909,2,2,0,253,1,26,6,3,293
340350910,2,1,0,140,1,11,0,0,155
340350911,4,1,0,154,2,17,2,0,180
340351001,4,1,0,145,2,20,2,0,174
340351002,2,5,2,275,3,7,1,0,295
340351003,2,4,1,197,3,8,0,0,215
340351004,2,11,2,282,4,19,3,0,323
340351005,12,4,5,174,5,2,1,0,203
340351006,0,0,1,166,8,21,0,1,197
340351007,2,5,3,138,3,5,0,0,156
340351101,0,0,4,19,1,10,34,4,72
340351102,0,0,0,8,1,0,20,0,29
340351103,0,1,8,101,6,3,103,1,223
340351104,0,1,5,124,9,1,43,1,184
340351105,0,0,1,144,1,2,17,1,166
340351201,1,4,1,295,2,5,1,0,309
340351202,4,21,1,266,29,2,0,0,323
340351203,7,17,5,233,3,0,0,0,265
340351204,3,0,2,168,3,1,0,1,178
340351205,17,17,5,233,3,0,1,2,278
340351206,1,8,0,188,2,0,1,0,200
340351207,0,1,1,274,1,5,1,1,284
340351208,0,2,0,154,2,4,0,4,166
340351209,1,0,0,148,2,2,0,0,153
340351210,0,0,0,60,1,30,6,0,97
340351301,0,0,0,13,0,21,9,0,43
340351302,0,0,0,20,0,0,5,1,26
340351303,0,0,13,9,0,0,1,1,24
340351401,0,0,0,33,0,13,10,0,56
340351402,1,0,1,23,0,7,13,1,46
340351403,0,0,0,14,0,3,11,5,33
340351501,0,0,0,2,0,0,0,0,2
340351502,1,1,0,48,1,25,4,3,83
340351503,0,0,0,53,3,33,13,2,104
340351601,0,0,1,31,1,19,34,2,88
340351701,0,0,8,26,0,2,0,0,36
340351702,0,0,0,16,2,0,1,0,19
340351703,0,0,0,6,0,0,2,0,8
340351704,0,0,0,15,0,1,2,0,18
340351801,0,0,0,82,0,28,19,5,134
340351802,0,0,0,33,0,53,19,16,121
340351803,0,0,0,20,0,18,11,0,49
340351804,0,1,0,29,0,9,9,1,49
340351805,0,0,1,122,2,3,0,1,129
340351806,1,36,0,128,6,3,0,1,175
340351807,2,0,2,146,3,1,0,1,155
340351808,0,2,3,187,5,20,4,1,222
340351809,0,0,0,105,0,18,1,9,133
340351810,0,0,1,110,0,21,2,0,134
340351811,0,0,0,103,0,16,3,1,123
340351812,0,2,0,82,1,8,2,0,95
340351901,0,0,0,28,0,10,3,1,42
340351902,1,0,1,33,0,4,2,2,43
340351903,0,0,2,76,1,27,2,1,109
340351904,1,1,1,113,0,62,0,1,179
340351905,1,0,0,208,1,9,1,1,221
340351906,0,0,0,228,2,10,4,0,244
340351907,0,0,0,57,1,45,10,8,121
340351908,1,2,3,191,1,3,1,0,202
340351909,1,1,0,21,1,16,9,0,49
340352001,0,0,10,34,2,0,17,1,64
340352002,0,0,3,36,0,0,66,0,105
340352003,0,0,1,13,0,0,34,0,48
340352101,0,0,1,5,0,0,29,0,35
340352102,0,0,1,7,0,0,3,0,11
340352103,0,0,0,7,0,0,54,0,61
340420101,0,2,2,26,0,2,5,2,39
340420102,0,0,0,110,1,7,50,0,168
340420103,1,0,2,49,0,5,6,1,64
340420104,1,1,2,114,0,22,15,2,157
340420105,0,1,0,144,4,13,29,0,191
340420106,0,0,2,72,2,22,11,1,110
340420107,1,1,1,101,0,13,8,0,125
340420108,0,0,1,137,0,2,3,0,143
340420109,0,2,5,270,1,33,18,1,330
340420110,1,3,9,215,1,27,9,0,265
340420111,0,8,10,304,1,6,1,0,330
340420112,0,0,0,88,1,4,4,0,97
340420201,0,1,0,8,0,4,1,0,14
340420202,0,0,0,65,0,6,9,0,80
340420203,0,0,0,31,0,3,3,0,37
340420204,1,2,0,226,2,28,12,4,275
340420205,0,1,8,208,0,24,0,0,241
340420301,0,0,0,59,1,4,28,0,92
340420302,0,0,0,10,0,1,2,0,13
340420303,0,1,1,124,0,2,36,1,165
340420304,0,0,1,19,0,1,4,0,25
340420305,1,1,6,238,4,27,48,7,332
340420306,3,3,6,225,2,9,14,0,262
340420307,0,0,2,97,0,5,46,0,150
340420401,0,0,3,117,3,2,18,1,144
340420402,0,0,0,11,2,0,3,0,16
340420403,0,0,0,12,0,0,1,0,13
340420501,0,0,0,65,0,47,54,1,167
340420502,0,0,1,16,3,0,4,0,24
340420503,0,0,0,9,1,0,0,0,10
340420504,0,3,1,213,4,17,7,0,245
340420505,0,2,0,193,2,45,11,0,253
340420506,0,2,1,201,0,12,1,0,217
340490101,0,1,8,207,8,13,7,1,245
340490102,9,40,36,272,4,8,1,4,374
340490103,3,17,23,213,11,3,2,4,276
340490104,2,23,59,129,9,2,0,0,224
340490105,5,6,41,114,8,5,0,1,180
340490106,4,48,79,151,10,4,4,4,304
340490107,5,34,86,91,6,7,0,0,229
340490108,4,27,34,176,10,5,0,1,257
340490109,36,132,65,137,12,4,1,3,390
340490110,3,38,90,124,6,0,0,1,262
340490111,9,49,105,85,6,1,0,0,255
340490112,2,50,67,75,5,0,0,0,199
340490113,2,48,48,131,2,2,2,0,235
340490114,2,27,73,281,17,4,0,0,404
340490115,3,9,20,272,11,8,2,1,326
340490116,13,22,23,173,5,11,2,0,249
340490117,0,19,62,170,9,2,0,0,262
340490118,1,6,24,180,3,5,1,0,220
340490119,2,7,15,295,2,7,0,0,328
340490120,1,4,8,248,3,6,3,2,275
340490121,0,9,16,229,14,48,1,1,318
340490122,6,44,45,212,13,1,1,1,323
340490123,8,16,22,178,9,5,0,1,239
340490124,0,2,4,259,4,30,7,1,307
340490125,3,9,6,228,0,9,5,0,260
340490126,0,18,17,137,6,7,1,8,194
340490127,1,5,2,119,4,15,1,1,148
340490128,0,21,69,141,6,0,0,0,237
340490201,0,0,0,3,0,0,0,0,3
340490301,0,0,1,11,0,0,1,0,13
340490302,0,1,5,125,1,5,11,0,148
340490303,0,0,0,32,0,1,1,0,34
340490304,0,0,7,34,0,2,0,0,43
340490305,0,4,3,34,0,1,1,0,43
340490306,0,0,5,25,0,2,33,0,65
340490401,0,0,0,25,1,7,0,0,33
340490402,0,0,0,15,1,10,5,0,31
340490403,0,0,0,147,5,8,8,0,168
340490501,0,0,1,14,0,0,1,0,16
340490601,1,1,2,69,0,4,22,2,101
340490602,1,0,3,186,5,7,27,1,230
340490603,0,1,1,161,1,16,16,0,196
340490604,0,0,2,88,1,9,4,0,104
340490605,0,0,0,8,0,0,1,0,9
340490606,2,0,1,57,1,5,5,0,71
340490607,0,0,0,13,2,0,1,0,16
340490608,1,1,0,9,0,0,1,0,12
340490609,0,0,1,72,0,11,8,0,92
340490610,1,1,1,272,1,10,17,0,303
340490611,2,3,0,155,0,2,2,0,164
340490612,1,2,2,243,0,5,1,0,254
340490613,9,50,1,121,0,1,5,1,188
340490614,14,19,3,170,1,3,2,0,212
340490701,0,1,6,181,1,11,30,0,230
340490702,0,0,0,80,2,4,15,0,101
340490703,2,0,34,291,18,29,39,1,414
340490704,2,3,2,142,1,12,16,0,178
340490705,0,0,1,30,0,3,5,0,39
340490706,0,1,5,150,1,1,17,2,177
340490707,0,0,0,24,0,1,7,0,32
340490708,1,1,0,147,6,5,3,0,163
340490709,0,0,0,49,0,5,8,0,62
340490710,0,4,2,147,4,4,3,0,164
340490801,0,0,2,193,3,26,11,1,236
340490802,0,0,5,73,2,5,8,0,93
340490803,0,2,7,78,0,7,17,0,111
340490804,0,0,2,362,3,79,123,0,569
340490805,4,2,4,442,8,58,56,0,574
340490806,1,9,10,268,1,2,3,0,294
340490807,1,3,1,140,2,10,3,0,160
340490808,0,0,1,142,2,27,3,0,175
340490901,0,1,0,85,2,11,19,0,118
340490902,0,0,3,201,2,40,60,0,306
340490903,0,1,0,180,5,17,12,0,215
340490904,0,0,1,9,0,0,0,0,10
340491001,0,0,0,4,0,0,2,0,6
340491002,0,0,0,44,1,4,5,0,54
340491003,1,1,5,240,1,15,3,2,268
340491004,5,3,19,257,4,15,1,0,304
340491005,6,6,20,296,4,1,1,2,336
340491006,8,49,4,281,5,1,0,2,350
340491007,5,5,6,242,4,1,0,0,263
340491008,6,13,85,131,4,1,0,0,240
340491009,11,2,158,82,3,1,1,0,258
340491010,12,4,10,313,2,2,0,10,353
340491011,0,1,10,208,2,5,0,0,226
340491012,0,15,15,245,32,8,1,2,318
340491013,1,6,3,243,4,4,3,0,264
340491014,2,1,5,230,9,14,0,0,261
340491015,1,1,1,227,2,2,2,1,237
340491016,2,105,63,160,3,2,0,6,341
340491017,2,4,4,195,4,0,0,1,210
340491018,0,0,0,246,2,32,0,0,280
340491019,4,5,7,244,3,11,2,0,276
340491020,1,2,4,253,4,9,0,0,273
340491021,0,4,7,236,0,13,1,0,261
340491022,0,1,6,120,0,0,0,0,127
340491023,0,0,1,0,0,0,0,0,1
340491024,0,0,0,33,0,2,0,1,36
340491101,0,0,4,276,4,4,7,1,296
340491102,0,1,2,120,3,8,6,0,140
340491103,0,1,9,227,2,1,0,1,241
340491104,0,1,0,220,2,10,6,0,239
340491105,2,6,6,170,3,0,4,0,191
340491106,0,3,2,283,3,9,0,1,301
340491107,3,5,10,140,2,2,0,0,162
340491108,1,0,0,113,0,0,0,0,114
340491109,7,0,3,204,0,1,0,0,215
340560101,5,2,1,264,6,22,6,7,313
340560102,1,3,0,118,0,5,0,0,127
340560103,8,14,3,236,7,1,1,0,270
340560104,29,23,2,233,2,0,0,11,300
340560105,38,4,3,168,1,6,0,1,221
340560106,1,4,2,299,5,16,1,0,328
340560107,15,30,3,204,4,3,0,1,260
340560108,9,26,9,136,4,0,0,1,185
340560109,11,26,10,203,2,0,0,0,252
340560110,8,35,2,176,5,13,0,0,239
340560111,3,8,0,278,2,0,0,0,291
340560112,16,4,0,256,3,29,3,2,313
340560113,2,3,7,204,4,3,0,1,224
340560114,2,1,1,47,3,11,4,1,70
340560115,1,0,1,88,2,33,7,12,144
340560116,12,1,1,249,0,4,1,0,268
340560117,2,0,1,193,1,0,0,0,197
340560201,0,0,0,3,0,0,0,0,3
340560202,0,0,6,119,1,9,34,0,169
340560203,0,0,0,3,0,0,1,0,4
340560204,0,0,0,6,0,2,1,0,9
340560205,0,0,0,6,3,1,4,0,14
340560301,2,1,1,56,1,9,6,0,76
340560302,1,0,0,13,0,2,5,0,21
340560303,0,0,2,140,0,4,20,1,167
340560304,0,0,0,3,0,0,0,0,3
340560401,0,0,0,11,0,0,0,0,11
340560402,0,1,0,166,0,15,22,0,204
340560403,1,0,1,54,1,2,10,1,70
340560404,1,0,1,15,0,0,2,0,19
340560405,0,1,7,156,5,38,43,5,255
340560406,10,9,2,201,1,0,0,0,223
340560407,2,3,2,184,0,2,4,1,198
340560408,1,6,4,293,4,2,3,1,314
340560409,2,6,4,261,1,10,19,0,303
340560501,0,0,12,122,2,10,41,0,187
340560502,0,3,1,86,0,6,15,0,111
340560503,0,0,0,66,0,2,20,0,88
340560504,0,0,2,182,0,1,7,0,192
340560601,0,0,6,55,0,3,22,0,86
340560602,0,0,0,62,0,2,6,1,71
340560603,0,0,2,37,0,33,4,0,76
340560604,0,1,2,31,0,1,0,0,35
340560605,0,3,3,66,0,1,12,0,85
340560701,0,2,4,178,5,13,10,1,213
340560702,0,0,0,46,0,4,0,1,51
340560703,0,1,0,28,0,0,0,0,29
340560704,0,1,0,24,0,0,2,0,27
340560705,5,3,0,203,1,12,3,1,228
340560706,12,9,0,194,5,3,0,0,223
340560707,3,7,4,261,2,3,0,0,280
340560708,3,3,1,309,2,0,0,0,318
340560709,18,8,1,153,3,2,0,0,185
340560801,0,0,1,40,0,0,4,2,47
340560802,0,0,1,27,2,4,23,1,58
340560803,0,0,0,11,0,1,3,0,15
340560804,0,0,0,23,1,0,0,0,24
340560805,0,0,0,41,1,2,7,0,51
340560901,0,0,0,57,1,0,9,0,67
340560902,0,0,0,10,1,2,32,0,45
340560903,0,0,0,10,1,0,4,0,15
340561001,1,0,1,99,1,4,11,0,117
340561002,0,0,0,22,0,3,7,0,32
340561003,0,1,20,56,1,3,11,1,93
340561004,0,0,1,13,0,1,37,0,52
340561005,0,0,0,18,1,1,10,0,30
340561101,8,1,2,212,2,35,4,4,268
340561102,16,2,1,166,3,60,1,0,249
340561103,11,26,7,149,5,4,0,0,202
340561104,3,2,0,161,2,40,0,0,208
340561105,8,14,5,214,3,12,1,0,257
340561106,6,19,1,141,1,5,0,2,175
340561107,22,67,0,90,18,1,0,0,198
340561108,14,11,0,247,6,7,0,0,285
340561109,5,1,2,143,7,74,0,0,232
340561110,26,1,0,170,6,15,0,1,219
340561111,15,16,4,149,6,2,0,9,201
340561112,9,12,0,223,6,6,0,1,257
340561113,8,12,1,156,7,6,0,2,192
340561114,9,1,1,124,1,21,2,0,159
340561115,27,17,10,149,10,2,0,0,215
340561116,4,3,1,183,6,37,0,0,234
340561117,8,1,0,155,7,61,1,0,233
340561118,8,7,1,182,4,2,0,4,208
340561119,5,7,0,213,3,47,0,0,275
340561120,14,24,10,134,3,5,2,0,192
340561121,6,1,0,158,1,50,2,1,219
340561122,5,0,0,87,1,67,0,0,160
340561123,4,0,0,72,0,47,0,0,123
340561201,0,0,0,10,0,2,0,0,12
340561202,1,1,1,77,1,38,5,0,124
340561203,0,0,1,8,0,0,0,0,9
340561301,0,0,0,33,0,9,11,3,56
340561302,0,0,1,28,2,2,0,1,34
340561401,1,0,0,51,1,12,23,0,88
340561402,3,0,0,107,3,60,12,3,188
340561403,2,0,0,22,1,7,6,0,38
340561404,0,0,0,15,0,4,3,0,22
340561405,0,0,1,28,1,1,3,0,34
340561406,0,0,0,36,1,2,14,0,53
340561407,3,0,0,30,0,3,24,0,60
340561408,0,0,0,97,0,39,59,1,196
340561409,11,3,0,201,1,96,3,1,316
340561501,2,1,0,113,1,4,37,1,159
340561502,0,1,0,25,0,2,0,0,28
340561503,0,0,0,42,1,4,23,1,71
340561504,1,0,0,18,0,1,7,0,27
340561505,0,0,0,3,0,3,1,0,7
340561506,1,1,1,108,3,3,44,0,161
340561507,1,6,3,155,2,7,10,0,184
340561508,4,5,1,210,6,7,22,0,255
340561509,1,0,0,209,1,13,12,0,236
340561510,1,2,0,224,3,8,16,0,254
340561511,0,4,1,206,3,6,10,3,233
340561512,0,3,0,225,2,20,16,0,266
340561513,2,1,0,183,6,9,11,0,212
340561601,0,2,0,44,0,6,7,3,62
340561602,0,0,0,13,2,1,0,0,16
340561603,0,0,0,10,1,6,3,0,20
340561604,0,0,1,28,1,13,21,0,64
340561701,0,0,1,24,0,2,5,0,32
340561702,0,0,0,19,0,1,14,0,34
340561801,0,0,0,64,1,7,0,0,72
340561802,0,0,1,52,0,3,5,0,61
340561803,0,0,0,14,0,0,0,0,14
340630101,0,1,0,87,2,5,178,100,373
340630102,0,1,0,118,0,10,286,41,456
340630201,0,0,3,171,1,6,75,20,276
340630202,0,0,0,199,3,39,122,15,378
340630203,0,1,2,101,0,32,99,6,241
340630204,3,2,3,273,6,10,56,5,358
340630205,0,1,2,247,1,12,56,0,319
340630206,0,0,0,167,5,1,18,1,192
340630207,1,0,0,146,6,5,34,11,203
380070101,0,2,0,137,1,0,25,0,165
380070102,0,0,0,19,0,0,20,0,39
380070103,0,0,0,18,0,0,1,0,19
380070104,0,1,0,51,0,0,5,0,57
380070105,2,14,0,222,0,0,1,0,239
380070106,0,17,3,170,2,0,4,0,196
380070107,0,23,9,223,1,1,2,0,259
380070108,1,15,0,297,2,0,8,2,325
380070109,0,9,0,268,4,0,3,0,284
380070110,2,9,0,161,0,0,1,0,173
380070111,0,8,0,170,1,0,3,1,183
380070201,1,0,0,23,0,0,34,6,64
380070202,0,0,0,16,0,0,22,3,41
380070203,0,0,0,5,0,0,39,0,44
380070204,2,12,0,256,0,0,1,3,274
380070205,1,8,0,126,1,0,1,0,137
380070301,0,3,0,33,0,0,24,0,60
380070302,0,0,0,13,0,1,34,0,48
380070303,0,0,0,60,0,0,32,0,92
380070401,0,1,0,6,0,0,15,0,22
380070402,2,0,0,26,2,0,43,0,73
380070403,3,3,0,63,1,0,81,1,152
380070404,0,1,0,25,0,0,36,0,62
380070405,0,0,0,30,1,0,9,2,42
380070501,0,0,0,32,0,1,44,2,79
380070502,0,0,0,15,1,0,18,2,36
380070503,0,1,0,46,0,1,81,0,129
380070504,0,0,0,50,2,0,27,0,79
380140101,1,0,0,50,1,1,0,0,53
380140102,0,0,0,76,1,4,0,0,81
380140103,0,20,2,109,9,1,0,2,143
380140104,1,8,1,115,1,0,0,1,127
380140105,0,18,13,287,8,0,2,0,328
380140106,0,4,1,72,3,0,0,3,83
380140107,2,3,5,216,4,0,0,0,230
380140108,0,10,2,89,0,0,0,0,101
380140109,1,3,5,164,7,0,0,2,182
380140115,0,0,0,0,12,0,0,0,12
380140116,11,32,0,107,3,0,0,0,153
380140117,2,38,2,138,9,0,0,0,189
380140201,1,5,3,233,7,3,0,1,253
380140202,0,13,3,2,1,0,0,0,19
380140203,1,24,8,266,11,0,9,5,324
380140204,2,13,4,199,1,0,1,1,221
380140205,2,53,0,206,4,1,0,0,266
380140206,3,13,0,76,1,0,0,0,93
380140301,0,0,0,131,1,0,0,0,132
380140302,5,26,3,223,12,4,0,2,275
380140303,2,3,13,119,1,2,0,2,142
380140304,1,103,5,432,5,0,0,1,547
380140305,1,61,1,293,9,0,2,1,368
380140401,3,11,7,386,11,5,1,3,427
380140402,9,34,9,201,2,0,0,3,258
380140403,1,8,8,281,1,1,0,1,301
380140404,3,10,6,344,6,0,0,0,369
380140405,6,57,10,218,3,1,6,2,303
380140406,31,193,32,138,2,0,0,0,396
380140407,12,196,10,153,5,1,0,0,377
380140408,0,186,0,124,0,1,0,0,311
380140409,8,222,1,192,8,0,0,0,431
380140410,6,128,4,164,4,0,0,1,307
380140411,22,134,1,178,2,0,0,5,342
380140412,0,47,2,110,3,0,0,0,162
380140413,3,192,4,121,0,1,0,0,321
380140414,3,90,0,169,1,0,0,1,264
380140501,4,10,8,185,6,1,0,0,214
380140502,2,2,7,176,1,0,0,2,190
380140503,3,35,21,274,4,1,1,1,340
380140504,2,2,2,66,5,0,0,1,78
380140505,1,1,4,25,0,1,0,0,32
380140506,1,29,7,105,0,0,0,0,142
380140507,46,140,18,137,6,0,0,2,349
380140508,10,108,18,277,13,0,0,0,426
380140509,14,126,5,163,5,0,0,2,315
380140510,13,77,32,143,9,0,0,0,274
380140511,14,76,21,229,9,0,1,1,351
380140512,2,46,0,214,7,0,0,0,269
380140513,21,97,10,152,0,0,0,1,281
380140514,10,98,26,184,2,0,0,0,320
380140515,7,58,0,262,4,0,0,4,335
380140516,12,89,6,125,7,1,0,1,241
380140517,4,0,39,74,0,0,0,0,117
380140601,65,157,12,69,0,0,0,2,305
380140602,11,86,14,174,21,6,0,0,312
380140603,14,102,4,169,5,1,0,0,295
380140604,7,166,6,212,2,1,0,0,394
380140605,3,219,4,90,3,0,0,0,319
380140606,4,131,7,165,5,0,0,0,312
380140607,5,159,6,137,0,0,0,0,307
380140608,4,167,0,114,2,0,0,1,288
380140609,98,179,28,146,4,0,0,2,457
380140610,5,42,2,141,31,0,0,0,221
380140611,3,159,6,142,1,0,0,0,311
380140612,54,196,1,23,1,0,0,1,276
380140613,1,116,1,129,4,0,0,0,251
380140614,0,131,0,124,5,0,0,0,260
380140615,21,157,1,216,2,0,0,0,397
380140616,10,225,7,41,2,0,0,3,288
380140617,3,132,0,103,3,0,0,0,241
380140618,0,128,0,143,2,0,0,0,273
380140619,3,125,0,137,1,0,0,0,266
380140701,10,77,19,68,0,0,0,6,180
380140702,2,0,42,33,0,0,0,0,77
380140703,18,2,33,3,0,0,0,1,57
380140704,0,2,51,5,0,0,0,1,59
380140705,0,38,1,150,4,0,0,0,193
380140706,3,42,71,89,0,0,0,0,205
380140707,16,66,106,69,2,0,0,2,261
380140708,157,134,3,5,1,0,0,22,322
380140709,36,191,37,34,1,0,0,9,308
380140710,86,224,30,8,6,0,0,23,377
380140711,1,185,0,268,4,1,0,0,459
380140712,12,85,0,331,10,0,0,10,448
380140713,18,171,2,182,8,0,0,0,381
380140714,1,18,2,187,7,0,0,1,216
380140715,15,12,88,94,1,0,0,1,211
380140716,10,166,4,172,4,1,0,1,358
380140717,3,90,1,73,1,0,0,1,169
380140718,2,43,0,59,1,0,0,0,105
380210101,0,0,0,0,0,0,20,1,21
380210102,0,2,0,21,1,1,6,1,32
380210103,4,8,14,97,5,1,1,1,131
380210104,0,0,0,0,0,0,9,0,9
380210105,3,6,2,116,6,0,2,0,135
380210106,12,38,15,97,13,2,0,3,180
380210107,8,26,15,117,12,1,0,0,179
380210108,10,113,5,185,11,0,1,2,327
380210109,14,10,10,32,6,0,0,0,72
380210110,3,7,1,143,12,0,0,0,166
380210201,0,0,0,46,0,0,0,1,47
380210202,1,1,0,52,0,0,0,0,54
380210203,0,0,0,4,0,0,0,0,4
380210204,0,0,0,5,0,0,0,0,5
380210301,0,0,0,10,0,0,4,0,14
380210302,0,0,0,17,0,0,1,0,18
380210303,0,0,2,56,5,0,1,0,64
380210304,0,0,1,23,1,0,0,0,25
380210305,2,5,1,28,1,2,0,0,39
380210306,1,0,1,9,0,1,0,0,12
380210307,4,44,0,246,1,0,0,0,295
380210401,0,0,0,1,0,0,3,0,4
380210402,3,20,0,75,1,1,0,0,100
380210403,0,0,1,10,1,0,0,0,12
380210404,2,10,4,54,3,0,0,0,73
380210405,0,7,2,227,11,4,2,0,253
380210406,6,49,17,135,5,2,1,2,217
380210407,0,0,11,0,34,0,0,0,45
380210408,3,19,1,65,3,1,0,0,92
380210409,27,183,14,190,5,1,1,3,424
380210410,11,77,1,151,5,1,0,0,246
380210411,15,72,31,155,7,1,0,1,282
380210412,13,65,23,198,7,0,0,1,307
380210413,2,113,0,182,2,0,0,1,300
380210414,11,70,5,122,7,0,0,7,222
380210415,14,48,7,209,5,2,1,2,288
380210416,2,18,0,119,1,0,0,0,140
380210417,18,120,0,149,4,0,0,1,292
380210418,9,36,2,71,7,1,0,2,128
380210419,26,22,7,31,4,0,0,1,91
380210501,15,72,101,85,3,1,0,5,282
380210502,19,128,33,102,13,2,1,1,299
380210503,23,162,52,134,13,3,0,3,390
380210504,29,180,48,178,7,1,0,2,445
380210505,12,80,12,171,1,0,0,0,276
380210506,33,93,4,62,3,0,0,0,195
380210507,11,98,5,189,1,0,0,1,305
380210508,2,45,2,198,2,0,0,1,250
380210509,0,53,1,188,11,1,0,0,254
380210510,2,111,1,322,3,0,0,0,439
380210511,6,71,42,127,1,0,0,1,248
380210512,41,155,27,99,4,0,0,0,326
380210513,18,147,4,200,4,0,0,1,374
380210514,27,124,12,241,7,2,1,0,414
380210515,1,56,0,188,0,2,0,0,247
380210516,20,79,112,75,4,0,0,1,291
380210517,18,78,113,61,5,0,0,1,276
380210518,7,106,1,96,1,0,0,1,212
380210519,1,72,1,154,0,1,0,0,229
380210520,28,101,207,18,0,0,0,0,354
380210521,12,72,61,187,4,1,0,0,337
380210522,13,90,1,171,0,1,0,0,276
380210523,6,44,2,231,3,0,0,0,286
380210524,22,84,156,130,1,0,0,5,398
380210525,29,137,19,27,2,0,0,1,215
380210526,0,12,0,156,0,0,0,1,169
380210527,13,49,119,16,2,0,0,1,200
380210601,7,82,5,168,9,0,1,3,275
380210602,1,95,1,121,1,0,0,0,219
380210603,3,46,0,327,10,0,0,0,386
380210604,1,158,0,167,1,2,0,1,330
380210605,22,126,1,17,0,0,0,0,166
380210606,11,37,5,11,2,0,0,0,66
380210607,16,175,11,49,3,1,0,1,256
380210608,3,65,2,169,3,0,1,0,243
380210609,48,60,15,54,3,2,0,1,183
380210610,19,199,6,32,1,0,0,0,257
380210611,0,52,0,200,4,0,0,0,256
380210612,44,99,2,11,4,0,0,0,160
380210613,93,76,1,36,2,0,0,0,208
380210614,3,51,0,193,5,1,0,1,254
380210615,99,103,12,34,0,1,0,3,252
380210616,22,158,19,42,10,0,0,2,253
380210617,1,134,0,100,5,0,0,0,240
380210618,2,69,1,199,2,0,0,0,273
380210619,0,52,0,202,4,1,0,0,259
380210620,2,61,1,112,2,0,0,0,178
380210621,7,66,4,103,59,1,0,3,243
380210701,23,98,58,140,11,0,0,0,330
380210702,17,88,8,89,2,0,0,0,204
380210703,3,1,14,36,12,0,0,1,67
380210704,4,1,0,261,1,0,0,0,267
380210705,23,134,8,201,8,0,0,2,376
380210706,24,121,12,17,2,0,0,0,176
380210707,107,200,28,12,0,0,0,0,347
380210708,9,107,63,6,1,0,0,0,186
380210709,28,137,16,46,7,0,0,1,235
380210710,43,115,27,52,11,0,0,2,250
380210711,36,65,14,144,2,1,0,0,262
380210712,59,105,65,38,4,0,0,2,273
380210713,42,108,28,33,8,0,0,1,220
380210714,52,167,32,40,9,0,0,0,300
380210715,85,198,65,41,9,0,0,1,399
380210716,26,245,82,75,10,0,0,1,439
380210717,33,177,49,102,2,1,0,1,365
380210718,22,80,36,71,3,1,0,2,215
380210719,11,100,2,173,7,1,0,0,294
380210720,9,91,32,103,4,1,0,5,245
380210721,25,82,52,29,1,0,0,1,190
380210801,19,97,8,91,4,0,0,0,219
380210802,55,188,22,41,7,2,0,2,317
380210803,5,73,7,81,3,0,0,0,169
380210804,4,202,0,3,0,0,0,0,209
380210805,7,143,1,134,7,0,0,0,292
380210806,52,162,28,119,1,0,0,2,364
380210807,35,240,12,98,7,0,0,2,394
380210808,27,166,12,211,10,0,0,5,431
380210809,27,122,4,137,7,0,0,0,297
380210810,15,213,2,2,0,0,0,2,234
380210811,5,123,1,125,0,0,0,0,254
380210812,22,240,5,125,4,0,0,1,397
380210813,27,148,3,51,0,0,0,0,229
380210814,2,131,1,169,1,0,0,0,304
380210815,15,70,4,123,3,0,0,2,217
380210816,11,128,4,267,5,0,0,1,416
380210817,14,101,1,164,2,1,0,0,283
380210818,7,117,1,177,6,0,0,0,308
380210819,24,97,1,168,3,0,0,0,293
380210820,7,14,0,121,1,0,0,0,143
380210821,22,149,12,77,1,0,0,0,261
380210822,7,106,2,160,6,2,1,1,285
380210823,18,69,0,160,4,0,0,0,251
380210824,29,66,1,140,2,0,0,0,238
380210825,17,148,0,67,1,0,0,3,236
380210826,46,144,4,65,2,0,0,0,261
380210827,19,133,2,73,6,0,0,0,233
380210901,45,234,4,121,1,0,0,0,405
380210902,19,98,10,88,4,0,0,0,219
380210903,8,179,4,7,0,0,0,0,198
380210904,20,85,2,29,2,0,0,2,140
380210905,18,178,8,169,2,0,0,0,375
380210906,31,179,5,93,3,0,0,0,311
380210907,24,163,5,149,1,0,0,0,342
380210908,18,135,6,139,3,2,0,0,303
380210909,19,156,9,60,0,0,0,1,245
380210910,17,245,5,116,1,1,0,2,387
380210911,14,237,8,220,2,0,0,1,482
380210912,34,152,9,220,3,1,0,2,421
380210913,97,64,4,188,4,0,0,0,357
380210914,43,27,4,195,1,0,0,1,271
380210915,16,217,76,10,0,0,0,1,320
380210916,20,205,0,181,1,0,0,1,408
380210917,30,188,3,94,13,0,0,0,328
380210918,69,273,21,51,3,0,0,0,417
380210919,39,125,0,0,0,0,0,0,164
380210920,124,162,0,0,0,0,0,0,286
380210921,31,153,30,2,0,0,0,0,216
380210922,24,121,2,138,0,0,0,0,285
380210923,6,65,1,53,2,0,0,0,127
380211001,27,97,12,177,32,0,0,5,350
380211002,61,167,4,114,2,0,0,0,348
380211003,14,107,1,158,5,0,0,2,287
380211004,14,75,0,146,8,0,0,0,243
380211005,25,155,1,177,1,0,0,0,359
380211006,7,120,1,152,4,0,0,0,284
380211007,6,144,2,190,9,0,0,1,352
380211008,27,135,5,146,11,0,0,0,324
380211009,25,263,6,99,7,0,0,2,402
380211010,21,111,100,77,2,0,0,1,312
380211011,52,137,3,31,0,0,0,0,223
380211012,20,148,11,88,1,1,0,1,270
380211013,18,141,3,124,0,0,0,6,292
380211014,52,179,49,63,2,2,0,0,347
380211101,119,174,2,25,0,0,0,0,320
380211102,22,140,10,106,2,0,0,4,284
380211103,9,103,3,193,4,1,0,3,316
380211104,10,98,4,157,4,0,0,0,273
380211105,26,197,1,89,0,1,0,35,349
380211106,3,63,0,166,4,2,0,1,239
380211107,2,18,3,233,5,0,0,0,261
380211108,21,189,7,206,9,0,0,2,434
380211109,3,8,5,137,1,1,0,0,155
380211110,34,230,7,119,1,0,0,1,392
380211111,60,221,3,8,1,0,0,1,294
380211112,8,122,8,98,1,0,0,0,237
380211113,12,137,10,134,1,0,0,0,294
380211114,13,100,2,152,5,0,0,0,272
380211115,24,80,2,124,2,0,0,0,232
380211116,20,115,4,131,18,0,1,0,289
380211117,51,221,0,24,1,0,0,0,297
380211118,1,24,0,114,0,1,0,0,140
380211201,15,161,5,101,1,0,0,0,283
380211202,158,201,0,0,0,0,0,0,359
380211203,1,188,4,208,1,1,0,0,403
380211204,13,89,0,191,1,0,0,0,294
380211205,97,112,9,29,0,0,0,0,247
380211206,13,115,1,221,1,0,0,3,354
380211207,8,344,5,7,1,0,0,2,367
380211208,52,153,2,0,2,0,0,0,209
380211209,31,267,0,11,0,0,0,2,311
380211210,111,173,3,20,2,0,0,1,310
380211211,16,91,4,154,3,1,0,6,275
380211212,32,122,6,105,3,0,0,11,279
380211213,12,91,3,104,3,0,0,0,213
380211214,18,161,125,111,0,0,0,3,418
380211215,33,168,6,82,3,0,1,0,293
380211216,98,105,3,2,0,0,0,0,208
380211217,10,138,69,36,1,0,0,0,254
380211218,0,39,0,195,4,1,0,1,240
380211219,19,109,137,81,0,0,0,3,349
380211220,0,51,0,284,4,0,1,1,341
380211221,28,190,6,124,0,0,0,0,348
380211301,4,47,6,320,7,0,0,1,385
380211302,0,4,2,8,0,0,0,0,14
380211303,2,6,4,28,3,0,0,0,43
380211304,1,0,0,218,1,0,1,3,224
380211305,38,149,78,40,0,0,0,0,305
380211306,2,28,149,55,0,0,0,3,237
380211307,36,190,20,158,0,0,0,4,408
380211308,45,89,0,221,1,0,0,10,366
380211309,27,254,14,14,0,0,0,1,310
380211310,5,45,0,227,1,0,0,1,279
380211311,118,184,5,5,0,0,0,7,319
380211312,50,212,22,18,21,0,0,0,323
380211313,36,206,4,115,20,0,0,2,383
380211314,11,42,0,173,4,1,0,1,232
380211315,15,122,11,170,3,0,0,0,321
380211316,88,177,14,2,0,0,0,2,283
380211317,96,188,5,4,0,0,0,1,294
380211318,64,120,13,4,3,0,0,0,204
380211319,24,141,99,19,0,0,0,0,283
380211320,11,93,40,80,1,0,0,0,225
380211321,40,123,9,7,0,0,0,17,196
380211322,40,181,41,10,1,0,0,3,276
380211401,1,137,45,100,2,0,0,0,285
380211402,76,194,55,1,0,0,0,0,326
380211403,64,213,39,5,0,0,0,3,324
380211404,51,221,28,13,1,0,0,1,315
380211405,1,56,0,285,5,0,0,0,347
380211406,0,69,0,289,1,0,0,1,360
380211407,2,159,0,266,2,0,0,1,430
380211408,2,163,0,236,2,0,1,0,404
380211409,29,107,2,234,3,2,0,0,377
380211410,6,49,0,160,0,0,0,0,215
380211411,2,34,0,199,5,0,0,0,240
380211412,4,130,0,178,4,0,0,0,316
380211413,11,64,0,143,2,0,0,0,220
380211414,6,141,1,262,5,0,0,0,415
380211415,10,145,0,213,4,1,0,2,375
380211416,1,120,0,129,3,0,0,2,255
380211417,15,141,0,293,8,1,0,3,461
380211418,1,60,1,252,1,0,0,0,315
380211419,11,89,1,181,3,0,0,0,285
380211501,4,11,2,370,0,0,0,0,387
380211502,5,14,2,156,2,0,0,3,182
380211503,0,2,0,79,0,0,0,1,82
380211504,2,1,0,132,1,0,0,0,136
380211505,1,7,15,155,12,1,2,0,193
380211506,1,6,0,218,1,0,0,0,226
380211507,0,22,0,230,5,0,0,0,257
380211508,2,85,1,196,0,0,0,0,284
380211509,1,10,0,182,0,0,0,0,193
380211510,2,1,128,174,7,0,0,0,312
380211511,22,310,2,49,0,0,0,0,383
380211512,4,2,0,282,1,0,0,0,289
380211513,0,24,0,190,0,1,0,0,215
380211514,0,0,0,285,0,0,0,0,285
380211515,1,0,0,233,0,1,0,1,236
380211516,3,7,20,58,2,0,0,0,90
380211517,1,0,0,181,2,1,0,0,185
380211518,3,0,0,422,4,0,0,0,429
380211519,1,0,0,184,0,0,0,0,185
380211520,0,1,0,4,0,1,0,34,40
380280101,0,0,0,55,0,1,30,1,87
380280102,0,0,0,28,0,1,38,2,69
380280103,1,0,0,77,1,0,1,0,80
380280201,0,0,0,16,0,0,47,12,75
380280202,1,0,0,34,0,0,18,5,58
380280203,0,0,0,31,0,0,68,18,117
380280204,0,0,0,17,0,0,17,6,40
380280205,1,0,0,2,0,0,30,6,39
380280301,3,1,1,27,4,3,105,7,151
380280302,0,0,0,30,0,4,62,4,100
380280303,0,4,3,62,3,0,58,4,134
380280401,2,0,1,58,1,0,88,3,153
380280402,0,2,0,29,0,0,52,6,89
380280403,0,44,0,171,3,0,3,0,221
380280404,5,47,33,100,1,0,9,0,195
380280405,16,12,0,119,4,0,37,2,190
380280406,6,19,1,162,7,0,14,4,213
380280407,1,59,1,157,1,0,19,8,246
380280408,1,14,2,132,1,1,20,2,173
380280409,3,14,0,129,0,0,9,2,157
380280410,2,44,0,193,3,1,34,1,278
380280411,14,43,0,187,11,0,22,13,290
380280412,1,20,1,81,2,2,39,0,146
380280413,16,8,0,184,5,2,36,1,252
380280414,0,3,0,135,1,1,4,1,145
380280415,8,51,1,125,4,0,25,1,215
380280501,0,0,0,13,0,0,16,4,33
380280502,0,0,0,21,0,1,78,3,103
380280503,0,5,0,167,1,0,0,0,173
380280504,0,0,0,176,0,0,0,0,176
380280505,0,0,0,186,0,2,0,0,188
380280601,0,1,0,3,0,0,30,6,40
380280602,2,0,0,108,2,0,4,0,116
380350101,5,45,3,215,9,4,1,1,283
380350102,0,0,0,60,1,5,0,0,66
380350103,0,0,1,1,1,0,0,0,3
380350104,0,0,0,8,0,0,2,0,10
380350105,5,19,7,224,56,0,2,2,315
380350106,2,52,22,289,2,1,0,1,369
380350107,1,9,0,252,4,2,0,1,269
380350108,12,27,0,209,9,5,0,0,262
380350109,0,3,0,273,0,2,1,0,279
380350110,1,1,0,203,6,3,0,0,214
380350111,4,12,1,223,4,2,1,1,248
380350112,9,10,0,169,4,1,0,3,196
380350113,12,72,6,119,1,0,0,1,211
380350114,0,0,0,189,1,1,0,0,191
380350115,0,1,1,108,0,5,0,0,115
380350201,0,0,0,2,0,0,0,0,2
380350202,0,0,0,2,0,0,0,0,2
380350203,0,0,0,0,0,0,0,0,0
380350204,20,7,7,132,39,0,0,0,205
380350205,22,4,14,35,143,0,0,1,219
380350206,0,0,1,25,26,4,0,0,56
380350207,0,0,4,33,19,0,0,0,56
380350208,0,0,0,58,0,0,0,0,58
380350209,0,0,0,85,0,0,0,0,85
380350210,3,10,1,237,12,2,1,0,266
380350211,18,54,30,230,43,1,0,2,378
380350212,18,43,36,109,31,0,0,0,237
380350213,2,3,14,28,136,0,0,0,183
380350214,1,14,22,124,37,0,0,0,198
380350215,2,4,5,78,117,0,0,0,206
380350216,1,0,0,156,8,0,0,0,165
380350217,4,52,3,208,3,1,0,1,272
380350301,0,0,0,41,0,0,0,0,41
380350302,12,3,0,2,1,0,0,0,18
380350303,1,7,0,7,1,0,0,0,16
380350304,0,0,0,14,0,0,0,0,14
380350305,0,1,0,11,0,2,0,0,14
380350306,2,3,0,181,6,0,0,1,193
380350401,1,4,4,95,2,17,4,1,128
380350403,0,3,0,82,0,4,2,0,91
380350404,0,24,2,215,1,1,0,0,243
380350405,0,0,0,0,0,0,0,0,0
380350406,0,0,0,0,0,0,0,0,0
380350407,1,6,0,257,2,0,0,0,266
380350408,2,65,1,313,10,2,0,1,394
380350409,23,81,12,209,2,1,3,7,338
380350410,7,76,2,271,5,0,0,1,362
380350411,14,89,25,118,8,0,0,0,254
380350412,5,26,1,324,1,1,2,2,362
380350413,1,16,5,253,14,0,0,6,295
380350414,2,18,0,265,8,2,0,3,298
380350415,39,37,30,94,1,1,0,0,202
380350416,2,24,0,324,2,1,0,1,354
380350501,20,211,14,122,17,0,0,1,385
380350502,4,204,59,21,2,0,0,3,293
380350503,10,242,37,6,0,0,1,0,296
380350504,36,292,1,3,0,0,0,0,332
380350505,13,39,1,192,6,0,0,2,253
380350506,7,218,1,4,1,0,0,1,232
380350507,38,121,186,16,1,0,0,1,363
380350508,10,92,102,1,0,0,0,0,205
380350509,19,94,1,51,7,0,0,1,173
380350510,15,167,7,142,18,1,0,2,352
380350511,16,59,117,2,2,0,0,0,196
380350512,17,54,6,78,10,1,0,5,171
380350513,15,112,4,115,7,1,0,0,254
380350514,14,115,51,126,6,0,0,2,314
380350515,26,224,6,121,8,0,0,2,387
380350516,22,29,4,387,6,1,0,0,449
380350517,40,106,58,8,0,0,0,0,212
380350601,2,60,0,265,14,1,0,0,342
380350602,6,26,0,310,12,0,0,0,354
380350603,4,22,1,296,14,0,0,0,337
380350604,13,46,0,305,17,0,0,0,381
380350605,12,37,4,208,10,1,0,0,272
380350606,9,56,4,278,13,0,0,1,361
380350607,19,34,0,210,14,0,0,1,278
380350608,35,177,1,30,1,2,0,0,246
380350609,6,17,0,182,1,0,0,3,209
380350610,5,22,0,319,2,1,1,1,351
380350611,2,28,0,230,4,1,0,2,267
380350612,1,109,0,163,7,0,0,2,282
380350613,10,68,3,239,5,5,0,1,331
380350614,6,21,1,308,10,2,0,0,348
380350615,2,24,0,265,3,0,0,0,294
380350616,7,9,0,332,6,1,0,0,355
380350617,5,13,1,379,4,2,1,8,413
380350618,1,16,0,308,15,1,1,3,345
380350619,17,187,4,2,0,0,0,0,210
380420101,0,0,2,57,2,1,0,1,63
380420102,0,0,0,9,1,0,0,0,10
380420103,1,1,0,11,1,0,0,0,14
380420104,1,5,3,141,12,0,0,0,162
380420105,9,95,2,3,1,0,0,0,110
380420201,5,9,4,47,1,0,0,0,66
380420202,0,4,4,34,3,0,0,0,45
380420203,0,1,1,0,0,1,0,0,3
380420204,1,7,1,61,3,0,0,0,73
380420205,5,79,2,140,10,1,0,1,238
380420206,0,55,3,68,1,0,0,0,127
380420207,7,44,11,59,1,0,0,2,124
380420208,9,87,74,163,1,0,0,0,334
380420301,1,1,2,94,2,0,0,0,100
380420302,1,0,0,37,1,0,0,0,39
380420401,6,181,1,199,1,0,0,0,388
380420402,33,180,10,118,4,1,0,0,346
380420403,7,189,3,122,4,0,0,0,325
380420404,24,158,3,165,3,0,0,1,354
380420405,14,103,4,118,4,0,0,0,243
380420406,23,128,4,77,3,0,0,1,236
380420407,22,216,4,136,5,0,2,1,386
380420408,1,119,40,159,1,12,2,10,344
380420409,1,50,4,207,1,0,0,0,263
380420410,15,26,1,211,1,0,0,7,261
380420411,24,16,0,273,1,0,0,0,314
380420412,12,38,17,71,3,0,0,1,142
380420413,5,28,22,178,1,1,0,0,235
380420414,8,106,2,254,3,0,0,1,374
380420501,4,65,1,266,13,0,0,1,350
380420502,10,92,3,175,6,1,0,0,287
380420503,2,143,1,141,7,0,0,2,296
380420504,6,149,2,109,4,0,0,1,271
380420505,13,121,1,122,5,0,0,1,263
380420506,11,143,0,157,3,1,0,0,315
380420507,11,130,0,121,2,0,0,1,265
380420508,13,61,2,154,9,0,0,0,239
380420509,20,220,1,106,4,1,0,2,354
380420510,9,175,1,79,2,0,0,0,266
380420511,16,131,2,79,2,0,0,0,230
380420512,15,221,0,133,1,2,0,2,374
380420513,12,74,0,149,17,0,0,1,253
380420601,36,134,37,21,3,0,0,5,236
380420602,25,136,11,131,14,1,0,4,322
380420603,19,104,3,137,10,0,0,0,273
380420604,52,138,33,85,3,0,0,0,311
380420605,111,111,5,3,0,0,0,3,233
380420606,38,190,1,5,0,0,0,0,234
380420607,61,229,30,44,0,1,0,8,373
380420608,94,98,5,66,2,0,0,2,267
380420609,70,234,41,48,4,0,0,7,404
380420610,126,189,15,10,1,0,0,12,353
380420611,35,161,32,3,0,0,0,0,231
380420612,18,159,30,3,0,0,0,0,210
380420613,51,179,26,39,0,0,0,1,296
380490101,0,0,0,13,0,0,4,2,19
380490102,0,0,0,36,0,0,22,0,58
380490103,0,0,0,4,0,0,9,0,13
380490104,0,0,0,21,0,0,6,0,27
380490105,0,0,0,39,0,0,11,0,50
380490106,0,1,1,81,1,0,5,1,90
380490201,0,0,0,18,0,0,20,0,38
380490202,0,0,0,30,0,1,14,1,46
380490301,0,0,0,53,0,0,13,0,66
380490302,0,0,1,45,1,0,42,2,91
380490303,0,0,0,55,0,0,0,0,55
380560101,0,0,0,15,0,0,0,0,15
380560102,2,3,2,137,8,1,0,0,153
380560103,0,5,2,55,2,1,0,0,65
380560104,11,38,3,145,6,0,0,0,203
380560105,1,21,3,155,3,0,0,0,183
380560201,9,33,8,86,4,0,1,3,144
380560202,0,14,1,188,10,0,2,1,216
380560203,0,11,3,38,0,0,1,2,55
380560204,1,44,3,105,3,0,0,0,156
380560301,0,0,0,0,0,0,7,0,7
380560302,0,0,0,6,0,0,0,0,6
380560303,0,0,1,23,0,0,0,0,24
380560304,0,0,0,10,0,0,2,0,12
380630101,0,0,0,14,7,1,0,1,23
380630102,1,0,0,82,3,7,9,3,105
380630103,0,6,57,156,53,9,4,3,288
380630104,0,6,2,263,15,1,4,1,292
380630106,0,0,1,190,74,0,0,0,265
380630107,0,0,22,3,143,0,0,0,168
380630108,0,12,0,35,1,0,0,1,49
380630109,0,1,17,138,12,0,0,1,169
380630110,11,57,78,94,13,0,0,0,253
380630111,0,3,110,33,39,0,0,26,211
380630112,0,0,1,18,5,0,0,0,24
380630119,4,35,86,158,53,0,0,0,336
380630124,2,9,2,271,4,53,37,71,449
380630201,0,2,0,28,10,0,0,0,40
380630202,0,3,14,66,8,6,1,2,100
380630203,0,4,9,40,102,0,0,1,156
380630204,0,4,1,36,65,0,0,0,106
380630205,0,0,15,0,28,0,0,0,43
380630206,4,23,32,140,165,0,0,1,365
380630207,18,125,28,92,96,0,0,0,359
380630208,3,84,10,137,2,0,0,0,236
380630209,0,1,0,44,51,0,0,0,96
380630301,9,11,3,75,26,1,1,0,126
380630302,0,0,4,48,6,0,0,1,59
380630303,0,1,4,160,3,3,3,0,174
380630401,10,178,4,146,0,1,0,0,339
380630402,22,209,5,6,1,0,0,0,243
380630403,14,216,5,32,1,0,0,0,268
380630404,2,96,1,230,9,0,0,19,357
380630405,1,79,1,281,8,1,0,0,371
380630406,2,56,0,254,3,1,0,0,316
380630407,13,99,4,236,5,1,0,0,358
380630408,21,65,4,100,6,0,0,0,196
380630409,13,62,7,196,10,2,0,0,290
380630410,7,65,2,181,6,2,0,0,263
380630411,6,82,3,105,29,0,0,0,225
380630412,1,61,1,161,9,0,0,0,233
380630413,2,85,1,286,2,0,0,0,376
380630414,2,55,0,270,0,0,0,0,327
380630415,1,57,12,317,6,5,1,3,402
380630416,11,106,40,67,6,1,0,1,232
380630417,35,101,28,71,6,0,0,0,241
380630418,3,78,0,192,4,2,0,0,279
380630419,3,83,0,169,9,0,0,0,264
380630420,15,63,2,230,5,0,0,0,315
380630421,8,85,6,141,24,0,0,0,264
380630501,4,14,0,294,3,0,0,1,316
380630502,4,62,0,275,7,1,0,0,349
380630503,7,48,0,204,2,1,0,0,262
380630504,9,155,27,46,13,0,0,0,250
380630505,16,117,59,67,7,0,0,1,267
380630506,9,86,16,52,2,1,0,1,167
380630507,50,179,42,4,0,0,0,0,275
380630508,1,262,3,32,2,0,0,0,300
380630509,0,48,0,202,1,0,0,0,251
380630510,2,56,0,208,4,0,0,0,270
380630511,1,74,0,317,7,0,1,0,400
380630512,30,220,0,1,0,0,0,0,251
380630513,12,134,2,46,4,0,0,0,198
380630514,15,151,5,111,2,1,0,0,285
380630515,5,98,0,206,5,0,1,0,315
380630516,7,120,4,178,3,1,0,0,313
380630517,10,135,37,26,0,0,0,1,209
380630518,9,178,21,3,0,0,0,0,211
380630519,7,183,38,8,0,0,0,0,236
380630520,2,35,0,167,2,0,0,0,206
380630601,0,21,0,262,2,1,0,1,287
380630602,1,13,0,282,4,2,2,0,304
380630603,0,0,0,0,0,0,0,0,0
380630604,0,0,0,24,0,1,0,0,25
380630605,0,0,0,142,5,12,4,8,171
380630606,0,0,0,91,2,0,0,4,97
380630607,1,11,0,299,10,12,0,2,335
380630608,0,0,0,0,0,0,0,0,0
380630609,0,0,1,144,5,1,0,0,151
380630610,0,6,0,87,3,1,0,0,97
380630611,1,11,1,205,9,1,0,0,228
380630612,0,2,0,187,12,2,0,7,210
380630613,5,186,57,118,2,0,0,0,368
380630614,4,107,2,163,2,0,0,1,279
380630615,3,30,0,283,1,0,0,1,318
380630616,18,85,4,177,5,0,0,5,294
380630617,30,178,3,27,2,0,0,4,244
380630618,42,154,17,6,3,0,0,4,226
380700101,2,1,8,188,3,7,26,4,239
380700102,0,0,0,12,1,0,0,0,13
380700105,2,2,0,302,7,0,0,2,315
380700106,2,2,4,346,10,2,0,1,367
380700107,0,9,0,102,1,1,5,1,119
380700201,0,0,1,35,1,5,2,1,45
380700202,0,5,0,149,7,0,7,1,169
380700203,0,14,6,139,1,1,1,2,164
380700204,16,93,4,292,2,3,0,1,411
380700205,2,13,0,164,1,1,1,0,182
380700206,1,2,0,166,8,0,0,0,177
380700207,0,6,0,114,2,0,0,0,122
380700301,1,0,0,21,0,1,0,4,27
380700302,0,0,0,10,3,0,0,0,13
380700303,0,0,1,11,1,0,0,0,13
380700401,0,2,0,19,1,0,1,0,23
380700402,0,1,0,36,1,0,0,0,38
380700403,1,19,9,231,4,1,0,0,265
380700404,2,11,0,286,3,2,2,1,307
380700501,0,13,1,194,5,0,3,2,218
380700502,0,2,2,76,6,10,0,0,96
380700503,0,0,0,17,0,0,0,1,18
380700504,0,0,0,133,3,0,0,0,136
380700505,0,0,0,38,6,0,0,0,44
380700506,1,50,1,246,56,1,2,0,357
380700507,4,42,1,227,7,1,0,0,282
380700508,5,4,0,137,6,0,0,0,152
380700601,0,0,0,31,4,0,0,0,35
380700602,0,0,0,15,1,0,0,6,22
380770101,0,0,0,32,1,1,42,0,76
380770102,0,0,0,10,0,0,42,0,52
380770103,2,0,1,71,0,0,6,1,81
380770201,0,0,0,18,2,1,33,0,54
380770202,0,0,0,37,3,0,42,0,82
380770203,0,1,0,19,0,0,45,0,65
380770204,0,0,1,63,2,0,12,0,78
380770301,0,0,0,84,0,0,52,6,142
380770302,0,0,0,39,1,0,32,0,72
380770303,0,0,0,46,0,0,34,0,80
380770304,0,4,0,54,0,0,6,0,64
380840101,0,0,1,40,0,0,38,3,82
380840102,0,0,0,34,2,1,15,0,52
380840201,0,1,0,40,2,1,36,0,80
380840202,0,0,0,62,0,0,4,0,66
380840301,1,0,0,17,0,0,25,1,44
380840302,2,4,0,63,2,0,65,1,137
380840303,0,6,0,155,1,0,39,4,205
380840401,0,0,0,19,0,0,23,0,42
380840402,0,0,0,0,0,0,8,1,9
380840403,0,0,0,22,0,0,21,1,44
380840501,0,0,0,3,0,0,11,0,14
380840502,0,0,0,45,0,0,34,0,79
380940101,0,0,0,0,0,0,10,0,10
380940102,2,4,0,45,2,3,129,8,193
380940103,1,5,0,50,1,0,147,2,206
380940104,2,6,4,83,4,1,52,2,154
380940201,0,0,0,2,0,0,28,0,30
380940202,0,0,0,4,0,1,19,0,24
380940203,0,0,0,1,0,0,10,0,11
380940301,0,0,0,6,0,0,19,0,25
380940302,0,0,0,1,0,1,39,0,41
380940401,0,0,0,18,0,1,61,1,81
380940402,1,12,0,45,3,0,191,3,255
380940403,1,0,0,13,1,0,101,1,117
380940404,2,30,5,76,14,0,58,2,187
380940405,12,34,4,88,2,0,172,3,315
380940406,8,21,2,62,3,0,128,3,227
380940407,1,22,0,93,3,0,52,7,178
380940408,0,4,0,33,1,0,137,0,175
380940501,3,11,1,25,1,3,146,8,198
380940502,1,0,1,2,0,1,35,2,42
380940503,3,5,1,70,2,0,78,3,162
380940504,8,4,3,76,7,3,108,1,210
380940505,4,13,2,71,2,0,66,2,160
380940506,2,7,0,20,1,0,147,3,180
380940507,5,7,0,8,0,0,122,20,162
380940601,0,0,0,3,0,0,15,0,18
380940602,0,0,0,8,0,1,11,0,20
380940603,0,0,0,11,0,0,5,0,16
380980101,0,0,0,6,1,1,57,0,65
380980102,0,0,0,2,0,0,35,2,39
380980201,0,0,0,0,0,0,11,0,11
380980202,0,0,0,0,0,0,15,0,15
380980203,1,0,0,20,1,1,120,5,148
380980204,15,18,7,19,0,1,81,2,143
380980205,0,0,0,0,0,0,62,0,62
380980301,0,0,0,4,0,0,44,1,49
380980302,0,0,0,3,0,0,28,0,31
380980303,0,0,0,25,0,0,6,0,31
380980401,0,0,0,1,0,0,29,0,30
380980402,0,1,3,34,1,0,30,0,69
380980403,0,3,0,45,1,0,17,0,66
380980404,2,2,0,34,2,1,82,3,126
380980405,21,58,42,124,9,0,46,3,303
380980501,0,0,0,4,0,0,60,0,64
380980502,0,0,0,1,0,0,31,0,32
381050101,0,0,0,10,0,0,3,0,13
381050102,0,3,0,71,2,0,1,0,77
381050103,2,1,0,97,1,1,13,0,115
381050201,0,1,0,25,0,1,2,1,30
381050202,1,4,0,68,3,2,1,0,79
381050203,0,0,0,10,0,1,1,0,12
381050204,2,1,0,79,2,0,0,0,84
381050205,0,0,0,178,0,1,0,0,179
381050301,0,0,1,63,0,0,0,1,65
381050302,0,0,0,14,0,1,8,1,24
381050303,0,0,0,16,0,0,2,2,20
381050401,0,0,0,6,0,0,11,0,17
381050402,0,0,0,25,0,0,34,3,62
381120101,1,2,0,16,0,1,71,1,92
381120102,5,44,5,177,4,0,3,0,238
381120103,3,34,7,205,5,1,4,1,260
381120104,2,25,3,263,7,0,9,1,310
381120105,3,33,3,171,2,0,2,4,218
381120106,1,32,5,200,1,1,1,1,242
381120107,8,16,3,207,3,1,0,1,239
381120108,1,24,1,232,2,0,7,1,268
381120109,1,18,4,249,0,0,9,0,281
381120110,1,22,4,280,3,0,6,0,316
381120111,3,22,3,232,3,0,1,0,264
381120112,2,23,0,231,0,0,5,0,261
381120113,3,36,0,222,1,0,2,1,265
381120114,4,24,9,177,6,0,1,0,221
381120115,2,37,0,187,2,0,2,1,231
381120116,3,34,3,175,11,0,2,0,228
381120117,0,29,0,216,2,0,5,0,252
381120201,0,0,0,27,0,1,30,0,58
381120202,1,1,0,96,3,0,32,0,133
381120203,0,0,0,13,0,0,35,0,48
381120204,0,0,0,41,1,0,10,0,52
381120205,0,3,0,253,2,0,1,0,259
381120206,0,3,0,47,0,1,0,0,51
381120301,0,0,0,13,0,0,27,0,40
381120302,1,4,0,63,1,2,75,1,147
381120303,0,0,0,57,1,2,53,3,116
381120304,0,0,0,30,0,1,23,0,54
381120401,0,0,0,11,1,0,7,0,19
381120402,1,0,0,35,1,0,12,0,49
381120501,0,0,0,21,5,0,42,0,68
381120502,0,0,0,75,0,2,37,0,114
381120503,0,0,0,47,0,0,4,0,51
381120601,0,0,0,7,0,0,34,0,41
381120602,0,0,0,17,1,0,33,0,51
381120603,0,0,0,8,3,1,15,0,27
381120604,0,0,0,42,2,1,12,4,61
420070101,19,34,25,135,2,0,0,0,215
420070102,30,13,5,96,2,0,0,0,146
420070103,0,1,0,7,0,0,0,0,8
420070104,3,0,1,15,1,0,0,0,20
420070105,2,0,0,5,0,0,0,0,7
420070106,0,0,0,13,0,0,0,0,13
420070107,0,1,0,7,0,0,0,0,8
420070108,0,2,0,21,0,0,0,0,23
420070109,0,0,1,15,0,0,0,0,16
420070110,39,15,8,125,0,1,0,0,188
420070201,46,9,13,63,2,0,0,1,134
420070202,56,9,3,86,7,0,0,0,161
420070203,6,3,0,13,0,0,0,0,22
420070204,4,1,2,29,1,0,0,0,37
420070205,1,0,0,6,1,0,0,0,8
420070206,1,1,0,4,0,0,0,0,6
420070207,82,23,8,90,15,0,0,0,218
420070208,34,14,22,104,2,0,0,0,176
420070301,24,18,3,37,18,0,0,0,100
420070302,1,1,1,17,3,0,0,0,23
420070303,0,0,0,5,0,0,0,0,5
420070401,17,49,24,176,5,0,0,1,272
420070402,38,30,15,169,16,0,1,0,269
420070403,31,30,10,105,1,0,0,0,177
420070404,28,38,15,88,2,0,0,0,171
420070405,29,6,14,118,6,0,0,0,173
420070406,31,43,8,164,1,0,0,0,247
420070407,0,0,0,17,0,0,0,0,17
420070408,0,0,1,8,0,0,0,0,9
420070409,29,10,3,205,4,0,0,0,251
420070410,1,0,0,3,0,0,0,0,4
420070411,1,0,0,9,0,0,0,0,10
420070412,0,0,0,0,0,0,0,0,0
420070413,19,14,9,141,0,0,0,0,183
420070501,6,15,0,90,23,0,0,0,134
420070502,0,0,1,4,0,0,0,0,5
420070503,0,0,0,2,0,0,0,0,2
420070504,0,0,0,7,0,0,0,0,7
420070505,0,0,0,15,0,0,0,0,15
420070506,0,0,0,2,0,0,0,0,2
420070507,0,0,0,3,1,0,0,0,4
420070508,12,13,2,71,0,0,0,2,100
420140101,0,0,1,12,0,0,0,0,13
420140102,0,1,1,13,0,0,0,0,15
420140103,0,0,0,22,1,0,0,0,23
420140201,1,35,13,158,0,1,0,1,209
420140202,0,1,0,4,2,0,0,0,7
420140203,1,0,1,45,1,0,0,0,48
420140204,0,0,0,0,0,0,0,0,0
420140205,0,4,1,27,0,0,0,0,32
420140206,0,0,0,8,0,0,0,0,8
420140207,0,0,0,1,0,0,0,0,1
420140208,0,0,0,0,0,0,0,0,0
420140209,0,0,0,8,0,0,1,0,9
420140210,3,37,21,127,46,0,0,1,235
420140211,1,3,10,125,2,0,0,0,141
420210101,10,5,0,31,0,0,0,0,46
420210102,0,4,0,9,0,0,0,0,13
420210103,0,8,1,12,0,0,0,0,21
420210104,3,0,0,6,0,0,0,0,9
420210105,1,4,0,102,1,0,4,1,113
420210106,9,4,2,14,4,0,0,0,33
420210107,6,2,0,18,2,0,0,0,28
420210108,2,3,0,13,1,0,0,0,19
420210109,0,1,2,7,1,0,0,0,11
420210110,1,11,1,20,4,0,0,0,37
420210111,10,1,0,260,1,0,0,0,272
420210112,2,0,0,271,3,0,0,0,276
420210113,40,0,0,201,2,0,0,0,243
420210114,21,31,42,79,3,0,0,1,177
420210115,0,0,0,0,0,0,0,0,0
420210116,0,0,0,0,0,0,0,0,0
420210117,19,19,3,77,0,0,0,1,119
420210118,16,23,2,157,3,0,0,0,201
420210201,55,8,3,57,1,0,0,0,124
420210202,0,7,1,10,1,0,0,0,19
420210203,0,1,0,2,0,0,0,0,3
420210204,3,1,2,7,1,0,0,0,14
420210205,7,0,2,9,0,0,0,0,18
420210206,7,0,0,19,1,0,0,0,27
420210207,1,2,0,7,2,0,0,0,12
420210208,3,2,0,9,0,0,0,0,14
420210209,73,23,3,112,25,0,0,0,236
420210210,49,29,3,72,1,0,0,1,155
420210301,7,3,1,224,3,0,0,2,240
420210302,8,32,1,211,1,0,0,0,253
420210303,62,52,23,133,2,0,0,3,275
420210304,65,53,24,105,3,3,2,3,258
420210305,47,39,7,168,1,0,0,3,265
420210306,27,29,1,226,4,0,0,1,288
420210307,8,4,0,234,4,0,0,1,251
420210308,52,53,2,139,8,0,1,1,256
420210309,72,73,4,87,5,0,0,0,241
420210310,100,73,16,99,4,0,0,0,292
420210311,10,21,3,311,0,1,1,2,349
420210312,11,2,0,342,7,0,0,0,362
420210401,7,49,7,159,1,0,0,0,223
420210402,66,114,23,20,1,0,0,1,225
420210403,62,51,22,60,3,0,0,2,200
420210404,16,10,2,206,1,0,0,0,235
420210405,84,91,18,14,3,0,0,0,210
420210406,116,67,21,50,0,0,1,0,255
420210407,196,100,22,53,4,0,0,3,378
420210408,166,29,25,42,1,0,0,0,263
420210409,1,2,6,6,1,0,0,0,16
420210410,67,48,8,17,1,0,0,0,141
420210411,84,58,5,19,1,0,0,2,169
420210412,91,83,6,22,1,0,0,0,203
420210413,158,55,47,23,1,0,0,0,284
420210414,203,64,23,24,0,0,0,0,314
420210415,123,63,13,10,0,0,0,0,209
420210416,42,62,69,7,4,0,0,0,184
420210417,70,28,110,9,0,0,0,0,217
420210418,56,40,67,39,2,0,0,0,204
420210419,27,30,72,56,3,0,0,0,188
420210420,55,36,74,91,1,0,0,0,257
420210421,15,28,58,62,3,0,0,0,166
420210501,30,12,0,185,4,0,0,0,231
420210502,40,63,5,251,5,0,0,2,366
420210503,114,95,20,107,7,0,2,4,349
420210504,145,49,8,45,4,2,0,4,257
420210505,80,133,23,62,0,0,0,2,300
420210506,186,106,15,80,5,0,0,0,392
420210507,213,92,14,52,1,0,0,0,372
420210508,1,0,0,1,0,0,0,0,2
420210509,90,55,4,58,2,0,0,1,210
420210510,89,63,3,129,8,0,0,2,294
420210511,39,30,1,165,7,0,1,2,245
420210512,25,25,0,209,8,1,0,5,273
420210513,84,61,4,85,6,1,0,2,243
420210514,62,83,5,53,1,0,0,3,207
420210515,170,115,9,42,3,0,0,0,339
420210516,221,120,20,67,4,0,0,2,434
420210601,100,22,1,70,15,0,0,1,209
420210602,38,59,3,108,6,0,0,1,215
420210603,110,103,11,85,5,1,0,16,331
420210604,162,90,31,42,0,0,0,0,325
420210605,122,39,5,16,2,0,1,1,186
420210606,88,64,8,18,0,0,0,0,178
420210607,155,38,17,23,1,0,0,2,236
420210608,92,34,10,13,0,0,0,0,149
420210609,105,42,10,6,0,0,0,0,163
420210610,1,1,0,0,0,0,0,0,2
420210611,103,86,4,12,1,0,0,0,206
420210612,71,97,2,21,0,0,0,0,191
420210613,207,41,5,37,1,0,0,0,291
420210614,180,56,13,45,2,0,0,0,296
420210615,94,90,3,6,0,0,0,0,193
420210616,110,25,6,9,0,0,0,17,167
420210701,97,61,12,16,4,0,0,0,190
420210702,66,73,10,12,1,0,0,0,162
420210703,197,42,9,26,0,0,0,4,278
420210704,187,44,11,28,5,0,0,0,275
420210705,155,106,11,28,0,0,0,1,301
420210706,132,35,13,22,0,0,0,0,202
420210707,127,51,56,8,0,0,0,2,244
420210708,163,61,26,16,2,0,0,1,269
420210709,99,47,33,19,1,0,0,0,199
420210710,61,39,55,23,0,0,0,0,178
420210711,38,43,31,38,2,0,0,0,152
420210712,44,49,10,107,1,1,0,1,213
420210713,92,126,16,4,2,1,0,0,241
420210714,114,76,60,41,0,0,0,0,291
420210715,64,214,37,1,3,0,0,0,319
420210716,46,124,1,15,0,0,0,1,187
420210717,5,29,1,182,0,1,0,0,218
420210718,8,44,0,130,1,0,0,0,183
420210719,101,70,13,112,0,0,0,2,298
420210720,66,51,10,133,3,0,0,2,265
420210721,46,34,1,190,4,1,0,1,277
420210722,36,79,2,168,7,2,0,2,296
420210723,36,40,30,142,5,0,0,1,254
420210724,16,31,36,99,3,0,0,0,185
420210725,18,40,29,53,1,0,0,3,144
420210801,110,47,6,3,4,0,0,0,170
420210802,114,61,3,7,6,0,0,2,193
420210803,73,81,21,15,3,0,0,0,193
420210804,171,50,11,9,0,0,0,0,241
420210805,189,59,20,27,4,0,0,4,303
420210806,154,65,9,22,0,0,0,0,250
420210807,134,62,12,47,2,0,0,2,259
420210808,132,96,16,82,11,0,0,2,339
420210809,100,106,7,36,1,0,0,4,254
420210810,138,89,11,49,4,0,1,3,295
420210811,98,57,6,40,0,0,0,0,201
420210812,99,47,22,21,0,0,0,0,189
420210813,98,60,40,7,0,0,0,0,205
420210814,101,74,22,55,7,0,0,2,261
420210815,149,70,8,46,4,0,0,0,277
420210816,131,98,3,63,4,0,0,2,301
420210817,68,112,14,17,1,0,0,0,212
420210818,20,49,1,12,127,0,0,0,209
420210819,10,18,7,22,151,0,0,0,208
420210820,11,11,6,174,4,0,0,0,206
420210821,6,10,5,271,6,0,1,0,299
420210822,21,4,1,157,1,0,0,0,184
420210823,36,9,3,94,6,1,0,0,149
420210824,28,35,8,132,1,0,0,3,207
420210901,98,38,0,1,0,0,0,1,138
420210902,99,61,126,13,0,0,0,2,301
420210903,160,126,40,22,2,0,0,2,352
420210904,166,101,54,12,3,0,0,0,336
420210905,10,40,1,243,27,0,0,1,322
420210906,64,38,2,30,2,0,0,0,136
420210907,101,47,25,144,14,0,0,0,331
420210908,65,95,20,206,0,0,0,0,386
420210909,96,49,19,26,7,0,0,0,197
420210910,63,105,13,20,5,0,0,1,207
420210911,85,91,10,48,3,0,0,3,240
420210912,102,104,29,116,3,0,0,13,367
420210913,26,51,175,10,1,0,0,0,263
420210914,29,114,1,29,0,0,0,2,175
420210915,47,128,0,40,2,0,0,2,219
420210916,72,99,14,128,7,0,2,0,322
420210917,15,38,0,145,1,0,0,0,199
420211001,4,6,2,171,144,0,0,2,329
420211002,44,67,2,67,157,0,0,0,337
420211003,9,6,0,180,1,0,0,0,196
420211004,43,1,1,244,5,0,0,0,294
420211005,14,3,0,270,3,0,0,0,290
420211006,3,6,4,252,5,0,0,2,272
420280101,53,38,0,50,7,0,0,0,148
420280102,3,0,0,16,0,1,0,0,20
420280103,15,1,3,35,0,0,0,0,54
420280104,10,5,1,11,1,0,0,0,28
420280105,58,38,3,41,10,0,0,1,151
420280201,82,56,5,192,2,0,0,0,337
420280202,15,3,5,78,0,0,0,0,101
420280203,60,29,9,93,0,0,0,2,193
420280301,43,61,21,138,5,2,0,5,275
420280302,53,61,5,92,4,0,0,0,215
420280303,11,8,11,295,8,0,0,0,333
420280304,67,37,1,140,4,0,0,0,249
420280305,28,23,3,161,4,0,1,1,221
420280401,1,0,4,30,0,0,0,1,36
420280402,1,3,2,21,0,1,0,0,28
420350101,11,6,6,55,0,0,0,0,78
420350102,0,0,0,1,0,0,0,0,1
420350103,0,3,0,5,0,0,0,0,8
420350104,0,0,0,13,0,0,0,0,13
420350105,0,0,0,17,0,0,0,0,17
420350106,0,1,0,6,2,0,0,0,9
420350201,3,19,1,109,10,0,0,1,143
420350202,4,7,2,62,2,0,0,1,78
420350301,0,0,0,3,0,0,0,0,3
420350302,0,0,0,10,0,0,0,0,10
420350303,0,0,0,8,0,0,0,0,8
420350304,0,1,0,4,0,0,0,0,5
420350305,0,0,0,3,0,0,0,0,3
420350306,6,9,0,173,1,0,0,0,189
420350307,0,1,0,7,0,0,0,0,8
420350308,0,2,2,17,1,0,0,0,22
420350309,59,61,27,2,0,0,0,0,149
420350310,15,88,40,167,5,1,1,0,317
420350401,11,22,1,141,3,0,0,0,178
420350402,13,42,3,60,54,0,0,0,172
420350403,26,82,77,76,1,0,0,1,263
420350404,1,8,3,178,4,0,0,0,194
420350405,38,83,37,93,4,0,1,3,259
420350406,29,38,26,84,3,0,0,0,180
420350407,29,56,17,113,0,0,0,0,215
420350408,27,28,14,85,2,0,0,0,156
420350409,7,79,9,84,3,0,0,0,182
420350410,8,49,11,91,1,0,0,0,160
420350411,22,48,4,57,8,0,0,2,141
420350412,32,49,13,134,16,0,1,18,263
420350413,16,66,9,145,1,0,0,0,237
420350501,8,18,8,41,0,0,0,0,75
420350502,0,2,0,24,0,0,0,0,26
420350503,0,1,0,17,0,0,0,0,18
420350504,0,4,0,12,0,0,0,0,16
420350505,15,21,4,33,16,0,0,0,89
420350601,26,33,22,133,2,0,0,1,217
420350602,48,22,18,71,47,1,0,0,207
420350603,0,4,0,10,0,0,0,0,14
420350604,1,1,0,18,0,0,0,0,20
420350605,6,1,4,11,1,0,0,0,23
420350606,1,2,2,10,0,0,0,0,15
420350607,1,0,2,8,2,0,0,0,13
420350608,6,5,2,47,0,0,0,0,60
420350609,43,25,12,136,1,0,0,0,217
420350610,52,26,16,70,0,0,0,0,164
420350701,32,17,1,46,10,1,1,5,113
420350702,2,2,0,4,0,0,0,0,8
420350703,1,0,1,5,0,0,0,0,7
420350704,6,1,2,8,0,0,0,0,17
420350705,1,5,0,10,0,0,0,0,16
420420101,0,0,0,1,1,0,0,0,2
420420102,0,0,0,1,0,0,0,0,1
420420103,0,0,0,1,0,0,0,0,1
420420104,0,0,0,1,1,0,0,0,2
420420105,0,0,0,0,0,0,0,0,0
420420106,0,0,0,2,0,0,0,0,2
420420107,0,0,0,7,0,0,0,0,7
420420201,1,14,0,107,20,0,1,0,143
420420202,3,1,0,49,2,0,0,0,55
420420301,4,8,1,94,1,1,0,4,113
420420302,2,0,0,12,0,0,0,0,14
420420303,0,0,0,2,0,1,0,0,3
420420304,0,0,0,0,0,0,0,0,0
420420305,0,0,0,1,0,0,0,0,1
420420306,0,0,0,9,0,0,0,0,9
420420307,0,1,0,2,0,0,0,0,3
420420308,0,0,0,4,0,0,0,0,4
420490101,18,42,0,104,6,0,0,0,170
420490102,12,18,5,226,3,0,0,0,264
420490103,9,0,0,140,4,0,6,2,161
420490104,0,0,0,11,0,0,0,0,11
420490105,2,0,0,52,0,0,0,0,54
420490106,3,0,1,33,1,0,0,0,38
420490107,13,11,2,104,28,0,0,0,158
420490108,3,0,0,83,0,0,3,2,91
420560101,24,33,20,154,10,0,0,0,241
420560102,1,0,3,32,0,0,0,0,36
420560201,14,5,0,33,0,0,0,1,53
420560202,1,1,0,12,2,0,0,0,16
420560301,20,26,5,78,1,0,0,1,131
420560302,3,5,1,47,0,1,0,1,58
420560303,23,103,9,157,2,1,0,0,295
420560304,19,24,7,55,1,0,0,0,106
420560401,19,13,1,65,1,2,0,1,102
420560402,1,1,3,26,1,0,0,1,33
420560501,85,43,13,158,2,0,0,0,301
420560502,52,65,27,155,2,0,0,0,301
420560503,46,28,3,113,5,1,0,1,197
420560504,47,32,14,92,2,0,0,0,187
420560505,2,0,2,20,3,0,0,0,27
420560506,13,10,2,96,2,1,0,0,124
420560507,0,0,1,24,0,0,0,0,25
420560508,0,2,1,11,0,0,0,0,14
420560509,3,1,1,11,1,0,0,0,17
420560510,2,0,1,24,0,0,0,0,27
420560511,28,27,2,166,1,1,0,0,225
420560512,16,14,16,85,1,0,0,1,133
420560513,30,20,7,74,1,0,0,0,132
420560514,67,46,8,76,2,0,0,1,200
420560515,26,48,2,245,3,2,0,0,326
420560516,10,0,0,229,6,0,0,0,245
420560517,34,49,1,76,7,0,1,0,168
420560601,3,33,8,197,1,0,0,1,243
420560602,1,0,1,18,0,0,0,1,21
420630101,2,1,0,89,1,0,0,0,93
420630102,6,2,2,101,2,0,4,1,118
420630103,11,2,0,96,1,0,15,1,126
420630104,0,0,0,1,0,0,0,0,1
420630105,0,1,0,6,0,0,0,0,7
420630106,0,0,1,28,2,0,0,0,31
420630107,4,0,0,90,3,0,1,0,98
420700101,30,51,15,89,0,0,0,1,186
420700102,0,0,0,7,0,0,0,0,7
420700103,5,3,2,77,1,0,1,0,89
420700104,8,35,2,102,1,0,0,0,148
420700105,8,22,3,150,0,0,0,0,183
420700106,15,36,7,115,1,0,0,1,175
420700201,26,31,13,283,0,0,0,1,354
420700202,1,0,1,45,0,0,0,0,47
420700203,0,0,0,1,0,0,0,0,1
420700301,0,0,0,9,1,0,0,0,10
420700302,0,2,0,25,1,0,0,0,28
420700401,23,40,3,113,0,0,0,0,179
420700402,1,3,2,42,1,0,1,1,51
420700501,17,23,19,283,0,0,0,1,343
420700502,40,51,23,169,0,0,0,0,283
420700503,27,18,15,169,1,0,0,0,230
420700504,0,1,0,206,1,0,0,0,208
420700505,5,4,5,126,5,2,0,0,147
420700506,0,0,0,37,0,0,0,0,37
420700507,41,77,3,142,18,0,0,1,282
420700508,14,19,6,173,2,0,0,0,214
420770101,15,13,1,80,0,0,0,0,109
420770102,0,1,0,2,0,0,0,0,3
420770103,0,0,0,4,2,0,0,0,6
420770104,0,0,0,5,0,0,0,0,5
420770105,0,0,2,8,0,0,0,0,10
420770106,0,0,0,8,0,0,0,0,8
420770107,3,0,0,18,0,0,0,0,21
420770108,2,2,0,34,3,0,0,0,41
420770201,5,72,31,89,1,0,0,0,198
420770202,12,14,5,120,33,0,0,0,184
420770203,3,10,3,129,0,0,1,0,146
420770204,0,0,1,16,0,0,0,0,17
420770205,1,0,0,10,0,0,0,0,11
420770206,0,0,1,15,0,1,0,0,17
420770207,0,0,1,24,0,0,0,0,25
420770208,0,0,0,15,0,0,0,0,15
420770209,0,0,1,4,0,0,0,0,5
420770210,27,15,1,118,2,0,0,0,163
420770211,11,20,6,116,1,0,0,0,154
420770212,16,39,4,78,2,0,0,2,141
420770301,16,24,1,197,3,0,0,0,241
420770302,11,19,13,124,1,1,0,0,169
420770303,0,0,0,9,0,0,0,0,9
420770304,3,0,0,22,0,0,0,0,25
420770305,1,1,1,19,0,1,0,0,23
420770306,18,22,0,38,0,2,0,0,80
420770307,3,6,6,92,26,0,0,0,133
420770401,3,29,10,232,24,0,0,0,298
420770402,9,11,9,169,10,1,0,0,209
420770403,0,0,0,7,0,0,0,0,7
420770404,0,0,0,11,0,0,0,0,11
420770405,0,0,0,4,0,0,0,0,4
420770406,1,0,0,12,0,0,0,0,13
420770407,0,1,0,2,0,0,0,0,3
420770408,0,0,0,5,0,0,0,0,5
420770409,5,22,15,161,5,0,0,0,208
420770410,1,9,10,170,1,0,0,0,191
420840101,4,8,0,55,1,0,0,0,68
420840102,1,2,1,40,1,0,0,0,45
420840201,0,0,2,14,0,0,0,0,16
420840202,0,0,0,26,0,0,1,1,28
420840203,0,1,1,10,0,0,0,0,12
420840204,0,0,0,0,0,0,0,0,0
420840205,0,0,0,3,0,0,0,0,3
420840206,0,0,0,6,0,0,0,0,6
420840207,0,0,0,4,0,0,0,0,4
420910101,1,1,0,24,1,0,0,0,27
420910102,1,0,0,39,0,0,0,0,40
420910103,0,0,0,29,2,0,0,1,32
420910104,0,0,0,20,0,1,0,0,21
420910105,1,7,0,57,2,0,0,2,69
420980101,7,17,2,93,73,0,0,1,193
420980102,1,12,0,71,46,0,0,0,130
420980103,1,0,1,158,3,9,0,0,172
420980104,0,3,1,138,1,0,0,0,143
420980105,5,17,2,129,6,0,0,0,159
420980106,15,39,10,69,2,0,0,0,135
420980107,21,11,9,122,3,0,0,0,166
420980108,18,24,3,105,1,0,0,0,151
420980109,27,43,15,108,19,1,1,2,216
420980110,6,22,2,118,41,0,0,1,190
420980111,13,28,5,142,2,0,0,0,190
420980112,0,11,0,13,0,0,0,0,24
420980113,1,2,0,35,0,0,1,0,39
420980114,0,1,0,18,1,0,0,0,20
420980201,13,20,2,158,24,0,0,0,217
420980202,2,2,2,18,2,0,0,0,26
420980301,14,24,2,139,11,0,0,0,190
420980302,1,7,1,57,0,1,0,0,67
420980303,14,36,7,134,11,0,0,1,203
420980401,20,15,2,49,9,0,0,0,95
420980402,13,7,2,75,1,0,0,0,98
421050101,7,10,0,99,0,0,0,0,116
421050102,0,0,0,2,0,0,0,0,2
421050103,0,5,2,34,0,0,0,0,41
421050201,1,0,0,14,0,0,0,0,15
421050202,3,1,0,25,0,0,0,0,29
421050203,0,4,0,43,3,0,0,1,51
421050204,0,3,1,9,0,0,0,0,13
421050205,0,3,0,4,2,0,0,0,9
421050206,20,28,3,148,4,0,1,3,207
421050207,18,19,19,114,1,1,1,4,177
421050301,45,60,37,120,1,0,0,2,265
421050302,43,111,7,32,1,0,0,0,194
421050303,49,110,8,57,1,0,0,0,225
421050304,57,63,13,100,1,0,0,0,234
421050305,76,74,12,62,0,0,0,0,224
421050306,38,62,16,86,0,0,0,1,203
421050307,36,48,14,56,1,0,0,0,155
421050308,49,51,13,102,0,0,0,0,215
421050309,48,69,15,78,0,0,0,0,210
421050310,52,69,23,88,0,0,0,0,232
421050311,37,80,6,87,2,0,0,0,212
421050312,41,77,8,116,0,0,0,1,243
421050313,74,26,4,87,1,0,0,0,192
421050314,46,35,6,68,1,0,0,0,156
421050401,24,62,107,125,0,0,0,0,318
421050402,32,47,14,226,0,0,0,0,319
421050403,56,192,3,31,0,0,0,0,282
421050404,48,66,2,227,4,0,0,2,349
421050405,83,96,4,122,1,0,0,0,306
421050406,69,66,16,236,8,0,0,0,395
421050407,0,0,16,14,2,0,0,0,32
421050408,49,51,7,115,0,0,0,0,222
421050409,83,94,31,51,0,0,0,1,260
421050410,56,70,18,59,3,0,0,1,207
421050411,60,55,16,78,3,0,0,0,212
421050412,70,70,3,53,3,0,0,0,199
421050413,47,64,10,84,2,0,0,1,208
421050414,50,73,11,101,0,0,0,0,235
421050415,35,59,22,67,2,0,0,0,185
421050416,23,86,5,38,2,0,0,0,154
421050417,63,40,18,62,0,0,0,9,192
421050418,43,60,7,78,2,0,0,0,190
421050419,38,49,7,84,2,0,0,7,187
421050501,3,11,12,104,0,0,0,1,131
421050502,3,1,0,7,0,0,0,0,11
421050503,1,0,4,44,1,0,0,0,50
421050504,0,0,1,14,0,0,0,0,15
421050601,9,10,1,79,0,0,0,0,99
421050602,4,2,3,25,1,0,0,0,35
421050701,20,124,4,137,4,1,0,0,290
421050702,41,56,5,99,2,1,1,0,205
421050703,68,111,15,92,2,0,0,1,289
421050704,42,84,6,116,0,0,0,1,249
421050705,104,97,12,103,5,0,0,0,321
421050706,20,47,7,200,2,0,0,0,276
421050707,7,33,2,65,1,0,0,0,108
421050708,25,153,2,25,3,0,0,0,208
421050709,61,98,22,116,4,0,0,0,301
421050710,69,84,18,80,3,0,0,1,255
421050711,57,82,8,135,2,0,0,0,284
421050712,86,79,6,146,3,0,0,0,320
421050713,89,83,1,102,3,1,1,0,280
421050714,24,99,17,121,4,0,0,3,268
421050715,39,90,33,62,1,0,0,0,225
421050716,60,87,23,61,1,0,0,0,232
421050717,61,138,20,112,1,0,0,0,332
421050718,10,9,4,191,1,1,0,0,216
421050801,4,0,0,419,1,4,0,0,428
421050802,7,14,12,142,3,0,0,0,178
421050803,9,1,3,197,0,0,0,19,229
421050804,3,2,1,358,2,0,0,0,366
421050805,13,7,1,295,0,0,0,0,316
421050806,51,1,0,185,7,0,0,0,244
421050807,32,41,35,269,3,0,0,8,388
421050808,14,35,89,91,0,0,0,0,229
421050901,15,67,4,152,0,1,0,0,239
421050902,4,9,0,101,0,0,0,0,114
421050903,0,0,0,103,0,0,0,0,103
421050904,1,3,1,188,33,0,0,0,226
421050905,2,0,0,246,1,0,0,0,249
421050906,1,0,0,234,3,0,0,0,238
421051001,7,21,181,89,0,0,0,0,298
421051002,9,40,215,37,1,0,0,0,302
421051003,132,85,36,76,2,0,0,2,333
421051004,7,13,0,178,17,2,0,0,217
421051005,13,19,6,256,15,0,0,0,309
421051006,9,15,2,147,53,0,0,0,226
421051007,11,147,2,19,0,0,0,2,181
421051008,48,125,1,32,0,0,0,0,206
421051009,17,125,0,15,11,0,0,0,168
421051010,97,82,10,53,0,0,0,0,242
421051011,72,97,7,74,3,0,0,1,254
421051012,46,174,7,112,5,1,0,3,348
421120101,4,4,0,98,0,0,1,1,108
421120102,6,0,0,132,3,0,4,4,149
421120201,0,0,0,21,0,0,4,0,25
421120301,36,92,5,74,3,2,1,7,220
421120302,23,52,2,105,2,0,0,1,185
421120303,28,23,3,215,2,0,0,1,272
421120304,15,22,5,23,0,0,0,0,65
421120305,41,101,6,136,25,0,0,1,310
421120306,13,1,4,227,76,0,0,0,321
421120307,4,3,3,86,145,0,0,2,243
421120308,9,3,0,238,35,1,0,0,286
421120309,5,1,0,174,1,0,0,0,181
421120310,0,0,0,44,0,0,0,1,45
421120311,1,0,0,9,0,0,0,0,10
421120312,21,65,9,169,5,5,13,9,296
421120313,0,1,0,14,0,0,0,1,16
421120314,0,0,0,7,1,0,1,0,9
421120315,0,1,0,17,0,0,0,0,18
421120316,0,0,0,7,1,0,0,1,9
421120317,0,0,0,1,0,0,0,0,1
421120318,1,1,1,0,0,0,0,0,3
421120319,0,0,0,5,0,0,0,0,5
421120320,0,0,0,5,0,0,0,0,5
421120321,0,0,0,4,0,0,0,0,4
421120322,0,3,0,1,0,0,0,0,4
421190101,13,36,7,147,8,0,0,1,212
421190102,0,0,0,3,0,0,0,0,3
421190103,1,1,0,7,0,0,0,0,9
421190104,2,0,0,12,0,0,0,0,14
421190201,37,25,10,85,2,0,0,0,159
421190202,33,11,0,66,2,0,0,1,113
421190203,36,51,25,180,2,1,0,0,295
421190204,20,9,1,214,2,0,0,0,246
421190205,1,1,0,21,0,0,0,0,23
421190206,0,1,2,15,0,0,0,0,18
421190207,1,0,0,4,0,0,0,0,5
421190208,2,0,0,10,0,0,0,0,12
421190209,1,0,0,9,0,0,0,0,10
421190210,0,0,1,9,0,0,0,0,10
421190211,67,56,12,45,0,0,0,0,180
421190212,34,24,8,221,0,0,0,0,287
421190301,57,34,10,151,1,1,0,0,254
421190302,31,71,9,143,36,0,0,0,290
421190303,2,1,0,12,0,0,0,0,15
421190304,0,0,1,2,0,0,0,0,3
421190305,2,2,0,11,1,0,0,0,16
421190306,1,3,0,12,0,0,0,0,16
421190307,7,0,1,12,0,0,0,0,20
421190308,1,4,0,18,1,0,0,0,24
421190309,0,0,0,1,0,0,0,0,1
421190310,1,0,0,2,0,0,0,0,3
421190311,48,39,8,144,36,0,1,0,276
421190312,57,43,9,146,0,0,0,1,256
421190401,52,39,21,166,5,0,0,0,283
421190402,15,4,0,16,0,0,0,0,35
421190403,2,4,5,11,0,1,0,0,23
421190404,2,2,0,11,0,0,0,0,15
421190405,2,0,0,11,0,0,0,0,13
421260101,22,62,0,149,1,0,0,0,234
421260102,45,38,11,144,1,0,0,2,241
421260103,34,47,10,160,1,0,0,0,252
421260104,0,0,0,8,0,0,0,0,8
421260105,0,3,5,8,1,0,0,0,17
421260106,0,2,0,8,0,0,0,0,10
421260107,1,0,0,19,0,0,0,0,20
421260108,2,5,0,39,1,0,0,0,47
421260109,1,0,0,16,0,0,0,0,17
421260110,0,1,1,19,1,0,0,1,23
421260111,8,16,0,172,1,0,0,0,197
421260112,17,82,17,18,0,0,0,1,135
421260201,19,68,33,153,0,0,0,0,273
421260202,6,15,24,110,1,0,0,0,156
421260203,9,22,5,98,0,0,0,0,134
421260204,2,0,0,4,0,0,0,0,6
421260205,0,1,2,106,0,0,0,0,109
421260206,0,0,0,7,1,0,0,0,8
421260207,7,42,16,20,0,0,0,0,85
421260208,13,22,33,82,0,0,0,0,150
421260301,0,1,1,6,0,0,0,0,8
421260302,0,7,0,13,0,0,0,0,20
421260303,3,1,0,3,1,0,0,0,8
421260304,0,2,0,5,0,0,0,0,7
421260401,8,36,26,91,2,0,0,2,165
421260402,0,2,0,10,0,0,0,0,12
421260403,1,5,1,5,0,0,0,0,12
421260404,0,3,0,11,0,0,0,0,14
421260405,3,3,2,24,0,0,0,0,32
421260406,0,1,0,15,0,0,0,0,16
421260407,1,14,5,130,20,0,0,0,170
421260501,8,42,6,101,0,0,0,2,159
421260502,1,5,0,63,1,0,0,0,70
421260503,2,1,1,30,0,0,1,0,35
421260504,0,1,0,10,0,0,0,0,11
421260505,1,2,0,5,0,0,0,0,8
421260506,2,5,0,64,1,0,0,0,72
421260507,0,0,0,4,0,0,0,0,4
421260508,0,0,0,4,0,0,0,0,4
421260509,36,32,20,92,1,0,0,0,181
421260510,14,43,5,164,1,0,0,0,227
421260511,23,30,6,79,1,0,0,1,140
421330101,9,10,1,81,1,0,0,0,102
421330102,1,0,1,5,1,0,0,0,8
421330103,1,1,0,11,0,0,0,0,13
421330201,36,36,19,177,11,0,0,0,279
421330202,22,24,20,77,9,0,0,0,152
421330203,15,38,23,147,18,1,0,0,242
421330204,31,49,19,87,13,0,0,0,199
421330205,83,74,28,69,14,1,0,0,269
421330206,1,3,4,11,0,0,0,0,19
421330207,7,14,7,300,6,0,0,0,334
421330208,0,0,0,0,0,0,0,0,0
421330209,0,0,0,2,0,0,0,0,2
421330210,0,0,0,1,0,0,0,0,1
421330211,22,20,4,123,10,1,0,0,180
421330212,4,19,2,84,5,0,0,1,115
421330213,19,18,1,71,1,0,0,1,111
421330214,18,17,10,111,43,0,0,1,200
421330215,25,39,20,118,9,0,0,1,212
421330216,3,0,3,153,55,0,0,0,214
421330301,15,10,7,65,0,0,0,1,98
421330302,0,0,0,13,0,0,0,0,13
421330401,11,13,2,31,0,0,0,0,57
421330402,0,0,1,15,2,0,0,0,18
421330403,1,1,0,9,0,0,0,0,11
421330501,37,38,4,96,0,0,0,0,175
421330502,58,50,21,57,2,1,0,0,189
421330503,46,38,24,95,1,0,0,1,205
421330504,102,38,12,29,0,0,0,0,181
421330505,44,45,6,80,1,1,0,4,181
421330506,0,1,0,7,1,0,0,0,9
421330507,1,5,0,18,0,0,0,0,24
421330508,87,50,12,133,1,0,0,0,283
421330509,11,35,2,99,0,0,0,1,148
421330510,65,41,3,82,3,0,0,2,196
421330601,33,26,22,103,1,0,0,0,185
421330602,51,44,38,103,6,0,0,0,242
421330603,0,0,0,6,0,0,0,0,6
421330604,5,1,6,35,2,0,0,0,49
421330605,1,3,0,4,0,0,0,0,8
421330701,38,39,36,111,20,0,0,0,244
421330702,29,69,12,104,7,0,0,0,221
421330703,3,0,3,9,0,0,0,0,15
421330704,2,0,2,34,1,0,0,0,39
421330705,0,1,0,10,0,0,0,0,11
421330706,0,0,0,7,0,0,0,0,7
421330707,0,0,0,4,0,0,0,1,5
421400101,2,1,0,10,0,0,0,0,13
421400102,0,5,0,27,0,0,0,1,33
421400103,0,2,0,14,1,0,0,0,17
421400104,0,0,0,2,0,0,0,0,2
421400201,27,4,1,147,17,0,0,0,196
421400202,24,13,2,152,5,0,1,2,199
421400203,11,32,1,128,5,1,0,0,178
421400204,35,19,0,170,5,0,0,5,234
421400205,37,21,27,82,6,0,0,1,174
421400206,70,13,3,122,3,0,0,1,212
421400207,7,2,0,168,5,0,0,0,182
421400208,68,53,15,46,1,0,0,1,184
421400209,18,38,3,110,32,0,0,2,203
421400210,92,39,14,97,1,0,0,0,243
421400211,38,25,1,239,7,1,0,1,312
421400212,45,19,27,103,1,0,0,0,195
421400213,18,29,7,0,0,0,0,0,54
421400214,1,0,40,7,8,0,0,0,56
421400215,20,26,20,71,0,0,0,3,140
421400216,35,25,22,82,1,0,0,1,166
421400217,27,23,25,77,1,0,0,0,153
421400218,25,28,30,57,3,1,0,0,144
421400219,26,15,4,94,0,0,0,0,139
421400220,2,8,0,63,6,1,0,0,80
421400221,1,4,2,25,2,0,0,1,35
421400222,11,20,5,136,3,0,0,0,175
421400223,11,5,7,33,1,0,0,1,58
421400301,0,0,0,1,0,0,0,0,1
421400302,2,4,1,44,3,0,0,0,54
421400303,0,0,0,4,0,0,0,0,4
421470101,18,33,3,108,4,0,0,0,166
421470102,0,0,0,2,0,0,0,0,2
421470103,0,0,0,2,1,0,0,0,3
421470104,0,1,0,9,1,0,0,0,11
421470105,0,0,0,7,0,0,0,0,7
421470106,0,2,0,5,0,2,6,1,16
421470107,1,1,0,12,0,0,0,0,14
421470108,1,1,2,11,0,0,0,0,15
421470109,41,44,6,102,2,0,0,1,196
421470201,9,67,0,146,0,1,1,0,224
421470202,25,29,22,97,0,0,0,0,173
421470203,0,2,1,11,0,0,0,0,14
421470204,0,0,0,1,0,0,0,0,1
421470205,0,1,0,6,0,0,0,0,7
421470206,0,1,0,11,0,0,0,0,12
421470207,0,2,0,5,0,0,0,0,7
421470208,0,0,0,9,0,0,0,0,9
421470209,0,0,0,16,0,0,0,0,16
421470210,3,2,3,24,0,0,0,0,32
421470211,3,2,0,3,1,0,0,0,9
421470212,1,0,0,5,0,0,0,0,6
421470213,0,0,0,3,0,0,0,0,3
421470214,19,47,22,111,34,0,0,0,233
421470215,31,57,16,182,4,0,0,1,291
421470216,15,60,25,115,0,0,0,0,215
421470301,43,31,6,69,13,0,0,0,162
421470302,1,0,0,7,0,0,0,0,8
421540101,4,13,0,53,0,0,0,0,70
421540102,2,0,2,35,0,0,0,0,39
421540103,1,0,0,44,1,0,0,0,46
421540201,23,18,4,101,2,0,0,0,148
421540202,0,7,2,77,2,0,0,0,88
421540301,38,34,5,157,8,0,0,0,242
421540302,0,10,2,41,0,0,0,0,53
421540401,0,1,0,37,0,0,0,0,38
421540402,0,0,1,23,0,0,0,0,24
421540403,1,1,7,44,3,0,0,0,56
421540404,0,2,0,26,1,0,0,0,29
421540501,1,6,20,63,0,0,0,0,90
421540502,20,34,18,190,4,0,0,7,273
421540503,21,57,13,142,3,0,0,0,236
421540504,3,6,1,200,2,0,0,0,212
421540505,5,14,3,257,6,0,0,1,286
421540506,17,20,14,155,0,0,0,1,207
421540507,15,27,9,181,2,0,0,1,235
421540508,8,7,5,193,0,0,0,0,213
421540509,19,69,7,135,1,0,0,2,233
421540510,3,13,1,183,0,0,0,1,201
421540511,23,36,3,151,8,0,1,2,224
421540512,4,1,2,276,10,1,0,1,295
421540513,11,96,4,174,8,1,0,0,294
421540514,44,26,0,126,17,0,0,2,215
421540515,22,15,1,119,104,1,0,2,264
421540516,9,31,2,218,1,0,0,0,261
421540517,1,0,1,239,0,0,0,0,241
421540601,4,11,1,99,0,0,0,0,115
421540602,0,0,0,13,0,0,0,0,13
421540701,0,15,0,13,0,0,0,0,28
421540702,0,3,2,28,2,0,0,1,36
460070101,57,120,6,7,4,3,112,6,315
460070102,64,143,16,0,2,1,28,4,258
460070103,47,181,4,4,2,0,125,23,386
460070104,34,152,1,13,1,0,96,9,306
460070105,78,193,21,0,2,1,19,3,317
460070106,11,32,4,1,1,0,43,5,97
460070107,39,124,0,1,3,1,83,8,259
460070108,46,182,7,3,2,5,86,14,345
460070109,32,146,2,2,1,1,27,11,222
460070110,34,90,4,2,1,0,54,5,190
460070111,55,219,3,1,4,2,72,7,363
460070112,123,257,11,1,1,0,18,13,424
460070201,76,173,6,1,1,0,54,6,317
460070202,15,18,3,25,8,1,40,1,111
460070203,3,1,0,1,0,0,11,0,16
460070204,4,34,0,17,8,4,115,1,183
460140101,10,66,3,75,9,2,12,3,180
460140102,8,9,0,7,1,1,1,1,28
460140103,63,220,11,69,17,19,67,21,487
460140104,60,107,3,24,4,4,4,3,209
460140105,53,132,6,29,2,2,7,8,239
460140106,64,224,7,41,8,8,3,8,363
460140107,72,239,0,25,3,0,8,1,348
460140108,30,127,1,37,7,18,7,10,237
460140109,84,182,8,87,19,35,47,48,510
460140110,49,353,4,53,14,18,17,14,522
460140111,182,130,49,6,1,0,1,0,369
460140201,1,3,1,4,6,0,13,0,28
460140202,7,18,0,42,15,1,20,0,103
460140301,0,10,0,6,0,1,27,1,45
460140302,8,27,0,5,4,0,38,1,83
460140401,76,165,8,16,8,8,2,4,287
460140402,122,136,12,0,2,0,0,3,275
460140403,73,129,37,5,2,0,0,1,247
460140404,160,180,38,10,0,0,1,5,394
460140405,83,133,23,2,1,0,0,15,257
460140406,86,188,5,3,1,0,1,16,300
460140407,68,153,6,11,1,2,1,8,250
460140408,93,253,13,5,2,0,0,7,373
460140409,78,149,13,32,4,1,0,1,278
460140410,112,124,12,0,0,0,0,10,258
460140411,104,286,11,23,2,0,1,7,434
460140412,54,202,15,12,0,0,0,3,286
460140413,77,214,14,20,10,4,1,1,341
460140414,76,124,12,3,5,0,1,0,221
460140415,90,92,16,5,5,0,2,25,235
460140416,98,164,9,5,1,0,0,3,280
460140417,54,133,14,16,2,0,3,9,231
460140418,68,150,4,5,0,3,0,0,230
460140501,62,167,2,1,2,0,1,4,239
460140502,116,117,10,6,3,0,0,3,255
460140503,48,141,44,18,5,3,0,0,259
460140504,80,252,19,43,18,8,4,7,431
460140505,42,183,47,3,48,0,1,8,332
460140506,47,103,36,2,17,0,0,1,206
460140507,72,296,15,3,0,0,1,10,397
460140508,85,261,14,62,0,1,2,2,427
460140509,105,227,38,36,3,5,0,3,417
460140510,109,154,8,71,3,0,0,1,346
460140511,58,203,0,7,1,0,1,1,271
460140512,37,224,1,9,1,1,2,3,278
460140513,30,216,1,34,2,8,3,8,302
460140514,76,253,2,13,4,3,0,3,354
460140515,78,247,5,22,0,2,5,4,363
460140516,41,292,4,18,2,1,1,2,361
460140517,77,312,4,16,4,4,2,4,423
460140518,76,258,1,38,7,1,1,7,389
460140519,57,219,4,29,1,0,1,5,316
460140601,68,300,6,8,2,1,0,2,387
460140602,68,180,10,24,2,0,0,2,286
460140603,54,127,9,15,3,1,0,0,209
460140604,64,173,9,19,4,0,0,3,272
460140605,85,179,13,24,3,0,0,4,308
460140606,63,186,6,5,2,0,5,2,269
460140607,126,118,14,15,2,0,1,0,276
460140608,98,113,5,11,5,0,0,7,239
460140609,103,98,17,16,2,0,0,5,241
460140610,135,170,0,13,5,1,0,3,327
460140611,73,175,11,14,1,0,2,6,282
460140701,27,50,10,8,0,0,1,3,99
460140702,97,272,1,65,3,7,5,37,487
460140703,101,203,10,93,10,16,12,26,471
460140704,102,209,35,26,3,2,7,5,389
460140705,103,211,59,34,4,4,5,12,432
460140706,43,181,1,34,1,2,5,6,273
460140707,97,150,5,13,1,1,0,1,268
460140708,50,180,5,91,3,3,0,1,333
460140709,66,161,30,10,3,2,2,1,275
460140710,116,168,38,16,1,0,3,10,352
460140711,102,169,2,4,0,0,1,2,280
460140712,45,227,4,33,7,4,6,3,329
460140713,38,281,2,28,3,3,0,7,362
460140714,77,277,6,38,4,1,4,18,425
460140715,84,163,5,19,3,0,2,7,283
460140716,74,113,40,22,3,0,3,3,258
460140717,36,44,13,10,5,2,2,1,113
460140718,30,78,43,19,4,0,2,1,177
460140801,69,278,9,7,5,1,1,3,373
460140802,106,190,8,7,1,0,1,1,314
460140803,86,294,20,13,2,2,0,4,421
460140804,121,188,46,75,5,0,0,1,436
460140805,92,207,27,6,2,0,0,6,340
460140806,145,265,8,18,5,0,0,4,445
460140807,89,265,3,4,2,1,0,16,380
460140808,91,157,3,3,2,0,0,6,262
460140809,89,261,4,13,5,0,0,4,376
460140810,144,269,22,4,0,0,2,12,453
460140811,130,245,30,6,2,0,1,3,417
460140812,73,215,6,6,0,0,0,2,302
460140813,99,209,7,15,3,0,0,1,334
460140814,170,211,59,3,0,0,0,1,444
460140901,35,213,5,44,7,9,12,5,330
460140902,111,163,28,11,1,0,1,5,320
460140903,60,140,5,7,1,0,0,5,218
460140904,100,119,7,4,0,1,2,1,234
460140905,109,96,5,7,2,0,0,1,220
460140906,103,215,22,33,6,26,15,11,431
460140907,99,74,14,157,2,1,4,23,374
460140908,249,103,17,37,0,0,0,2,408
460140909,163,165,2,10,1,1,2,11,355
460140910,379,160,2,3,1,0,3,5,553
460140911,6,3,0,26,7,2,1,10,55
460140912,135,248,10,10,2,2,3,2,412
460140913,144,116,3,8,1,0,0,6,278
460140914,85,137,21,168,14,1,3,1,430
460140915,193,227,2,0,0,0,0,2,424
460140916,165,126,3,51,1,0,0,6,352
460140917,158,142,1,127,11,0,0,5,444
460140918,120,102,0,115,0,0,0,1,338
460140919,61,183,16,79,9,18,20,35,421
460140920,126,184,3,24,1,9,9,1,357
460140921,32,99,0,89,14,31,30,31,326
460140922,153,111,35,12,23,1,4,6,345
460141001,42,281,0,3,0,0,0,1,327
460141002,21,135,0,8,1,0,1,2,168
460141003,45,205,14,2,1,0,2,16,285
460141004,31,152,4,14,1,1,1,4,208
460141005,86,320,5,17,4,6,2,4,444
460141006,79,286,4,15,2,1,3,4,394
460141007,45,197,0,0,0,0,0,0,242
460141008,98,273,5,5,4,2,0,0,387
460141009,43,184,0,1,0,0,0,0,228
460141010,47,184,2,22,4,0,1,16,276
460141011,50,182,1,6,2,1,4,5,251
460141012,109,416,32,32,3,3,4,4,603
460141013,93,297,1,11,2,0,2,4,410
460141014,66,299,3,14,3,0,3,6,394
460141015,76,157,3,0,0,0,0,5,241
460141016,116,209,3,5,0,0,0,1,334
460141017,81,417,17,37,22,7,11,14,606
460141018,76,149,25,29,4,6,3,3,295
460141101,88,207,3,38,9,18,9,18,390
460141102,66,262,8,37,6,1,3,5,388
460141103,29,186,1,1,1,0,0,0,218
460141104,36,201,8,51,37,0,3,17,353
460141105,87,296,10,60,2,9,18,14,496
460141106,87,263,2,7,5,1,2,17,384
460141107,93,178,5,19,2,4,2,5,308
460141108,103,276,7,12,2,0,0,3,403
460141109,125,255,7,9,4,0,9,6,415
460141110,65,374,0,21,11,1,0,5,477
460141111,100,284,8,21,7,3,1,4,428
460141112,63,270,2,15,12,0,0,9,371
460141113,81,234,29,19,4,2,0,1,370
460141114,143,248,6,13,3,0,4,5,422
460141115,105,293,26,44,6,2,3,3,482
460210101,49,104,2,21,4,0,25,18,223
460210102,55,184,21,22,4,0,29,8,323
460210103,41,32,1,2,1,1,5,12,95
460210104,49,65,17,8,0,0,19,3,161
460210105,33,61,2,9,2,0,21,3,131
460210106,43,52,7,21,0,0,2,1,126
460210201,34,35,1,32,1,0,19,6,128
460210202,37,43,2,17,2,0,25,15,141
460280101,19,75,0,3,0,0,54,4,155
460280102,80,154,3,3,1,0,53,4,298
460280103,47,170,13,4,3,1,48,1,287
460280104,16,31,1,1,0,0,102,3,154
460280105,17,114,1,1,1,0,120,0,254
460280106,11,37,1,1,0,0,94,0,144
460280107,7,103,0,64,0,1,9,1,185
460280108,25,151,3,3,0,0,17,1,200
460280109,4,91,2,1,0,0,34,2,134
460280201,16,34,2,2,1,0,54,1,110
460280202,17,91,4,1,0,1,224,0,338
460280203,2,16,0,1,0,0,144,2,165
460280204,9,62,2,0,0,0,120,0,193
460350101,53,202,2,108,2,1,1,5,374
460350102,119,135,25,12,0,0,0,2,293
460350103,110,377,19,13,3,0,2,4,528
460350104,116,382,9,13,4,0,2,3,529
460350105,70,139,6,10,2,0,1,4,232
460350106,77,199,12,20,4,0,2,8,322
460350107,88,261,11,12,0,1,3,2,378
460350108,123,283,5,14,0,0,1,3,429
460350109,208,121,32,12,4,0,0,2,379
460350201,66,215,12,39,5,0,10,18,365
460350202,9,80,4,44,14,0,26,4,181
460350203,1,14,2,17,1,0,12,1,48
460420101,119,343,8,13,1,1,30,19,534
460420102,59,131,7,3,2,0,5,10,217
460420103,93,151,10,6,0,0,5,12,277
460420104,85,141,11,13,1,0,10,5,266
460420105,67,124,13,6,0,0,5,9,224
460420106,153,246,23,8,8,0,10,9,457
460420107,91,148,14,6,1,0,13,14,287
460420108,51,228,8,3,0,0,6,5,301
460420109,55,331,1,3,0,0,6,5,401
460420110,118,313,7,12,0,1,8,8,467
460420111,51,130,109,2,0,0,3,1,296
460420112,96,153,10,67,0,0,0,0,326
460420113,178,440,20,3,1,0,0,13,655
460420114,165,173,20,9,4,0,5,4,380
460420115,74,207,11,10,1,0,10,2,315
460420116,83,179,48,13,4,1,9,20,357
460420117,51,180,1,6,3,0,29,13,283
460420118,78,259,1,0,0,0,0,1,339
460420119,64,149,12,4,0,1,1,5,236
460420120,95,335,48,84,18,1,13,6,600
460420121,111,157,29,44,2,3,4,10,360
460420122,113,126,0,36,1,0,0,0,276
460420123,151,81,0,111,19,0,0,4,366
460420201,34,234,3,10,2,1,86,22,392
460420202,48,204,3,49,10,0,99,26,439
460420203,55,117,3,8,2,1,24,6,216
460420204,59,246,15,14,2,1,18,15,370
460420205,28,78,6,29,2,3,41,6,193
460420206,11,82,0,30,13,3,48,10,197
460420301,52,420,10,13,4,1,55,7,562
460420302,85,395,27,15,2,2,40,16,582
460420303,84,112,6,9,4,1,25,6,247
460420304,81,116,13,9,1,1,27,1,249
460420305,29,90,3,30,8,0,40,5,205
460420306,44,430,3,14,1,1,52,8,553
460420401,33,185,1,2,3,3,129,10,366
460420402,33,193,5,13,0,1,127,10,382
460420403,6,57,4,23,9,0,22,6,127
460490101,39,151,3,21,9,1,165,4,393
460490102,45,166,11,11,4,1,61,4,303
460490103,19,67,1,7,2,1,90,2,189
460490104,0,18,0,1,0,1,16,2,38
460490201,25,71,12,16,0,1,119,0,244
460490202,28,122,10,9,6,0,62,18,255
460490203,14,14,0,3,0,0,25,2,58
460490204,17,44,2,7,1,1,79,3,154
460490205,5,36,0,12,1,0,23,0,77
460560101,90,206,1,5,1,0,20,3,326
460560102,31,95,0,15,3,0,113,3,260
460560103,11,30,0,6,2,0,47,0,96
460560104,58,108,3,5,2,0,8,1,185
460630101,66,216,15,4,0,0,1,2,304
460630102,112,267,21,10,1,0,2,10,423
460630103,69,230,7,16,1,0,1,0,324
460630104,53,206,8,1,1,0,0,1,270
460630105,14,149,2,21,0,0,4,6,196
460630106,27,157,1,20,2,0,48,3,258
460630201,61,139,23,14,16,0,3,2,258
460630202,2,15,0,1,0,0,7,1,26
460630203,12,41,1,16,1,0,11,8,90
460700101,141,128,18,15,2,0,53,2,359
460700102,22,66,0,9,2,0,183,1,283
460700103,2,6,0,0,0,0,94,1,103
460700201,45,118,7,18,3,2,66,6,265
460700202,1,4,0,3,0,0,19,0,27
460700203,13,14,0,7,0,3,49,0,86
460770101,31,83,2,16,0,0,82,0,214
460770102,0,2,0,0,0,0,3,0,5
460770103,0,2,0,0,0,1,10,0,13
460770104,66,106,9,2,0,0,66,3,252
460840101,95,129,1,6,1,0,17,4,253
460840102,20,43,0,5,3,0,122,5,198
460840103,38,109,0,12,4,1,72,9,245
460840104,38,132,0,8,0,0,46,3,227
460840201,44,169,3,20,0,0,16,4,256
460840202,54,112,10,26,1,0,6,1,210
460840203,2,23,2,4,1,0,32,3,67
460840204,11,18,0,2,0,0,37,1,69
460840205,55,151,8,5,0,1,11,2,233
460840206,85,190,7,22,13,0,20,1,338
460910101,1,25,0,8,0,1,32,1,68
460910102,9,44,3,15,4,2,41,5,123
460910201,47,244,13,30,3,2,26,10,375
460910202,31,48,1,17,3,0,65,3,168
460910203,26,53,1,11,1,1,38,1,132
460910204,36,348,7,13,1,1,23,2,431
460980101,56,138,2,36,9,1,137,0,379
460980102,54,122,1,15,3,0,86,2,283
460980103,0,1,0,0,0,0,10,0,11
460980104,7,2,0,9,1,0,59,0,78
460980105,0,0,0,0,0,0,15,0,15
461050101,77,142,3,4,2,3,10,7,248
461050102,82,93,2,10,2,0,14,4,207
461050103,5,41,1,10,0,0,74,1,132
461050104,4,19,1,4,1,0,11,16,56
461120101,214,124,8,8,6,1,55,7,423
461120102,93,129,4,10,6,0,39,9,290
461120103,130,104,8,2,2,0,37,9,292
461120104,125,112,19,128,5,0,12,1,402
461120105,99,139,2,5,2,0,21,9,277
461120106,102,166,5,7,4,0,67,5,356
461120107,124,133,6,8,8,1,31,3,314
461120108,113,161,1,7,2,0,80,10,374
461120109,170,139,2,22,0,0,5,1,339
461120201,36,64,5,43,9,1,40,2,200
461120202,26,35,0,36,12,2,186,2,299
461120203,1,6,1,5,4,0,28,0,45
461120301,9,12,0,29,9,1,117,5,182
461120302,1,13,1,32,16,1,67,0,131
461190101,22,55,5,6,1,0,87,1,177
461190102,47,119,14,5,4,1,116,1,307
461190103,53,145,6,11,5,0,126,2,348
461190104,17,50,1,2,3,0,46,2,121
461190201,5,32,0,2,1,0,93,1,134
461260101,71,189,7,13,2,0,8,4,294
461260102,2,12,1,7,0,0,7,0,29
461260103,55,183,3,16,4,0,27,11,299
500070101,244,65,22,7,2,0,4,0,344
500070102,131,43,54,41,0,0,4,0,273
500070103,121,136,14,41,0,0,0,1,313
500070104,206,38,1,0,0,0,0,0,245
500070105,114,150,0,1,0,1,0,0,266
500070106,141,114,9,3,0,0,1,0,268
500070107,67,120,5,5,1,0,1,13,212
500070108,117,97,15,8,0,0,0,2,239
500070109,123,29,12,29,1,0,2,6,202
500070110,75,28,4,1,0,0,0,1,109
500070111,73,70,4,3,0,0,0,2,152
500070112,39,113,8,0,0,0,0,0,160
500070113,82,48,0,0,1,0,0,0,131
500070114,52,73,0,38,0,0,0,0,163
500070115,59,129,3,0,0,0,1,0,192
500070116,48,65,0,0,0,0,0,0,113
500070117,83,55,3,19,1,0,0,1,162
500070201,217,44,49,22,1,5,22,5,365
500070202,170,46,21,8,1,0,2,2,250
500070203,242,53,22,12,0,0,17,3,349
500070204,188,45,14,3,0,0,33,4,287
500070205,191,13,19,9,1,0,4,2,239
500070206,207,61,42,18,2,0,18,6,354
500070207,166,23,20,20,3,0,1,0,233
500070208,99,41,42,16,0,0,11,0,209
500070209,196,55,19,24,1,0,8,1,304
500070210,148,73,17,17,0,0,0,0,255
500070211,208,49,45,12,1,0,6,0,321
500070212,111,26,7,8,3,0,0,2,157
500070213,176,80,21,17,0,0,11,6,311
500070214,173,55,20,8,3,1,2,8,270
500070215,129,27,9,4,0,0,7,2,178
500070301,131,87,18,10,6,0,4,2,258
500070302,190,94,8,14,1,0,4,0,311
500070303,166,93,28,11,1,0,1,2,302
500070304,113,89,2,18,8,0,0,0,230
500070305,41,67,5,12,0,0,1,0,126
500070306,63,44,1,5,0,0,0,1,114
500070307,48,33,0,15,0,0,0,0,96
500070308,46,75,2,1,0,0,0,0,124
500070309,82,50,0,1,0,0,0,0,133
500070310,95,50,10,10,1,2,1,0,169
500070311,102,55,15,1,1,0,1,1,176
500070312,80,41,24,12,3,0,1,1,162
500070313,102,46,10,6,0,0,1,1,166
500070314,40,93,6,10,0,0,0,0,149
500070315,106,100,1,1,0,0,0,1,209
500070316,96,51,1,6,0,0,0,2,156
500070317,65,31,0,0,0,0,0,0,96
500070401,71,142,3,6,0,0,0,5,227
500070402,40,155,1,0,0,0,0,0,196
500070403,41,80,0,0,0,0,0,0,121
500070404,68,110,0,2,0,0,0,1,181
500070405,109,14,1,0,0,0,0,0,124
500070406,18,39,2,0,0,0,0,1,60
500070407,93,84,0,0,0,0,0,0,177
500070408,49,116,0,0,0,0,0,2,167
500070409,41,142,1,0,1,0,0,6,191
500070410,83,33,9,0,0,0,0,21,146
500070411,88,60,9,2,1,0,0,5,165
500070412,46,137,12,2,0,1,0,28,226
500070501,139,38,36,35,1,0,3,1,253
500070502,100,69,53,30,1,0,7,0,260
500070503,117,109,30,13,0,0,1,1,271
500070504,60,83,10,10,0,0,0,0,163
500070505,113,46,25,12,4,0,1,0,201
500070506,87,103,80,29,0,0,0,0,299
500070507,51,54,36,12,0,0,0,11,164
500070508,142,63,52,6,1,0,0,1,265
500070509,75,114,63,12,0,0,0,1,265
500070510,140,66,67,10,1,0,0,0,284
500070511,107,97,28,5,1,0,0,0,238
500070512,44,36,33,7,1,0,0,2,123
500070601,93,32,79,5,1,0,2,0,212
500070602,102,51,65,6,0,0,0,1,225
500070603,144,40,48,3,3,0,0,1,239
500070604,91,29,89,5,0,0,1,0,215
500070605,102,47,31,7,0,0,2,0,189
500070606,196,76,91,31,8,1,13,6,422
500070607,185,35,43,24,3,0,5,2,297
500070608,196,74,50,16,0,0,9,4,349
500070609,127,19,26,15,5,0,5,1,198
500070610,210,42,34,48,0,0,8,1,343
500070611,76,11,27,18,2,0,3,1,138
500070701,150,21,28,9,1,0,2,1,212
500070702,234,61,28,9,1,0,10,3,346
500070703,166,39,28,11,5,0,4,1,254
500070704,154,29,37,6,0,0,4,3,233
500070705,140,40,47,7,0,0,14,0,248
500070706,156,117,23,4,3,0,1,1,305
500070707,143,35,35,14,0,0,5,2,234
500070708,94,34,29,11,0,1,4,0,173
500070709,68,101,0,0,0,0,0,0,169
500070710,193,57,26,17,0,0,4,0,297
500070711,163,105,40,36,6,0,3,1,354
500070801,55,87,14,3,1,0,3,1,164
500070802,74,50,26,2,0,0,0,1,153
500070803,191,160,4,1,0,0,0,2,358
500070804,53,33,17,2,0,0,1,2,108
500070805,83,60,19,6,2,0,2,1,173
500070806,137,63,40,7,0,0,3,1,251
500070807,81,86,35,6,0,0,3,1,212
500070808,83,22,35,4,2,0,1,0,147
500070809,89,51,46,1,0,0,0,1,188
500070810,186,40,27,8,0,0,1,2,264
500070811,95,39,6,2,0,0,0,0,142
500070901,118,50,51,3,0,0,1,0,223
500070902,91,43,47,5,0,1,2,1,190
500070903,121,24,46,8,0,0,0,0,199
500070904,197,40,34,7,1,0,2,1,282
500070905,137,71,50,32,1,0,4,0,295
500070906,160,59,38,12,0,0,0,0,269
500070907,133,66,47,8,0,0,2,0,256
500070908,110,45,52,7,4,0,0,3,221
500070909,31,42,7,0,0,0,2,0,82
500070910,89,88,68,8,1,0,6,3,263
500070911,113,50,41,6,0,0,5,2,217
500070912,97,26,22,1,0,0,0,0,146
500071001,55,7,250,9,1,0,2,2,326
500071002,193,46,0,0,0,0,0,3,242
500071003,145,55,64,5,0,1,1,6,277
500071004,282,63,1,11,2,0,13,9,381
500071005,206,87,2,8,1,0,23,8,335
500071006,314,64,5,7,3,0,18,2,413
500071007,145,90,1,4,1,0,0,0,241
500071008,209,38,3,11,3,0,24,5,293
500071009,205,81,13,7,1,0,15,3,325
500071010,237,39,2,23,3,1,22,5,332
500071011,131,21,1,8,0,1,14,12,188
500071012,138,109,1,0,1,0,1,0,250
500071013,0,0,0,1,0,0,0,0,1
500071014,153,84,6,2,1,0,13,0,259
500071015,22,13,0,6,2,0,107,6,156
500071016,8,0,2,18,3,1,73,14,119
500071017,101,26,184,0,0,0,0,0,311
500071018,0,0,0,0,0,0,0,0,0
500071019,28,9,296,16,0,0,0,2,351
500071020,209,13,27,6,3,0,1,0,259
500071021,157,55,2,9,0,0,22,4,249
500071022,18,1,1,18,1,1,56,26,122
500071101,65,60,76,5,1,0,0,3,210
500071102,195,72,39,2,0,0,0,1,309
500071103,120,68,73,1,2,0,0,1,265
500071104,123,36,133,2,0,0,0,0,294
500071105,188,58,58,4,1,0,1,0,310
500071106,224,52,64,9,3,0,8,2,362
500071107,120,67,55,8,1,0,4,2,257
500071108,212,94,51,10,1,0,7,0,375
500071109,108,55,59,4,0,0,3,1,230
500071110,129,37,117,1,1,0,2,0,287
500071111,108,14,55,4,0,0,4,1,186
500071112,130,28,14,1,0,0,0,1,174
500071113,112,14,48,4,0,0,0,1,179
500071201,38,110,1,2,1,0,0,0,152
500071202,28,62,0,0,0,0,0,0,90
500071203,64,69,3,22,0,0,0,1,159
500071204,42,61,2,9,1,0,0,0,115
500071205,33,104,0,1,0,0,0,0,138
500071206,45,141,0,1,0,0,0,8,195
500071207,50,70,7,3,0,0,0,5,135
500071208,64,127,0,0,0,0,0,1,192
500071209,87,142,13,1,0,0,0,1,244
500071210,73,95,43,18,1,1,1,1,233
500071301,275,8,0,41,23,6,29,21,403
500071302,199,7,1,30,7,0,24,29,297
500071303,276,4,0,2,1,1,1,0,285
500071304,212,13,2,28,7,7,28,28,325
500071305,173,7,4,17,1,0,9,6,217
500071306,131,5,1,28,5,2,25,45,242
500071307,201,13,5,49,7,6,33,33,347
500071308,155,21,0,28,8,7,49,23,291
500071309,188,54,0,18,12,1,46,14,333
500071310,0,0,0,0,0,0,0,0,0
500071311,20,2,0,15,1,0,7,5,50
500140101,9,0,0,98,3,0,7,1,118
500140201,4,0,0,53,1,0,1,0,59
500140301,13,0,0,12,5,0,3,2,35
500140302,23,7,0,41,5,0,18,1,95
500140303,9,1,0,46,1,0,19,6,82
500140304,131,10,2,84,3,1,21,26,278
500140305,10,2,0,38,3,0,13,0,66
500140401,35,10,1,97,4,0,30,11,188
500140402,22,7,2,66,2,1,13,2,115
500140403,0,1,0,5,0,0,2,0,8
500140404,75,9,6,148,6,1,29,7,281
500140405,71,13,3,202,3,0,31,6,329
500140406,148,68,6,66,6,1,38,6,339
500140407,2,2,0,5,1,0,0,0,10
500140408,103,35,7,130,18,1,66,19,379
500140409,106,27,4,152,8,1,28,12,338
500140410,122,20,6,128,5,0,28,11,320
500140411,15,9,0,116,1,1,39,7,188
500140412,18,3,0,108,1,0,13,8,151
500140501,97,8,0,173,9,1,37,10,335
500140502,86,19,4,69,5,0,41,12,236
500140503,57,54,2,86,2,0,4,1,206
500140504,81,8,3,127,4,0,32,4,259
500140505,103,15,2,70,0,0,21,14,225
500140506,28,5,2,74,8,2,49,12,180
500140601,152,16,1,133,6,3,13,11,335
500140602,92,13,0,88,3,1,27,17,241
500140603,100,49,10,79,2,1,3,0,244
500140604,161,46,9,84,0,0,1,2,303
500140605,86,21,10,129,1,0,0,1,248
500140606,113,57,2,75,0,1,3,0,251
500140607,48,26,1,169,0,0,1,0,245
500140608,57,32,9,97,1,0,3,0,199
500140609,83,23,2,175,4,0,14,11,312
500140610,76,48,6,133,3,2,1,2,271
500140611,44,152,6,160,0,1,10,0,373
500140612,138,40,28,108,7,1,20,1,343
500140613,83,15,8,161,6,0,7,1,281
500140614,55,14,2,90,5,0,8,7,181
500140615,172,14,4,154,21,2,56,35,458
500140616,76,12,30,215,4,2,6,6,351
500140617,27,85,14,127,0,0,0,0,253
500140701,167,18,1,106,7,0,71,52,422
500140702,137,12,4,108,5,0,53,11,330
500140703,157,49,8,185,6,1,42,24,472
500140704,98,2,0,38,0,1,11,6,156
500140705,175,11,0,92,6,2,76,17,379
500140706,102,48,4,85,1,0,7,1,248
500140707,146,21,11,116,2,0,3,1,300
500140708,114,31,14,121,3,0,33,9,325
500140709,153,125,30,19,0,0,0,0,327
500140710,182,53,4,122,5,0,7,2,375
500140711,116,39,7,95,3,1,4,1,266
500140712,64,48,10,147,6,0,0,1,276
500140713,84,17,6,101,7,0,14,1,230
500140714,110,21,4,83,0,0,36,14,268
500140715,97,15,2,171,10,0,6,0,301
500140716,61,52,53,198,0,0,0,0,364
500210101,186,21,1,0,0,0,0,0,208
500210102,249,20,4,4,0,0,0,1,278
500210103,66,16,15,3,1,0,3,2,106
500210104,273,23,1,16,0,1,0,0,314
500210105,162,76,32,1,0,0,0,0,271
500210106,43,6,1,118,7,1,73,32,281
500210107,494,7,1,22,24,7,74,27,656
500210108,137,57,122,1,0,0,0,0,317
500210109,217,43,21,3,0,0,0,0,284
500210110,138,97,9,0,0,0,0,0,244
500210111,102,1,4,240,8,0,1,23,379
500210112,169,10,20,5,0,1,0,0,205
500210113,229,48,16,5,1,0,1,0,300
500210114,189,38,11,4,0,0,0,0,242
500210115,193,12,1,71,1,1,69,24,372
500210116,199,28,24,14,4,0,13,24,306
500210117,47,7,98,0,0,0,0,0,152
500210118,150,31,1,0,0,0,0,4,186
500210119,105,12,7,3,0,0,1,0,128
500210201,145,53,27,20,1,0,16,6,268
500210202,173,52,1,9,1,0,1,3,240
500210203,132,78,1,2,3,0,1,0,217
500210204,222,116,0,6,0,0,4,0,348
500210205,129,102,2,9,1,0,4,2,249
500210206,180,29,5,17,1,0,21,6,259
500210207,207,33,15,28,2,3,25,5,318
500210208,173,78,12,2,0,0,0,2,267
500210209,180,43,65,4,0,0,0,3,295
500210210,137,81,0,0,0,0,0,0,218
500210211,173,63,6,0,2,0,0,0,244
500210212,34,8,294,1,0,0,0,0,337
500210213,69,17,166,11,1,0,1,4,269
500210214,174,10,5,11,9,0,5,1,215
500210215,236,72,9,4,1,0,9,2,333
500210216,231,73,10,14,1,1,10,6,346
500210217,211,66,1,6,6,0,21,4,315
500210218,43,8,1,1,0,0,10,3,66
500210219,73,34,0,5,1,0,2,4,119
500210301,168,78,56,9,0,0,2,0,313
500210302,82,60,11,7,0,0,2,0,162
500210303,130,9,16,6,1,1,2,5,170
500210304,254,45,6,6,0,0,3,2,316
500210305,137,18,12,10,0,1,1,0,179
500210306,117,98,23,8,0,0,5,1,252
500210307,126,20,16,10,0,0,6,5,183
500210308,257,22,17,20,3,0,42,0,361
500210309,228,43,26,7,1,1,18,0,324
500210310,179,23,18,11,2,0,17,0,250
500210311,180,53,58,11,1,0,10,1,314
500210312,99,81,19,1,0,0,3,0,203
500210313,83,36,3,72,4,0,5,0,203
500210314,151,32,23,20,2,1,3,2,234
500210315,128,13,9,13,2,0,4,0,169
500210316,86,36,18,30,3,0,9,0,182
500210317,131,23,39,14,2,1,7,0,217
500210401,193,54,4,12,0,3,23,1,290
500210402,189,13,11,13,1,0,9,0,236
500210403,185,57,25,20,1,0,7,2,297
500210404,205,51,25,27,4,0,6,4,322
500210405,104,34,32,7,3,0,4,2,186
500210406,145,34,21,26,1,0,1,2,230
500210407,157,22,12,16,0,0,19,3,229
500210408,155,55,35,20,0,1,4,0,270
500210409,190,47,31,26,4,0,9,0,307
500210410,86,85,21,8,0,0,6,5,211
500210411,297,19,6,14,2,0,17,4,359
500210412,279,33,13,11,5,0,22,3,366
500210413,53,45,140,0,0,0,1,0,239
500210414,266,56,2,7,2,0,1,0,334
500210415,91,49,16,10,0,0,6,3,175
500210416,118,38,28,4,2,0,2,2,194
500210417,155,39,9,21,2,0,5,3,234
500210418,219,28,39,18,2,0,19,2,327
500210419,71,43,5,4,1,0,2,1,127
500210420,101,46,12,5,1,0,3,1,169
500210501,114,22,5,8,2,0,0,1,152
500210502,167,37,0,5,2,0,10,0,221
500210503,182,29,19,17,2,0,5,6,260
500210504,13,19,2,4,1,0,1,1,41
500210505,151,40,60,4,1,0,0,1,257
500210506,206,44,50,2,1,0,0,1,304
500210507,175,37,77,0,1,0,2,0,292
500210508,211,80,109,12,0,0,0,1,413
500210509,283,48,27,5,0,0,0,1,364
500210510,241,25,3,0,0,0,0,2,271
500210511,134,46,53,8,1,0,2,1,245
500210512,156,37,60,17,0,0,8,2,280
500210513,161,49,26,3,0,0,0,2,241
500210601,266,33,40,21,0,0,14,0,374
500210602,164,47,46,1,0,0,0,2,260
500210603,182,19,48,11,4,0,6,5,275
500210604,249,43,11,5,2,0,2,0,312
500210605,261,71,8,3,1,0,2,0,346
500210606,275,57,1,0,0,0,0,1,334
500210607,201,114,3,0,0,0,0,0,318
500210608,232,43,80,16,1,0,23,5,400
500210609,94,42,43,6,0,0,9,1,195
500210610,138,25,42,11,1,0,2,2,221
500210611,172,44,10,21,1,0,20,2,270
500210612,105,86,65,11,0,0,0,2,269
500210613,239,40,43,40,0,0,3,0,365
500210701,165,30,40,16,0,0,16,1,268
500210702,217,43,42,7,1,1,3,2,316
500210703,214,52,45,10,0,0,13,4,338
500210704,203,35,26,6,0,0,1,0,271
500210705,178,41,23,15,0,0,16,6,279
500210706,159,43,99,14,0,0,11,4,330
500210707,163,26,37,3,1,0,0,1,231
500210708,162,20,63,12,1,0,12,1,271
500210709,234,9,7,8,0,0,23,2,283
500210710,55,19,75,8,1,0,2,1,161
500210801,170,33,48,3,2,0,17,0,273
500210802,143,57,9,2,0,0,0,22,233
500210803,96,3,0,22,4,5,140,36,306
500210804,47,1,0,8,0,2,32,21,111
500210805,107,33,28,11,5,0,20,8,212
500210806,161,119,13,24,2,0,6,2,327
500210807,339,28,13,2,0,0,1,0,383
500210808,136,3,156,1,0,0,0,1,297
500210809,164,33,1,2,1,0,0,0,201
500210810,233,34,1,1,0,0,0,0,269
500210811,344,13,21,1,0,0,1,0,380
500210812,132,70,1,0,0,0,0,0,203
500210813,25,2,0,29,16,5,42,24,143
500210901,130,34,8,10,1,0,3,0,186
500210902,219,35,21,12,4,0,7,2,300
500210903,140,32,45,4,0,0,2,0,223
500210904,121,77,37,14,0,0,11,3,263
500210905,211,33,34,25,1,1,7,3,315
500210906,204,25,23,21,1,0,6,2,282
500210907,172,28,15,27,0,0,6,2,250
500210908,80,28,11,15,0,0,10,7,151
500210909,199,22,14,19,4,0,5,4,267
500210910,195,36,22,15,4,0,15,3,290
500210911,243,21,38,9,0,0,6,3,320
500210912,189,32,14,9,2,0,6,4,256
500210913,149,28,26,23,0,0,19,1,246
500210914,125,28,17,9,2,0,6,0,187
500210915,184,136,8,1,0,0,0,3,332
500210916,132,26,14,11,4,0,14,1,202
500210917,115,25,13,19,2,0,4,1,179
500211001,228,12,6,8,0,0,5,1,260
500211002,200,20,79,6,0,0,9,3,317
500211003,80,10,116,1,0,1,0,0,208
500211004,267,29,5,7,0,0,0,0,308
500211005,133,18,11,4,2,0,3,0,171
500211006,270,26,15,16,1,0,27,2,357
500211007,306,72,13,2,0,0,0,0,393
500211008,158,13,104,5,0,0,3,1,284
500211009,128,16,138,8,0,0,0,3,293
500211010,170,15,4,6,0,0,16,3,214
500211011,144,16,4,9,1,0,4,1,179
500211012,107,40,17,3,1,0,1,1,170
500211101,126,28,46,3,0,0,0,0,203
500211102,10,23,9,1,0,0,0,3,46
500211103,91,10,23,10,0,0,1,20,155
500211104,116,38,22,19,2,0,3,0,200
500211105,95,22,17,11,0,0,1,1,147
500211106,131,70,36,24,1,0,0,0,262
500211107,131,36,35,12,1,1,2,0,218
500211108,152,27,15,6,1,1,0,1,203
500211109,168,38,33,9,0,0,7,1,256
500211110,132,45,42,10,0,0,2,1,232
500211111,105,14,55,6,0,0,0,0,180
500211112,137,29,30,5,0,0,0,7,208
500211201,98,13,22,6,0,0,9,0,148
500211202,205,31,36,19,4,0,16,6,317
500211203,112,23,11,14,3,0,4,0,167
500211204,178,6,6,22,2,0,9,3,226
500211205,262,48,12,5,2,0,1,0,330
500211206,188,47,2,2,0,0,0,0,239
500211207,271,25,0,0,1,0,0,0,297
500211208,141,60,3,3,4,0,16,6,233
500211209,148,33,61,20,3,0,1,3,269
500211210,226,10,2,2,0,0,0,0,240
500211211,194,34,14,21,1,0,10,5,279
500211301,90,37,61,8,0,0,0,2,198
500211302,137,17,13,2,0,0,3,4,176
500211303,295,51,13,4,0,0,17,2,382
500211304,226,58,23,6,1,0,5,0,319
500211305,215,81,28,5,0,0,2,0,331
500211306,192,28,12,1,0,0,0,0,233
500211307,300,15,27,4,0,0,0,1,347
500211308,103,19,88,24,0,0,0,0,234
500211309,274,26,11,3,0,0,0,0,314
500211310,208,35,16,5,0,0,0,0,264
500211311,288,39,4,1,0,0,0,2,334
500211312,109,21,120,21,1,0,0,0,272
500211313,85,18,282,4,0,0,0,10,399
500211314,124,36,46,17,1,0,4,2,230
500211315,186,23,12,2,0,0,0,0,223
500211401,82,45,0,0,0,0,0,0,127
500211402,133,66,30,2,0,0,3,0,234
500211403,125,122,90,3,0,0,1,6,347
500211404,90,67,75,2,1,0,3,0,238
500211405,91,134,81,5,0,0,0,4,315
500211406,136,63,121,6,1,0,1,2,330
500211407,91,151,119,2,0,0,0,5,368
500211408,109,97,14,6,2,0,9,5,242
500211409,131,9,93,15,2,1,31,21,303
500211410,47,13,232,1,0,0,0,0,293
500211501,280,77,31,23,1,0,4,0,416
500211502,173,70,36,19,0,0,3,0,301
500211503,60,47,13,4,0,0,1,0,125
500211504,130,31,10,11,0,0,6,0,188
500211505,105,14,54,15,2,0,2,1,193
500211506,131,42,14,4,0,0,1,0,192
500211507,191,49,38,14,1,0,1,4,298
500211508,89,26,39,16,0,0,1,2,173
500211509,106,28,18,10,1,0,1,0,164
500211601,333,75,4,4,1,0,0,8,425
500211602,368,16,1,5,1,0,1,4,396
500211603,171,57,0,0,1,0,5,0,234
500211604,293,80,1,1,0,0,0,1,376
500211605,156,99,25,6,1,0,2,0,289
500211606,144,216,13,3,0,0,5,8,389
500211607,152,160,31,1,0,0,1,3,348
500211608,153,148,20,0,1,1,2,3,328
500211609,93,85,26,0,0,0,1,0,205
500211610,54,66,14,29,4,0,2,3,172
500280101,66,35,18,9,2,0,3,0,133
500280102,145,25,15,12,0,0,10,1,208
500280103,152,42,25,9,0,0,4,2,234
500280104,117,29,21,5,1,0,4,0,177
500280105,128,42,59,8,0,0,4,0,241
500280106,260,60,11,8,1,0,3,2,345
500280107,144,65,26,4,1,0,2,0,242
500280108,200,31,16,8,0,0,10,0,265
500280109,151,35,24,4,2,0,6,3,225
500280110,218,47,19,5,1,0,10,0,300
500280111,274,33,14,6,5,0,9,4,345
500280112,114,25,32,1,0,1,2,0,175
500280201,160,51,35,16,1,2,4,2,271
500280202,192,20,15,9,1,0,10,0,247
500280203,152,46,6,7,2,0,31,12,256
500280204,131,20,6,3,4,0,17,0,181
500280205,242,40,14,9,0,0,6,1,312
500280206,223,49,41,14,1,2,11,1,342
500280207,179,18,24,13,1,0,0,0,235
500280208,126,30,17,19,3,0,8,2,205
500280209,213,20,23,23,2,0,9,2,292
500280210,147,22,17,6,1,0,13,1,207
500280211,226,20,29,17,1,0,1,1,295
500280212,221,30,23,33,2,1,9,3,322
500280213,121,20,14,7,2,0,13,7,184
500280214,149,16,3,8,0,1,8,0,185
500280301,251,62,5,20,1,0,10,2,351
500280302,246,56,9,9,2,0,27,3,352
500280303,130,28,2,10,3,0,45,8,226
500280304,144,52,2,56,11,5,72,23,365
500280305,129,115,5,8,6,0,19,21,303
500280306,142,92,2,15,3,1,47,34,336
500280307,147,84,2,5,1,0,91,3,333
500280308,195,103,19,7,0,0,19,11,354
500280309,205,30,12,11,2,1,16,12,289
500280310,271,121,15,6,4,0,49,2,468
500280311,245,56,28,3,0,0,2,0,334
500280312,193,107,40,5,0,1,16,4,366
500280313,267,76,5,9,0,1,75,4,437
500280314,260,54,5,15,3,2,80,3,422
500280315,256,98,49,24,9,6,32,18,492
500280316,148,38,5,10,5,1,20,27,254
500280317,197,63,21,8,0,0,12,0,301
500280401,134,11,25,25,3,0,8,7,213
500280402,137,50,9,9,0,0,12,4,221
500280403,281,67,29,48,3,0,12,5,445
500280404,180,19,8,15,3,1,13,5,244
500280405,157,26,12,13,3,1,18,17,247
500280406,163,26,40,27,5,0,11,4,276
500280407,204,38,8,13,0,0,5,3,271
500280408,190,31,16,8,5,1,7,3,261
500280409,275,49,21,11,0,0,4,2,362
500280410,171,28,4,5,19,1,15,6,249
500280411,274,4,1,1,0,2,30,9,321
500280412,101,7,121,8,0,0,31,0,268
500280413,259,60,26,4,1,2,32,1,385
500280414,218,11,4,72,0,0,3,4,312
500280415,274,24,8,16,1,0,3,0,326
500280501,136,4,1,4,3,0,11,4,163
500280502,241,12,10,11,2,0,49,23,348
500280503,171,12,0,39,11,2,84,22,341
500280504,150,7,3,12,7,1,41,27,248
500280505,98,4,1,7,2,0,55,8,175
500280506,178,3,4,24,9,1,33,14,266
500280507,343,14,11,40,13,1,104,17,543
500280508,200,4,10,181,3,1,80,13,492
500280509,175,26,79,24,6,2,32,1,345
500280510,163,13,23,98,6,4,54,9,370
500280511,239,13,41,85,5,0,47,5,435
500280512,112,17,17,22,3,0,11,3,185
500280513,156,18,16,87,10,3,29,3,322
500280514,161,11,13,43,5,1,72,13,319
500280515,149,9,12,22,5,1,8,6,212
500280516,277,10,9,66,5,4,104,12,487
500280517,374,14,10,26,6,4,85,36,555
500280518,87,2,2,22,1,0,43,2,159
500280519,209,9,2,16,7,0,36,5,284
500280520,108,4,13,26,1,1,30,3,186
500280601,156,49,28,3,2,0,3,4,245
500280602,126,44,24,0,0,0,1,0,195
500280603,128,18,3,6,1,0,43,4,203
500280604,270,50,0,7,1,0,51,6,385
500280605,107,21,29,13,0,7,77,20,274
500280606,328,68,59,8,0,0,3,4,470
500280607,207,52,3,18,8,0,46,5,339
500280608,156,86,9,7,2,0,7,4,271
500280609,51,11,2,12,0,1,26,3,106
500280610,174,89,1,3,3,1,40,10,321
500280611,189,32,6,6,6,0,15,1,255
500280612,70,7,6,6,0,0,8,5,102
500280613,218,27,7,12,1,0,38,2,305
500280614,228,21,6,5,8,0,82,0,350
500280701,107,6,82,9,1,0,9,0,214
500280702,71,16,133,2,1,0,0,0,223
500280703,125,20,56,26,0,0,5,1,233
500280704,76,22,195,9,1,0,1,2,306
500280705,81,9,78,1,0,0,0,1,170
500280706,186,27,88,6,2,0,0,1,310
500280707,118,33,80,39,2,0,2,2,276
500280708,132,58,39,31,2,1,0,1,264
500280709,196,119,4,3,3,0,0,0,325
500280710,149,58,3,3,0,0,0,0,213
500280711,173,19,68,8,0,0,2,1,271
500280712,74,28,207,1,1,0,7,0,318
500280801,167,47,31,23,4,2,8,0,282
500280802,112,25,33,2,0,1,4,0,177
500280803,110,46,32,8,0,0,2,2,200
500280804,173,16,11,2,0,0,2,1,205
500280805,223,34,30,11,3,1,3,0,305
500280806,193,42,27,13,4,0,4,6,289
500280807,163,23,85,8,1,0,4,2,286
500280808,220,33,3,9,6,0,27,5,303
500280809,237,13,1,10,0,1,43,0,305
500280810,169,46,11,9,2,0,0,2,239
500280811,275,69,2,3,0,0,0,1,350
500280812,243,37,2,24,1,0,1,0,308
500280813,209,70,22,20,0,0,0,0,321
500280814,41,8,113,1,0,0,3,0,166
500280815,223,41,43,12,2,0,0,3,324
500280816,126,72,24,2,1,0,8,2,235
500280817,169,32,14,7,1,0,7,0,230
500280818,115,18,12,0,0,0,2,0,147
500280819,92,34,26,2,0,0,2,0,156
500280820,121,54,8,3,0,2,4,5,197
500280901,209,42,11,16,2,0,32,3,315
500280902,125,19,98,0,0,0,1,0,243
500280903,122,21,158,1,1,0,0,0,303
500280904,124,32,22,1,0,0,0,0,179
500280905,241,45,20,5,0,0,0,1,312
500280906,247,56,42,5,1,0,1,11,363
500280907,83,18,62,1,1,0,0,0,165
500280908,256,54,47,5,0,0,1,2,365
500280909,178,37,38,6,0,0,22,3,284
500280910,170,32,104,9,1,0,22,4,342
500280911,101,25,11,13,1,0,8,0,159
500280912,173,25,72,9,1,0,6,0,286
500280913,161,58,76,6,2,0,0,2,305
500280914,80,18,75,2,0,0,0,0,175
500281001,220,41,18,14,2,0,15,4,314
500281002,165,17,10,7,0,0,24,2,225
500281003,169,13,5,6,1,0,14,2,210
500281004,235,45,9,8,3,0,32,3,335
500281005,118,65,6,13,0,0,3,2,207
500281006,230,42,14,11,1,0,20,3,321
500281007,255,70,13,18,2,0,12,4,374
500281008,296,35,23,23,2,2,14,0,395
500281009,156,31,30,7,1,0,18,3,246
500281010,214,47,30,21,3,0,24,1,340
500281101,182,8,1,34,1,0,0,0,226
500281102,142,96,2,6,0,0,13,3,262
500281103,216,149,7,9,5,2,30,7,425
500281104,193,178,10,3,0,0,28,5,417
500281105,144,119,8,28,3,0,35,10,347
500281106,139,94,1,6,1,0,27,5,273
500281107,188,107,3,7,2,1,14,6,328
500281108,176,83,9,13,8,1,43,7,340
500281109,223,51,3,7,1,0,25,4,314
500281110,232,45,8,8,3,2,58,3,359
500281111,149,36,8,9,0,0,8,2,212
500281112,240,18,4,4,3,0,24,1,294
500281113,142,26,0,5,1,1,16,3,194
500281114,139,86,0,0,1,0,2,1,229
500281115,181,80,6,18,2,0,7,3,297
500281116,138,25,4,6,1,0,38,2,214
500281117,150,16,89,5,0,0,6,5,271
500281118,150,67,8,6,0,0,2,4,237
500281201,172,41,196,13,1,0,4,2,429
500281202,24,150,110,0,0,0,0,3,287
500281203,49,156,90,3,1,0,1,0,300
500281204,224,85,1,2,3,0,4,3,322
500281205,155,91,18,5,0,0,1,0,270
500281206,210,64,1,2,0,0,1,0,278
500281207,173,40,14,3,1,0,0,1,232
500281208,103,19,26,22,3,0,5,2,180
500281209,216,26,13,3,2,0,21,7,288
500281210,233,58,38,12,3,1,4,5,354
500281211,115,36,67,6,1,2,7,0,234
500281212,85,63,37,41,1,0,6,0,233
500281213,178,40,5,1,0,0,1,1,226
500281214,161,16,60,8,0,0,4,1,250
500281215,166,29,28,5,0,0,1,0,229
500281216,198,54,47,2,1,0,0,0,302
500281217,141,53,89,2,0,1,0,0,286
500281218,147,56,62,3,0,0,0,0,268
500281219,270,40,49,13,0,0,4,1,377
500281301,221,69,11,3,2,0,12,0,318
500281302,247,26,11,14,3,0,16,0,317
500281303,282,20,17,11,0,1,31,1,363
500281304,241,31,11,10,0,2,21,2,318
500281305,194,51,37,7,5,0,6,1,301
500281306,136,27,14,8,1,0,18,0,204
500281307,126,30,6,5,1,0,11,1,180
500281308,200,41,38,3,0,0,10,1,293
500281309,128,23,36,5,0,0,9,3,204
500281310,164,49,45,8,1,0,17,2,286
500281311,188,15,7,7,0,0,6,0,223
500281312,135,30,16,8,0,1,9,0,199
500281401,104,28,46,4,1,0,1,0,184
500281402,76,132,2,2,0,0,0,0,212
500281403,166,50,0,0,0,0,0,0,216
500281404,268,40,0,0,0,0,0,0,308
500281405,262,42,6,2,0,0,1,0,313
500281406,150,78,20,1,1,0,0,2,252
500281407,219,28,27,2,1,0,1,2,280
500281408,227,44,21,10,0,0,0,2,304
500281409,256,34,4,0,0,0,0,2,296
500281410,200,46,10,2,0,0,0,2,260
500281411,180,30,9,12,0,0,0,1,232
500281412,244,72,8,5,0,0,0,0,329
500281413,68,100,117,1,1,0,0,1,288
500281414,152,25,35,0,1,0,0,10,223
500281415,49,29,135,5,0,0,0,0,218
500281501,244,10,31,16,5,0,28,4,338
500281502,277,39,24,31,5,0,116,6,498
500281503,11,7,110,0,11,0,0,0,139
500281504,58,36,166,7,2,0,0,9,278
500281505,262,11,3,107,4,0,36,4,427
500281506,234,112,19,10,2,1,15,2,395
500281507,144,124,29,6,0,0,5,7,315
500281508,171,7,10,29,5,2,27,3,254
500281601,205,33,10,18,3,0,8,1,278
500281602,177,6,4,5,2,0,11,0,205
500281603,154,24,20,9,0,0,22,0,229
500281604,234,24,9,6,3,0,11,9,296
500281605,233,46,58,8,3,3,29,0,380
500281606,108,27,46,3,1,0,1,1,187
500281607,113,13,49,3,0,0,1,1,180
500281608,232,41,35,26,0,0,11,1,346
500281609,302,48,34,8,4,0,16,11,423
500281610,199,37,13,7,0,0,40,1,297
500281611,238,50,23,17,4,1,21,3,357
500281701,148,15,5,5,2,0,18,0,193
500281702,200,14,20,13,0,0,33,4,284
500281703,215,84,10,11,0,0,20,5,345
500281704,127,72,13,4,0,0,12,1,229
500281705,184,21,5,7,0,0,18,3,238
500281706,239,49,15,23,4,1,41,4,376
500281707,229,30,91,27,6,2,15,5,405
500281708,207,25,15,15,2,0,2,2,268
500281709,131,41,14,10,0,0,5,2,203
500281710,148,50,33,27,5,0,14,14,291
500281711,104,6,16,8,0,0,1,0,135
500281712,268,11,24,58,14,6,150,10,541
500281713,152,12,15,38,5,1,30,1,254
500281714,115,18,10,34,3,0,41,5,226
500281715,84,13,15,43,7,0,73,9,244
500281716,181,21,18,36,5,1,59,4,325
500281801,121,14,77,49,1,0,2,2,266
500281802,190,36,32,39,2,0,2,2,303
500281803,210,170,25,2,1,0,0,2,410
500281804,206,41,9,22,1,0,26,2,307
500281805,252,59,38,22,1,0,7,8,387
500281806,97,22,9,109,1,0,0,3,241
500281807,297,69,7,20,3,1,8,4,409
500281808,109,17,54,18,4,6,36,3,247
500281809,136,47,17,99,2,0,2,0,303
500281810,189,21,44,17,2,0,11,2,286
500281811,145,9,28,39,7,0,29,2,259
500281812,157,16,3,15,8,2,21,3,225
500281901,221,34,96,7,7,0,46,3,414
500281902,132,42,30,6,2,1,28,2,243
500281903,59,6,8,83,2,0,28,3,189
500281904,102,5,3,90,5,11,75,7,298
500281905,343,79,10,20,4,1,59,13,529
500281906,209,19,16,12,16,0,58,4,334
500281907,151,21,0,2,4,1,22,4,205
500281908,212,66,5,8,0,0,28,7,326
500281909,295,58,2,9,0,0,2,1,367
500281910,216,25,13,20,1,0,56,2,333
500282001,232,48,26,15,4,1,27,1,354
500282002,191,18,18,8,2,0,6,7,250
500282003,159,26,6,1,1,0,4,2,199
500282004,104,27,40,6,0,0,1,1,179
500282005,178,26,25,6,0,0,16,1,252
500282006,211,20,12,14,2,0,19,2,280
500282007,227,26,27,6,1,1,33,1,322
500282008,149,19,19,9,0,0,5,0,201
500282009,59,48,226,4,0,0,1,0,338
500282010,111,48,40,5,1,1,4,3,213
500282011,131,77,24,2,0,0,3,5,242
500350101,286,64,79,1,0,0,0,0,430
500350102,168,5,1,27,3,0,17,9,230
500350103,162,36,10,15,4,1,40,3,271
500350104,156,22,21,3,2,1,16,0,221
500350105,170,23,10,17,7,0,43,6,276
500350201,203,41,55,10,4,3,67,5,388
500350202,233,16,4,18,1,1,46,7,326
500350203,328,35,40,16,3,0,53,2,477
500350204,151,67,8,0,0,0,6,1,233
500350205,200,36,66,3,0,0,18,1,324
500350206,93,29,6,6,0,0,50,3,187
500350207,256,23,0,6,0,1,9,4,299
500350208,136,78,9,6,0,0,1,0,230
500350209,294,52,4,6,1,0,51,7,415
500350210,205,49,18,9,0,3,64,8,356
500350211,190,28,27,1,0,0,0,2,248
500350212,166,51,14,5,0,0,35,0,271
500350213,124,45,81,1,1,0,5,3,260
500350214,201,43,51,18,0,0,24,7,344
500350215,185,11,0,5,1,0,46,1,249
500350216,265,85,10,45,4,2,38,4,453
500350217,41,38,147,1,0,0,0,0,227
500350218,20,9,160,68,5,0,1,14,277
500350301,279,29,10,38,4,3,111,14,488
500350302,225,16,5,16,3,0,74,9,348
500350303,237,15,6,13,1,0,64,15,351
500350401,55,14,4,5,3,1,36,1,119
500350402,85,12,0,14,3,1,18,2,135
500350403,261,58,6,7,0,0,57,1,390
500350404,94,19,3,9,1,0,27,2,155
500350501,280,98,102,16,8,0,29,3,536
500350502,54,7,2,27,2,0,51,1,144
500350503,56,4,4,10,0,0,17,3,94
500350504,236,36,36,26,1,0,47,8,390
500350505,88,1,0,10,4,0,9,0,112
500350506,73,21,1,6,1,0,11,0,113
500350507,161,11,8,11,2,0,17,1,211
500420101,85,2,48,12,1,0,28,2,178
500420102,29,3,0,5,3,0,27,11,78
500420201,18,0,0,11,0,0,14,6,49
500420301,20,0,0,4,0,0,17,7,48
500420302,9,1,0,11,0,0,7,1,29
500420401,28,6,0,4,2,0,24,4,68
500420402,69,4,1,10,0,0,19,11,114
500420403,71,5,2,11,2,0,22,10,123
500420404,193,30,3,10,1,0,7,5,249
500420405,112,28,4,16,4,1,8,4,177
500420406,305,30,1,22,12,1,67,26,464
500420407,130,24,15,27,2,0,32,17,247
500420408,256,16,1,5,2,0,4,4,288
500420409,132,37,12,13,1,1,5,1,202
500420410,105,9,1,61,2,0,19,13,210
500420411,115,78,16,6,0,0,0,4,219
500420412,44,15,0,38,1,0,18,10,126
500490101,0,0,0,1,0,0,3,0,4
500490201,225,8,2,15,11,2,129,14,406
500490202,19,3,1,18,2,0,26,1,70
500490203,139,16,1,1,12,1,14,5,189
500490204,229,23,1,14,1,0,25,10,303
500490205,216,50,24,12,0,0,6,2,310
500490206,164,57,0,11,8,1,59,18,318
500490207,250,53,2,16,9,3,76,9,418
500490208,134,14,0,12,8,9,58,15,250
500490209,211,4,0,56,9,3,10,2,295
500490210,143,155,1,5,3,1,24,5,337
500490211,190,16,48,7,0,1,17,2,281
500490212,270,19,1,51,2,1,6,1,351
500490213,271,26,34,11,11,2,26,1,382
500490214,153,16,2,92,2,0,5,1,271
500490215,185,24,2,80,1,0,2,6,300
500490216,181,14,3,171,2,0,13,1,385
500490217,142,4,2,57,7,1,11,11,235
500490218,192,67,11,4,2,2,8,3,289
500490219,327,68,6,6,0,0,26,1,434
500490220,167,31,2,10,3,2,35,26,276
500490221,320,56,3,10,0,0,13,10,412
500490301,142,7,3,19,8,0,57,19,255
500490302,86,8,0,13,11,3,160,10,291
500490303,229,13,1,3,16,1,57,2,322
500490304,279,22,5,10,1,2,43,4,366
500490305,246,28,7,9,3,0,33,3,329
500490306,171,16,13,21,9,2,101,22,355
500490307,11,2,0,2,0,0,2,0,17
500490308,191,12,0,3,3,2,60,16,287
500490309,193,21,43,19,7,7,125,30,445
500490310,181,6,1,0,0,0,0,0,188
500490311,185,11,5,1,0,0,0,0,202
500490312,195,56,12,1,0,0,0,1,265
500490313,200,25,6,48,13,2,162,16,472
500490314,163,19,6,21,15,1,164,38,427
500490315,97,8,8,38,6,5,155,12,329
500490316,166,9,1,69,1,5,39,1,291
500490317,189,21,4,7,10,0,64,11,306
500490318,153,10,1,7,4,1,52,0,228
500490319,134,23,3,21,5,2,73,8,269
500490320,177,17,1,10,2,3,75,5,290
500490321,181,30,6,9,8,2,45,41,322
500490401,189,23,17,13,2,0,8,2,254
500490402,205,75,31,20,1,0,14,4,350
500490403,168,125,20,17,1,0,5,1,337
500490404,182,111,11,9,0,0,11,2,326
500490405,163,36,4,9,1,0,10,0,223
500490406,157,36,17,5,1,0,9,0,225
500490407,209,40,5,18,0,0,15,3,290
500490408,156,18,10,13,1,0,13,1,212
500490409,273,48,21,19,3,0,14,3,381
500490410,187,27,12,10,2,0,34,2,274
500490411,215,52,22,21,3,0,30,1,344
500490412,182,20,11,10,0,0,25,5,253
500490413,90,26,2,3,7,0,15,3,146
500490414,207,42,9,10,7,2,25,6,308
500490501,1,0,0,4,0,1,1,0,7
500490502,70,6,12,49,4,0,3,3,147
500490503,165,7,39,65,50,5,85,29,445
500490504,177,16,56,77,4,2,27,2,361
500490505,168,44,51,159,4,0,39,3,468
500490506,83,10,17,33,4,0,3,4,154
500490507,224,11,8,90,11,1,21,10,376
500490601,0,0,0,0,0,0,0,0,0
500490602,1,0,4,18,22,0,1,0,46
500490603,4,3,8,35,1,0,0,1,52
500490701,169,46,0,6,0,0,3,1,225
500490702,160,20,2,14,5,2,33,2,238
500490703,158,30,7,12,2,0,16,7,232
500490704,174,54,56,17,4,0,31,13,349
500490705,217,53,3,15,2,2,51,18,361
500490706,165,14,4,15,0,0,11,1,210
500490707,153,7,2,14,3,0,34,0,213
500490708,152,47,3,6,2,0,3,5,218
500490709,199,41,4,21,5,0,18,0,288
500490710,99,20,7,6,0,0,16,5,153
500490711,188,34,6,7,2,0,19,7,263
500490712,195,30,11,17,1,0,5,2,261
500490713,137,106,8,10,0,1,2,4,268
500490714,119,17,17,3,1,1,14,0,172
500490715,198,19,13,25,4,1,7,5,272
500490801,186,29,29,12,2,1,21,4,284
500490802,232,72,13,4,2,0,23,1,347
500490803,163,20,3,10,0,1,20,3,220
500490804,226,42,8,15,0,0,10,3,304
500490805,207,64,4,35,12,3,52,9,386
500490806,182,45,3,4,2,0,46,7,289
500490807,251,31,5,10,5,0,29,1,332
500490808,309,41,8,11,3,0,35,7,414
500490809,131,175,5,1,1,0,7,12,332
500490810,219,50,1,4,2,0,27,1,304
500490811,270,17,3,32,2,1,2,6,333
500490812,326,36,16,21,3,0,2,13,417
500490813,27,9,112,4,0,0,0,0,152
500490814,51,12,267,2,0,0,1,7,340
500490815,166,20,109,21,8,0,15,6,345
500490816,137,20,1,4,7,0,20,0,189
500490817,227,39,37,17,1,0,7,9,337
500490818,162,56,3,2,4,0,20,3,250
500490819,138,34,4,4,2,1,13,6,202
500490820,132,47,46,7,0,0,8,0,240
500490901,247,65,10,8,3,0,49,3,385
500490902,104,28,84,1,0,0,1,2,220
500490903,142,28,9,5,0,0,24,1,209
500490904,125,30,1,7,2,0,18,1,184
500490905,268,36,12,5,1,0,14,3,339
500490906,185,71,24,9,1,0,10,6,306
500490907,152,74,13,25,0,0,9,4,277
500490908,159,33,5,3,0,1,6,0,207
500490909,219,34,24,6,0,0,13,3,299
500490910,195,24,3,4,0,1,45,2,274
500490911,139,110,115,1,1,0,3,0,369
500490912,125,35,3,3,2,1,4,1,174
500490913,192,19,6,7,1,0,31,2,258
500490914,223,30,10,14,0,0,14,2,293
500490915,206,40,29,5,1,0,5,1,287
500490916,237,47,2,5,6,0,8,4,309
500490917,158,31,17,8,1,0,14,3,232
500490918,156,22,3,12,3,0,22,0,218
500490919,134,15,9,3,1,2,7,2,173
500491001,261,54,44,92,7,1,1,2,462
500491002,255,65,7,2,1,0,0,5,335
500491003,147,15,18,22,4,1,2,0,209
500491004,119,13,2,8,1,1,20,2,166
500491005,130,70,34,16,0,0,4,3,257
500491006,79,102,0,3,0,0,2,2,188
500491007,335,13,0,2,1,0,4,1,356
500491008,82,39,48,10,1,0,6,1,187
500491009,178,35,5,3,0,0,0,0,221
500491010,207,68,5,3,0,0,0,1,284
500491011,164,75,6,0,0,0,0,4,249
500491012,161,72,58,0,0,0,0,0,291
500491013,108,44,62,15,0,0,2,0,231
500491101,2,0,0,1,0,0,4,0,7
500491102,26,0,0,0,0,0,0,0,26
500491103,254,38,5,15,5,4,28,7,356
500491104,71,9,8,28,2,1,39,2,160
500491105,104,6,30,5,2,1,4,1,153
500491106,138,2,41,16,0,0,0,2,199
500491107,43,13,56,5,1,0,0,2,120
500491108,67,6,98,3,0,0,0,0,174
500491109,70,11,105,7,0,0,1,2,196
500491110,253,122,2,9,1,0,0,0,387
500491111,232,15,15,7,1,0,0,0,270
500491112,285,89,2,5,0,0,0,0,381
500491113,76,31,0,2,0,0,1,0,110
500491114,156,83,0,0,0,0,0,2,241
500491115,157,12,1,1,0,0,0,4,175
500491116,233,48,2,6,1,0,0,0,290
500491117,252,106,0,5,0,0,3,4,370
500491118,88,83,3,29,1,1,3,2,210
500491119,205,52,2,9,3,0,22,10,303
500491201,115,5,8,14,1,0,22,4,169
500491202,100,61,71,17,1,1,8,2,261
500491203,267,54,10,20,4,1,3,14,373
500491204,119,15,63,3,0,0,0,4,204
500491205,159,68,80,2,1,0,0,0,310
500491206,93,28,116,16,0,0,0,0,253
500491207,72,195,72,0,0,0,0,0,339
500491208,133,15,51,11,0,0,4,2,216
500491209,60,17,95,11,0,0,1,0,184
500491210,40,86,95,1,0,0,0,0,222
500491211,13,59,95,0,2,0,0,0,169
500491212,112,15,210,4,0,0,0,0,341
500491213,141,28,39,6,3,0,16,1,234
500491214,158,68,3,3,0,0,0,0,232
500491215,311,47,12,12,1,0,3,3,389
500491216,274,28,7,3,0,1,18,0,331
500491217,110,18,92,10,0,0,1,4,235
500491301,191,55,1,12,5,0,17,3,284
500491302,369,10,3,16,3,11,32,17,461
500491303,180,23,3,7,2,3,32,17,267
500491304,244,38,1,28,3,0,9,12,335
500491305,208,0,0,0,0,0,0,1,209
500491306,147,0,0,42,5,1,1,0,196
500491307,211,42,10,40,7,3,66,2,381
500491308,241,52,4,13,2,0,34,19,365
500491309,236,53,2,8,6,1,49,2,357
500491310,291,47,2,9,5,0,13,3,370
500491311,256,44,15,11,1,0,23,5,355
500491312,293,70,4,23,3,0,39,6,438
500491313,158,81,1,1,0,0,4,2,247
500491314,120,39,8,8,4,0,1,7,187
500491401,191,19,51,6,1,0,2,2,272
500491402,253,35,117,9,0,0,0,1,415
500491403,260,12,3,0,0,0,0,0,275
500491404,69,15,58,3,0,0,0,0,145
500491405,194,69,22,36,4,0,5,11,341
500491406,309,52,8,2,0,0,0,1,372
500491407,168,37,106,2,0,0,0,0,313
500491408,190,79,31,9,0,0,0,7,316
500491409,217,36,7,0,0,0,0,0,260
500491410,124,87,101,3,0,0,1,1,317
500491411,101,22,15,7,3,1,3,5,157
500491412,225,26,1,14,5,1,50,3,325
500491413,28,0,1,207,17,1,23,17,294
500491414,89,8,79,14,1,0,0,3,194
500560101,7,1,1,4,0,6,212,8,239
500560201,80,7,0,13,2,2,180,16,300
500560301,54,15,1,21,3,2,121,9,226
500560401,78,8,1,6,2,0,63,2,160
500560402,170,7,1,5,3,0,43,1,230
500560403,185,10,14,11,1,1,130,14,366
500560404,204,14,3,11,7,2,132,15,388
500560405,113,46,6,6,0,0,16,4,191
500560406,127,9,2,36,0,0,87,9,270
500560407,275,33,25,23,10,0,126,16,508
500560408,120,2,2,61,1,2,3,1,192
500560409,174,21,10,8,3,2,78,13,309
500560501,203,14,10,27,3,0,30,6,293
500560502,66,5,1,10,1,1,31,6,121
500560503,141,6,2,15,0,2,50,4,220
500560504,195,12,5,13,7,0,58,7,297
500560505,72,29,1,10,3,0,12,13,140
500560506,159,12,4,13,2,0,28,5,223
500560507,261,0,0,1,0,0,2,1,265
500560601,64,6,3,11,0,0,33,4,121
500560602,159,10,12,13,3,0,47,7,251
500560603,263,26,25,14,2,1,21,9,361
500560604,233,13,72,7,4,0,61,7,397
500560605,230,100,11,15,3,0,28,11,398
500560606,254,30,49,12,2,0,31,6,384
500560607,56,27,19,2,1,0,5,4,114
500560608,158,16,1,7,3,0,46,16,247
500560609,225,9,3,7,3,0,75,9,331
500560610,133,9,32,5,5,0,46,9,239
500560611,229,54,0,0,0,0,20,2,305
500560612,151,5,3,2,2,1,53,5,222
500560613,116,1,79,3,0,0,33,4,236
500560614,32,3,1,2,1,0,31,3,73
500560615,209,3,8,18,3,0,33,19,293
500560616,173,0,3,1,0,1,5,1,184
500560701,77,6,2,27,1,0,51,11,175
500630101,103,11,116,35,2,0,14,3,284
500630102,50,12,154,10,2,1,0,0,229
500630103,241,5,97,29,2,0,8,0,382
500630104,185,19,83,21,1,0,8,3,320
500630105,93,9,62,18,1,0,1,3,187
500630106,59,10,85,12,1,0,2,2,171
500630107,210,15,66,56,3,2,4,8,364
500630108,49,18,89,25,0,1,0,0,182
500630109,159,19,118,41,1,0,8,3,349
500630110,67,11,72,19,0,0,0,1,170
500630111,71,7,54,14,3,0,2,0,151
500630112,42,11,69,9,1,0,0,1,133
500630113,164,16,94,17,3,0,8,3,305
500630201,189,36,8,2,0,0,0,0,235
500630202,185,45,64,22,1,0,3,0,320
500630203,185,53,40,16,0,0,6,0,300
500630204,164,14,9,8,4,0,32,8,239
500630205,181,33,5,10,0,0,8,0,237
500630206,96,22,3,8,3,0,27,2,161
500630207,139,18,5,4,0,0,7,0,173
500630208,147,30,55,10,0,0,0,0,242
500630209,117,23,42,5,0,0,3,1,191
500630210,169,24,9,6,0,0,1,0,209
500630211,241,49,8,13,2,0,18,0,331
500630212,175,27,16,8,0,0,6,0,232
500630213,183,16,26,7,1,0,6,0,239
500630214,133,87,16,3,0,0,21,0,260
500630215,141,73,19,23,3,0,11,2,272
500630216,98,14,10,48,0,1,40,3,214
500630217,22,0,2,4,1,1,5,1,36
500630218,31,1,0,109,4,5,107,18,275
500630301,2,0,0,8,1,0,6,0,17
500630302,111,9,1,57,7,3,29,7,224
500630303,28,4,6,18,1,0,2,0,59
500630304,110,18,1,8,3,0,10,2,152
500630305,208,9,23,74,5,0,22,9,350
500630306,128,124,59,47,1,0,1,7,367
500630307,160,4,18,145,4,0,4,0,335
500630308,38,1,3,173,3,0,1,1,220
500630309,147,14,4,166,4,0,0,1,336
500630310,255,15,57,240,10,1,46,58,682
500630311,136,3,0,109,1,0,30,8,287
500630312,155,15,145,33,14,5,76,28,471
500630401,79,10,37,60,7,1,50,5,249
500630402,184,44,7,18,11,0,108,17,389
500630403,199,17,12,47,6,0,26,1,308
500630404,46,22,2,7,1,0,24,0,102
500630405,151,17,65,37,4,1,12,6,293
500630406,231,34,107,117,11,2,21,13,536
500630407,180,45,4,12,18,0,16,8,283
500630408,104,8,0,30,8,0,55,11,216
500630409,246,16,10,53,16,1,12,4,358
500630410,165,32,3,36,13,1,108,18,376
500630411,256,31,141,79,9,0,15,4,535
500630501,106,2,3,135,4,1,39,10,300
500630502,117,46,2,47,9,0,29,11,261
500630503,77,9,0,52,10,2,26,2,178
500630504,119,11,5,39,7,0,20,2,203
500630601,0,0,0,16,0,0,8,6,30
500630602,9,1,0,3,0,0,33,1,47
500630701,1,0,0,6,0,0,0,0,7
500630702,7,4,1,13,0,0,0,3,28
500630703,46,3,3,109,5,0,8,4,178
500630704,29,1,1,26,2,0,0,6,65
500630705,22,0,0,17,0,0,1,0,40
500630706,6,1,0,18,0,0,0,0,25
500630707,22,2,4,20,3,0,1,1,53
500630801,164,15,45,15,4,0,8,3,254
500630802,146,9,103,9,1,1,5,1,275
500630803,189,31,55,19,2,0,1,0,297
500630804,226,137,8,2,1,0,0,0,374
500630805,217,37,2,2,1,0,0,1,260
500630806,79,9,48,1,0,0,0,0,137
500630807,156,73,5,2,1,0,0,0,237
500630808,235,72,1,2,0,0,1,0,311
500630809,281,24,23,10,2,0,1,5,346
500630810,40,7,109,12,4,0,3,0,175
500630811,78,11,161,21,2,0,2,4,279
500630812,119,13,184,10,3,0,2,4,335
500630813,103,19,108,25,1,0,3,1,260
500630814,139,12,126,23,6,11,28,22,367
500630901,118,16,89,29,7,0,17,8,284
500630902,0,0,0,0,0,0,0,0,0
500630903,105,14,36,25,0,1,12,0,193
500630904,133,29,58,12,2,1,33,3,271
500630905,279,23,9,25,6,0,12,4,358
500630906,178,11,20,134,1,0,12,4,360
500630907,182,19,35,35,13,5,97,38,424
500630908,160,53,3,12,1,0,15,0,244
500630909,195,23,35,33,2,0,12,2,302
500630910,181,10,25,71,0,0,5,3,295
500630911,99,18,57,16,1,0,0,1,192
500630912,181,31,12,31,1,1,33,0,290
500630913,182,26,6,24,5,0,12,1,256
500630914,270,122,2,2,0,0,3,0,399
500630915,157,23,121,9,2,0,3,0,315
500631001,138,10,32,48,5,2,7,2,244
500631002,87,8,41,18,0,0,10,5,169
500631003,119,7,74,39,3,0,11,3,256
500631004,79,5,62,14,1,1,25,1,188
500631005,100,6,148,26,5,0,1,3,289
500631006,60,1,178,10,1,0,0,0,250
500631007,114,29,45,15,1,2,0,0,206
500631008,130,8,142,64,2,1,9,8,364
500631009,109,17,9,27,1,3,10,0,176
500631010,255,47,13,8,2,1,2,1,329
500631011,212,57,34,15,3,3,5,1,330
500631012,99,15,21,15,4,0,31,2,187
500631013,195,33,48,43,1,0,12,2,334
500631014,121,30,28,2,1,0,0,0,182
500631015,74,3,85,24,2,0,6,0,194
500631016,64,12,15,24,1,0,0,2,118
500631017,197,24,58,71,1,1,15,10,377
500631101,111,133,121,8,2,0,0,1,376
500631102,148,8,1,1,0,0,2,1,161
500631103,379,3,0,7,1,0,0,11,401
500631104,188,89,2,15,1,0,3,14,312
500631105,191,13,4,16,4,7,108,3,346
500631106,165,1,1,6,0,0,1,0,174
500631107,104,14,0,1,1,0,2,0,122
500631108,232,48,3,2,0,0,3,3,291
500631109,116,21,18,119,0,0,2,1,277
500631110,53,5,48,19,0,0,2,1,128
500631111,80,6,45,29,1,0,2,0,163
500631112,86,9,46,13,0,0,8,1,163
500631113,151,26,134,8,1,0,4,0,324
500631114,19,2,293,1,1,0,0,0,316
500631115,75,6,115,14,0,0,1,1,212
500631116,70,9,126,19,0,0,7,0,231
500700101,145,12,5,6,6,0,51,15,240
500700102,200,17,9,28,7,0,24,10,295
500700103,217,42,102,23,4,2,23,9,422
500700104,99,13,7,15,0,0,45,4,183
500700105,358,23,14,52,3,0,20,8,478
500700106,320,26,12,36,9,0,20,8,431
500700107,130,6,9,1,0,1,0,1,148
500700108,173,25,6,1,0,0,0,0,205
500700109,269,72,3,10,11,0,237,54,656
500700110,434,114,4,19,20,3,176,34,804
500700111,187,19,9,13,6,2,71,14,321
500700112,210,21,12,23,1,1,24,2,294
500700113,149,9,3,10,3,0,48,10,232
500700114,155,11,11,38,3,3,71,13,305
500700115,87,6,6,19,0,0,35,0,153
500700116,306,28,43,34,6,8,113,22,560
500700117,227,25,0,183,4,0,15,9,463
500700118,154,14,12,17,6,0,37,8,248
500700201,133,21,8,20,2,0,13,0,197
500700202,209,23,3,49,2,1,17,4,308
500700203,128,38,5,11,4,1,23,1,211
500700204,197,17,14,18,5,0,56,10,317
500700205,172,8,10,21,3,3,73,3,293
500700206,166,8,8,31,3,0,45,12,273
500700207,347,45,25,30,13,3,42,17,522
500700208,241,27,30,17,3,1,27,0,346
500700209,190,13,29,19,1,1,25,26,304
500700210,201,23,6,28,8,7,79,7,359
500700211,203,21,9,34,7,2,100,13,389
500700212,177,20,7,37,4,3,78,11,337
500700213,27,0,246,97,3,1,1,2,377
500700214,130,31,65,9,0,1,9,2,247
500700215,80,6,2,9,1,0,21,0,119
500700301,262,75,40,8,10,1,38,25,459
500700302,284,41,15,31,12,1,130,49,563
500700303,165,19,12,32,4,1,127,10,370
500700304,214,4,3,39,1,1,29,1,292
500700305,365,52,15,17,8,1,74,35,567
500700306,100,13,2,9,2,1,40,5,172
500700307,104,8,5,14,5,0,40,4,180
500700308,62,7,74,7,2,2,84,8,246
500700401,105,9,4,18,2,0,10,1,149
500700402,265,22,6,19,2,1,18,4,337
500700403,252,37,6,27,5,1,29,8,365
500700404,281,59,31,44,3,3,36,10,467
500700405,232,29,31,52,6,1,46,7,404
500700406,264,53,78,32,4,0,37,17,485
500700407,220,40,96,41,9,1,40,21,468
500700408,218,77,64,59,70,1,25,12,526
500700409,377,56,5,11,3,0,22,3,477
500700410,71,1,2,14,3,3,15,3,112
500700411,165,15,89,14,2,0,16,4,305
500700412,207,55,1,113,2,0,1,3,382
500700413,158,148,0,119,1,1,3,2,432
500700414,194,24,29,28,12,3,18,6,314
500700415,160,20,7,20,0,0,8,2,217
500700416,224,14,16,43,6,1,88,4,396
500700417,230,11,19,36,13,4,60,9,382
500700418,191,25,40,30,10,0,19,8,323
500700419,232,10,12,85,4,0,13,6,362
500700420,193,11,10,66,3,0,26,10,319
500700421,193,18,51,30,3,0,56,5,356
500700422,208,12,22,26,3,1,25,7,304
500700423,160,17,49,32,9,1,61,6,335
500700424,133,6,9,29,3,3,29,4,216
500700425,129,17,32,61,5,0,14,1,259
500700501,292,90,128,8,0,0,0,1,519
500700502,106,11,149,7,1,0,1,26,301
500700503,116,27,13,9,0,0,0,0,165
500700504,159,61,9,4,0,0,0,1,234
500700505,149,90,99,8,2,1,0,0,349
500700506,184,32,59,17,1,0,30,3,326
500700507,182,65,7,9,3,0,2,2,270
500700508,201,40,13,14,2,0,13,0,283
500700509,151,32,11,15,0,0,10,0,219
500700510,305,13,9,19,1,1,54,1,403
500700511,245,52,17,16,0,0,41,0,371
500700512,217,41,46,23,7,2,35,2,373
500700513,226,41,10,29,5,0,6,3,320
500700514,192,23,10,50,6,0,18,11,310
500700601,307,35,15,54,3,1,32,4,451
500700602,356,44,12,31,2,0,21,4,470
500700603,284,43,32,54,3,0,18,13,447
500700604,157,15,8,19,0,0,13,0,212
500700605,202,7,6,13,2,0,20,2,252
500700606,224,16,11,28,4,0,18,1,302
500700607,186,66,18,6,0,0,8,3,287
500700608,263,116,37,20,6,0,16,1,459
500700609,154,59,4,7,1,0,0,2,227
500700610,170,46,0,5,0,0,0,0,221
500700611,175,21,7,3,0,0,2,0,208
500700612,338,66,11,5,0,0,5,3,428
500700613,68,10,159,14,0,0,1,2,254
500700701,145,23,27,19,1,0,3,1,219
500700702,218,13,25,28,4,0,4,3,295
500700703,197,25,32,34,4,0,18,1,311
500700704,97,7,76,4,1,0,0,2,187
500700705,210,21,59,17,3,0,2,0,312
500700706,228,22,9,126,8,3,14,3,413
500700707,216,27,18,4,0,0,6,2,273
500700708,192,38,21,9,3,1,12,2,278
500700709,50,27,86,6,0,0,9,0,178
500700710,111,5,33,1,0,0,20,1,171
500700711,169,42,41,2,1,0,6,2,263
500700712,70,47,44,10,0,0,0,2,173
500700801,159,59,35,36,5,0,18,1,313
500700802,246,19,2,5,0,0,0,2,274
500700803,267,23,2,5,0,0,0,0,297
500700804,15,10,1,298,2,4,0,1,331
500700805,259,68,25,80,3,0,25,0,460
500700806,293,17,45,7,0,0,0,1,363
500700807,145,30,24,12,0,0,0,0,211
500700808,163,51,62,4,0,0,1,0,281
500700809,63,36,108,9,1,0,2,0,219
500700810,264,56,17,11,0,1,11,0,360
500700811,129,22,57,38,1,0,13,8,268
500700812,162,19,97,21,0,1,8,6,314
500700813,156,21,11,24,0,0,12,9,233
500700814,209,22,13,22,3,0,36,2,307
500700815,143,43,9,21,1,0,17,2,236
500700816,184,12,100,20,1,0,2,0,319
500700901,163,30,5,21,1,0,46,7,273
500700902,143,29,4,105,6,1,37,20,345
500700903,389,32,91,55,11,7,54,24,663
500700904,276,18,4,12,1,1,51,6,369
500700905,155,23,20,12,0,0,13,0,223
500700906,131,17,15,26,0,0,7,1,197
500700907,190,41,18,22,1,0,16,0,288
500700908,293,33,42,19,0,0,9,1,397
500700909,172,25,2,10,0,0,15,2,226
500700910,192,13,2,17,1,0,6,7,238
500700911,279,59,7,35,1,1,11,10,403
500700912,259,18,1,14,0,1,6,1,300
500700913,138,37,0,2,0,0,0,2,179
500701001,133,26,69,21,4,11,27,12,303
500701002,28,1,221,6,0,0,0,3,259
500701003,134,48,68,1,1,0,1,0,253
500701004,65,6,196,37,0,0,1,1,306
500701005,38,49,56,5,1,0,2,0,151
500701006,227,27,92,45,3,1,2,3,400
500701007,99,26,75,8,0,0,11,0,219
500701008,160,14,7,15,0,0,11,0,207
500701009,164,11,13,9,1,0,18,1,217
500701010,229,27,39,15,2,1,7,2,322
500701011,131,31,22,9,0,0,6,0,199
500701012,101,7,218,8,0,0,1,0,335
500701013,109,6,19,37,3,3,21,1,199
500770101,10,0,0,42,2,0,33,3,90
500770102,13,1,0,39,1,2,38,1,95
500770103,21,5,1,111,3,3,12,3,159
500770104,18,0,1,25,3,0,42,1,90
500770105,18,0,0,261,2,0,2,2,285
500770106,21,12,5,178,28,0,1,1,246
500770107,27,19,1,175,10,0,2,1,235
500770108,34,4,0,251,3,0,4,1,297
500770109,25,11,2,215,7,4,2,4,270
500770110,49,9,0,199,3,1,8,2,271
500770111,3,0,0,40,0,2,1,0,46
500770112,46,5,2,238,5,0,1,0,297
500770113,47,5,4,243,1,0,4,7,311
500770114,12,8,0,433,5,0,2,0,460
500770115,43,2,1,166,0,0,16,1,229
500770116,10,3,2,370,7,0,2,0,394
500770117,31,9,4,268,3,0,4,2,321
500770118,39,1,0,160,1,0,17,11,229
500770119,78,3,0,208,7,0,16,3,315
500770120,32,0,0,194,7,0,26,8,267
500770121,35,2,1,117,7,0,27,2,191
500770122,65,2,0,241,10,0,26,11,355
500770123,8,12,0,304,19,2,1,1,347
500770124,60,3,5,194,2,1,14,2,281
500770125,51,1,0,192,7,9,7,8,275
500770126,58,2,0,184,4,0,4,18,270
500770127,47,2,2,204,4,1,22,3,285
500770128,0,1,0,3,0,0,0,0,4
500770201,22,3,0,66,3,0,58,31,183
500770202,11,0,0,42,1,0,39,0,93
500770203,1,0,0,10,0,0,7,1,19
500770301,23,0,0,137,0,1,66,1,228
500770302,4,0,0,21,0,0,13,1,39
500770401,2,0,0,7,0,0,5,0,14
500770402,29,0,0,86,3,2,89,11,220
500770403,9,0,0,30,1,1,62,6,109
500840101,187,74,47,21,2,1,13,2,347
500840102,84,8,4,19,1,1,56,1,174
500840103,131,8,4,25,0,1,76,22,267
500840104,181,12,11,28,3,0,5,0,240
500840105,150,11,2,11,0,0,14,0,188
500840201,304,21,10,20,10,0,137,17,519
500840202,229,19,3,10,1,0,27,6,295
500840203,155,35,21,16,0,0,19,2,248
500840204,340,61,51,10,6,0,33,4,505
500840205,280,52,8,7,2,0,20,1,370
500840206,167,17,42,6,1,1,48,2,284
500840207,223,60,42,12,1,0,16,5,359
500840208,163,22,21,10,1,0,5,5,227
500840209,124,13,38,5,0,0,2,1,183
500840210,111,43,75,0,0,0,3,1,233
500840211,194,55,26,5,0,0,23,5,308
500840212,155,62,20,6,1,0,16,0,260
500840213,254,45,28,10,1,0,13,1,352
500840214,239,45,12,6,1,0,22,3,328
500840215,31,13,245,0,0,0,0,1,290
500840216,140,4,38,0,0,0,11,0,193
500840217,57,5,8,2,0,0,23,9,104
500840301,166,25,7,10,3,0,9,2,222
500840302,262,20,3,16,1,0,110,11,423
500840303,127,61,2,18,7,0,44,7,266
500840304,205,24,3,25,1,3,77,5,343
500840305,165,13,2,10,3,0,113,2,308
500840306,163,20,2,9,3,0,47,10,254
500840307,140,28,2,0,1,0,88,9,268
500840308,121,33,1,5,2,0,78,9,249
500840309,239,10,1,0,0,0,9,3,262
500840401,35,3,0,0,0,0,21,1,60
500840402,122,21,2,11,3,0,32,4,195
500840403,220,42,4,11,1,0,42,7,327
500840404,41,3,1,0,0,0,43,11,99
500840405,90,26,4,6,2,0,52,9,189
500840406,140,16,2,2,1,0,45,3,209
500840407,101,18,3,72,5,1,26,13,239
500840501,43,7,0,3,1,0,22,4,80
500840601,18,2,2,11,1,1,10,3,48
500840701,70,8,1,8,5,0,30,3,125
500840702,154,12,25,6,1,0,42,4,244
500840703,127,16,0,2,1,0,18,4,168
500840704,95,5,1,7,6,0,49,4,167
500840705,194,36,16,11,0,1,54,1,313
500840706,116,12,1,5,1,0,35,3,173
500840801,154,40,13,4,0,0,2,1,214
500840802,252,45,6,5,2,0,10,6,326
500840803,278,23,4,8,0,0,42,6,361
500840804,150,28,4,4,3,0,40,7,236
500840805,275,35,3,14,3,1,56,3,390
500840806,308,46,5,10,0,1,43,14,427
500840807,184,24,18,0,0,0,17,0,243
500840808,293,79,21,5,0,0,30,2,430
500840809,253,35,15,24,1,0,19,5,352
500840810,195,12,29,8,1,0,71,7,323
500840811,188,57,38,6,0,0,9,1,299
500840812,272,71,21,4,0,0,3,1,372
500840813,139,118,45,7,2,0,83,12,406
500910101,154,39,109,223,12,1,15,0,553
500910102,75,3,2,50,10,3,19,2,164
500910103,59,6,1,51,6,1,28,6,158
500910104,30,2,2,92,9,0,20,10,165
500910105,140,22,28,206,6,0,1,2,405
500910106,114,12,15,68,6,0,5,4,224
500910107,148,18,15,67,5,0,1,0,254
500910108,197,18,7,131,6,0,8,0,367
500910109,157,17,25,81,11,0,9,2,302
500910110,66,18,2,132,0,0,0,0,218
500910111,191,53,99,25,1,0,0,1,370
500910112,42,10,12,143,6,1,10,1,225
500910113,102,1,12,90,7,0,16,3,231
500910201,99,4,3,179,12,1,28,4,330
500910202,206,125,15,172,7,2,18,3,548
500910203,162,72,22,103,10,0,14,3,386
500910204,175,40,16,98,1,0,6,7,343
500910205,92,11,2,119,2,2,14,3,245
500910206,154,18,5,103,3,1,21,9,314
500910207,92,5,51,135,3,0,4,2,292
500910208,214,43,4,74,4,0,10,4,353
500910209,80,24,102,100,3,0,1,1,311
500910301,92,9,4,119,4,1,23,4,256
500910302,115,10,3,152,22,1,42,3,348
500910303,119,8,2,77,3,0,35,5,249
500910304,105,1,30,89,4,0,11,0,240
500910305,180,15,4,126,4,1,13,4,347
500910306,126,14,9,173,2,0,25,8,357
500910307,103,8,2,81,13,1,53,22,283
500910401,12,0,0,28,0,0,0,2,42
500910501,3,3,0,6,1,0,8,5,26
500910601,23,10,0,35,2,0,8,1,79
500980101,145,22,11,11,8,1,123,5,326
500980102,247,24,3,11,4,0,192,7,488
500980103,131,12,1,30,3,1,78,5,261
500980104,226,23,1,32,2,0,98,7,389
500980105,135,48,5,3,2,0,73,16,282
500980106,220,22,9,17,8,2,108,13,399
500980107,63,3,1,15,3,0,48,2,135
500980108,156,100,4,3,2,0,38,7,310
500980201,10,6,1,3,0,0,2,1,23
500980202,137,19,0,7,2,0,36,9,210
500980203,45,4,0,6,1,0,9,0,65
500980204,71,19,0,11,5,0,10,10,126
500980205,75,3,0,1,0,0,18,3,100
500980206,20,4,1,1,0,0,15,0,41
500980301,130,13,0,2,9,0,92,18,264
500980302,64,20,2,3,2,0,68,2,161
500980303,247,4,5,16,6,2,55,12,347
500980304,132,21,0,6,0,0,74,7,240
500980305,169,23,2,3,2,0,78,8,285
500980306,247,44,11,13,1,0,74,17,407
500980307,102,15,8,12,1,1,30,5,174
500980308,216,52,12,9,2,1,69,18,379
500980401,212,15,21,0,0,0,0,0,248
500980402,267,32,4,1,0,0,1,1,306
500980403,269,62,2,0,0,0,0,0,333
500980404,269,88,3,0,0,0,0,1,361
500980405,266,37,9,1,0,0,1,0,314
500980406,142,114,65,1,1,0,10,2,335
500980407,263,44,86,6,1,0,4,4,408
500980408,202,32,23,20,0,0,0,3,280
500980409,249,43,29,3,0,0,25,3,352
500980410,135,35,14,3,1,1,15,1,205
500980411,202,35,7,4,0,0,44,0,292
500980412,159,20,6,3,1,0,67,4,260
500980413,159,31,4,3,0,0,19,0,216
500980414,9,5,0,0,0,0,7,1,22
500980415,232,79,77,5,0,0,9,0,402
500980416,94,24,28,0,0,0,12,1,159
500980417,278,66,22,5,0,0,5,2,378
500980501,114,13,5,9,0,1,27,9,178
500980502,34,9,0,3,1,0,9,2,58
500980503,144,33,14,8,5,2,45,7,258
500980504,213,25,3,5,6,2,59,12,325
500980505,207,34,3,8,5,0,66,13,336
500980506,215,38,4,13,6,2,70,10,358
500980507,171,26,12,8,0,0,31,9,257
500980508,170,44,9,73,1,4,99,10,410
500980509,89,77,20,0,0,0,0,0,186
500980510,120,74,10,1,0,0,1,2,208
500980511,90,31,9,10,1,0,55,10,206
500980512,240,54,28,24,4,0,40,3,393
500980601,125,13,4,7,0,0,38,4,191
500980602,150,24,4,7,5,0,35,12,237
500980603,194,20,2,5,0,0,43,2,266
500980604,172,17,16,14,0,0,86,3,308
500980605,146,18,3,12,0,0,116,9,304
500980606,147,27,11,9,12,1,103,10,320
500980607,87,37,14,3,0,0,83,11,235
500980608,203,18,10,7,1,2,50,14,305
500980609,92,9,5,14,3,1,123,6,253
500980610,84,31,0,6,5,0,25,3,154
500980611,158,21,123,4,3,1,21,6,337
500980612,164,20,3,11,4,1,27,6,236
500980701,109,13,2,10,3,1,26,2,166
500980702,249,28,3,6,4,0,59,3,352
500980703,135,23,6,4,3,0,81,2,254
500980704,98,112,9,5,1,1,5,2,233
500980705,260,32,5,3,0,0,33,11,344
500980706,227,53,13,0,0,0,2,0,295
500980707,236,37,3,1,4,0,5,2,288
500980708,127,34,8,1,0,0,15,0,185
500980709,200,44,9,1,0,0,13,0,267
500980710,106,30,5,9,0,1,6,1,158
500980711,154,15,13,5,0,0,10,0,197
500980712,137,47,12,2,1,0,28,0,227
500980713,143,49,3,0,0,0,0,0,195
500980714,160,90,15,2,0,0,2,1,270
500980715,223,197,28,9,1,1,33,16,508
500980716,189,79,77,1,0,0,0,1,347
500980717,116,49,19,4,0,0,7,8,203
500980718,167,39,15,12,7,0,12,3,255
500980719,269,40,2,3,0,0,19,11,344
500980720,152,16,9,3,0,0,6,1,187
500980721,111,40,0,2,0,0,60,0,213
500980722,100,14,0,6,5,0,76,17,218
500980801,138,39,4,7,0,0,134,18,340
500980802,275,53,3,4,0,2,83,11,431
500980803,126,123,35,83,6,1,37,3,414
500980804,166,65,110,41,1,0,6,1,390
500980805,205,77,36,53,5,1,77,11,465
500980806,234,74,5,12,2,0,124,4,455
500980807,283,41,15,6,3,1,24,6,379
500980808,245,41,18,5,2,2,36,2,351
500980809,179,18,5,4,0,0,78,6,290
500980810,221,67,4,0,0,0,2,0,294
500980811,319,109,6,1,0,0,0,0,435
500980812,118,43,2,1,0,2,25,7,198
500980813,170,51,10,2,0,0,0,1,234
500980814,154,18,4,5,0,0,31,3,215
500980815,136,19,9,3,1,0,37,4,209
500980816,87,41,11,7,2,0,18,1,167
500980817,95,16,2,4,2,0,63,5,187
500980818,235,125,0,5,5,0,14,1,385
500980819,178,41,35,5,3,1,53,5,321
500980820,150,17,3,16,1,0,49,16,252
500980821,59,61,1,0,0,0,0,1,122
500980901,194,30,29,4,0,0,1,0,258
500980902,96,31,12,19,0,0,2,1,161
500980903,226,52,15,8,1,0,70,6,378
500980904,260,36,12,7,5,0,44,4,368
500980905,237,21,9,6,6,0,38,4,321
500980906,170,41,16,4,1,0,67,9,308
500980907,192,102,14,10,4,2,180,24,528
500980908,258,23,0,0,1,0,2,3,287
500980909,228,45,0,1,2,0,119,4,399
500980910,209,29,1,5,3,0,25,8,280
500980911,167,107,39,1,0,0,8,5,327
500980912,143,26,14,12,5,0,63,10,273
501050101,3,0,0,4,0,0,2,0,9
501050102,72,6,2,158,8,2,84,11,343
501050103,57,7,4,172,8,0,27,7,282
501050104,90,11,0,151,12,1,29,0,294
501050105,43,8,3,167,1,0,17,16,255
501050106,74,10,11,245,5,0,4,2,351
501050107,67,11,20,212,10,5,6,1,332
501050108,187,143,7,20,1,0,0,0,358
501050109,14,6,5,70,0,0,1,0,96
501050110,54,5,4,128,1,0,21,10,223
501050111,37,9,19,222,3,0,3,1,294
501050112,56,8,9,249,4,8,14,3,351
501050113,62,14,0,175,5,1,14,1,272
501050201,0,0,0,3,0,0,0,1,4
501050202,69,10,7,283,4,0,18,8,399
501050203,48,15,1,162,1,0,40,1,268
501050204,36,83,41,219,24,3,1,1,408
501050205,92,10,10,257,11,1,14,11,406
501050301,7,1,0,14,0,0,0,0,22
501050302,45,3,4,155,4,0,6,5,222
501050303,41,11,2,150,7,1,15,10,237
501050304,194,8,3,202,6,1,136,12,562
501050305,166,46,0,13,0,0,6,0,231
501050306,92,13,9,255,5,0,48,13,435
501050307,53,5,0,184,1,0,32,13,288
501050308,35,2,1,147,0,0,14,0,199
501050309,64,0,0,195,3,0,11,25,298
501050310,97,8,0,106,8,0,15,5,239
501050401,29,10,6,250,2,0,1,8,306
501050402,97,11,16,176,4,1,7,2,314
501050403,90,70,0,80,0,0,1,0,241
501050404,15,56,4,63,21,0,2,1,162
501050405,53,3,9,295,2,0,1,0,363
501050406,54,28,2,203,2,0,4,0,293
501050407,250,9,0,69,3,1,55,38,425
501050408,118,39,4,162,4,0,15,0,342
501050409,57,29,2,132,3,1,1,4,229
501050410,74,6,2,116,2,0,17,0,217
501050411,115,41,4,168,3,0,9,13,353
501050412,69,22,7,134,17,0,1,0,250
501050413,76,45,13,164,1,0,2,0,301
501050414,36,103,10,135,2,0,0,0,286
501050415,55,35,10,86,2,0,1,1,190
501050416,63,24,12,149,2,0,0,1,251
501050417,81,32,11,175,1,0,1,1,302
501050418,173,54,1,114,0,0,9,3,354
501050419,193,71,3,113,5,0,14,12,411
501050420,28,33,6,127,1,0,1,1,197
501050421,123,83,205,103,1,0,7,0,522
501050422,20,13,1,65,1,0,2,0,102
501050501,63,48,7,73,1,0,1,0,193
501050502,21,60,2,34,0,0,0,0,117
501050503,52,39,35,58,1,0,0,1,186
501050504,53,36,21,145,9,0,0,0,264
501050505,54,17,35,77,0,0,0,0,183
501050506,72,31,12,166,1,0,2,1,285
501050507,88,17,4,120,2,0,1,0,232
501050508,68,13,2,108,1,1,4,1,198
501050509,88,31,17,142,1,0,0,4,283
501050510,79,31,17,163,1,0,0,1,292
501050511,54,27,54,125,4,0,0,0,264
501050512,34,13,28,112,2,0,0,3,192
501050513,134,43,45,101,3,0,0,0,326
501050514,88,21,16,170,1,0,3,2,301
501050515,76,117,19,57,1,0,0,0,270
501050516,79,166,8,53,0,0,2,0,308
501050517,75,15,12,105,3,0,2,1,213
501050518,32,24,6,93,1,0,0,1,157
501050519,2,138,29,19,0,0,0,1,189
501050520,83,8,7,94,2,1,6,0,201
501050521,46,19,18,94,0,0,9,1,187
501050601,2,2,0,38,0,0,3,0,45
501050602,58,12,1,172,4,0,38,13,298
501050603,6,3,1,30,0,0,7,3,50
501050604,1,0,0,1,0,0,0,0,2
501050605,25,11,0,146,5,0,5,2,194
501050606,52,6,8,178,3,1,21,18,287
501050607,58,16,4,190,2,0,19,8,297
501050608,14,17,2,61,1,0,3,0,98
501050701,1,1,0,6,0,0,0,0,8
501050702,53,12,2,97,6,0,32,4,206
501050703,49,5,3,125,4,0,56,0,242
501050704,60,10,6,155,12,0,18,8,269
501050705,116,32,9,117,1,1,29,5,310
501050706,121,18,1,103,8,1,27,19,298
501050707,135,41,0,25,1,0,24,2,228
501050708,97,23,19,85,1,0,10,1,236
501050801,53,9,4,133,7,1,26,10,243
501050802,31,5,3,85,3,0,24,4,155
501050803,43,5,0,56,2,0,19,1,126
501050804,7,1,0,3,0,0,9,1,21
501050805,0,0,0,1,0,0,7,0,8
501050806,16,2,0,23,3,0,34,5,83
501050807,25,5,0,56,1,0,81,9,177
501050808,40,10,1,52,3,1,5,4,116
501050901,36,20,0,42,0,0,38,6,142
501050902,3,0,0,8,0,0,0,3,14
501050903,24,3,4,74,7,2,89,26,229
501050904,55,1,3,247,4,0,11,2,323
501050905,81,9,6,84,9,0,6,6,201
501050906,123,33,15,128,4,0,13,2,318
501050907,130,33,2,74,4,0,26,6,275
501051001,6,1,0,9,2,0,0,1,19
501051002,52,22,3,165,6,0,30,7,285
501051003,7,0,1,23,5,0,14,0,50
501051004,7,0,3,49,6,0,36,4,105
501051005,0,0,0,11,0,1,32,3,47
501051006,75,7,42,161,6,2,16,8,317
501051007,69,6,10,166,25,2,34,5,317
501051008,151,3,1,155,6,0,48,22,386
501051009,48,3,1,144,7,0,22,1,226
501051010,7,12,2,22,1,0,0,0,44
501051011,35,1,30,145,1,0,5,3,220
501051012,113,9,14,66,10,0,32,11,255
501051101,49,5,2,263,2,1,34,2,358
501051102,62,10,1,161,7,1,22,9,273
501051103,103,20,1,108,9,1,19,2,263
501051104,58,3,0,105,3,0,26,5,200
501051105,83,30,5,264,6,0,139,45,572
501051106,99,11,7,279,11,1,49,12,469
501051107,44,5,13,123,2,1,199,16,403
501051108,39,2,0,98,4,1,34,5,183
501051109,17,9,3,81,2,0,18,5,135
501051110,25,5,4,167,0,0,43,0,244
501051201,30,3,0,73,2,0,6,2,116
501051202,18,6,2,76,2,1,17,3,125
501051203,22,1,3,60,6,0,13,1,106
501051204,13,0,1,62,3,0,4,1,84
501051205,71,23,4,182,3,0,22,4,309
501051206,25,4,2,87,2,0,10,11,141
501051207,19,0,1,61,4,0,4,1,90
501051208,73,5,3,121,0,0,41,9,252
501051209,42,4,0,44,5,0,111,6,212
501051301,24,37,61,58,0,0,0,2,182
501051302,75,26,55,59,1,0,0,0,216
501051303,55,25,13,148,0,0,0,3,244
501051304,43,18,7,105,2,0,5,2,182
501051305,38,18,2,100,2,0,0,0,160
501051306,37,8,1,143,0,0,1,1,191
501051307,33,23,20,172,0,0,0,0,248
501051308,34,22,11,84,1,0,0,0,152
501051309,51,55,15,154,0,0,2,0,277
501051310,44,41,14,181,2,0,0,0,282
501051311,32,54,10,23,0,0,0,0,119
501051312,41,38,9,117,4,0,0,2,211
501051401,59,47,47,159,0,0,0,0,312
501051402,23,31,32,45,0,0,0,0,131
501051403,37,41,8,116,0,0,0,0,202
501051404,48,26,23,107,4,0,0,1,209
501051405,42,57,30,174,1,0,1,2,307
501051406,32,19,25,91,1,0,0,0,168
501051407,3,23,17,120,1,0,0,0,164
501051408,40,52,37,63,1,0,0,1,194
501051409,44,22,31,75,10,0,0,0,182
501051410,68,54,14,75,1,0,0,0,212
501051411,35,38,35,133,1,0,0,0,242
501051412,58,46,15,141,2,0,0,0,262
501051413,69,78,12,164,1,1,1,0,326
501051501,106,23,19,209,9,0,10,2,378
501051502,64,10,4,101,2,0,3,0,184
501051503,65,18,6,125,2,1,5,0,222
501051504,37,31,13,111,5,0,5,2,204
501051505,23,4,2,256,5,1,7,2,300
501051506,82,51,3,98,7,0,7,1,249
501051507,75,21,6,104,6,0,0,1,213
501051508,145,12,1,145,1,0,7,2,313
501051509,87,8,3,120,0,0,2,4,224
501051510,99,8,4,117,2,1,8,6,245
501051511,117,19,1,152,1,1,6,1,298
501051512,23,30,0,128,0,0,0,0,181
501051513,142,8,2,182,2,1,4,1,342
501051514,112,7,3,100,0,0,23,0,245
501051515,72,19,1,65,0,1,10,3,171
501051516,25,5,1,130,4,1,6,3,175
501051517,1,0,1,365,2,0,0,0,369
501051518,114,14,3,183,8,1,43,16,382
501051519,101,12,1,39,4,1,98,18,274
501051601,70,11,9,264,6,2,19,7,388
501051602,105,19,5,275,11,0,22,10,447
501051603,89,5,1,247,4,0,36,13,395
501051604,23,0,1,230,16,0,3,3,276
501051605,82,8,6,328,8,0,28,6,466
501051606,3,0,0,5,0,0,21,0,29
501051607,29,8,0,56,6,4,73,9,185
501051608,18,7,0,16,0,0,25,0,66
501051609,42,8,3,54,3,1,87,13,211
501051701,115,73,12,86,11,0,5,1,303
501051702,108,12,2,122,4,0,11,1,260
501051703,73,15,1,160,2,0,10,4,265
501051704,103,14,7,131,0,0,3,5,263
501051705,71,16,2,129,3,0,5,0,226
501051706,128,62,0,26,0,0,1,0,217
501051707,17,7,36,76,12,0,0,0,148
501051708,96,62,22,64,0,0,0,0,244
501051709,104,50,10,97,1,1,1,0,264
501051710,42,19,15,157,1,0,1,2,237
501051711,106,53,6,117,2,0,1,1,286
501051712,82,56,13,200,5,1,0,0,357
501051713,53,27,13,150,7,0,0,0,250
501051714,28,15,14,116,2,0,0,0,175
501051801,27,108,51,159,1,1,1,0,348
501051802,0,2,2,125,0,0,0,0,129
501051803,16,56,6,154,0,0,0,0,232
501051804,21,13,2,357,0,17,0,1,411
501051805,105,115,45,65,0,0,0,3,333
501051806,81,30,6,176,4,0,0,0,297
501051807,49,19,0,93,0,0,5,2,168
501051808,58,25,6,107,2,1,0,1,200
501051809,10,8,6,206,3,0,2,1,236
501051810,121,13,4,173,8,1,7,1,328
501051811,40,61,14,125,0,0,3,0,243
501051812,11,19,4,181,0,0,0,0,215
501051813,30,7,5,177,0,0,0,0,219
501051814,40,34,12,71,0,0,11,0,168
501051815,105,114,27,53,1,0,0,0,300
501051816,90,41,7,108,0,0,0,0,246
501051817,7,8,52,116,1,0,0,0,184
501051818,114,160,2,45,0,0,0,0,321
501051901,56,9,9,111,2,0,4,0,191
501051902,49,27,21,296,4,0,6,2,405
501051903,22,31,13,109,3,0,1,0,179
501051904,127,45,4,64,1,0,0,0,241
501051905,222,33,1,14,0,0,1,0,271
501051906,137,23,5,91,3,1,146,26,432
501051907,73,41,14,234,7,0,7,3,379
501051908,63,4,5,288,0,1,2,1,364
501051909,6,3,4,284,2,0,1,0,300
501051910,20,2,0,313,11,0,4,0,350
501051911,42,5,2,80,1,0,10,5,145
501051912,140,10,1,51,14,0,63,23,302
501051913,109,2,0,65,7,0,67,4,254
501051914,97,6,1,42,15,0,127,18,306
501051915,41,3,0,96,7,0,10,0,157
501120101,135,39,4,14,2,1,23,4,222
501120102,343,46,62,74,1,0,14,14,554
501120103,117,32,3,5,3,1,42,6,209
501120104,314,28,9,8,3,0,57,5,424
501120105,99,23,4,3,1,0,23,5,158
501120201,112,28,89,14,4,0,56,9,312
501120202,144,16,3,12,1,0,66,8,250
501120203,83,6,3,4,2,0,16,0,114
501120204,267,48,16,16,3,0,29,4,383
501120205,218,16,3,11,2,0,81,13,344
501120301,39,5,0,1,0,0,47,2,94
501120302,106,14,10,43,1,0,56,11,241
501120303,56,10,0,10,2,0,31,8,117
501120304,162,42,1,72,8,0,16,5,306
501120305,162,31,19,8,5,0,40,15,280
501120401,109,20,3,16,0,0,38,11,197
501120501,35,4,0,12,2,0,33,0,86
501120601,86,18,14,12,1,1,13,2,147
501190101,2,0,0,0,0,0,0,0,2
501190201,45,0,2,32,1,1,5,0,86
501190202,39,11,3,73,9,0,2,0,137
501190203,23,1,1,24,2,0,1,0,52
501190204,169,7,2,197,10,0,29,10,424
501190205,185,4,1,133,16,0,15,9,363
501190206,93,4,3,98,14,1,35,17,265
501190301,218,22,1,108,12,2,52,35,450
501190302,251,25,31,46,5,0,9,9,376
501190303,271,47,20,61,11,0,10,8,428
501190304,292,27,19,74,7,0,1,10,430
501190305,289,14,34,51,8,2,12,10,420
501190306,324,45,3,41,5,3,16,5,442
501190307,239,9,9,57,7,3,19,10,353
501190308,317,5,5,145,4,1,70,27,574
501190309,300,38,2,144,11,1,5,8,509
501190310,88,27,21,192,4,0,1,1,334
501190311,153,28,23,44,12,1,7,1,269
501190312,100,6,5,61,7,0,15,4,198
501190401,194,4,9,168,6,1,33,3,418
501190402,60,2,2,64,13,0,19,5,165
501190403,166,1,12,211,4,2,43,3,442
501190404,32,1,34,31,11,0,11,3,123
501190405,28,1,36,58,13,0,6,4,146
501190406,105,6,3,130,11,0,20,3,278
501190407,180,20,89,190,10,3,10,6,508
501190408,243,15,5,143,15,1,18,18,458
501190409,248,15,8,104,17,1,44,16,453
501190501,24,0,2,51,2,0,0,1,80
501190601,139,4,35,52,4,2,12,12,260
501190602,64,10,16,11,0,0,1,0,102
501190603,278,14,7,61,8,0,9,8,385
501190604,260,22,15,56,4,0,7,3,367
501190605,165,27,13,35,5,0,10,2,257
501190606,201,28,0,5,2,0,0,2,238
501190607,202,5,162,62,3,0,1,1,436
501190608,174,41,40,30,3,0,0,2,290
501190609,119,24,38,15,0,0,0,1,197
501190610,182,7,8,55,5,1,5,1,264
501190611,140,13,53,6,0,0,0,0,212
501190612,197,82,29,33,2,0,15,17,375
501190613,237,29,176,63,11,11,35,17,579
501190614,173,8,2,30,14,19,130,17,393
501260101,25,2,12,44,6,1,16,1,107
501260102,0,0,0,1,0,0,4,3,8
501260201,2,0,0,5,0,0,3,1,11
501260202,40,3,1,46,3,0,6,1,100
501260203,29,10,0,33,2,0,9,1,84
501260204,50,2,3,41,1,3,4,1,105
501260205,4,0,0,0,0,0,0,0,4
501260301,385,12,3,260,13,3,82,42,800
501260302,142,24,4,9,0,0,2,1,182
501260303,266,20,80,141,11,0,19,14,551
501260304,240,28,16,94,3,1,12,6,400
501260305,203,43,22,98,4,1,3,0,374
501260306,213,26,14,98,1,0,11,12,375
501260307,119,26,53,80,2,0,3,2,285
501260308,93,2,6,50,2,0,6,2,161
501260309,171,3,11,107,11,0,45,8,356
501260310,125,36,16,66,1,0,1,4,249
501260311,251,59,6,24,1,1,3,4,349
501260312,298,26,13,40,3,1,1,0,382
501260313,71,10,57,65,11,0,18,2,234
501260314,130,16,34,182,2,0,2,3,369
501260315,62,2,41,57,5,0,15,5,187
501260316,111,5,18,76,7,0,3,5,225
501260317,100,6,21,105,10,1,33,2,278
501260318,20,2,4,47,3,0,1,0,77
501260319,223,13,10,57,3,0,0,0,306
501260401,138,6,2,83,8,0,28,11,276
501260402,4,1,0,7,0,0,0,0,12
501260501,404,93,8,168,22,7,41,15,758
501260502,154,11,6,58,17,2,43,15,306
501260503,105,10,4,77,4,0,58,23,281
501260504,187,10,0,62,19,2,50,8,338
540070101,0,0,0,35,2,2,0,0,39
540070102,0,0,1,237,4,0,3,0,245
540070103,1,1,3,308,4,15,0,8,340
540070104,1,1,1,84,0,8,0,0,95
540070105,0,1,3,124,2,9,1,0,140
540070106,0,0,0,6,0,0,0,0,6
540070107,1,0,0,190,6,9,0,0,206
540070108,5,2,3,310,7,3,0,0,330
540070109,1,1,3,240,0,17,0,0,262
540070110,1,0,1,129,0,13,0,1,145
540070201,0,0,1,33,0,5,0,1,40
540070202,0,0,0,17,0,7,0,1,25
540070301,0,0,0,27,0,6,1,0,34
540070302,0,0,0,95,3,17,0,0,115
540070303,1,2,0,212,2,93,2,6,318
540070304,0,0,0,89,8,4,1,2,104
540070305,0,0,0,52,0,7,0,0,59
540070306,0,0,1,44,0,1,0,0,46
540070307,0,0,3,39,1,2,0,1,46
540070308,0,0,0,24,1,4,0,0,29
540070309,0,0,0,23,1,1,0,0,25
540070310,1,0,0,157,9,22,0,3,192
540070311,0,0,1,259,0,0,0,0,260
540070312,6,0,2,407,3,8,0,7,433
540070313,3,0,0,289,8,1,0,0,301
540070314,0,0,0,91,5,39,0,0,135
540070315,2,0,0,264,1,3,0,0,270
540070316,3,0,0,304,1,0,0,0,308
540070317,0,1,1,144,2,12,1,0,161
540070318,2,0,0,296,2,0,0,0,300
540070319,1,0,3,219,6,16,0,0,245
540070401,0,0,3,51,0,1,0,0,55
540070402,0,0,1,82,1,3,0,0,87
540070403,0,0,0,150,6,7,0,0,163
540070404,0,0,0,26,0,1,1,0,28
540070405,0,0,0,10,0,0,0,0,10
540070406,0,0,0,14,0,0,4,0,18
540070501,0,0,1,24,0,0,0,0,25
540070502,0,0,0,61,0,8,1,0,70
540070503,0,0,0,86,2,2,1,0,91
540070504,1,0,2,228,5,9,1,0,246
540070505,0,0,0,5,0,1,0,0,6
540070506,0,0,1,98,0,1,0,0,100
540070507,0,0,0,49,0,4,0,0,53
540070508,1,1,4,301,8,20,0,0,335
540070509,1,0,0,163,0,28,0,0,192
540070601,0,0,9,4,15,0,0,0,28
540070602,2,3,8,260,17,4,0,2,296
540070603,3,0,3,249,13,10,0,0,278
540070604,0,1,8,198,14,8,0,2,231
540070605,1,2,8,206,17,4,0,0,238
540070606,0,4,7,251,8,11,0,1,282
540070607,1,6,0,310,14,23,0,0,354
540070608,2,14,13,128,13,1,0,2,173
540070609,4,10,26,107,9,0,0,0,156
540070610,3,9,18,175,20,1,0,0,226
540070611,3,2,6,240,8,0,0,1,260
540070612,19,1,4,183,12,4,0,0,223
540070613,1,1,2,298,23,4,0,2,331
540070614,1,7,13,143,36,0,0,0,200
540070615,2,1,0,286,8,38,1,1,337
540070616,1,1,2,293,9,53,0,0,359
540070617,5,8,6,175,15,0,0,0,209
540070618,6,15,18,211,11,1,0,0,262
540070619,5,16,12,219,11,13,1,0,277
540070620,0,0,1,75,0,25,0,2,103
540140101,1,1,0,31,1,12,0,0,46
540140102,0,0,1,95,6,24,1,1,128
540140103,2,6,4,261,14,11,0,1,299
540140104,0,5,5,244,7,14,0,0,275
540140105,0,0,0,27,4,8,0,0,39
540140106,0,0,3,60,2,8,0,0,73
540140107,0,1,1,115,0,18,0,0,135
540140108,1,0,0,216,3,2,0,0,222
540140109,0,7,5,248,13,26,0,0,299
540140110,0,0,0,250,3,8,0,0,261
540140111,5,0,0,294,1,34,0,1,335
540140112,1,0,0,64,3,19,0,0,87
540140201,0,0,1,53,5,39,15,6,119
540140202,0,11,13,165,17,24,0,0,230
540140203,4,4,7,153,16,16,0,0,200
540140204,0,1,1,134,12,51,0,0,199
540140205,0,4,4,195,10,19,0,3,235
540140206,0,1,1,152,2,2,0,0,158
540140207,0,1,0,49,2,82,0,0,134
540140208,4,2,9,262,19,14,1,0,311
540140209,1,8,4,200,14,78,0,1,306
540140210,1,4,18,227,21,41,0,0,312
540140211,3,5,2,138,29,143,0,1,321
540140212,0,0,0,221,2,22,0,0,245
540140301,0,1,2,70,4,18,0,1,96
540140302,1,1,0,67,7,14,1,0,91
540140303,1,10,7,245,27,33,0,1,324
540140304,1,0,0,111,4,52,0,0,168
540140305,1,1,0,51,1,23,0,0,77
540140306,0,0,1,23,1,7,0,0,32
540140307,1,0,1,185,23,93,0,0,303
540140308,0,1,2,98,6,17,0,0,124
540140309,0,2,1,103,10,53,0,0,169
540140401,1,0,2,92,5,35,0,1,136
540140402,0,0,0,67,2,2,0,0,71
540140403,1,0,1,64,5,26,0,0,97
540140404,4,0,3,158,20,73,0,1,259
540140501,1,0,0,135,2,13,1,0,152
540140502,14,1,1,147,15,26,0,0,204
540140503,0,0,0,127,3,30,0,1,161
540140504,0,0,2,177,3,14,1,1,198
540140505,1,4,9,218,7,11,0,0,250
540140506,3,0,1,205,4,13,0,1,227
540140507,0,0,1,120,3,16,0,0,140
540140508,1,9,5,263,6,9,0,1,294
540140509,1,2,1,182,2,1,0,0,189
540140510,0,0,0,121,0,0,0,0,121
540140511,0,4,0,271,3,86,0,5,369
540140512,2,1,2,180,2,3,0,0,190
540140601,0,0,0,85,1,12,1,0,99
540140602,0,0,0,222,2,42,0,1,267
540140603,0,0,0,61,2,20,1,0,84
540140604,0,2,0,163,5,37,0,2,209
540140605,0,0,0,87,0,24,1,0,112
540140606,0,0,0,125,0,47,0,0,172
540140607,0,2,2,314,2,89,3,2,414
540140608,0,0,0,212,0,93,3,0,308
540140609,0,1,1,139,5,9,1,1,157
540140701,2,1,1,81,10,30,0,13,138
540140702,0,2,1,46,13,24,0,0,86
540140703,5,0,0,108,5,58,1,0,177
540140704,0,0,3,84,5,91,0,0,183
540140705,0,0,0,83,2,57,0,0,142
540140801,1,2,2,125,3,16,0,2,151
540140802,1,2,0,77,6,24,0,0,110
540140803,1,1,0,32,5,13,0,0,52
540140804,0,1,2,24,1,35,0,0,63
540140805,1,0,2,38,6,20,0,0,67
540140806,0,1,1,159,3,120,0,0,284
540140807,0,0,0,181,0,0,0,0,181
540140808,9,0,2,193,7,47,0,3,261
540140901,0,0,0,66,2,16,1,0,85
540140902,0,1,0,82,5,16,0,0,104
540140903,0,0,0,61,0,23,2,1,87
540140904,0,0,0,32,0,4,0,0,36
540140905,0,0,0,57,0,26,0,0,83
540140906,1,1,0,138,8,35,0,0,183
540141001,0,0,3,88,0,27,0,0,118
540141002,8,1,3,121,7,7,0,2,149
540141003,0,0,1,57,4,6,0,0,68
540141004,0,0,0,94,3,14,0,0,111
540141005,0,1,0,81,7,10,0,0,99
540141006,1,1,3,121,3,7,0,0,136
540210101,0,0,1,36,3,19,3,1,63
540210102,0,3,0,106,3,12,0,0,124
540210103,0,1,2,26,3,1,2,1,36
540210201,0,0,1,30,2,6,0,0,39
540210202,2,0,3,218,4,22,0,1,250
540210203,0,1,0,30,0,6,0,0,37
540210301,0,0,1,37,1,2,0,0,41
540210302,0,0,0,41,0,6,0,0,47
540210303,0,0,1,21,0,2,0,0,24
540210304,0,0,0,30,1,6,0,0,37
540210305,0,0,0,42,2,3,0,0,47
540210306,0,0,0,147,2,44,0,0,193
540210401,0,0,0,94,3,7,0,2,106
540210402,1,0,0,37,2,1,0,0,41
540210403,0,0,0,15,0,2,0,1,18
540210404,0,1,0,3,0,0,0,0,4
540210501,0,1,6,91,4,6,0,3,111
540210502,0,0,0,44,0,13,0,0,57
540210503,0,0,1,26,0,8,0,4,39
540210504,1,1,2,273,3,41,0,1,322
540210505,21,1,4,188,2,31,1,1,249
540210506,0,0,2,193,2,12,0,1,210
540210507,0,1,4,250,2,7,0,0,264
540210508,0,0,0,257,3,6,0,0,266
540210509,5,3,6,251,7,7,0,5,284
540210510,3,6,7,213,2,15,0,1,247
540210511,1,0,2,228,1,3,0,2,237
540210512,2,0,4,254,2,45,0,0,307
540210513,0,4,1,175,0,20,0,0,200
540210514,0,2,1,241,2,16,0,1,263
540210515,27,1,0,225,3,0,0,1,257
540210516,0,0,1,259,9,0,0,0,269
540210517,4,0,1,145,3,8,0,1,162
540210518,0,1,0,77,0,44,0,2,124
540210601,0,3,8,243,3,29,0,1,287
540210602,0,0,13,160,3,22,5,1,204
540210603,0,0,1,117,0,12,1,0,131
540210604,0,0,0,30,1,6,0,0,37
540210605,0,0,0,27,2,1,0,0,30
540210606,8,0,0,10,0,4,0,1,23
540210607,2,9,7,261,5,30,0,0,314
540210608,0,3,4,182,10,28,0,3,230
540210609,0,0,5,228,3,9,0,2,247
540210610,0,0,2,75,4,24,1,3,109
540210611,1,0,0,45,4,11,0,0,61
540210701,0,0,2,52,0,9,0,0,63
540210702,0,0,0,31,0,6,0,0,37
540210703,0,0,0,34,0,4,0,0,38
540210704,0,1,0,249,9,2,0,0,261
540210705,0,1,3,242,1,4,0,1,252
540280101,1,10,66,100,1,2,0,1,181
540280102,1,0,2,222,0,8,0,1,234
540280103,20,3,0,334,5,9,0,1,372
540280104,1,7,6,185,1,2,0,0,202
540280105,0,4,4,54,3,2,0,0,67
540280106,0,5,3,91,1,0,0,5,105
540280107,2,25,24,237,5,1,0,1,295
540280108,4,43,23,138,3,1,0,0,212
540280109,1,29,87,63,0,0,0,0,180
540280110,31,40,23,72,7,0,0,6,179
540280111,7,42,29,182,8,1,0,1,270
540280112,41,100,57,163,4,0,0,1,366
540280113,2,29,29,114,3,0,0,2,179
540280114,19,33,8,94,20,0,0,0,174
540280116,0,0,0,5,0,0,0,0,5
540280117,10,109,18,67,2,0,0,0,206
540280118,9,33,10,83,2,0,0,10,147
540280119,7,52,29,104,6,0,0,0,198
540280201,40,61,21,83,1,0,0,0,206
540280202,53,55,9,109,4,0,0,0,230
540280203,10,89,18,181,4,0,0,2,304
540280204,5,103,6,97,3,0,0,1,215
540280205,5,103,7,62,3,0,0,1,181
540280206,18,85,22,113,4,0,0,4,246
540280207,6,58,41,143,7,0,0,1,256
540280208,5,171,1,48,4,0,3,0,232
540280209,7,55,15,74,3,0,0,0,154
540280210,16,125,11,110,4,0,0,1,267
540280211,9,91,29,58,5,2,0,1,195
540280212,8,22,8,71,10,0,0,1,120
540280213,5,72,18,114,5,0,0,0,214
540280214,13,38,18,56,1,0,0,0,126
540280215,29,57,15,92,2,0,0,1,196
540280216,4,103,4,17,0,0,0,0,128
540280217,7,92,29,82,6,0,0,0,216
540280218,25,39,2,68,1,0,0,0,135
540280301,3,39,0,380,1,13,0,0,436
540280302,3,1,6,283,0,1,0,4,298
540280303,0,8,38,227,3,4,0,0,280
540280304,1,15,15,187,6,0,0,2,226
540280305,1,2,4,291,1,12,0,0,311
540280306,10,26,11,186,3,1,1,3,241
540280307,3,13,12,400,6,0,0,2,436
540280308,3,13,12,407,3,3,0,0,441
540280309,4,24,2,205,10,0,0,0,245
540280310,2,44,4,235,1,2,0,0,288
540280311,6,18,25,337,5,1,0,33,425
540280312,2,11,2,280,0,3,0,1,299
540280313,0,20,25,213,4,1,0,6,269
540280314,5,18,18,212,6,0,0,1,260
540280401,6,7,19,314,4,3,0,1,354
540280402,2,40,268,57,3,1,0,1,372
540280403,4,12,18,168,4,2,0,3,211
540280404,2,8,8,173,8,0,0,0,199
540280405,6,51,32,219,0,1,0,0,309
540280406,2,44,43,209,5,0,0,0,303
540280407,3,20,43,220,2,2,0,0,290
540280408,6,26,32,323,39,3,0,1,430
540280409,4,15,20,232,2,4,0,0,277
540280410,0,30,285,51,2,3,0,2,373
540280411,0,4,174,73,0,4,0,0,255
540280412,3,48,212,81,1,6,1,1,353
540280413,0,0,0,285,1,8,0,1,295
540280414,5,14,24,202,4,0,0,0,249
540280415,1,9,12,227,1,1,0,1,252
540280416,1,39,19,193,2,0,0,0,254
540280417,5,1,2,315,1,3,0,0,327
540280418,0,4,6,230,1,9,0,0,250
540280419,0,3,1,366,1,2,0,0,373
540280501,12,35,21,229,4,2,0,1,304
540280502,13,22,19,209,3,2,0,1,269
540280504,0,5,11,147,2,4,0,0,169
540280505,3,23,15,206,7,0,1,0,255
540280506,9,99,52,250,1,0,0,6,417
540280507,7,17,25,205,5,1,0,2,262
540280508,0,28,25,177,1,0,0,0,231
540280509,4,17,12,202,3,3,0,1,242
540280510,2,6,9,90,2,0,0,0,109
540280511,12,10,10,239,4,10,0,2,287
540280601,4,36,26,299,11,0,0,1,377
540280602,5,41,12,247,10,2,1,3,321
540280603,12,24,25,354,18,0,0,1,434
540280604,7,12,7,112,7,19,0,1,165
540280605,0,5,3,199,2,8,0,0,217
540280606,1,12,25,168,2,1,0,1,210
540280607,1,22,15,264,3,1,0,4,310
540280608,1,11,3,207,8,1,0,4,235
540280609,6,20,10,249,10,1,0,3,299
540280610,9,11,11,139,1,1,0,0,172
540280611,6,21,6,258,3,6,0,0,300
540280612,0,11,5,363,4,5,0,1,389
540280613,8,15,13,284,5,8,1,1,335
540280614,2,7,1,218,1,15,0,0,244
540280615,0,6,5,45,3,1,0,0,60
540280616,2,2,0,150,2,59,0,0,215
540280617,0,2,8,215,2,19,0,0,246
540280618,21,4,4,423,9,28,0,8,497
540280701,0,5,8,254,2,2,0,0,271
540280702,0,8,5,240,1,17,0,22,293
540280703,0,17,32,271,6,2,0,1,329
540280704,9,29,58,166,4,2,0,1,269
540280705,0,21,12,243,9,1,0,0,286
540280706,0,0,0,186,0,0,0,0,186
540280707,0,22,0,151,2,0,0,0,175
540280708,0,23,0,232,0,0,0,0,255
540280709,2,40,2,166,2,0,0,4,216
540280710,2,96,0,221,2,0,0,1,322
540280711,2,14,61,135,0,1,0,0,213
540280712,3,9,8,266,2,5,0,0,293
540280713,5,14,18,363,12,10,0,6,428
540280714,4,6,4,334,2,3,0,0,353
540280715,2,6,5,233,9,5,0,1,261
540280716,2,35,18,281,2,2,0,0,340
540280717,1,21,15,195,3,5,0,3,243
540280718,5,28,9,166,1,0,0,18,227
540280719,9,17,22,193,4,1,0,0,246
540280720,0,10,4,249,0,12,0,0,275
540280721,4,17,5,229,4,3,0,0,262
540280803,0,7,4,238,3,73,0,0,325
540280804,12,12,7,233,1,2,0,1,268
540280805,1,5,6,211,3,2,0,0,228
540280806,0,14,213,43,0,4,0,0,274
540280807,3,20,225,206,3,24,0,0,481
540280808,3,3,254,118,0,6,0,1,385
540280809,1,5,4,302,3,61,0,5,381
540280810,0,9,7,286,19,42,1,0,364
540280811,1,13,10,232,7,5,0,1,269
540280812,1,32,8,383,7,17,0,0,448
540280813,8,11,8,189,1,6,0,8,231
540280814,0,4,9,199,6,28,0,0,246
540280815,0,2,0,209,1,12,0,2,226
540280816,1,16,11,254,6,0,0,1,289
540280817,3,1,2,142,6,9,0,0,163
540280818,7,4,4,322,11,13,0,1,362
540280819,20,69,7,175,1,17,0,37,326
540280820,0,4,8,377,6,25,0,1,421
540280821,1,6,0,239,0,19,0,1,266
540280822,0,15,8,136,4,3,0,1,167
540280901,12,86,18,126,1,1,0,0,244
540280902,5,151,5,63,0,3,0,0,227
540280903,7,32,9,77,4,0,0,1,130
540280906,2,30,16,152,2,1,0,0,203
540280907,11,120,38,172,0,0,0,10,351
540280908,4,80,41,141,8,0,0,5,279
540280909,8,55,16,86,3,0,0,2,170
540280910,84,117,0,0,1,0,0,0,202
540280911,11,46,10,104,1,3,1,1,177
540281001,3,38,9,151,22,0,0,0,223
540281002,27,48,4,118,3,1,0,1,202
540281003,13,48,39,181,10,0,0,7,298
540281004,1,59,26,292,6,0,0,12,396
540281005,6,34,16,207,7,0,0,1,271
540281006,28,35,11,162,1,0,0,1,238
540281007,6,20,11,152,4,0,0,2,195
540281008,8,20,30,369,14,0,0,2,443
540281009,18,23,16,350,12,0,2,1,422
540281010,1,17,17,284,5,2,0,1,327
540281011,32,24,35,206,2,0,0,0,299
540281012,0,15,19,231,8,0,0,0,273
540281013,1,51,20,143,5,0,0,5,225
540281014,3,31,16,166,6,1,0,0,223
540281015,2,10,19,157,0,3,0,0,191
540281101,3,1,2,87,0,2,0,25,120
540281102,0,2,19,76,1,8,1,3,110
540281103,2,2,1,108,0,17,1,3,134
540281201,0,1,6,385,8,37,0,3,440
540281202,3,2,1,158,0,1,0,1,166
540281203,1,0,0,25,0,16,1,1,44
540281204,0,0,2,66,0,5,0,0,73
540281205,1,0,1,261,1,0,0,0,264
540281206,4,3,3,291,2,13,0,1,317
540281207,2,0,0,242,13,11,0,1,269
540281208,1,19,9,245,26,19,0,0,319
540281209,6,6,1,300,15,47,0,1,376
540281210,12,0,1,429,1,0,0,1,444
540281211,5,0,0,409,4,6,0,0,424
540281212,1,0,0,371,4,2,0,0,378
540281213,21,4,0,416,4,9,0,4,458
540281214,1,0,0,465,0,1,0,0,467
540281215,1,0,0,253,2,18,0,0,274
540281216,3,2,0,360,0,14,0,2,381
540281217,1,0,1,328,4,0,0,0,334
540281218,1,0,1,374,2,94,0,2,474
540281219,17,0,0,378,3,2,0,2,402
540281220,4,0,0,268,1,0,0,0,273
540281301,0,0,0,74,1,35,0,0,110
540281302,0,0,0,48,1,21,0,0,70
540281303,0,0,5,55,3,4,0,1,68
540281304,0,0,0,5,2,0,0,0,7
540281305,0,4,1,79,0,11,0,0,95
540281306,10,1,3,258,8,45,0,7,332
540281307,1,2,0,127,2,14,0,0,146
540281308,1,2,5,213,1,38,0,9,269
540281309,3,2,1,133,0,16,0,0,155
540281310,0,4,1,210,1,21,0,2,239
540281311,0,0,0,256,2,0,0,0,258
540281312,5,5,6,296,5,17,1,7,342
540281313,2,1,2,283,8,30,0,7,333
540281314,0,3,0,329,3,101,5,3,444
540281315,0,4,5,320,5,96,0,2,432
540281316,7,0,0,280,0,0,0,0,287
540281317,5,4,1,142,3,12,0,0,167
540281318,11,0,0,122,0,0,0,0,133
540281319,6,1,0,469,3,0,0,0,479
540281320,2,1,0,177,1,0,0,0,181
540281321,0,0,1,173,1,0,0,1,176
540281322,15,2,0,265,1,42,0,2,327
540281323,15,0,0,126,2,28,1,3,175
540281401,1,1,3,260,9,33,0,5,312
540281402,0,0,0,0,0,0,0,0,0
540281403,0,0,0,1,0,0,0,0,1
540281501,0,2,21,55,0,0,0,0,78
540281502,0,0,11,38,4,2,0,0,55
540281503,0,1,2,49,1,5,0,1,59
540281504,4,0,0,419,1,0,0,0,424
540281505,0,1,1,405,2,0,0,0,409
540281601,1,0,4,315,5,111,28,11,475
540281602,0,0,0,6,0,0,0,1,7
540281701,0,0,0,46,0,4,0,0,50
540281702,0,0,0,19,0,0,0,1,20
540281703,0,0,0,15,0,0,0,0,15
540281704,0,0,0,11,0,0,0,0,11
540281801,24,0,0,325,0,2,0,0,351
540281802,0,1,2,166,4,67,2,0,242
540281803,0,1,0,210,1,16,0,0,228
540281804,1,6,3,306,1,26,0,2,345
540281805,5,0,2,196,0,6,0,0,209
540281806,2,3,5,125,1,33,0,0,169
540281807,5,7,3,295,1,48,0,1,360
540281808,4,1,4,174,1,2,0,1,187
540281809,1,1,1,203,2,23,0,0,231
540281810,2,14,7,291,3,5,0,0,322
540281811,2,5,2,286,4,12,0,1,312
540281812,0,3,4,214,2,10,0,0,233
540281813,2,0,1,364,5,2,0,0,374
540281814,3,1,1,311,2,1,0,22,341
540281815,15,0,0,280,0,1,0,18,314
540281816,0,1,1,181,2,30,0,0,215
540281817,3,0,1,204,5,8,0,0,221
540281818,4,11,11,212,5,7,1,0,251
540281819,1,3,0,165,1,19,0,0,189
540281820,0,3,9,179,0,5,0,2,198
540281821,0,9,4,197,1,20,1,0,232
540281822,0,2,2,187,6,6,0,0,203
540281901,0,25,5,370,0,17,0,0,417
540281902,0,4,8,155,2,4,0,0,173
540281903,0,45,0,359,3,0,0,0,407
540281904,3,4,3,232,12,59,0,1,314
540281905,32,40,1,338,3,0,0,0,414
540281906,3,46,0,309,0,0,0,0,358
540281907,58,38,0,257,2,0,0,20,375
540281908,7,4,1,369,0,0,0,0,381
540281909,1,3,9,123,213,0,0,0,349
540281910,2,21,0,236,1,2,0,0,262
540281911,36,73,3,195,45,1,0,1,354
540281912,7,45,5,334,10,6,0,5,412
540281913,1,4,2,388,3,3,0,1,402
540281914,0,4,3,329,2,6,0,1,345
540281915,6,13,0,263,1,1,0,0,284
540281916,20,28,2,268,64,0,1,0,383
540281917,3,3,2,300,3,83,1,1,396
540281918,3,6,106,221,2,1,0,1,340
540281919,1,11,8,369,9,9,0,0,407
540281920,1,27,0,336,1,0,0,0,365
540281921,0,47,3,328,4,12,0,0,394
540281922,10,36,1,317,2,0,0,0,366
540281923,3,20,10,482,3,6,0,1,525
540281924,4,8,2,480,4,13,0,1,512
540281925,1,1,4,365,3,5,0,3,382
540281926,8,2,1,313,5,14,4,1,348
540281927,1,0,0,220,0,19,0,2,242
540281928,3,0,0,284,1,0,0,0,288
540282001,6,3,0,399,2,8,0,0,418
540282002,2,4,22,372,4,19,0,29,452
540282003,6,21,23,380,4,10,0,1,445
540282004,7,10,22,439,7,14,0,0,499
540282005,2,8,3,335,6,3,0,1,358
540282006,3,8,0,286,8,4,0,3,312
540282007,1,10,4,290,5,3,0,0,313
540282008,0,4,17,116,5,1,0,1,144
540282009,1,5,5,274,3,2,0,0,290
540282010,1,7,2,213,1,0,0,1,225
540282011,0,3,3,445,4,15,1,1,472
540282012,0,3,18,164,3,2,0,0,190
540282013,3,2,3,206,1,22,0,0,237
540282014,0,6,4,198,4,1,0,0,213
540282015,4,5,1,192,3,72,1,4,282
540282016,33,5,3,277,2,19,0,1,340
540282017,1,0,0,198,1,26,3,0,229
540282018,1,3,45,181,1,0,0,0,231
540282019,2,4,3,339,9,21,0,3,381
540282020,1,6,18,171,0,3,0,1,200
540282021,0,1,0,240,3,46,0,0,290
540282101,0,0,0,6,0,0,0,0,6
540282102,1,1,1,107,0,2,0,0,112
540282103,0,0,0,20,1,3,0,0,24
540282201,1,15,11,174,1,3,0,0,205
540282202,3,37,40,368,9,0,0,2,459
540282203,4,20,30,158,2,1,0,5,220
540282204,2,5,3,279,1,2,0,0,292
540282205,10,61,21,144,2,0,0,0,238
540282206,5,73,19,276,9,1,0,0,383
540282207,12,68,22,231,7,0,0,12,352
540282208,4,29,30,172,5,0,0,7,247
540282209,3,24,55,318,5,0,0,5,410
540282210,5,17,79,213,4,0,0,3,321
540282211,4,24,39,164,1,0,2,0,234
540282212,7,12,28,181,1,0,0,0,229
540282213,4,33,18,153,0,0,0,2,210
540282301,5,21,13,363,26,7,0,1,436
540282302,30,27,29,164,3,1,0,0,254
540282303,0,25,7,303,2,2,0,4,343
540282304,1,9,3,333,3,3,0,0,352
540282305,6,4,8,407,1,4,0,0,430
540282306,0,4,1,302,2,2,0,11,322
540282307,0,4,3,264,1,1,0,0,273
540282308,1,6,3,209,1,1,1,8,230
540282309,3,10,3,259,3,1,0,2,281
540282310,1,16,46,169,4,12,0,0,248
540282311,1,10,4,414,2,9,0,1,441
540282312,0,9,3,316,5,9,0,0,342
540282313,1,4,2,260,1,7,0,0,275
540282314,1,2,3,188,0,0,0,1,195
540282401,1,10,15,282,3,4,0,0,315
540282402,5,0,2,307,0,0,0,1,315
540282403,32,8,4,308,0,1,0,0,353
540282404,6,1,1,391,1,5,0,0,405
540282405,0,0,0,263,0,3,1,0,267
540282406,0,2,0,200,0,0,0,0,202
540282407,2,0,0,377,1,0,0,0,380
540282408,4,0,1,358,2,1,0,0,366
540282409,0,0,0,267,0,0,0,2,269
540282410,0,0,1,284,2,0,0,0,287
540282411,4,0,0,306,1,0,0,3,314
540282412,9,0,0,380,1,1,0,0,391
540282413,2,0,0,212,1,0,0,0,215
540282414,1,0,0,303,4,0,0,0,308
540282415,73,0,1,340,0,2,0,0,416
540282416,5,0,1,347,2,1,0,0,356
540282417,0,0,0,55,0,0,0,0,55
540350101,0,0,0,63,2,2,0,0,67
540350102,0,0,0,21,0,1,1,0,23
540350103,0,0,2,126,3,9,0,0,140
540350104,0,0,0,15,0,5,0,1,21
540350105,0,0,0,1,0,0,0,0,1
540350106,0,0,1,9,1,0,1,0,12
540350201,0,0,0,58,4,4,0,0,66
540350202,0,0,0,8,0,5,0,0,13
540350203,0,0,0,11,0,0,0,0,11
540350204,0,0,0,25,0,1,0,0,26
540350205,0,0,0,3,0,0,0,0,3
540350206,0,0,0,10,0,1,0,0,11
540350207,0,0,0,26,0,1,0,0,27
540350301,0,0,0,82,0,9,3,4,98
540350302,0,0,0,6,0,0,0,0,6
540350303,0,0,0,16,0,0,1,0,17
540350304,0,0,0,41,3,5,0,0,49
540350305,0,0,0,2,0,1,0,0,3
540350306,0,0,0,7,0,0,0,0,7
540350307,0,0,0,13,0,1,2,0,16
540350308,0,0,1,19,1,3,2,0,26
540350401,0,0,2,102,2,41,3,4,154
540350402,0,0,1,32,0,8,1,1,43
540350403,8,2,5,229,4,12,1,0,261
540350404,1,1,6,231,2,8,1,0,250
540350405,0,0,1,39,2,5,0,0,47
540350406,0,0,0,17,1,4,0,0,22
540350407,0,0,0,6,0,2,3,0,11
540350408,0,0,0,0,0,0,0,0,0
540350409,0,0,0,10,0,2,0,14,26
540350410,1,2,3,213,26,3,0,0,248
540350411,1,1,0,172,3,9,0,0,186
540350412,2,3,1,321,1,15,0,3,346
540350413,0,0,0,80,0,21,2,1,104
540350414,2,0,1,225,3,12,0,0,243
540420101,0,2,0,69,6,32,0,5,114
540420102,0,0,0,90,2,12,1,0,105
540420103,1,0,0,46,0,13,0,1,61
540420104,1,0,0,8,0,0,0,0,9
540420105,0,0,1,18,0,1,0,2,22
540420106,0,0,0,14,0,3,0,0,17
540420107,7,2,0,256,17,16,0,0,298
540420201,0,0,0,0,0,1,0,0,1
540420202,0,0,0,0,0,0,0,0,0
540420203,0,0,0,14,4,16,0,1,35
540420301,0,0,3,132,8,46,2,1,192
540420302,2,2,1,106,10,18,1,1,141
540420303,2,2,4,175,8,28,0,20,239
540420304,0,0,4,48,12,12,0,0,76
540420305,2,13,8,409,6,33,0,3,474
540420306,2,68,0,208,4,4,0,1,287
540420307,2,50,94,185,2,8,0,0,341
540420308,0,0,1,87,15,34,0,4,141
540420309,7,1,0,379,4,12,0,1,404
540420310,0,0,0,157,2,0,0,0,159
540420311,1,3,1,93,7,7,0,0,112
540420312,1,2,4,138,12,4,0,1,162
540420313,0,17,7,144,4,10,0,0,182
540420314,2,0,0,252,2,8,0,0,264
540420315,1,1,0,171,0,35,0,0,208
540420316,2,1,1,217,1,5,0,1,228
540420317,1,0,0,205,0,79,0,0,285
540420318,0,0,0,115,2,21,0,0,138
540420401,0,1,1,195,4,20,0,1,222
540420402,0,1,1,278,5,46,0,2,333
540420403,3,4,6,264,12,23,1,3,316
540420404,1,2,12,245,11,5,0,0,276
540420405,1,21,6,328,18,42,0,0,416
540420406,4,2,6,357,12,31,1,1,414
540420407,0,1,0,299,5,39,0,9,353
540420408,0,1,0,143,11,22,0,1,178
540420409,3,2,3,219,16,47,0,0,290
540420410,0,0,2,252,5,59,0,1,319
540420411,4,7,2,281,29,78,0,4,405
540420412,0,0,3,178,5,10,0,34,230
540420413,1,0,13,218,12,12,0,0,256
540420414,2,1,4,295,20,15,1,3,341
540420415,1,6,6,230,11,30,0,0,284
540420416,2,0,7,246,4,7,0,1,267
540420417,1,6,2,201,7,21,0,0,238
540420418,21,2,10,227,12,26,0,0,298
540420419,1,0,3,205,9,12,0,1,231
540420420,2,1,5,230,6,39,0,1,284
540420501,3,0,2,174,7,34,0,0,220
540420502,2,10,9,312,22,14,0,0,369
540420503,5,20,19,181,22,1,0,0,248
540420504,15,15,57,197,13,5,0,0,302
540420505,5,4,15,278,26,4,0,3,335
540420506,0,1,2,263,5,0,0,0,271
540420507,0,1,15,218,11,0,0,0,245
540420508,5,28,52,186,7,1,0,0,279
540420509,2,10,29,172,17,0,0,1,231
540420510,5,13,18,136,9,0,0,0,181
540420511,9,69,26,180,9,0,0,0,293
540420512,3,4,3,246,11,1,0,0,268
540420513,4,17,6,264,14,4,0,0,309
540420514,2,27,61,170,11,0,1,9,281
540420515,1,3,11,236,15,5,3,0,274
540420516,2,1,21,227,18,1,0,1,271
540420517,1,2,5,165,31,21,0,0,225
540420518,2,6,1,228,17,16,0,4,274
540420519,1,1,0,189,6,13,0,1,211
540420520,12,31,4,177,5,0,0,1,230
540420601,3,2,1,108,6,149,3,13,285
540420602,1,2,7,199,22,26,0,5,262
540420603,1,0,2,92,5,89,1,3,193
540420604,1,0,0,33,3,3,0,0,40
540420605,0,1,2,70,1,34,0,1,109
540420606,0,0,0,42,18,20,0,1,81
540420607,3,0,1,151,11,42,0,12,220
540420608,0,0,3,30,4,2,0,0,39
540420609,0,0,1,7,5,4,0,0,17
540420610,0,0,1,208,11,34,0,1,255
540420611,0,1,0,106,9,26,0,0,142
540420612,1,1,2,232,8,84,0,0,328
540420613,32,2,1,377,5,87,0,3,507
540420614,1,1,1,283,3,27,0,1,317
540420701,2,0,0,223,8,28,0,4,265
540420702,2,1,3,109,5,10,0,0,130
540420703,0,0,1,77,9,3,0,2,92
540420704,0,1,1,113,4,6,0,4,129
540420705,0,0,2,21,4,2,0,0,29
540420706,1,0,0,18,1,3,0,1,24
540420707,1,0,1,7,1,0,0,1,11
540420708,0,0,1,16,2,1,0,0,20
540420709,1,0,1,79,5,5,0,0,91
540420710,1,0,1,167,5,9,0,0,183
540420801,2,0,1,135,7,3,0,0,148
540420802,0,0,0,143,9,11,0,1,164
540420803,0,0,1,128,5,15,0,0,149
540420804,0,0,0,4,0,2,0,0,6
540420805,0,0,0,39,2,7,0,0,48
540420806,0,0,0,5,0,1,0,0,6
540420901,0,0,0,17,3,15,0,0,35
540420902,0,0,0,6,0,3,0,0,9
540420903,0,0,0,1,0,2,0,0,3
540420904,0,0,0,16,0,5,0,3,24
540421001,0,0,0,195,9,41,23,7,275
540421002,0,0,0,26,2,5,1,0,34
540421003,1,0,3,54,3,15,0,1,77
540421004,0,0,1,14,0,2,0,4,21
540421005,0,0,5,221,4,16,0,0,246
540421006,0,0,0,124,0,26,0,0,150
540421007,0,0,0,103,0,5,0,0,108
540421008,1,2,0,220,4,4,0,0,231
540421009,0,0,0,137,1,29,0,2,169
540490101,2,0,2,216,11,136,1,1,369
540490102,4,0,7,305,17,186,5,7,531
540490103,0,3,5,134,15,89,0,3,249
540490104,8,4,4,256,40,189,2,7,510
540490105,16,3,1,364,15,154,0,6,559
540490106,8,0,0,148,18,56,0,2,232
540490107,0,0,0,327,5,2,0,0,334
540490108,1,1,8,219,13,86,0,3,331
540490109,0,6,4,235,15,56,4,0,320
540490110,2,1,0,76,5,50,1,0,135
540490111,9,0,0,83,8,53,0,14,167
540490112,0,1,3,108,19,68,1,2,202
540490113,3,1,1,148,2,63,0,2,220
540490114,2,0,1,202,11,78,0,1,295
540490115,2,0,1,175,3,30,1,0,212
540490116,0,0,2,158,10,80,1,13,264
540490201,0,0,4,65,7,37,0,0,113
540490202,14,0,12,154,162,135,0,1,478
540490203,14,0,14,172,202,209,1,2,614
540490204,0,0,6,121,81,5,0,6,219
540490205,0,0,5,126,101,72,0,1,305
540490206,1,0,10,291,201,55,0,0,558
540490207,1,0,5,120,58,5,0,0,189
540490301,1,5,5,135,365,27,1,3,542
540490302,1,1,6,68,63,18,3,5,165
540490303,2,6,11,205,117,3,2,0,346
540490304,6,5,8,80,153,1,0,0,253
540490305,1,0,4,63,167,16,1,0,252
540490306,0,0,1,50,99,9,0,0,159
540490307,1,3,1,95,99,1,0,5,205
540490308,7,2,4,144,66,2,0,2,227
540490309,1,2,5,102,213,5,0,0,328
540490310,19,1,1,29,142,16,0,2,210
540490311,2,1,3,61,173,8,0,0,248
540490312,0,3,15,82,119,0,0,1,220
540490401,1,0,1,70,160,175,9,7,423
540490402,0,0,0,13,5,16,0,0,34
540490403,2,0,0,3,10,8,0,1,24
540560101,3,1,6,77,27,65,0,0,179
540560102,3,0,0,105,23,116,0,1,248
540560103,4,0,0,85,22,118,1,0,230
540560104,0,0,0,98,12,87,1,1,199
540560105,0,0,0,66,8,29,0,2,105
540560106,0,0,1,22,1,74,0,0,98
540560201,0,2,10,184,36,114,0,2,348
540560202,3,0,0,72,24,77,0,0,176
540560203,0,0,0,57,14,28,0,0,99
540560204,0,0,1,56,9,76,0,0,142
540560205,0,0,2,84,4,198,0,1,289
540560206,1,5,7,220,23,41,1,3,301
540560207,0,1,0,41,10,79,0,0,131
540560208,4,3,12,276,15,26,0,0,336
540560209,0,1,3,122,14,46,0,0,186
540560210,1,2,2,205,18,57,0,0,285
540560301,21,0,0,99,13,300,0,2,435
540560302,1,0,1,72,20,130,0,0,224
540560303,7,1,0,105,69,378,1,6,567
540560304,2,1,0,38,29,61,0,0,131
540560305,3,0,0,108,9,166,26,2,314
540560306,1,0,0,39,65,37,0,2,144
540560307,1,0,1,45,30,19,0,1,97
540560308,1,0,0,71,22,140,0,1,235
540560309,2,0,1,92,16,47,0,1,159
540560401,0,0,0,0,0,1,0,0,1
540560402,0,0,0,1,0,1,1,0,3
540560403,0,0,1,14,17,20,1,0,53
540560501,0,0,2,150,0,127,16,4,299
540560502,0,0,0,1,0,0,0,0,1
540560503,0,0,0,1,0,0,0,0,1
540560601,0,0,1,337,3,204,1,3,549
540560602,0,0,1,206,3,242,2,12,466
540560603,7,1,1,270,8,179,1,4,471
540560604,0,7,3,329,5,225,0,16,585
540560605,0,0,0,100,5,129,0,0,234
540560606,0,0,1,64,1,68,0,0,134
540560607,1,0,0,97,3,127,1,7,236
540560608,0,0,0,205,17,239,3,1,465
540560609,0,2,1,128,6,91,0,0,228
540560610,1,4,1,237,11,101,0,0,355
540560611,6,1,0,151,7,186,0,1,352
540560612,2,1,0,215,1,153,1,2,375
540560613,3,1,1,242,6,142,0,3,398
540560614,0,3,0,121,2,113,0,0,239
540560701,0,1,1,57,1,28,1,1,90
540560702,1,0,3,180,7,77,0,1,269
540560703,0,0,1,39,4,7,2,0,53
540560704,2,1,0,37,4,15,0,0,59
540560705,0,0,2,59,3,43,0,0,107
540560706,0,0,2,49,2,12,0,3,68
540560707,1,1,2,74,7,28,0,0,113
540560708,29,3,2,212,12,79,1,0,338
540560709,1,1,1,154,5,103,0,0,265
540560710,3,1,2,199,3,54,0,4,266
540560711,3,1,0,279,1,0,0,0,284
540560801,3,4,4,318,5,190,1,2,527
540560802,6,0,5,247,3,243,2,3,509
540560803,0,0,1,104,3,105,3,2,218
540560901,1,20,12,319,9,11,0,0,372
540560902,2,45,20,466,20,75,1,2,631
540560903,5,15,2,318,17,88,0,10,455
540560904,0,14,4,235,2,38,0,1,294
540560905,6,17,9,233,10,23,0,0,298
540560906,0,21,4,174,8,14,0,0,221
540560907,0,4,0,174,5,35,2,0,220
540560908,0,0,0,292,1,7,0,1,301
540560909,0,2,0,197,8,78,0,0,285
540560910,1,9,4,196,8,10,0,1,229
540560911,1,5,0,185,6,16,0,1,214
540630101,0,0,0,32,15,73,0,6,126
540630102,0,0,3,43,1,22,16,0,85
540630103,0,0,0,1,0,0,0,1,2
540630104,0,0,2,0,0,0,0,0,2
540630105,0,1,0,14,18,105,47,6,191
540630106,1,2,8,185,24,45,1,2,268
540630107,0,1,4,207,40,22,0,0,274
540630108,1,5,0,171,9,26,0,0,212
540630109,2,4,0,257,33,73,0,0,369
540630110,19,0,1,220,16,103,3,14,376
540630111,1,4,2,126,19,159,1,7,319
540630112,3,4,2,162,13,124,0,1,309
540630113,0,4,2,192,2,41,0,14,255
540630114,2,0,0,176,4,28,0,0,210
540630115,1,0,2,110,6,133,0,2,254
540630201,0,0,0,4,0,1,0,0,5
540630202,0,0,0,1,0,0,0,0,1
540630203,0,0,0,0,0,0,0,0,0
540630301,0,0,0,9,3,39,8,0,59
540630302,0,0,2,53,2,21,2,0,80
540630401,0,0,0,12,0,7,0,4,23
540630402,0,0,0,6,0,13,1,0,20
540630403,0,0,0,66,2,15,0,1,84
540630404,0,0,0,32,4,27,1,0,64
540630405,1,2,6,167,18,19,5,0,218
540630406,3,3,16,249,24,30,1,16,342
540630407,2,3,2,183,40,6,0,0,236
540630408,0,6,2,232,14,3,0,0,257
540630409,0,0,2,151,3,26,0,0,182
540630410,2,1,4,148,14,24,0,2,195
540630501,0,0,0,57,5,103,0,3,168
540630502,0,0,0,8,0,14,0,0,22
540630503,0,0,0,28,1,4,0,0,33
540630504,0,0,0,27,3,9,1,2,42
540630505,0,0,0,22,3,28,0,3,56
540630601,0,0,0,1,0,0,0,0,1
540630602,0,0,1,6,6,9,0,0,22
540630701,0,0,0,3,0,3,0,1,7
540630702,0,0,0,1,0,1,0,1,3
540630703,0,0,0,15,0,1,0,1,17
540630704,0,0,0,39,0,13,0,1,53
540630705,0,0,0,15,0,10,0,0,25
540630801,0,0,2,154,3,20,0,2,181
540630802,4,6,7,360,24,38,1,2,442
540630803,0,9,18,135,7,0,0,0,169
540630804,0,1,30,116,7,10,0,0,164
540630805,0,0,2,361,4,31,0,1,399
540630806,1,0,0,18,0,7,0,0,26
540630807,0,0,0,35,1,7,0,0,43
540630808,0,0,0,10,0,0,0,0,10
540630809,0,0,0,1,0,2,1,0,4
540630810,0,1,0,41,6,19,0,0,67
540630811,0,0,1,65,3,42,0,3,114
540630812,0,0,1,233,5,25,0,0,264
540630813,2,3,0,396,4,6,0,0,411
540630814,0,10,6,384,12,31,0,0,443
540630815,3,2,56,307,3,15,0,0,386
540630816,0,1,0,249,9,50,0,5,314
540630817,19,0,0,185,19,23,0,0,246
540630818,0,4,5,168,11,6,0,0,194
540630819,0,1,0,254,10,46,0,0,311
540630901,0,1,0,122,5,30,1,5,164
540630902,0,0,2,54,7,19,0,0,82
540630903,0,0,0,4,0,8,0,0,12
540630904,1,2,7,158,3,6,0,0,177
540630905,0,0,2,198,7,36,2,1,246
540630906,1,1,6,214,13,19,0,0,254
540630907,0,2,66,159,4,1,0,0,232
540630908,1,3,2,255,6,66,0,1,334
540630909,1,1,3,189,13,28,2,1,238
540630910,0,0,1,178,10,14,0,1,204
540630911,0,2,4,182,5,18,0,4,215
540630912,0,3,3,184,5,17,0,2,214
540630913,0,0,0,89,2,30,0,0,121
540630914,0,2,7,310,7,39,0,1,366
540630915,0,0,0,229,3,28,0,0,260
540630916,0,0,0,165,1,34,0,0,200
540630917,0,1,0,179,3,14,0,0,197
540630918,1,1,93,68,2,2,0,0,167
540631001,6,28,21,164,43,6,0,5,273
540631002,3,46,49,244,45,12,0,3,402
540631003,8,25,8,263,71,51,0,3,429
540631004,10,15,14,245,89,14,0,2,389
540631005,0,8,22,176,28,10,1,0,245
540631006,5,11,6,117,53,13,0,0,205
540631007,4,2,1,121,20,39,0,0,187
540631008,0,12,30,216,65,22,0,1,346
540631009,0,7,8,104,33,43,0,4,199
540631010,15,11,13,87,38,11,0,0,175
540631011,0,4,2,118,41,59,0,3,227
540631012,2,3,1,151,67,23,0,5,252
540631013,0,6,4,234,69,33,1,1,348
540631014,5,1,3,328,30,19,0,1,387
540631101,4,17,54,142,19,1,0,1,238
540631102,1,12,16,220,36,69,30,0,384
540631103,4,55,30,135,5,1,0,0,230
540631104,3,20,29,242,80,16,0,4,394
540631105,25,49,77,249,35,3,0,3,441
540631106,4,14,16,256,80,40,0,2,412
540631107,10,34,19,253,57,2,0,1,376
540631108,2,7,5,192,53,16,0,0,275
540631109,2,10,0,169,38,5,1,2,227
540631110,1,7,14,196,60,5,0,0,283
540631111,1,3,2,171,7,4,0,0,188
540631112,4,44,3,199,3,8,0,17,278
540631113,1,77,8,207,28,17,0,0,338
540700101,2,1,4,184,10,4,0,1,206
540700102,1,0,0,58,2,1,0,0,62
540700103,0,0,1,15,1,4,0,0,21
540700104,0,1,2,109,3,4,0,1,120
540700105,0,0,0,89,1,5,0,0,95
540700201,1,0,3,56,11,9,0,0,80
540700202,6,0,5,116,10,14,0,1,152
540700203,2,1,1,55,3,6,0,0,68
540700204,0,0,3,40,4,11,0,0,58
540700205,0,2,1,197,5,22,0,0,227
540700206,9,1,3,143,6,14,0,0,176
540700207,5,1,0,324,5,28,0,0,363
540700208,3,0,2,226,8,12,0,0,251
540700301,0,0,1,113,4,13,0,0,131
540700302,0,0,2,134,15,20,0,2,173
540700303,0,0,4,52,18,13,0,0,87
540700304,0,1,7,194,22,55,0,0,279
540700305,0,0,4,179,16,43,0,1,243
540700306,2,0,0,199,10,53,0,2,266
540700307,5,6,5,267,2,3,0,1,289
540700308,1,2,3,310,14,68,0,3,401
540700309,3,1,1,349,6,37,0,0,397
540700310,12,5,5,190,10,8,1,2,233
540700311,7,1,1,270,10,24,0,1,314
540700312,1,0,0,197,0,0,0,0,198
540700313,1,1,0,199,0,0,0,0,201
540700314,0,2,3,178,8,12,0,0,203
540700315,0,1,0,175,10,16,0,0,202
540700316,0,0,0,236,1,1,0,0,238
540700401,0,0,3,74,0,2,0,0,79
540700402,0,1,0,248,11,41,1,7,309
540700403,0,0,1,54,5,9,0,0,69
540700404,0,0,0,76,1,16,0,0,93
540700501,1,0,1,93,1,17,0,0,113
540700502,0,0,2,113,2,16,3,2,138
540700503,1,0,7,396,11,40,0,0,455
540700504,0,2,4,182,7,19,0,0,214
540700505,1,2,1,132,10,8,0,0,154
540700506,0,2,0,67,3,12,0,0,84
540700507,0,1,11,185,8,4,0,0,209
540700508,1,2,3,308,9,5,0,0,328
540700601,0,0,0,118,1,5,0,0,124
540700602,1,0,3,194,9,2,0,0,209
540700603,0,0,1,79,2,7,0,0,89
540700701,4,13,20,183,46,4,0,2,272
540700702,0,11,16,129,33,0,0,0,189
540700703,2,8,23,180,35,8,0,1,257
540700704,9,1,14,219,31,6,0,0,280
540700705,0,6,6,190,29,0,0,0,231
540700706,0,2,24,174,72,1,0,0,273
540700707,0,6,13,235,46,0,0,1,301
540700708,1,6,3,295,28,1,0,2,336
540700709,0,4,9,148,22,1,0,1,185
540700801,1,1,1,210,10,7,0,0,230
540700802,1,1,6,235,37,2,1,2,285
540700803,4,1,18,309,32,32,1,2,399
540700804,1,4,2,183,39,9,0,0,238
540700805,0,2,11,184,25,6,0,0,228
540700806,3,12,17,233,51,6,0,0,322
540700807,1,6,9,313,49,21,0,0,399
540700808,1,0,1,222,8,2,0,3,237
540770101,0,1,0,279,2,10,0,4,296
540770102,2,3,11,331,16,16,0,0,379
540770103,0,1,2,239,2,10,0,0,254
540770104,1,1,6,242,14,7,0,0,271
540770105,0,1,13,360,25,4,3,1,407
540770106,0,2,16,18,5,3,0,0,44
540770107,0,3,1,250,4,7,0,0,265
540770108,2,12,5,337,19,9,0,2,386
540770109,0,6,6,198,19,2,0,1,232
540770110,1,0,1,358,2,8,0,0,370
540770201,0,0,7,143,8,10,2,0,170
540770202,1,1,1,89,2,13,0,3,110
540770203,0,0,0,11,0,3,0,1,15
540770204,1,1,0,9,0,0,0,0,11
540770205,0,1,3,112,9,6,0,0,131
540770206,0,0,3,14,6,1,0,0,24
540770207,0,0,3,100,3,9,0,2,117
540770208,1,6,3,326,6,28,0,2,372
540770209,1,1,2,191,8,80,0,7,290
540770210,0,2,4,177,9,5,8,2,207
540770211,0,0,0,259,6,26,4,2,297
540770212,2,0,0,186,7,10,0,0,205
540770213,1,0,4,213,14,18,0,19,269
540770301,2,1,3,224,8,11,0,0,249
540770302,0,0,3,114,11,28,7,7,170
540770303,0,0,0,35,3,6,0,0,44
540770304,0,0,1,93,3,43,0,0,140
540770305,0,0,11,61,0,35,0,0,107
540770306,0,0,18,42,0,12,0,0,72
540770307,0,0,0,5,0,0,0,1,6
540770308,0,0,2,145,3,33,0,12,195
540770309,2,0,2,308,12,28,0,2,354
540770401,0,0,11,313,11,7,0,0,342
540770402,0,1,9,179,8,3,0,0,200
540770403,0,0,8,53,3,1,0,0,65
540770404,3,3,6,293,5,0,0,0,310
540770405,0,7,21,197,18,2,0,0,245
540770406,0,0,1,71,1,3,0,0,76
540770407,2,6,2,241,13,1,0,0,265
540770408,1,5,11,208,8,0,0,0,233
540770501,0,0,0,93,0,17,14,1,125
540770502,0,0,0,3,0,2,2,0,7
540770503,0,0,0,6,0,0,3,0,9
540770601,1,0,11,116,15,6,1,2,152
540770602,0,0,19,307,34,2,0,0,362
540770603,0,1,16,129,13,4,0,2,165
540770604,1,2,11,82,7,6,1,0,110
540770605,0,0,3,155,1,23,7,0,189
540770701,0,1,1,26,5,8,0,1,42
540770702,2,0,4,94,4,18,5,0,127
540770703,0,1,1,255,4,44,6,3,314
540770704,0,0,0,142,3,3,0,0,148
540770801,3,19,25,211,24,2,0,0,284
540770802,0,0,1,112,1,0,0,1,115
540770803,4,21,16,225,8,3,0,0,277
540770804,2,10,5,244,14,3,1,0,279
540770805,0,5,0,320,5,15,0,1,346
540770806,0,19,13,246,17,3,0,0,298
540770807,1,22,16,178,20,2,0,0,239
540770808,0,1,0,112,1,0,0,0,114
540770809,2,19,17,167,12,1,1,0,219
540770810,1,20,8,210,14,2,0,0,255
540770811,0,3,2,165,19,1,0,0,190
540770812,8,16,4,145,12,5,0,0,190
540840101,2,2,3,65,14,3,0,0,89
540840102,15,11,6,184,52,12,0,5,285
540840103,0,0,0,25,0,6,0,0,31
540840104,1,0,0,130,4,50,2,5,192
540840105,1,3,4,219,17,11,0,1,256
540840106,0,3,3,226,10,5,1,0,248
540840107,0,0,0,313,1,13,0,1,328
540840108,0,0,0,254,6,11,0,4,275
540840109,5,0,1,274,6,20,0,5,311
540840110,3,4,0,166,3,33,0,14,223
540840201,0,0,1,43,1,12,0,0,57
540840202,0,0,1,60,6,15,0,3,85
540840203,0,0,0,19,0,1,0,1,21
540840204,0,0,0,1,0,0,0,0,1
540840301,9,0,1,322,6,38,0,0,376
540840302,20,0,0,253,1,16,0,1,291
540840303,16,2,4,147,7,15,0,0,191
540840304,1,1,6,299,23,26,0,0,356
540840305,5,18,8,146,8,6,0,2,193
540840306,0,0,2,17,0,7,0,0,26
540840307,0,0,1,133,6,41,0,1,182
540840308,1,0,4,9,2,8,0,1,25
540840309,0,1,0,125,4,19,0,2,151
540840310,4,0,0,23,0,7,0,0,34
540840311,1,0,4,57,3,6,0,0,71
540840312,2,1,0,240,7,6,0,0,256
540840313,0,0,0,112,3,42,0,1,158
540840314,3,3,5,174,10,3,0,2,200
540840401,0,0,0,17,5,13,0,2,37
540840402,0,0,0,82,2,3,0,0,87
540840403,1,0,4,237,20,52,0,2,316
540840404,6,0,1,23,0,6,0,2,38
540840405,9,3,4,167,4,28,0,2,217
540840406,0,0,0,8,0,2,0,1,11
540840407,1,0,1,27,2,13,0,1,45
540840408,0,0,1,158,3,23,0,2,187
540840409,6,0,1,144,1,67,0,1,220
540840501,2,0,0,26,0,6,0,0,34
540840502,0,0,0,36,0,4,9,0,49
540840601,0,1,4,28,2,4,0,0,39
540840602,3,0,5,83,3,4,0,11,109
540840603,0,0,6,52,3,11,0,7,79
540840604,0,0,1,31,1,2,0,0,35
540840605,0,0,3,87,5,5,0,0,100
540840606,2,0,0,143,3,9,1,19,177
540840607,0,0,0,186,2,21,0,18,227
540840701,2,0,0,22,1,11,0,1,37
540840702,0,0,0,1,0,6,0,0,7
540840801,0,0,0,6,0,3,0,2,11
540840802,6,0,0,31,1,25,0,7,70
540840901,12,1,1,220,5,33,0,15,287
540840902,5,0,2,317,2,52,0,15,393
540840903,5,0,8,166,8,4,0,2,193
540840904,4,2,7,255,8,30,0,1,307
540840905,0,1,0,141,4,11,0,12,169
540840906,5,5,2,240,8,7,0,0,267
540840907,12,5,11,296,11,11,0,18,364
540840908,4,5,5,211,18,4,0,2,249
540840909,9,1,0,243,4,65,0,18,340
540840910,1,9,9,157,12,2,0,2,192
540910101,3,10,17,207,26,6,0,0,269
540910102,0,16,38,165,53,0,0,0,272
540910103,1,31,41,130,21,0,0,0,224
540910104,1,13,41,296,48,1,2,2,404
540910105,3,17,29,285,26,8,0,0,368
540910106,1,5,10,319,26,25,1,2,389
540910107,1,4,1,262,17,28,0,1,314
540910108,3,42,40,372,34,2,0,0,493
540910109,2,45,25,176,6,0,0,0,254
540910110,1,10,16,156,20,0,0,0,203
540910111,2,8,33,194,19,0,0,0,256
540910112,1,16,27,260,30,2,1,2,339
540910113,2,13,19,160,28,3,0,0,225
540910114,0,1,10,104,15,7,0,0,137
540910115,95,138,0,1,0,0,0,0,234
540910116,1,11,7,420,35,33,0,0,507
540910117,0,2,1,301,23,23,0,0,350
540910118,0,26,16,305,13,0,0,0,360
540910119,0,13,37,320,26,2,1,0,399
540910201,3,2,1,409,17,33,0,1,466
540910202,5,2,4,374,15,31,0,0,431
540910203,0,4,6,232,19,9,0,0,270
540910204,11,0,4,160,20,42,0,0,237
540910205,0,3,8,261,19,37,0,1,329
540910206,0,2,11,169,35,3,0,2,222
540910207,3,14,24,284,41,4,0,19,389
540910208,0,7,6,261,21,7,0,0,302
540910209,2,1,12,285,23,13,0,0,336
540910210,5,5,15,226,50,5,0,15,321
540910211,1,4,17,219,18,5,0,1,265
540910212,0,1,19,206,16,22,0,0,264
540910213,2,3,4,440,24,40,0,0,513
540910214,0,6,2,191,21,20,2,0,242
540910215,0,0,6,248,51,8,0,0,313
540910216,0,5,13,172,22,3,0,0,215
540910217,1,39,28,120,18,0,0,0,206
540910218,0,1,6,228,9,25,0,1,270
540910219,1,1,4,224,7,13,0,0,250
540910301,0,0,0,43,2,9,0,0,54
540910302,0,1,1,70,1,8,0,0,81
540910303,0,0,0,46,1,3,1,1,52
540910304,0,0,2,45,0,4,0,0,51
540910305,1,0,3,101,6,10,0,1,122
540910306,0,0,5,219,8,4,1,1,238
540910401,1,0,1,101,10,11,0,0,124
540910402,1,0,0,120,4,15,0,0,140
540910403,0,0,8,170,13,29,0,0,220
540910404,0,0,3,206,6,14,0,8,237
540910405,0,0,0,75,1,18,0,0,94
540910406,0,0,3,177,4,4,0,0,188
540910501,0,0,0,43,3,17,0,0,63
540910502,0,1,4,70,11,12,0,0,98
540910503,0,0,3,78,9,8,2,1,101
540910504,0,1,1,58,6,16,0,0,82
540910505,0,0,2,59,0,17,0,2,80
540910506,0,0,2,76,6,15,0,0,99
540910507,0,0,1,160,12,13,0,0,186
540910508,0,0,2,89,6,11,0,0,108
540910509,1,2,2,349,19,66,0,1,440
540910510,18,0,0,38,2,13,0,0,71
540910511,8,0,0,106,0,0,0,0,114
540910512,4,11,4,227,16,2,0,1,265
540910513,0,16,8,214,15,13,0,0,266
540910514,0,0,0,214,8,5,0,0,227
540910515,0,2,4,296,7,18,0,1,328
540910516,0,0,2,135,2,25,0,0,164
540910601,0,0,13,136,11,7,0,0,167
540910602,0,0,3,112,5,8,0,0,128
540910603,0,0,2,71,8,4,0,0,85
540910701,0,1,4,42,9,4,1,0,61
540910702,0,0,0,58,2,13,0,0,73
540910703,0,2,8,52,8,49,1,0,120
540910704,0,0,5,33,7,21,0,0,66
540910705,0,0,13,89,7,24,0,0,133
540910706,1,1,3,120,3,33,0,3,164
540910707,5,2,4,188,18,32,0,1,250
540910708,1,0,2,71,5,46,0,0,125
540910709,0,1,2,102,2,6,0,0,113
540910710,1,0,0,137,3,2,1,0,144
540910711,0,0,4,11,1,2,0,1,19
540910712,6,8,17,199,6,21,0,1,258
540910713,2,2,3,220,4,41,0,1,273
540910714,2,1,0,176,12,76,1,1,269
540910715,2,0,0,357,8,6,0,0,373
540910716,1,4,2,217,6,12,0,2,244
540910717,0,1,3,234,8,25,0,1,272
540910718,2,3,24,282,6,8,0,3,328
540910719,2,0,2,243,4,12,0,0,263
540910801,0,0,2,25,5,7,0,0,39
540910802,0,0,6,108,24,28,0,2,168
540910803,0,0,1,134,12,43,1,0,191
540910804,0,2,1,56,3,9,0,0,71
540910805,0,2,34,89,5,16,0,2,148
540910806,0,0,4,18,7,3,0,0,32
540910807,0,2,2,73,7,13,0,0,97
540910808,2,0,13,80,5,24,0,2,126
540910809,1,1,3,91,14,16,0,0,126
540910810,1,3,25,240,3,26,0,0,298
540910811,0,2,38,100,3,27,0,0,170
540910901,2,1,12,194,10,60,0,3,282
540910902,0,0,6,150,14,44,0,1,215
540910903,20,0,9,126,0,28,0,1,184
540910904,0,0,9,63,13,9,2,0,96
540910905,0,1,5,236,14,9,0,1,266
540911001,0,0,9,181,11,59,0,0,260
540911002,4,0,3,95,7,15,0,0,124
540911003,0,0,2,33,5,15,0,0,55
540911004,0,0,0,33,0,4,0,0,37
540911005,1,0,3,126,5,24,0,0,159
540911006,0,1,1,69,1,11,0,0,83
540911007,0,0,0,25,0,8,0,1,34
540911008,1,0,5,132,7,9,0,0,154
540911009,0,1,2,112,16,35,0,0,166
540911010,0,0,1,70,4,30,0,2,107
540911011,1,0,0,40,2,4,0,0,47
540911012,0,0,0,19,2,2,0,0,23
540911013,0,0,0,54,7,25,0,0,86
540911014,0,2,4,150,9,29,0,0,194
540911101,1,4,8,166,10,48,1,12,250
540911102,0,0,4,56,8,13,1,0,82
540911103,0,0,1,16,2,3,0,0,22
540911104,1,0,2,13,6,10,0,1,33
540911105,0,0,4,49,8,17,0,0,78
540911106,0,2,9,95,15,14,0,0,135
540911107,1,0,4,42,1,8,0,9,65
540911108,0,1,4,85,11,25,0,0,126
540911201,1,1,3,66,5,30,0,0,106
540911202,0,0,7,21,1,0,0,0,29
540911203,1,0,3,97,4,6,0,0,111
540911204,0,0,0,9,1,3,0,2,15
540911205,0,0,6,61,9,14,0,0,90
540911206,0,0,2,59,7,15,0,1,84
540911207,0,1,3,67,7,10,0,1,89
540911208,0,0,1,44,0,11,0,0,56
540911209,0,2,2,217,8,21,1,0,251
540911210,1,2,6,219,8,4,0,0,240
540911211,0,0,1,123,1,0,0,0,125
540911301,0,1,0,254,3,64,0,2,324
540911302,0,0,2,171,4,73,0,0,250
540911303,0,0,4,264,3,18,0,0,289
540911304,0,2,1,212,6,43,0,1,265
540911305,24,0,2,186,4,0,0,0,216
540911306,4,4,2,234,1,5,0,2,252
540911307,2,0,13,164,8,17,0,0,204
540911308,2,0,0,265,4,1,0,0,272
540911309,22,3,7,375,11,24,0,3,445
540911310,25,76,1,353,3,0,0,1,459
540911311,2,3,6,284,13,54,0,3,365
540911312,2,4,1,282,3,38,0,0,330
540911313,2,1,3,250,5,0,0,0,261
540980101,0,2,1,150,3,4,0,0,160
540980102,0,0,0,89,1,7,0,0,97
540980103,0,0,2,62,3,10,0,1,78
540980104,1,0,7,278,5,10,0,0,301
540980105,0,0,0,47,6,3,0,0,56
540980106,2,2,6,295,1,10,0,0,316
540980201,0,0,0,20,1,6,0,0,27
540980202,1,0,28,270,12,41,0,0,352
540980203,0,0,8,95,11,14,0,0,128
540980204,0,0,4,33,1,3,1,1,43
540980205,0,0,1,25,2,3,0,0,31
540980206,1,3,3,280,29,1,0,0,317
540980207,5,1,5,282,11,23,0,0,327
540980301,0,0,1,48,6,3,0,3,61
540980302,12,0,2,112,10,12,0,0,148
540980303,0,0,4,83,5,7,0,0,99
540980401,0,1,2,86,6,25,2,2,124
540980402,0,0,2,44,10,8,0,1,65
540980403,0,0,1,32,6,10,0,0,49
540980501,1,1,1,269,5,34,0,4,315
540980502,1,0,0,306,0,1,0,1,309
540980503,3,15,14,200,10,5,0,0,247
540980504,0,6,7,201,14,8,0,0,236
540980505,3,14,17,166,14,12,0,6,232
540980506,1,14,12,133,12,0,0,0,172
540980507,0,0,0,156,1,54,0,1,212
540980508,0,1,1,22,4,2,0,0,30
540980509,0,0,1,115,5,32,0,1,154
540980510,1,0,2,58,2,19,0,2,84
540980511,0,1,1,112,6,32,0,2,154
540980512,0,0,0,62,2,25,0,0,89
540980513,0,3,4,168,5,28,0,1,209
540980514,0,0,5,176,10,19,0,0,210
540980515,0,4,11,160,4,1,0,0,180
540980516,1,1,2,260,7,66,0,0,337
540980517,0,1,1,58,6,49,0,0,115
540980518,1,0,0,221,2,1,0,0,225
540980601,1,0,2,49,9,8,0,0,69
540980602,1,1,8,44,2,4,0,0,60
540980603,0,0,0,24,4,9,0,2,39
540980604,0,0,2,15,5,3,0,0,25
540980605,0,0,0,10,0,2,1,0,13
540980701,1,1,1,129,1,22,0,0,155
540980702,0,0,6,207,14,37,0,1,265
540980703,0,0,0,38,2,12,1,0,53
540980704,1,2,5,129,7,2,0,0,146
540980801,0,0,2,67,0,34,0,0,103
540980802,0,0,0,90,0,31,0,0,121
540980803,2,0,0,82,2,32,0,0,118
540980901,0,1,3,144,0,21,0,0,169
540980902,0,1,3,300,3,45,0,1,353
540980903,7,2,6,211,4,4,0,0,234
540980904,0,0,1,201,1,30,0,1,234
540980905,0,0,2,111,1,13,0,0,127
540980906,0,0,0,62,0,20,0,0,82
540980907,2,0,9,266,10,12,0,0,299
540980908,3,1,2,244,1,61,0,2,314
540981001,0,0,0,10,2,0,0,0,12
540981002,1,0,3,348,3,146,2,4,507
540981003,1,0,2,80,12,110,2,14,221
540981004,1,1,2,157,1,38,21,2,223
540981005,1,0,4,185,40,4,0,1,235
540981006,4,2,7,226,15,11,0,1,266
540981007,0,3,0,198,7,21,0,0,229
540981008,1,5,11,222,11,10,0,2,262
540981009,7,2,7,161,11,2,0,0,190
540981010,1,0,3,174,9,6,0,0,193
540981011,7,1,0,236,1,53,0,0,298
540981101,0,0,0,50,1,4,0,1,56
540981102,0,0,1,85,2,22,1,0,111
540981103,0,2,0,102,7,30,1,0,142
540981201,0,0,0,144,2,2,0,0,148
540981202,0,2,1,176,6,24,0,0,209
540981203,0,0,3,134,2,17,0,0,156
540981204,1,0,1,229,4,69,1,0,305
540981205,4,3,1,236,5,118,0,0,367
540981206,18,0,1,213,3,15,0,1,251
540981207,0,5,13,180,13,18,0,1,230
540981208,1,10,2,255,16,51,1,2,338
540981209,7,2,2,216,3,1,0,0,231
540981210,4,18,11,130,25,4,0,0,192
540981211,1,9,11,204,6,0,0,0,231
540981212,2,1,1,164,5,24,0,3,200
540981213,0,8,20,136,7,0,0,0,171
540981214,1,4,4,226,14,38,1,2,290
541050101,0,0,0,65,1,10,1,0,77
541050102,0,0,0,40,3,0,0,0,43
541050103,0,0,0,150,3,32,0,0,185
541050104,0,0,0,61,2,9,0,0,72
541050105,0,0,2,54,0,20,0,5,81
541050106,0,0,0,5,0,0,0,0,5
541050107,0,0,0,39,1,9,1,0,50
541050108,0,0,2,71,7,9,0,0,89
541050109,0,1,0,5,0,0,0,0,6
541050110,0,0,0,13,1,0,1,0,15
541050111,0,0,0,9,0,0,0,0,9
541050112,0,0,1,80,3,3,0,0,87
541050113,0,1,1,177,7,19,0,0,205
541050201,0,0,0,100,1,5,1,0,107
541050202,0,0,0,78,3,10,0,0,91
541050203,1,0,0,76,0,15,0,0,92
541050204,0,0,2,50,3,12,0,5,72
541050205,0,0,0,4,0,2,0,0,6
541050206,0,0,0,3,0,3,0,0,6
541050207,0,0,1,105,3,15,0,7,131
541050208,0,0,1,73,1,12,0,0,87
541050209,0,0,8,320,17,41,0,0,386
541050210,0,0,0,20,2,10,0,1,33
541050211,0,0,0,17,0,3,0,0,20
541050212,0,0,0,36,9,11,0,0,56
541050213,2,1,4,189,14,11,0,0,221
541050214,1,5,10,198,13,10,1,17,255
541050215,1,1,1,142,8,14,0,1,168
541050216,1,1,2,206,7,5,0,0,222
541050217,1,2,2,225,18,8,0,0,256
541050218,1,4,2,302,4,10,0,0,323
541050219,0,14,12,216,15,0,0,0,257
541050220,0,0,0,167,8,12,0,0,187
541050221,1,0,3,211,6,8,0,1,230
541050222,0,7,8,167,19,0,0,1,202
541050223,1,0,1,174,1,4,0,0,181
541050301,0,0,0,25,0,19,0,0,44
541050302,3,0,1,245,7,9,0,0,265
541050303,0,0,0,36,0,4,0,0,40
541050304,0,0,0,8,0,2,0,0,10
541050305,0,0,1,41,1,13,0,0,56
541050306,0,0,0,55,0,6,0,0,61
541050307,0,0,0,68,1,18,0,0,87
541050308,0,0,0,26,1,15,0,0,42
541050401,1,0,16,153,22,17,0,1,210
541050402,3,0,4,150,11,17,0,1,186
541050403,1,0,0,110,7,9,0,1,128
541050404,0,0,1,58,5,8,0,0,72
541120101,2,0,1,187,12,261,4,11,478
541120102,22,0,6,424,80,239,4,16,791
541120103,0,0,5,247,37,40,1,1,331
541120104,0,0,0,29,1,8,0,3,41
541120105,2,0,0,14,3,9,0,11,39
541120106,1,0,0,82,2,4,0,0,89
541120201,0,0,0,1,0,1,0,3,5
541120202,0,0,0,1,1,5,11,2,20
541120301,0,0,0,0,0,0,6,0,6
541120302,0,0,0,5,0,1,21,0,27
541120401,0,0,0,0,0,0,0,1,1
541120402,0,0,0,0,0,0,1,0,1
541120501,3,4,3,261,13,48,1,2,335
541120502,8,12,4,248,5,11,0,1,289
541120503,1,4,4,193,5,15,1,1,224
541120504,0,0,1,228,3,20,0,1,253
541120505,1,0,3,227,7,87,4,11,340
541120506,1,0,1,194,4,48,4,4,256
541120507,0,0,1,83,2,80,1,2,169
541120508,1,0,1,222,8,100,4,1,337
541120509,1,1,0,190,5,49,0,2,248
541120510,0,1,2,288,3,45,0,7,346
541120511,0,0,0,258,10,25,0,1,294
541120512,1,4,0,218,3,17,1,1,245
541120513,4,1,4,197,1,5,1,1,214
541120514,0,0,0,108,1,10,0,4,123
541120515,1,0,0,133,0,87,1,19,241
541120601,2,0,0,150,4,63,9,2,230
541120602,2,1,0,275,5,216,6,4,509
541120701,0,0,0,9,2,7,0,0,18
541120702,3,1,0,195,2,139,7,23,370
541120703,2,11,5,447,9,167,5,13,659
541120704,2,1,0,114,1,17,0,1,136
541190101,0,0,1,136,0,73,0,9,219
541190102,0,0,0,138,2,50,0,0,190
541190103,0,0,1,257,8,121,0,3,390
541190104,0,0,3,271,7,71,0,0,352
541190105,11,1,3,374,36,156,0,2,583
541190106,9,2,14,211,20,30,1,0,287
541190107,4,5,3,419,33,60,0,1,525
541190201,0,0,0,79,3,57,0,3,142
541190202,3,0,1,141,4,122,0,0,271
541190203,13,0,3,91,3,152,0,0,262
541190204,0,0,0,69,10,58,0,0,137
541190301,0,0,0,37,0,26,0,0,63
541190302,10,0,0,250,4,143,0,0,407
541190303,5,1,3,154,30,73,0,1,267
541190304,0,2,0,66,9,52,1,0,130
541190305,0,0,1,102,25,35,0,2,165
541190306,4,0,0,51,0,19,0,0,74
541190307,1,0,3,212,14,29,0,0,259
541190401,7,0,2,73,2,48,1,1,134
541190402,2,2,2,147,4,110,0,0,267
541190403,2,1,3,314,18,79,0,0,417
541190501,0,0,2,70,2,22,0,0,96
541190502,0,1,5,363,24,97,0,3,493
541190503,0,3,6,180,6,44,0,0,239
541190504,0,1,1,100,6,45,0,5,158
541190505,0,0,0,33,6,10,0,1,50
541190506,0,2,1,80,3,32,0,0,118
541190507,0,0,5,110,12,7,0,0,134
541190508,3,4,14,286,26,30,0,0,363
541190601,0,0,8,19,0,9,0,0,36
541190602,0,0,2,145,2,39,0,0,188
541190603,1,0,0,78,0,34,0,0,113
580070101,0,0,0,0,0,0,0,0,0
580070102,0,0,0,59,0,74,0,0,133
580070103,3,0,0,104,0,27,0,2,136
580070104,1,8,0,137,1,29,0,3,179
580070105,0,0,0,81,0,8,0,1,90
580070201,0,0,0,57,0,36,0,0,93
580070202,0,0,0,29,0,2,0,0,31
580070203,1,0,0,60,0,15,2,0,78
580070204,0,0,0,30,0,2,0,0,32
580070205,5,7,1,164,2,19,1,10,209
580070301,2,0,0,68,5,35,0,1,111
580070302,4,4,1,451,4,82,0,1,547
580070303,2,2,1,297,9,27,0,0,338
580070304,1,2,3,317,6,33,0,1,363
580070305,0,1,0,43,1,47,0,0,92
580140101,0,1,0,88,1,15,1,4,110
580140102,1,3,1,108,5,12,1,0,131
580140103,1,5,0,66,2,4,0,0,78
580140104,5,10,5,250,3,5,0,0,278
580140105,0,10,0,64,5,3,0,2,84
580140106,21,45,35,232,2,1,0,4,340
580140107,3,3,0,190,3,12,0,0,211
580140108,10,9,4,197,0,2,0,0,222
580140109,13,14,7,439,3,13,0,2,491
580140110,18,16,3,261,7,36,0,0,341
580140111,0,5,1,103,1,7,0,0,117
580140112,3,8,0,56,1,3,0,1,72
580140113,3,5,2,44,3,13,0,0,70
580140114,4,14,1,210,4,29,1,1,264
580140115,2,2,0,50,0,81,0,5,140
580140116,2,17,0,216,0,54,0,0,289
580210101,0,0,0,26,0,7,0,0,33
580210102,0,0,0,23,0,13,0,0,36
580210103,0,0,0,65,1,11,1,0,78
580210104,0,0,0,32,1,7,2,0,42
580210105,1,1,1,65,3,1,0,5,77
580210106,0,0,0,10,0,3,0,0,13
580210107,0,0,0,40,1,7,0,0,48
580210108,0,1,0,12,0,4,2,1,20
580210109,0,0,0,36,0,6,0,2,44
580210110,0,0,0,30,0,1,0,1,32
580210111,0,0,0,16,0,1,0,0,17
580210112,2,1,0,206,1,11,0,0,221
580280101,0,0,0,25,3,4,0,0,32
580280102,0,0,0,13,2,0,0,0,15
580280103,1,0,0,39,4,5,1,0,50
580280104,0,0,1,50,0,4,0,0,55
580280105,0,3,0,14,1,7,0,0,25
580280106,2,0,0,9,4,1,0,0,16
580280107,2,2,44,182,45,3,0,4,282
580280108,4,1,0,93,1,3,0,1,103
580280109,4,13,3,227,11,5,0,1,264
580280110,4,0,49,22,41,0,0,0,116
580280115,0,1,0,32,2,2,0,0,37
580280116,1,0,0,62,0,0,0,0,63
580280117,2,8,3,234,8,0,0,3,258
580350101,0,0,0,23,0,3,0,0,26
580350102,1,4,3,84,1,2,0,0,95
580350103,0,4,0,14,0,0,0,0,18
580350104,0,3,7,13,2,0,0,0,25
580350105,1,1,0,18,0,2,2,0,24
580350106,0,1,0,21,0,5,0,0,27
580350107,0,0,0,21,1,3,0,1,26
580350108,1,0,0,19,0,0,0,0,20
580350109,2,1,4,6,0,0,0,0,13
580350201,7,11,0,76,0,32,1,3,130
580350202,1,2,8,113,3,14,1,5,147
580350203,0,1,1,5,0,0,0,0,7
580350204,6,13,3,187,8,95,0,18,330
580350205,0,5,1,103,0,45,0,6,160
580350206,0,2,0,30,0,12,1,0,45
580350207,5,10,0,51,3,76,2,4,151
580350208,6,5,0,73,2,51,0,1,138
580350209,0,0,1,217,0,1,0,0,219
580350210,5,8,0,106,6,113,1,6,245
580350211,4,12,0,52,3,69,0,11,151
580350212,8,12,1,52,2,66,0,2,143
580350213,3,12,0,56,0,58,0,3,132
580350214,10,11,0,45,1,84,0,3,154
580350215,13,34,2,88,2,58,1,5,203
580350216,10,13,8,15,0,0,0,1,47
580350301,35,153,0,48,3,0,0,11,250
580350302,50,187,1,7,0,0,0,0,245
580350303,54,198,0,8,1,0,0,2,263
580350304,33,38,263,39,0,0,0,1,374
580350305,7,42,246,71,1,0,0,0,367
580350306,38,45,60,201,3,1,0,0,348
580350307,12,18,304,41,0,0,0,1,376
580350308,24,79,20,223,8,70,0,12,436
580350309,32,100,190,16,2,0,0,5,345
580350310,60,74,116,33,0,1,0,3,287
580350311,5,9,3,66,4,35,0,1,123
580350312,2,10,97,26,0,0,0,0,135
580350313,38,20,110,89,9,0,0,2,268
580350314,11,2,8,42,1,0,0,0,64
580350315,1,29,3,94,2,45,0,2,176
580350316,10,20,226,45,0,0,0,0,301
580350401,106,72,52,25,2,0,0,1,258
580350402,14,72,158,56,5,0,0,1,306
580350403,17,7,50,58,4,0,0,0,136
580350404,10,65,107,244,10,33,0,1,470
580350405,97,52,11,110,3,7,0,1,281
580350406,22,101,79,82,1,0,0,2,287
580350407,64,61,21,73,12,0,0,2,233
580350408,44,112,86,79,6,0,0,0,327
580350409,47,128,45,114,7,1,1,4,347
580350410,25,110,114,86,14,0,0,5,354
580350411,16,41,184,66,2,0,0,2,311
580350412,73,76,92,95,4,3,0,9,352
580350413,11,45,22,96,2,1,0,0,177
580350414,20,116,33,137,6,0,0,4,316
580350415,50,95,39,112,7,3,0,4,310
580350416,45,79,25,111,7,0,0,3,270
580350417,41,82,87,65,15,0,0,0,290
580350418,24,109,87,75,1,0,0,3,299
580350419,41,131,114,74,1,1,0,2,364
580350420,27,33,173,58,0,0,0,1,292
580350421,10,13,98,68,4,0,0,1,194
580350501,28,77,62,52,0,0,0,1,220
580350502,64,188,1,3,0,0,0,0,256
580350503,214,109,5,7,1,0,0,1,337
580350504,83,101,1,8,1,0,0,1,195
580350505,70,59,33,46,1,0,0,3,212
580350506,69,168,1,12,1,1,0,0,252
580350507,97,65,22,10,0,0,0,2,196
580350508,27,81,20,48,1,0,0,0,177
580350509,53,141,11,45,2,0,1,0,253
580350510,58,158,26,28,6,0,0,6,282
580350511,75,158,46,20,2,0,0,1,302
580350512,31,26,31,29,1,0,0,1,119
580350513,79,85,39,41,14,0,0,4,262
580350514,26,144,5,15,4,0,0,0,194
580350515,65,126,4,7,0,0,0,0,202
580350516,137,135,10,13,0,0,0,27,322
580350517,53,100,6,42,1,0,0,4,206
580350518,44,77,2,8,2,0,0,0,133
580350519,87,60,0,0,0,0,0,1,148
580350520,16,40,40,24,0,0,0,4,124
580350521,40,98,21,31,1,0,0,1,192
580350522,44,41,100,18,2,0,0,4,209
580350523,22,120,19,29,0,0,0,0,190
580350601,64,170,75,51,5,8,0,10,383
580350602,14,116,55,37,0,0,0,2,224
580350603,15,115,48,28,0,0,0,2,208
580350604,53,67,61,37,4,0,0,1,223
580350605,62,57,93,49,1,1,0,0,263
580350606,3,21,3,154,1,0,0,0,182
580350607,44,80,1,77,0,3,0,0,205
580350608,47,78,131,110,10,0,0,2,378
580350609,8,41,189,55,1,0,1,1,296
580350610,32,48,51,85,7,0,0,0,223
580350611,17,79,82,50,3,0,1,1,233
580350612,80,112,54,22,3,0,0,4,275
580350613,53,143,42,43,5,0,0,15,301
580350614,111,102,10,58,4,0,0,0,285
580350615,81,123,5,21,7,1,0,0,238
580350616,47,66,8,67,3,0,0,2,193
580350617,23,114,64,28,7,0,0,3,239
580350618,42,22,20,12,2,0,0,0,98
580350701,0,2,46,6,0,1,0,0,55
580350702,2,14,8,141,0,0,0,2,167
580350703,6,80,0,231,6,0,0,0,323
580350704,8,87,28,276,0,10,0,0,409
580350705,14,57,6,158,5,24,0,1,265
580350706,9,49,21,243,0,10,1,0,333
580350707,12,83,13,180,7,12,0,3,310
580350708,11,101,25,234,14,7,0,3,395
580350709,61,179,6,69,5,8,0,1,329
580350710,7,74,12,213,3,5,0,0,314
580350711,11,83,25,223,5,12,2,0,361
580350712,39,89,18,243,0,8,2,2,401
580350713,5,60,5,168,3,2,0,1,244
580350714,26,96,7,112,5,5,0,0,251
580350715,14,68,9,132,1,20,0,3,247
580350801,5,13,0,84,1,96,1,2,202
580350802,15,129,2,302,2,24,0,6,480
580350803,22,52,1,260,4,21,0,26,386
580350804,10,22,49,80,2,53,0,3,219
580350805,12,0,1,8,98,0,0,0,119
580350806,6,32,11,260,9,8,1,0,327
580350807,4,57,2,208,4,22,0,3,300
580350808,10,87,3,114,1,0,0,0,215
580350809,8,111,2,182,3,0,0,0,306
580350810,3,46,1,287,5,5,0,3,350
580350811,9,93,1,244,0,0,0,1,348
580350812,3,93,3,42,86,10,0,2,239
580350813,0,22,5,215,1,3,0,0,246
580350814,7,68,11,280,6,16,0,0,388
580350815,4,58,12,212,0,8,0,2,296
580350816,12,48,2,244,5,63,0,4,378
580350817,8,37,7,219,7,3,0,3,284
580350818,0,4,154,20,0,0,0,2,180
580350819,0,13,78,116,4,1,0,7,219
580350820,15,84,36,132,7,1,0,2,277
580350821,12,32,5,108,2,35,0,0,194
580350822,4,107,5,199,12,35,0,1,363
580350823,5,67,8,173,1,24,0,3,281
580350824,6,17,0,79,6,70,0,4,182
580350825,2,59,6,126,5,30,0,0,228
580350826,3,50,16,143,2,4,0,0,218
580350901,2,16,4,116,0,73,0,0,211
580350902,5,32,2,226,2,3,0,0,270
580350903,1,43,141,151,1,1,0,0,338
580350904,9,66,168,99,3,3,0,11,359
580350905,3,20,18,152,6,0,0,1,200
580350906,14,21,11,178,14,17,0,5,260
580350907,1,96,207,31,4,0,0,0,339
580350908,3,68,126,117,5,0,0,4,323
580350909,7,10,236,84,0,0,0,0,337
580350910,8,27,105,159,2,2,0,0,303
580350911,6,24,147,116,1,2,0,5,301
580350912,9,9,51,214,1,0,0,1,285
580350913,4,20,5,339,3,2,0,1,374
580350914,3,10,5,291,12,0,0,0,321
580350915,6,16,7,196,19,3,0,0,247
580350916,3,8,5,264,2,0,1,1,284
580350917,9,7,0,301,3,2,0,1,323
580350918,6,21,3,239,1,13,1,1,285
580351001,15,3,2,156,2,0,0,0,178
580351002,11,78,29,170,1,6,0,1,296
580351003,21,72,46,85,10,1,0,3,238
580351004,22,24,136,107,4,1,0,0,294
580351005,13,90,24,254,5,10,0,0,396
580351006,73,70,131,156,0,0,0,4,434
580351007,8,93,52,94,0,0,0,0,247
580351008,10,62,65,138,1,0,0,1,277
580351009,27,36,142,100,3,2,0,4,314
580351010,5,15,8,101,2,28,0,1,160
580351011,16,69,68,104,7,1,0,0,265
580351012,3,38,29,214,8,2,1,4,299
580351013,9,40,135,320,5,0,0,3,512
580351014,16,18,3,155,2,2,0,1,197
580351015,14,55,76,125,4,1,0,1,276
580351016,5,40,17,166,5,0,0,1,234
580351017,19,49,137,49,1,1,0,0,256
580351018,11,12,17,106,4,0,0,0,150
580351101,16,42,19,172,2,0,0,3,254
580351102,12,80,44,117,5,0,0,0,258
580351103,68,155,9,158,6,10,0,3,409
580351104,28,120,117,176,7,2,0,2,452
580351105,24,64,72,80,6,0,0,0,246
580351106,14,91,105,161,0,2,0,1,374
580351107,26,74,33,259,11,2,1,2,408
580351108,11,29,111,86,1,0,0,0,238
580351109,3,24,18,56,2,0,0,0,103
580351110,23,68,28,118,4,0,0,2,243
580351111,0,0,0,0,0,0,0,0,0
580351112,14,35,12,208,7,74,0,3,353
580351113,8,10,8,254,23,1,0,5,309
580351114,3,41,8,191,0,2,1,0,246
580351115,0,15,4,212,4,6,1,0,242
580351116,22,11,114,29,1,0,0,0,177
580351117,9,59,5,279,4,26,1,3,386
580351118,4,9,11,197,0,0,0,1,222
580351119,4,21,109,73,3,0,0,8,218
580351120,12,61,30,91,4,3,0,1,202
580351121,15,24,111,108,3,0,1,0,262
580351122,6,9,190,43,2,0,0,5,255
580351123,12,10,34,140,2,0,0,0,198
580351124,10,11,8,38,43,0,0,1,111
580351125,5,12,4,139,0,3,0,1,164
580351126,18,13,3,108,2,16,0,3,163
580351201,56,93,41,154,5,3,0,1,353
580351202,44,85,6,30,2,0,0,0,167
580351203,41,76,43,57,3,1,0,2,223
580351204,44,82,43,212,9,2,0,4,396
580351205,18,85,51,262,5,9,1,2,433
580351206,62,107,29,55,1,0,0,3,257
580351207,13,37,6,149,0,0,0,0,205
580351208,42,81,23,107,6,1,0,2,262
580351209,39,139,51,117,3,0,0,0,349
580351210,21,82,41,90,3,1,0,10,248
580351211,29,69,28,36,2,5,2,0,171
580351212,19,84,50,88,0,4,0,4,249
580351213,38,112,25,91,6,3,0,2,277
580351214,36,72,25,94,12,8,0,0,247
580351215,31,109,25,156,8,1,0,6,336
580351216,25,83,19,125,9,1,1,0,263
580351301,55,114,13,66,3,0,0,2,253
580351302,78,53,0,22,0,0,0,0,153
580351303,40,42,2,28,6,1,0,1,120
580351304,51,49,10,31,8,0,0,3,152
580351305,50,65,16,27,8,0,0,3,169
580351306,48,128,18,87,6,1,0,1,289
580351307,75,70,22,119,4,1,0,2,293
580351308,51,76,16,61,1,0,0,0,205
580351309,22,114,78,105,2,1,0,1,323
580351310,48,127,26,162,3,2,0,5,373
580351311,17,115,27,97,2,0,0,1,259
580351312,37,162,22,88,3,1,0,3,316
580351313,43,165,60,124,10,2,0,3,407
580351314,51,67,35,110,4,0,0,3,270
580351315,48,119,36,158,3,4,1,4,373
580351316,27,63,104,118,2,1,1,1,317
580351401,21,56,24,79,3,3,0,0,186
580351402,6,4,32,17,1,1,0,0,61
580351403,33,71,35,153,4,1,0,5,302
580351404,31,118,19,120,2,7,1,0,298
580351405,34,74,46,123,14,2,0,2,295
580351406,34,69,39,50,5,0,0,3,200
580351407,51,142,29,121,5,1,0,2,351
580351408,40,131,39,135,3,0,0,2,350
580351409,43,87,24,129,15,6,0,7,311
580351410,12,78,26,237,24,2,0,1,380
580351411,9,78,7,289,4,30,0,1,418
580351412,47,60,93,137,6,0,0,0,343
580351413,34,101,70,201,6,1,0,2,415
580351414,33,92,147,136,7,0,0,4,419
580351415,4,10,3,144,1,3,0,1,166
580351416,2,21,82,37,1,0,0,0,143
580351417,18,70,3,152,2,51,3,6,305
580351418,31,29,85,228,1,4,1,0,379
580351419,13,72,4,219,6,3,0,0,317
580351420,1,4,18,24,1,0,0,0,48
580351421,11,28,6,117,2,29,2,3,198
580351422,7,31,72,120,2,1,2,1,236
580351501,44,144,30,184,1,6,0,5,414
580351502,32,107,9,108,4,0,0,0,260
580351503,17,105,47,178,4,1,0,3,355
580351504,16,95,29,116,9,0,2,5,272
580351505,45,125,47,209,7,2,0,0,435
580351506,22,124,43,203,6,4,0,2,404
580351507,26,105,29,175,5,14,2,1,357
580351508,42,23,117,109,2,0,0,1,294
580351509,26,16,34,233,1,0,0,3,313
580351510,12,141,16,188,11,2,0,0,370
580351511,5,92,19,207,3,13,0,0,339
580351512,18,13,149,55,0,0,0,2,237
580351513,24,57,75,129,1,1,0,0,287
580351514,55,39,112,88,2,0,0,5,301
580351515,9,15,111,55,0,0,0,0,190
580351601,9,6,10,125,2,24,2,1,179
580351602,10,16,7,181,17,13,0,4,248
580351603,1,4,3,44,7,6,0,0,65
580351604,6,27,3,127,4,1,0,2,170
580351605,5,9,3,210,2,24,0,4,257
580351606,1,11,15,152,7,1,0,1,188
580351607,2,4,4,80,0,13,0,0,103
580351608,1,10,22,113,6,3,0,0,155
580351609,4,9,0,103,1,37,1,4,159
580351610,13,18,1,155,3,19,0,3,212
580351611,7,35,2,181,1,41,0,4,271
580351612,4,30,0,142,6,29,1,4,216
580351613,4,22,0,104,2,58,1,2,193
580351614,6,9,0,99,7,13,1,3,138
580351615,4,26,0,123,4,32,0,3,192
580351616,3,25,94,195,11,15,0,1,344
580351617,4,2,1,39,0,6,0,2,54
580351618,1,0,4,50,4,1,0,0,60
580351619,15,12,11,88,4,0,0,2,132
580351620,2,0,60,12,1,0,0,1,76
580351701,18,50,60,195,5,1,0,2,331
580351702,18,51,27,166,7,1,0,2,272
580351703,6,16,13,118,2,0,0,2,157
580351704,16,40,105,140,2,0,0,0,303
580351705,10,8,15,64,3,1,0,2,103
580351706,17,37,31,136,1,1,0,0,223
580351707,11,96,21,235,6,4,0,1,374
580351708,16,81,18,272,7,4,0,0,398
580351709,68,90,23,171,1,4,0,9,366
580351710,15,63,20,248,11,0,0,1,358
580351711,20,79,26,279,15,2,0,3,424
580351801,0,0,0,3,0,1,0,0,4
580351802,6,24,62,176,5,0,0,2,275
580351803,21,15,19,179,22,14,1,4,275
580351804,5,12,57,103,2,0,1,0,180
580351805,5,5,91,163,10,0,0,1,275
580351806,10,28,72,99,2,1,2,0,214
580351807,17,40,90,182,1,0,0,0,330
580351808,13,48,41,184,5,1,0,0,292
580351809,24,36,67,194,10,1,0,1,333
580351810,27,68,42,210,5,1,0,6,359
580351811,30,25,0,185,8,35,0,3,286
580351812,34,9,16,268,16,42,9,5,399
580351813,14,8,77,137,4,11,0,2,253
580351814,7,8,1,115,0,9,2,0,142
580351815,6,23,59,177,3,1,0,0,269
580351816,1,5,93,152,1,0,0,1,253
580351817,18,21,0,97,6,57,2,8,209
580351818,2,27,96,145,1,0,0,2,273
580351819,3,30,37,113,2,0,0,0,185
580351820,3,19,62,110,2,1,0,0,197
580351821,12,23,12,183,8,2,0,1,241
580351822,4,33,69,80,12,2,0,0,200
580351823,1,2,7,190,5,0,0,0,205
580351824,26,23,23,160,5,12,0,4,253
580351825,11,7,7,205,0,7,0,1,238
580351826,29,22,3,146,4,25,1,5,235
580351901,8,13,2,165,0,20,0,2,210
580351902,6,37,40,225,4,3,0,0,315
580351903,85,61,17,93,1,0,0,2,259
580351904,25,70,30,191,0,4,0,1,321
580351905,21,55,47,222,6,4,0,2,357
580351906,28,46,55,188,10,0,0,3,330
580351907,20,65,25,202,0,2,0,2,316
580351908,51,75,31,205,3,1,0,0,366
580351909,7,15,26,258,2,5,1,0,314
580351910,4,11,15,193,4,8,1,6,242
580351911,46,22,14,253,4,26,2,3,370
580351912,6,8,22,72,1,0,0,0,109
580351913,12,14,1,144,2,9,0,0,182
580351914,7,21,9,128,3,8,2,2,180
580352001,3,6,3,95,3,6,0,0,116
580352002,51,132,0,22,0,1,0,0,206
580352003,2,3,28,18,0,0,1,0,52
580352004,3,6,0,83,2,5,0,2,101
580352005,0,1,2,14,0,2,0,1,20
580352006,4,6,0,88,6,9,0,4,117
580352007,14,9,27,325,2,40,0,5,422
580352008,22,43,27,332,7,3,0,4,438
580352009,20,41,27,151,2,0,0,0,241
580352010,8,29,21,227,3,6,0,2,296
580352011,201,37,2,49,0,0,0,0,289
580352012,2,3,19,370,4,0,0,0,398
580352101,4,4,1,89,3,9,0,2,112
580352102,121,91,28,48,0,0,0,6,294
580352103,79,49,18,87,41,0,0,0,274
580352104,20,16,71,230,17,0,0,1,355
580352105,51,83,8,126,4,1,0,4,277
580352106,85,99,11,85,5,0,0,5,290
580352107,133,83,53,73,2,0,0,2,346
580352108,7,20,3,240,1,0,0,0,271
580352109,164,93,0,0,0,0,0,1,258
580352110,20,46,23,211,3,3,0,2,308
580352111,8,18,4,235,1,5,0,0,271
580352112,8,4,1,185,3,0,0,0,201
580352113,1,1,0,122,4,8,0,3,139
580352114,21,56,7,162,4,3,1,2,256
580352115,10,6,35,129,3,0,0,2,185
580352116,2,5,1,185,0,0,0,2,195
580352201,3,2,1,150,3,23,0,2,184
580352202,4,4,84,103,2,1,0,0,198
580352203,1,8,0,25,1,0,0,0,35
580352204,0,0,0,15,0,0,0,0,15
580352205,5,10,15,239,1,9,0,0,279
580352206,107,179,0,0,0,0,0,0,286
580352207,62,146,1,59,1,0,0,3,272
580352208,28,66,10,203,5,1,0,0,313
580352209,32,61,4,165,9,1,0,5,277
580352210,49,45,6,154,5,2,0,1,262
580352211,147,80,2,149,4,1,0,1,384
580352212,0,80,11,42,0,0,0,0,133
580352213,24,33,4,152,3,16,0,0,232
580352214,37,44,3,191,2,9,0,0,286
580352215,11,41,3,131,0,0,0,1,187
580352216,14,15,2,140,2,2,0,2,177
580352217,50,51,2,231,3,6,2,5,350
580352218,2,79,0,37,1,0,0,2,121
580352219,13,31,5,244,4,1,0,0,298
580352220,14,15,1,213,3,4,0,0,250
580352221,26,37,37,111,1,4,0,0,216
580352301,0,1,5,23,12,5,0,9,55
580352302,7,21,120,129,0,0,0,0,277
580352303,32,41,23,114,3,0,0,0,213
580352304,69,147,15,50,10,0,0,3,294
580352305,34,59,11,126,7,3,0,5,245
580352306,32,52,10,66,2,1,0,0,163
580352307,62,67,58,99,10,0,0,1,297
580352308,87,93,34,79,1,1,0,3,298
580352309,118,89,34,105,1,0,0,0,347
580352310,55,64,9,134,2,0,0,0,264
580352311,51,59,6,188,8,1,0,5,318
580352312,25,60,9,195,5,1,0,0,295
580352313,27,33,142,86,1,0,1,5,295
580352314,89,55,61,61,0,0,0,1,267
580352315,6,18,2,180,0,4,0,0,210
580352316,26,35,2,155,3,0,0,5,226
580352317,9,23,0,211,7,5,0,2,257
580352318,5,4,1,158,2,1,0,0,171
580352319,14,40,43,236,1,0,0,0,334
580352320,2,9,166,21,0,1,0,0,199
580352321,25,16,0,124,1,0,0,2,168
580352322,0,0,0,9,0,0,0,0,9
580352323,0,3,0,185,0,1,0,0,189
580352324,5,21,3,167,0,0,0,2,198
580352325,58,80,36,65,4,0,0,1,244
580352326,2,2,170,50,0,0,0,0,224
580352327,2,22,23,119,1,0,0,4,171
580352401,1,5,0,212,2,19,0,3,242
580352402,2,5,1,227,0,0,0,2,237
580352403,18,67,32,276,5,45,0,1,444
580352404,10,69,35,209,6,32,0,1,362
580352405,2,31,3,185,5,23,0,1,250
580352406,14,21,1,137,2,76,0,5,256
580352407,12,33,0,147,6,84,0,5,287
580352408,9,26,0,120,2,128,0,2,287
580352409,5,19,1,125,6,87,1,7,251
580352410,3,58,27,161,1,28,0,3,281
580352411,11,31,5,334,3,1,3,3,391
580352412,5,40,6,260,1,2,0,1,315
580352413,1,5,0,176,5,20,0,1,208
580352414,3,35,10,146,2,0,0,0,196
580352501,5,17,3,308,2,7,0,3,345
580352502,5,25,30,261,1,1,0,1,324
580352503,5,35,18,267,3,8,0,1,337
580352504,4,11,4,200,2,1,0,1,223
580352505,1,9,54,99,9,0,0,2,174
580352506,58,86,2,7,1,0,0,12,166
580352507,68,127,1,7,2,0,0,10,215
580352508,5,33,24,112,2,0,0,2,178
580352509,1,7,3,13,181,0,0,0,205
580352510,18,24,8,225,1,2,0,1,279
580352511,18,51,26,128,3,4,0,4,234
580352512,3,28,10,164,6,26,0,4,241
580352513,5,22,45,189,5,13,1,0,280
580352514,11,35,18,222,5,8,3,3,305
580352515,7,21,23,145,58,8,2,0,264
580352516,7,14,9,209,25,12,0,1,277
580352517,9,65,30,221,0,7,0,0,332
580420101,0,0,0,37,2,32,10,11,92
580420102,1,0,0,34,0,23,9,2,69
580420103,0,0,0,63,0,9,3,0,75
580420104,1,0,0,40,2,13,6,0,62
580420105,0,1,0,102,2,2,0,0,107
580420106,1,0,0,123,2,8,9,2,145
580420107,0,0,0,26,1,6,2,0,35
580420108,2,0,0,34,1,1,6,2,46
580420109,2,0,0,51,0,2,0,0,55
580420201,5,16,11,169,2,22,2,2,229
580420202,2,15,0,195,3,3,0,0,218
580420203,4,22,3,184,0,1,0,0,214
580420204,2,5,4,115,49,1,0,1,177
580420205,28,38,1,149,0,0,0,0,216
580420206,6,32,8,178,10,8,0,1,243
580420207,8,10,16,222,8,5,4,3,276
580420208,6,20,18,212,9,8,4,0,277
580420209,1,10,5,157,4,14,0,1,192
580420210,1,12,4,164,0,1,2,1,185
580420211,3,25,0,266,3,1,0,1,299
580420212,39,62,5,67,29,2,1,0,205
580420213,3,15,2,142,10,9,1,1,183
580420214,4,20,3,250,3,0,0,0,280
580420215,5,17,3,196,6,5,0,0,232
580420216,6,20,10,153,2,5,0,0,196
580420217,2,11,0,276,0,3,0,0,292
580490101,0,0,0,4,0,0,0,0,4
580490102,0,1,0,37,0,12,2,0,52
580490103,0,1,0,7,0,2,0,0,10
580490201,0,1,0,14,1,0,0,0,16
580490202,0,0,0,87,0,31,0,3,121
580490203,0,0,0,54,0,12,1,1,68
580490204,2,0,0,56,1,12,0,0,71
580490205,0,1,1,87,1,11,0,2,103
580490301,1,6,1,57,5,6,0,1,77
580490302,0,0,0,23,2,0,0,0,25
580490401,3,2,6,260,0,7,3,0,281
580490402,1,0,94,23,0,1,0,3,122
580490403,3,1,2,213,33,6,0,3,261
580490404,3,0,0,291,8,12,0,0,314
580490405,1,2,1,180,1,5,0,1,191
580490406,0,3,2,200,0,3,0,0,208
580490407,6,2,1,387,7,56,1,2,462
580490408,3,8,2,232,11,26,0,1,283
580490409,1,2,5,237,3,18,0,3,269
580490410,4,2,1,186,1,1,0,3,198
580490411,2,0,0,165,1,46,0,1,215
580490412,2,0,1,123,51,10,1,1,189
580490413,4,1,0,258,11,9,0,3,286
580490414,0,1,0,160,1,45,1,3,211
580490415,3,1,1,127,2,45,1,5,185
580560101,0,0,0,50,2,17,1,2,72
580560102,0,0,0,6,0,5,0,1,12
580560104,0,0,0,8,0,0,0,0,8
580560105,1,0,4,79,1,35,0,1,121
580560201,0,0,3,25,1,3,0,0,32
580560202,0,0,1,13,3,0,0,0,17
580560203,0,0,1,10,1,0,0,0,12
580560204,0,0,1,6,1,0,0,0,8
580560205,0,0,0,9,2,0,0,0,11
580560206,0,0,2,23,0,1,0,1,27
580560301,2,3,1,156,8,14,0,3,187
580560302,0,5,1,198,3,85,0,0,292
580560303,0,13,0,251,5,7,0,7,283
580560304,2,1,0,255,10,10,0,5,283
580560305,1,0,5,214,106,14,0,4,344
580560306,0,2,0,251,61,8,0,2,324
580560307,3,3,17,163,5,22,0,2,215
580560308,0,3,3,302,9,68,0,2,387
580560309,19,10,8,161,6,2,1,4,211
580560310,0,0,0,80,1,31,1,1,114
580560401,1,1,3,187,5,15,0,3,215
580560402,1,1,0,198,1,0,2,1,204
580560403,0,0,1,257,4,10,0,2,274
580560404,4,2,15,174,7,4,1,4,211
580560405,0,0,5,455,1,8,0,2,471
580560406,1,0,6,268,3,5,0,3,286
580560407,18,3,1,358,6,32,0,2,420
580560408,0,0,0,221,2,3,0,0,226
580560409,1,0,5,174,9,5,0,3,197
580560410,1,1,8,137,4,8,2,5,166
580560411,1,0,1,53,5,9,0,0,69
580560501,0,0,1,16,0,0,0,0,17
580560502,0,2,12,130,3,7,0,2,156
580560503,4,0,0,94,2,1,0,0,101
580560504,0,4,5,154,10,0,0,1,174
580560505,2,0,2,258,43,35,0,13,353
580560506,5,1,1,257,4,28,0,2,298
580560507,3,9,0,318,10,18,2,6,366
580560508,3,3,1,225,4,29,1,2,268
580560509,25,2,10,246,10,14,1,1,309
580560510,3,11,1,165,20,5,0,2,207
580560511,6,7,9,180,12,6,1,5,226
580560512,14,1,4,176,6,1,0,4,206
580560513,1,0,4,124,2,7,0,1,139
580560514,1,2,7,92,10,0,0,1,113
580560515,2,6,11,145,8,2,0,0,174
580560516,2,2,9,181,8,3,0,3,208
580560517,0,0,12,109,15,0,0,5,141
580630101,0,0,0,24,0,14,4,1,43
580630102,0,0,0,49,1,18,7,1,76
580630103,0,0,0,14,0,10,1,1,26
580630104,0,0,0,107,1,36,2,1,147
580630105,0,0,0,85,0,7,0,0,92
580630106,0,0,0,6,0,3,2,0,11
580630107,0,0,0,10,0,4,0,0,14
580630108,0,0,0,21,0,12,2,0,35
580630109,0,0,0,69,2,12,8,0,91
580630110,0,0,0,30,1,10,0,1,42
580630111,4,13,6,518,7,27,0,9,584
580630112,6,15,3,422,15,43,0,2,506
580630113,5,8,2,285,2,30,1,0,333
580700101,0,0,0,9,1,2,0,1,13
580700102,0,0,3,12,7,9,0,1,32
580700103,6,0,43,186,15,62,0,13,325
580700104,4,0,20,152,5,5,0,14,200
580700105,6,2,16,277,41,103,3,8,456
580700106,18,0,18,177,33,20,0,7,273
580700107,7,2,10,284,16,105,3,7,434
580700108,1,1,13,158,3,19,0,4,199
580700109,4,0,2,84,52,46,2,4,194
580700110,0,2,34,99,9,21,1,9,175
580700111,2,1,2,220,19,65,0,4,313
580700112,2,0,19,110,13,16,0,4,164
580700113,0,1,9,237,12,73,1,1,334
580700114,3,1,0,140,1,148,0,2,295
580700201,0,0,3,17,5,6,2,1,34
580700202,1,0,3,44,12,2,0,3,65
580700203,0,0,0,8,3,3,1,0,15
580700204,0,1,2,76,11,11,0,1,102
580770101,0,0,0,0,0,0,0,0,0
580770102,0,0,0,145,1,8,0,0,154
580770103,4,0,2,150,8,17,5,4,190
580770104,1,0,1,90,1,8,2,1,104
580770105,1,2,0,147,5,10,0,0,165
580770106,0,2,1,229,3,2,0,0,237
580770201,1,0,0,124,0,8,1,1,135
580770202,2,0,0,36,6,1,0,0,45
580770203,0,0,0,75,0,4,0,0,79
580770204,0,1,0,62,3,15,0,0,81
580770205,0,5,5,201,11,2,0,2,226
580770206,0,0,2,86,0,4,0,0,92
580770207,0,1,6,200,3,9,0,1,220
580770208,3,3,6,357,5,2,0,0,376
580770210,1,1,0,80,2,7,0,0,91
580840101,1,0,0,8,0,3,2,1,15
580840102,6,0,1,181,1,17,0,0,206
580840103,0,0,0,87,0,0,0,0,87
580840104,0,0,0,27,0,12,1,0,40
580840105,4,3,11,102,0,12,0,1,133
580840106,5,5,9,219,3,8,0,3,252
580840107,0,1,0,57,2,22,5,1,88
580840108,1,0,1,86,0,21,2,0,111
580840109,2,1,1,86,0,8,2,0,100
580840110,0,0,0,11,0,5,1,1,18
580840111,1,0,0,79,0,29,0,1,110
580840112,0,0,0,14,0,5,1,0,20
580840113,0,0,0,3,0,0,0,0,3
580840114,0,0,0,15,0,1,1,0,17
580840115,0,0,0,0,0,0,0,0,0
580840116,1,1,1,174,0,2,0,1,180
580910101,0,0,0,5,0,9,7,1,22
580910102,3,0,0,49,0,16,5,1,74
580910103,14,2,0,212,0,11,0,3,242
580910104,0,0,0,10,1,9,6,0,26
580910105,0,0,0,4,0,4,4,0,12
580910106,4,1,0,102,1,11,8,0,127
580910107,5,14,4,359,33,12,7,2,436
580910108,8,17,0,275,6,5,1,0,312
580910109,0,1,0,30,2,21,0,1,55
580910201,0,0,0,5,2,2,1,0,10
580910202,0,3,2,3,1,0,4,0,13
580910203,0,2,0,2,0,1,9,0,14
580910204,0,0,0,9,0,0,0,0,9
580910205,1,3,19,18,0,4,1,0,46
580910301,0,0,0,22,1,2,0,0,25
580910302,20,2,0,109,1,7,3,5,147
580910303,14,2,8,232,5,6,1,13,281
580910304,35,12,14,332,9,0,2,5,409
580910305,24,8,30,209,2,6,1,3,283
580910306,22,11,5,157,0,2,2,6,205
580910307,10,8,2,119,4,2,1,1,147
580910308,7,5,2,175,5,2,0,1,197
580910309,10,5,70,105,3,0,2,1,196
580910310,13,5,4,135,5,2,0,1,165
580910311,53,19,1,177,4,14,8,10,286
580910312,4,2,2,155,4,2,0,1,170
580910313,5,5,2,163,0,1,0,0,176
580910314,10,12,6,139,4,4,0,3,178
580910315,2,4,2,137,5,3,0,6,159
580910316,3,3,26,93,8,0,0,0,133
580910317,5,10,4,207,0,1,0,2,229
580910318,5,26,62,203,3,2,0,3,304
580910319,10,11,0,227,1,1,0,0,250
580910320,17,9,0,201,1,2,1,1,232
580910321,11,14,1,205,0,2,1,0,234
580910322,8,5,5,224,1,1,0,1,245
580910323,21,5,5,204,5,6,1,6,253
580910324,34,2,5,235,1,4,0,5,286
580910325,13,7,1,191,2,0,0,2,216
580910326,8,3,0,143,3,1,0,2,160
580910327,4,10,1,210,3,1,1,2,232
580980101,1,5,2,86,1,1,0,0,96
580980102,0,1,0,2,0,0,0,0,3
580980103,14,43,10,337,50,10,0,2,466
580980104,17,11,3,389,6,27,2,6,461
580980105,2,2,0,75,2,10,1,1,93
580980201,0,0,0,31,1,4,0,0,36
580980202,0,3,11,130,3,4,0,0,151
580980203,0,0,0,16,0,4,0,0,20
580980204,0,1,3,62,0,2,1,0,69
580980205,1,0,1,64,0,0,0,0,66
581050101,0,3,1,44,0,1,0,0,49
581050102,0,3,3,117,0,5,0,0,128
581050103,1,3,5,177,3,15,0,11,215
581050104,1,14,6,277,2,8,0,0,308
581050105,0,10,2,211,1,11,0,1,236
581050106,4,22,4,371,46,6,0,1,454
581050201,0,0,0,4,0,0,0,0,4
581050202,0,0,0,12,1,1,0,0,14
581050203,0,0,0,9,0,2,0,1,12
581050204,0,0,48,6,4,0,0,0,58
581050205,0,0,1,15,0,8,0,1,25
581050206,0,0,0,6,0,4,1,0,11
581050207,0,0,0,50,0,8,0,0,58
581050208,0,0,0,11,0,8,1,0,20
581050209,1,1,0,51,0,10,0,0,63
581050210,0,0,0,21,1,9,2,1,34
581050211,1,1,2,201,4,4,0,0,213
581050212,0,0,0,11,1,12,4,0,28
581050213,1,0,0,25,0,3,0,0,29
581050214,0,0,0,18,0,2,0,0,20
581120101,0,0,3,72,0,22,2,1,100
581120102,0,0,1,17,0,5,0,0,23
581120103,0,5,22,28,43,0,0,0,98
581120104,0,0,0,21,0,8,0,1,30
581120105,0,2,0,54,0,14,0,0,70
581120106,0,0,0,24,1,0,0,0,25
581120107,1,0,0,21,0,3,0,0,25
581120108,0,1,0,21,1,5,4,0,32
581120109,0,1,0,33,1,2,0,1,38
581120201,0,0,0,53,0,16,2,6,77
581120202,6,3,0,65,8,11,0,2,95
581120203,0,0,0,31,1,7,0,0,39
581120205,0,0,0,170,10,23,1,3,207
581120206,5,5,5,170,8,21,0,0,214
581120207,1,1,76,9,0,2,0,1,90
581120208,2,7,8,189,8,9,0,1,224
581120301,2,5,1,99,0,19,0,1,127
581120302,2,18,4,336,4,3,0,3,370
581120303,1,15,22,351,3,8,0,2,402
581120304,12,21,160,177,2,2,0,1,375
581120305,9,25,4,270,6,18,0,1,333
581120306,107,94,14,26,1,2,0,8,252
581120307,7,22,118,170,1,11,0,2,331
581120308,6,5,3,176,135,5,1,1,332
581120309,5,30,2,239,3,11,1,3,294
581120310,87,76,0,144,21,0,0,2,330
581120311,8,33,1,170,8,15,0,4,239
581120312,86,77,10,123,4,1,0,2,303
581120313,12,42,20,145,7,3,0,4,233
581120314,24,18,33,180,2,0,0,0,257
581120315,27,31,17,70,0,0,0,0,145
581120316,18,32,4,158,8,8,0,0,228
581120401,2,5,1,118,3,44,1,1,175
581120402,2,3,0,188,2,50,0,1,246
581120403,2,2,0,15,0,3,0,0,22
581120404,2,1,20,311,7,2,0,2,345
581120405,11,54,2,179,1,14,0,0,261
581120406,12,38,0,121,2,2,0,1,176
581120407,20,50,5,119,4,6,1,2,207
581120408,19,42,11,278,10,7,0,4,371
581120409,20,18,4,110,0,2,0,1,155
581120410,93,66,0,16,0,0,0,6,181
581120411,13,20,7,143,1,14,0,0,198
581120412,11,38,1,127,4,18,0,0,199
581120413,11,52,6,219,41,17,0,12,358
581120414,0,5,0,92,1,14,0,2,114
581120415,3,10,7,252,11,29,0,1,313
581120416,14,30,1,78,1,5,0,1,130
581120417,6,10,0,1,0,0,0,0,17
581120418,2,15,246,132,5,11,1,1,413
581120419,3,19,0,219,0,25,1,0,267
581120420,24,72,4,194,7,5,1,0,307
581120421,0,5,114,222,0,1,0,0,342
620070101,1,0,0,16,0,0,0,0,17
620070201,2,2,1,32,1,0,0,0,38
620070301,0,1,1,21,0,0,0,0,23
620070302,3,3,5,156,12,1,0,3,183
620070303,0,2,4,97,11,1,1,0,116
620070401,0,2,1,25,4,1,0,0,33
620070501,15,61,13,93,8,1,0,0,191
620070502,18,62,16,59,2,0,0,0,157
620070503,9,82,36,143,2,2,1,0,275
620070504,10,28,67,57,1,0,0,0,163
620070505,49,60,27,44,1,0,0,1,182
620070506,61,72,31,45,5,0,0,0,214
620070507,47,97,27,55,4,2,0,3,235
620070508,51,60,51,26,3,0,0,0,191
620070509,11,66,29,58,2,0,0,0,166
620070510,48,145,50,123,7,0,0,0,373
620070511,26,117,22,73,2,1,0,0,241
620070601,4,4,3,75,0,1,0,0,87
620070602,53,127,1,63,5,2,0,2,253
620070603,55,63,2,66,9,3,5,1,204
620070604,4,6,4,92,4,5,2,0,117
620070605,0,1,0,5,0,0,0,0,6
620070606,2,10,1,31,1,3,0,3,51
620070607,9,2,3,123,3,3,0,2,145
620070608,7,15,8,334,3,1,0,0,368
620070609,41,13,4,242,22,2,0,1,325
620070610,10,38,0,106,5,47,2,2,210
620070611,10,17,0,89,3,40,0,5,164
620070612,4,35,0,231,35,1,0,2,308
620070613,1,0,0,109,0,0,0,0,110
620070614,1,2,0,31,1,88,0,10,133
620070701,19,89,17,60,8,0,0,1,194
620070702,9,86,35,108,2,0,0,0,240
620070703,5,75,21,80,15,2,0,0,198
620070704,44,95,6,113,69,1,0,2,330
620070705,46,141,7,112,32,0,0,1,339
620070706,26,99,5,69,6,0,1,4,210
620070707,1,126,1,39,232,0,0,4,403
620070708,3,155,12,16,228,0,0,26,440
620070709,6,43,19,65,3,0,0,1,137
620070710,5,18,2,31,0,1,0,0,57
620070711,132,121,214,154,3,0,0,34,658
620070712,3,29,83,108,1,0,0,1,225
620070713,4,130,35,78,0,0,0,2,249
620070801,7,37,46,80,1,2,0,1,174
620070802,1,3,0,133,2,0,0,0,139
620070803,1,10,1,18,0,0,0,2,32
620070804,1,82,0,174,22,0,0,0,279
620070805,18,77,0,225,2,0,0,0,322
620070806,14,330,2,1,0,0,0,0,347
620070807,35,150,0,0,0,0,0,0,185
620070808,24,73,7,86,7,2,0,8,207
620070809,15,60,73,23,1,0,0,4,176
620070810,13,98,58,129,6,2,0,3,309
620070811,4,107,13,128,3,3,0,0,258
620070812,11,67,19,67,1,2,0,0,167
620070813,3,47,48,124,1,0,0,0,223
620070814,8,22,120,37,0,0,0,1,188
620070815,19,25,26,84,5,0,0,3,162
620070816,2,26,54,69,1,3,0,0,155
620070817,26,47,38,41,1,1,0,0,154
620070818,9,48,14,80,1,2,0,0,154
620070901,1,4,3,16,0,1,0,0,25
620070902,5,4,19,44,6,0,0,0,78
620070903,1,2,2,24,0,1,0,0,30
620070904,11,2,8,29,4,1,0,2,57
620070905,2,8,2,14,6,0,0,0,32
620070906,11,6,12,26,3,0,0,0,58
620071001,44,60,41,31,1,0,0,0,177
620071002,28,55,76,21,0,0,0,0,180
620071003,59,91,47,26,11,0,0,2,236
620071004,29,57,75,18,1,2,0,1,183
620071005,31,81,48,42,1,0,0,2,205
620071006,31,95,28,54,2,0,0,2,212
620071007,60,108,18,72,5,0,0,0,263
620071008,47,94,10,24,8,0,0,2,185
620071009,31,72,9,53,2,0,0,0,167
620071010,100,32,12,25,2,0,0,0,171
620071011,18,71,16,52,0,0,0,1,158
620071012,39,82,18,72,2,2,0,3,218
620071013,19,54,23,107,16,1,0,0,220
620071101,10,78,1,197,33,5,0,7,331
620071102,6,0,129,14,0,0,0,36,185
620071103,16,99,25,191,4,3,0,0,338
620071104,3,15,2,225,20,1,0,0,266
620071105,3,1,0,122,0,0,0,0,126
620071106,6,18,1,152,6,1,0,4,188
620071107,2,31,1,182,2,3,1,0,222
620071108,3,27,2,122,4,28,0,8,194
620071109,24,51,10,106,10,9,1,21,232
620071110,9,60,5,118,0,4,0,1,197
620071111,11,64,2,208,11,17,0,2,315
620071112,1,32,3,236,0,30,1,3,306
620140101,0,0,0,13,1,0,0,1,15
620140102,3,5,2,198,12,6,0,1,227
620140103,2,7,84,210,5,5,0,6,319
620140104,3,7,4,288,27,1,0,1,331
620140105,5,22,14,135,109,0,0,1,286
620140106,0,0,1,24,1,0,0,0,26
620140107,0,0,0,0,0,0,0,0,0
620140108,3,6,3,155,1,2,2,0,172
620140109,0,5,3,50,0,0,0,0,58
620140110,7,12,14,265,3,3,0,1,305
620140111,3,3,0,307,5,5,0,0,323
620140112,2,1,0,162,2,10,3,0,180
620140201,13,28,14,202,1,2,0,1,261
620140202,49,29,14,106,0,1,0,1,200
620140203,13,36,11,175,2,1,0,2,240
620140204,12,34,25,222,1,3,0,1,298
620140301,32,8,1,306,14,2,0,0,363
620140302,1,6,4,134,1,8,1,1,156
620140303,12,14,7,190,5,5,0,3,236
620140304,8,7,13,263,5,2,0,2,300
620140401,8,23,4,314,8,11,0,0,368
620140402,46,70,43,168,3,0,0,13,343
620140403,33,45,35,146,5,0,0,0,264
620140404,15,21,9,241,3,1,0,1,291
620140405,126,82,0,1,1,0,0,1,211
620140406,23,22,35,155,3,5,0,1,244
620140407,23,40,35,117,0,1,0,1,217
620140408,1,19,7,324,4,0,0,0,355
620140409,18,34,35,119,2,0,0,0,208
620140410,19,37,4,206,3,1,0,0,270
620140501,1,0,0,23,0,0,0,0,24
620140601,10,50,13,161,2,1,0,0,237
620140602,6,8,9,220,4,5,0,0,252
620140603,0,9,8,193,4,0,0,0,214
620140604,2,5,0,186,2,16,1,0,212
620140605,20,6,5,161,28,2,0,3,225
620140606,2,3,5,160,1,1,0,1,173
620140607,4,5,3,216,7,2,0,0,237
620140608,23,8,1,154,28,18,0,0,232
620140609,10,3,2,187,4,15,3,0,224
620140701,0,0,0,43,1,0,0,0,44
620140801,0,2,0,44,0,1,1,0,48
620140901,1,2,2,163,11,1,0,0,180
620140902,0,17,5,91,6,1,1,0,121
620140903,1,1,0,14,1,0,0,0,17
620141001,0,0,3,64,2,1,0,0,70
620141002,2,5,6,140,8,2,0,0,163
620141003,1,0,0,153,3,20,0,0,177
620141101,3,8,2,121,13,8,0,5,160
620141102,2,13,31,241,10,1,0,2,300
620141103,6,5,4,152,2,3,0,0,172
620210101,1,1,23,57,13,19,1,4,119
620210102,5,0,7,188,51,66,1,13,331
620210103,0,2,16,45,18,5,0,8,94
620210104,6,2,20,116,22,22,0,13,201
620210105,0,1,10,63,17,7,0,3,101
620210106,1,1,27,133,38,22,0,1,223
620210107,1,0,22,131,53,6,0,6,219
620210108,1,0,33,137,27,13,0,1,212
620210109,1,0,0,130,16,16,0,7,170
620210110,1,2,0,138,44,47,1,8,241
620210111,2,1,2,95,110,20,0,0,230
620210112,3,1,14,80,10,11,0,2,121
620210201,0,2,13,64,5,8,0,1,93
620210202,5,2,20,98,10,8,0,5,148
620210203,2,1,9,140,40,115,0,4,311
620210204,0,0,1,148,26,64,1,2,242
620210205,0,0,2,183,16,43,0,2,246
620210206,3,2,3,214,45,52,0,0,319
620210207,0,1,1,195,3,0,0,1,201
620210208,2,3,20,205,32,3,0,2,267
620210209,5,1,0,127,27,20,0,1,181
620210210,1,3,2,158,27,32,1,16,240
620210211,2,2,2,234,28,40,1,7,316
620210212,1,0,0,91,10,75,0,0,177
620210301,17,17,42,28,28,0,0,2,134
620210302,65,81,0,2,0,0,0,1,149
620210303,7,3,46,38,100,0,0,0,194
620210304,4,71,0,31,40,0,0,0,146
620210305,5,20,9,25,73,0,0,1,133
620210306,17,18,1,38,41,0,0,1,116
620210307,25,38,0,29,23,0,0,1,116
620210308,3,6,5,83,44,0,0,1,142
620210309,7,55,7,97,74,2,0,1,243
620210310,11,3,18,84,37,0,0,6,159
620210311,0,17,14,62,75,0,0,3,171
620210312,1,2,36,57,63,0,0,2,161
620210313,17,20,16,92,74,0,0,0,219
620210401,1,1,6,23,6,1,0,2,40
620210402,1,0,6,44,11,8,0,5,75
620210403,1,0,2,11,11,0,0,1,26
620210501,1,0,7,125,23,42,2,3,203
620210502,1,1,1,73,4,36,1,4,121
620210503,1,0,0,8,0,5,0,2,16
620210601,5,2,0,65,9,20,0,7,108
620210602,5,0,4,129,18,23,3,2,184
620210603,0,7,5,89,37,5,0,5,148
620210604,2,1,3,195,25,5,0,1,232
620210605,1,2,6,102,18,7,0,0,136
620210606,0,3,4,140,30,3,0,0,180
620210607,3,3,4,170,26,47,0,2,255
620210608,2,3,3,189,8,93,1,4,303
620210701,2,1,5,166,11,38,0,10,233
620210702,4,0,0,66,12,34,0,5,121
620210703,11,0,2,73,5,35,2,2,130
620210704,2,0,2,68,6,45,2,3,128
620210705,5,2,0,152,29,81,0,7,276
620210706,0,2,4,167,28,100,0,5,306
620210707,7,2,0,231,14,143,0,15,412
620210708,5,0,7,64,14,35,1,2,128
620210709,9,1,3,149,29,103,2,5,301
620210710,4,0,2,124,6,4,0,0,140
620210801,2,6,0,104,78,14,0,0,204
620210802,9,8,6,47,112,5,0,1,188
620210803,5,18,2,108,106,16,0,3,258
620210804,1,0,2,60,75,16,0,2,156
620210805,1,3,0,143,71,42,1,3,264
620210806,35,5,3,91,56,26,0,2,218
620210807,7,7,4,122,75,20,0,8,243
620210808,2,2,1,128,77,30,1,0,241
620210809,1,9,2,202,67,53,0,10,344
620210810,4,6,1,165,100,58,1,1,336
620210901,2,23,10,39,135,1,0,2,212
620210902,2,6,36,112,156,4,0,2,318
620210903,14,16,10,124,104,61,1,6,336
620210904,3,6,5,198,135,30,0,2,379
620210905,2,2,6,172,129,13,2,2,328
620210906,0,1,4,110,61,14,0,0,190
620210907,4,5,44,80,87,0,0,6,226
620210908,1,3,30,213,114,25,0,8,394
620210909,1,4,3,118,56,10,3,1,196
620211001,0,10,2,147,64,65,1,4,293
620211002,0,13,0,157,115,19,0,3,307
620211003,0,2,1,130,62,57,1,1,254
620211004,2,4,3,107,39,33,0,3,191
620211005,0,1,0,200,80,58,1,0,340
620211006,1,6,0,99,51,37,0,24,218
620211007,0,3,0,83,84,15,0,1,186
620211008,0,10,0,127,37,30,0,5,209
620211009,2,8,2,13,159,1,0,4,189
620211010,0,20,2,5,148,0,0,9,184
620211011,0,7,1,14,142,1,0,1,166
620211101,0,0,53,55,53,2,0,0,163
620211102,4,2,23,108,69,1,2,6,215
620211103,5,4,37,104,120,3,0,6,279
620211104,2,7,43,89,48,2,3,0,194
620211105,3,0,24,118,68,7,0,2,222
620211106,1,0,43,138,69,6,0,0,257
620211107,22,0,5,113,35,8,0,8,191
620211108,1,5,24,85,57,2,0,0,174
620211109,9,2,16,111,37,4,0,9,188
620211110,3,0,11,97,49,13,0,20,193
620211111,4,0,4,148,40,60,0,2,258
620211112,0,3,9,196,46,45,2,10,311
620211113,2,2,38,114,51,5,0,12,224
620211114,4,3,5,109,17,14,0,5,157
620211201,7,3,19,109,46,6,1,5,196
620211202,1,0,25,101,42,13,0,4,186
620211203,2,1,8,91,52,8,0,2,164
620211204,1,0,16,59,42,6,0,4,128
620211205,2,0,18,74,34,7,0,7,142
620211206,1,1,6,153,45,10,0,1,217
620211207,4,0,1,159,16,19,0,5,204
620211208,2,1,14,236,25,31,0,7,316
620211209,1,2,4,24,2,2,0,2,37
620211301,0,6,47,86,39,1,1,5,185
620211302,2,2,19,111,125,3,0,14,276
620211303,3,5,30,92,85,0,0,7,222
620211304,7,2,27,68,40,1,1,7,153
620211305,5,1,28,59,27,3,0,6,129
620211306,4,2,57,87,67,2,0,0,219
620211307,2,2,35,92,69,1,3,9,213
620211308,0,6,36,67,85,3,0,10,207
620211309,2,1,20,56,39,2,0,4,124
620211310,2,4,31,84,73,2,0,4,200
620211311,7,6,47,98,75,3,0,11,247
620211401,4,3,1,126,42,22,3,2,203
620211402,1,0,7,237,30,67,0,5,347
620211403,4,2,0,215,25,90,0,11,347
620211404,6,1,0,212,15,100,0,0,334
620211405,4,2,2,304,10,32,1,8,363
620211406,1,3,0,102,20,72,1,7,206
620211407,3,2,1,84,13,91,0,8,202
620211408,21,0,0,172,17,39,0,0,249
620211409,2,3,2,242,90,40,0,0,379
620211410,0,3,1,190,91,53,1,5,344
620211411,0,1,0,237,27,24,0,14,303
620211412,1,8,2,241,1,0,0,0,253
620211413,0,2,5,175,6,3,0,1,192
620211414,1,1,2,199,12,7,1,1,224
620211415,1,3,4,227,12,8,1,4,260
620211416,2,3,20,224,21,14,2,6,292
620211417,9,2,17,136,43,5,0,4,216
620211418,1,0,1,33,3,9,0,0,47
620211501,37,13,1,47,44,0,0,5,147
620211502,16,1,0,79,33,0,0,4,133
620211503,6,17,23,77,153,0,0,4,280
620211504,4,23,7,28,87,0,0,0,149
620211505,4,10,3,36,102,4,0,1,160
620211506,1,2,8,90,174,5,0,1,281
620211507,4,11,4,76,58,1,0,9,163
620211508,3,9,3,39,100,1,0,0,155
620211509,28,9,9,44,54,1,0,0,145
620211510,2,18,9,52,71,0,0,0,152
620211511,2,11,12,60,98,6,1,5,195
620211512,12,13,12,50,109,9,0,2,207
620211601,3,6,9,169,108,23,1,2,321
620211602,9,4,4,113,101,27,1,8,267
620211603,5,25,1,120,176,18,0,12,357
620211604,5,35,1,9,204,0,0,0,254
620211605,1,5,1,21,139,3,0,5,175
620211606,13,34,3,3,231,0,0,2,286
620211607,7,11,1,242,41,29,0,6,337
620211608,1,12,0,106,210,0,0,2,331
620211609,0,45,1,1,198,0,0,1,246
620211701,3,5,5,111,104,15,0,3,246
620211702,1,2,2,128,48,24,0,5,210
620211703,0,4,0,7,136,1,0,0,148
620211704,0,0,0,116,4,75,2,4,201
620211705,4,0,0,189,37,61,0,0,291
620211706,2,0,1,150,43,42,0,1,239
620211707,1,0,1,108,98,20,2,2,232
620211708,2,3,4,259,23,14,0,9,314
620211709,5,2,0,173,6,22,3,0,211
620211710,2,0,2,189,3,53,0,0,249
620211801,2,10,13,112,88,12,0,3,240
620211802,4,10,6,90,125,10,0,3,248
620211803,6,10,4,87,88,22,1,0,218
620211804,1,5,8,92,56,14,0,3,179
620211805,9,34,14,80,99,0,0,4,240
620211806,0,5,1,90,87,21,0,2,206
620211807,3,2,2,98,52,30,0,1,188
620211808,2,4,0,124,1,0,0,2,133
620211809,5,3,2,182,45,42,0,1,280
620211901,5,4,0,150,16,7,0,3,185
620211902,1,2,0,148,12,61,0,10,234
620211903,4,2,9,202,37,11,0,2,267
620211904,2,0,1,230,5,3,1,2,244
620211905,3,0,0,152,8,31,1,2,197
620211906,4,0,6,95,34,9,1,1,150
620211907,0,0,4,90,13,9,0,1,117
620211908,7,1,0,179,7,97,0,3,294
620211909,5,3,0,114,6,43,1,3,175
620211910,0,0,1,122,23,44,0,2,192
620211911,4,4,3,177,44,36,0,2,270
620211912,2,0,1,111,6,104,0,5,229
620280101,0,0,0,8,0,1,0,0,9
620280102,0,0,2,25,2,1,0,1,31
620280103,5,2,1,35,9,8,0,2,62
620280104,7,10,5,164,8,14,9,7,224
620280105,4,2,6,84,5,14,1,10,126
620280201,0,5,0,15,1,3,0,1,25
620280301,0,0,0,21,2,0,0,0,23
620280401,17,15,18,268,19,5,0,0,342
620280402,23,49,64,169,11,3,0,1,320
620280403,22,14,28,132,2,1,0,0,199
620280404,13,2,1,245,3,4,0,0,268
620280405,7,26,5,103,37,2,0,1,181
620280406,25,23,40,211,4,1,0,0,304
620280407,4,4,64,63,2,3,0,0,140
620350101,9,27,1,97,2,23,0,2,161
620350102,1,2,1,156,2,18,0,1,181
620350103,0,0,0,71,0,11,0,0,82
620350104,0,0,1,77,3,4,0,0,85
620350105,1,0,0,25,0,9,13,0,48
620350106,0,2,4,78,2,2,0,0,88
620350107,0,2,0,57,2,4,5,0,70
620350108,0,1,0,25,0,0,0,0,26
620350109,1,0,0,32,0,4,0,1,38
620350110,2,1,1,180,2,3,1,1,191
620350111,1,1,0,236,2,47,11,0,298
620350112,11,14,4,105,9,20,1,1,165
620350113,7,21,5,148,1,44,1,3,230
620350114,22,33,3,133,1,14,0,0,206
620420101,4,0,0,20,1,0,1,0,26
620420102,1,1,2,51,1,1,0,0,57
620420103,4,8,7,104,2,3,1,2,131
620420104,0,1,0,28,1,0,0,1,31
620420201,2,5,4,52,3,0,0,0,66
620420202,6,2,2,129,4,18,6,10,177
620420301,0,0,0,19,0,0,0,0,19
620420401,13,12,14,300,4,4,0,0,347
620420402,4,20,2,221,7,6,0,1,261
620420403,1,4,7,147,9,4,0,0,172
620420404,3,13,11,181,0,12,0,2,222
620420405,8,31,4,242,12,4,0,0,301
620420406,4,4,2,168,13,25,0,0,216
620420407,5,7,0,50,5,8,5,1,81
620420408,7,6,0,118,3,32,1,1,168
620420409,8,8,5,87,3,11,0,2,124
620420410,8,21,20,184,6,10,0,0,249
620420411,2,3,0,169,1,7,0,0,182
620420412,11,31,21,154,13,2,0,0,232
620420501,4,9,2,100,21,2,0,1,139
620420502,3,3,6,113,18,2,0,1,146
620420503,0,2,1,38,3,1,0,0,45
620420504,9,7,0,162,4,6,0,3,191
620420505,9,15,17,133,6,2,0,3,185
620420506,14,5,0,204,4,2,0,1,230
620420601,2,72,7,160,13,6,1,1,262
620420602,6,19,14,273,12,2,0,1,327
620420603,18,46,5,71,28,0,0,0,168
620420604,19,7,5,169,11,1,0,0,212
620420605,1,6,2,184,19,4,0,0,216
620420606,0,7,3,188,1,5,0,0,204
620420607,8,45,7,209,11,0,0,2,282
620420608,11,15,18,135,4,1,0,0,184
620420609,29,137,14,66,4,0,0,0,250
620420610,22,8,29,148,10,0,0,2,219
620420611,12,27,23,116,22,0,0,12,212
620420612,14,18,21,100,12,0,0,0,165
620420613,7,51,10,106,12,2,0,1,189
620420614,6,8,3,176,3,2,0,0,198
620420615,5,12,5,233,4,5,0,6,270
620420701,26,58,22,242,9,47,1,6,411
620420702,7,7,5,331,15,79,0,2,446
620420703,7,14,1,114,21,1,0,0,158
620420704,10,16,13,148,9,15,0,1,212
620420705,13,21,31,269,7,40,1,1,383
620420706,2,2,0,84,2,27,0,0,117
620420707,1,17,5,155,14,40,3,2,237
620420708,17,15,7,133,10,2,0,0,184
620420709,6,6,4,153,12,11,0,1,193
620420710,10,0,0,152,3,36,0,5,206
620420711,7,22,66,89,4,1,0,0,189
620420712,1,3,0,69,1,51,0,7,132
620420713,9,4,0,148,9,163,10,12,355
620420714,2,7,0,242,4,94,5,2,356
620420715,4,11,4,172,3,20,0,1,215
620420716,2,4,4,176,4,20,0,0,210
620420717,4,3,0,66,5,61,1,0,140
620420801,157,99,0,35,1,0,0,0,292
620420802,29,68,78,101,9,0,0,3,288
620420803,22,49,10,113,7,0,0,11,212
620420804,18,35,63,71,1,1,0,2,191
620420805,6,10,36,108,4,0,0,0,164
620420806,32,51,76,62,9,1,0,0,231
620420807,45,80,24,95,16,1,0,2,263
620420808,94,94,5,61,4,0,0,0,258
620420809,49,122,1,21,1,0,0,2,196
620420810,105,81,5,48,5,0,0,5,249
620420901,12,47,33,93,0,0,0,16,201
620420902,6,27,19,262,7,26,2,8,357
620420903,1,15,2,212,1,19,1,5,256
620420904,8,21,24,115,32,0,0,1,201
620420905,3,13,70,154,1,1,0,1,243
620420906,4,40,28,221,29,1,0,2,325
620420907,7,4,32,221,3,7,0,3,277
620420908,3,9,13,169,3,12,0,4,213
620420909,7,25,25,146,3,2,0,2,210
620420910,11,30,14,161,14,3,0,1,234
620421001,5,1,2,289,6,21,0,2,326
620421002,12,33,3,192,4,1,0,1,246
620421003,10,9,8,172,17,6,0,0,222
620421004,3,28,3,128,7,4,0,1,174
620421005,6,23,5,207,6,8,0,1,256
620421006,17,16,7,201,5,5,0,1,252
620421007,26,10,9,152,1,4,0,0,202
620421008,4,9,4,198,9,16,0,1,241
620421009,12,15,8,236,7,9,0,5,292
620421010,9,60,43,141,2,17,0,1,273
620421011,12,39,16,153,12,2,0,0,234
620421012,23,24,42,69,39,0,0,1,198
620421013,25,50,28,77,8,0,0,0,188
620421101,5,9,3,177,7,10,0,0,211
620421102,7,26,25,155,17,1,0,3,234
620421103,9,18,3,130,10,8,0,1,179
620421104,6,9,5,177,17,11,1,5,231
620421105,3,2,4,191,9,23,1,2,235
620421106,12,1,8,184,5,14,1,3,228
620421107,7,1,3,155,7,58,1,0,232
620421108,3,10,4,127,11,4,0,1,160
620421109,1,1,2,214,3,13,0,3,237
620421110,8,2,1,247,4,35,0,2,299
620421111,2,2,100,42,2,18,0,0,166
620421112,2,0,1,148,1,70,0,2,224
620421201,5,25,18,225,5,3,0,1,282
620421202,2,2,4,292,0,1,0,0,301
620421203,28,44,40,228,7,1,0,0,348
620421204,17,41,41,132,2,0,0,2,235
620421205,8,25,26,92,0,0,0,2,153
620421206,8,39,14,95,7,1,0,2,166
620421207,39,58,21,191,8,1,0,10,328
620421208,14,24,23,190,4,0,0,0,255
620421209,34,38,22,125,10,0,0,2,231
620421210,33,45,35,81,7,0,0,1,202
620421211,49,29,18,69,4,0,0,0,169
620421212,37,29,12,109,7,0,0,0,194
620421213,24,55,20,95,5,2,0,2,203
620421214,21,28,8,69,2,0,0,0,128
620421301,5,4,7,199,2,15,0,1,233
620421302,18,9,5,244,8,45,0,2,331
620421303,4,11,8,210,18,8,0,22,281
620421304,12,13,9,226,21,12,0,28,321
620421305,6,11,26,238,11,17,0,3,312
620421306,4,11,13,321,10,8,0,2,369
620421401,8,4,6,187,6,11,0,2,224
620421402,0,3,0,6,11,3,0,0,23
620421403,4,3,10,245,15,20,0,0,297
620421404,2,2,3,151,2,8,0,1,169
620421405,4,11,11,269,5,15,3,1,319
620421406,5,8,3,90,7,1,0,0,114
620421407,17,11,17,210,17,3,0,3,278
620421408,10,6,9,181,14,5,1,7,233
620421409,1,6,5,132,8,21,0,1,174
620421410,3,0,4,98,2,3,0,1,111
620421411,3,2,3,166,10,26,0,1,211
620421412,3,0,1,76,2,10,0,4,96
620421501,27,20,8,309,11,5,0,0,380
620421502,4,8,1,162,9,32,1,2,219
620421503,2,10,2,208,9,5,0,0,236
620421504,9,8,3,169,10,10,0,4,213
620421505,12,27,8,125,22,1,0,0,195
620421506,1,1,0,154,1,22,0,6,185
620421507,5,2,1,229,3,0,0,1,241
620421508,2,0,0,111,1,5,0,0,119
620421601,3,38,48,144,3,9,0,1,246
620421602,0,8,0,86,11,24,0,2,131
620421603,29,6,2,156,5,3,0,0,201
620421604,2,8,2,170,9,3,0,5,199
620421701,4,13,0,226,3,18,0,1,265
620421702,11,9,5,164,11,6,1,0,207
620421801,12,15,19,194,5,0,0,0,245
620421802,7,9,6,115,1,0,0,0,138
620421803,1,9,11,254,24,16,0,1,316
620421804,58,93,7,20,68,0,0,1,247
620421805,3,6,7,206,9,9,0,0,240
620421806,8,3,4,157,28,3,0,0,203
620421807,7,9,4,276,4,1,0,0,301
620421901,25,70,10,175,4,0,0,0,284
620421902,3,10,6,164,3,6,1,0,193
620421903,31,47,4,165,5,0,0,5,257
620421904,0,7,3,228,1,20,0,1,260
620421905,3,6,5,69,1,1,0,4,89
620422001,0,1,0,39,5,24,0,0,69
620422002,14,48,100,73,0,0,0,2,237
620422003,20,28,41,57,5,0,0,0,151
620422004,43,48,15,82,2,0,0,1,191
620422005,41,33,13,60,2,1,0,0,150
620422006,16,35,0,187,4,4,0,2,248
620422007,7,27,92,105,11,0,0,1,243
620422008,7,45,32,86,0,0,0,0,170
620422009,15,46,29,59,2,0,0,0,151
620422010,7,39,35,52,1,0,0,0,134
620422011,17,27,99,79,2,0,0,0,224
620422012,5,28,44,120,29,0,0,0,226
620422013,26,216,1,0,0,0,0,1,244
620422101,6,77,0,180,2,3,0,0,268
620422102,4,18,3,119,5,1,0,4,154
620422103,5,10,5,269,4,1,0,1,295
620422104,5,5,0,127,3,3,0,0,143
620422105,2,9,11,169,17,4,1,2,215
620422106,4,8,1,165,2,2,0,2,184
620422107,12,24,2,203,9,5,0,2,257
620422108,10,10,8,95,0,0,0,0,123
620422109,2,17,2,84,8,0,0,0,113
620422201,16,58,30,243,44,8,0,8,407
620422202,0,1,1,64,1,0,0,0,67
620422203,8,6,2,225,4,9,0,0,254
620422204,1,1,0,77,0,1,0,0,80
620422205,9,2,3,286,2,20,0,2,324
620422206,10,15,2,194,8,8,0,4,241
620422301,14,37,4,182,1,5,1,2,246
620422302,10,18,2,168,7,2,1,0,208
620422303,17,33,16,108,11,4,0,2,191
620422304,63,57,7,91,0,1,0,1,220
620422305,63,301,1,16,4,0,0,3,388
620422306,36,84,18,77,2,0,0,0,217
620422307,36,53,6,106,2,1,0,0,204
620422308,37,54,13,71,4,0,0,1,180
620422309,28,39,20,103,21,0,0,1,212
620422310,31,48,11,75,4,0,0,1,170
620422311,34,73,13,177,6,1,1,6,311
620422401,17,67,3,20,92,0,0,21,220
620422402,22,89,15,89,0,1,1,1,218
620422403,17,70,30,72,30,1,0,2,222
620422404,20,134,52,120,4,0,0,0,330
620422405,32,61,30,181,6,4,0,1,315
620422406,22,55,19,90,1,1,0,0,188
620422407,32,77,7,59,10,0,0,0,185
620422408,73,79,52,122,12,4,0,2,344
620422501,25,81,42,106,64,2,0,0,320
620422502,12,93,13,180,0,2,0,1,301
620422503,80,192,12,86,14,1,0,1,386
620422504,13,50,3,147,1,1,0,1,216
620422505,20,99,15,222,5,9,0,4,374
620422506,23,72,4,139,4,3,0,0,245
620422507,17,89,12,161,6,5,0,0,290
620422508,35,122,11,240,0,3,0,1,412
620422509,10,65,8,170,24,2,0,3,282
620422510,30,94,61,126,20,1,0,0,332
620422601,0,12,26,215,1,12,0,4,270
620422602,2,21,27,168,5,14,0,0,237
620422603,27,24,25,213,2,21,0,0,312
620422604,0,5,11,148,0,7,0,1,172
620422605,8,7,8,134,7,22,0,0,186
620422606,5,12,4,170,2,16,0,3,212
620422607,0,7,11,138,10,10,0,0,176
620422608,12,11,8,124,10,6,0,2,173
620422609,12,9,13,223,2,17,0,2,278
620422610,8,15,9,140,6,3,0,2,183
620422611,18,7,7,121,2,0,0,0,155
620422612,7,19,57,142,4,0,0,1,230
620422613,6,25,36,175,4,0,0,1,247
620422614,9,49,37,92,7,0,0,4,198
620422615,0,6,11,123,7,0,0,0,147
620422701,7,22,10,162,4,7,0,2,214
620422702,9,27,81,137,3,5,0,1,263
620422703,23,45,24,92,4,0,0,0,188
620422704,29,29,24,93,8,0,0,4,187
620422705,25,50,21,107,4,0,0,0,207
620422706,20,22,24,117,4,0,0,1,188
620422707,12,28,6,123,2,0,0,0,171
620422708,16,82,21,184,2,1,0,4,310
620422709,2,78,2,130,0,0,0,1,213
620422710,6,32,0,214,3,2,0,0,257
620422711,1,11,0,130,3,0,0,3,148
620422712,2,36,0,156,2,0,0,0,196
620422713,23,34,106,160,5,1,0,1,330
620422714,1,12,8,206,4,5,0,1,237
620422715,4,14,5,139,1,0,0,2,165
620422801,5,8,127,168,3,0,0,4,315
620422802,2,22,70,84,14,0,0,1,193
620422803,4,31,151,175,3,3,0,0,367
620422804,56,254,0,1,0,0,0,9,320
620422805,5,55,71,103,96,0,0,3,333
620422806,46,104,11,109,72,6,0,4,352
620422807,3,46,0,146,1,0,0,0,196
620422808,6,57,2,135,2,0,0,0,202
620422901,69,35,7,116,1,4,1,2,235
620422902,3,8,8,150,0,2,0,0,171
620422903,93,152,4,49,11,0,0,3,312
620422904,32,75,25,168,2,6,0,4,312
620422905,22,52,16,140,8,1,1,4,244
620422906,43,45,9,168,1,3,1,2,272
620422907,39,89,11,136,2,0,0,1,278
620422908,25,100,15,163,2,2,0,2,309
620422909,19,14,7,240,7,7,0,0,294
620422910,24,46,1,203,9,15,1,3,302
620423001,12,35,47,159,25,0,0,1,279
620423002,3,29,32,296,28,3,0,1,392
620423003,38,127,9,63,7,0,0,3,247
620423004,14,20,5,203,9,3,0,0,254
620423005,2,19,4,160,8,2,0,5,200
620423006,0,2,9,21,4,3,0,0,39
620423007,17,80,23,173,43,2,1,9,348
620423008,8,25,4,281,28,4,0,0,350
620423009,11,15,12,280,7,3,0,0,328
620423010,5,7,1,196,18,5,0,1,233
620423011,7,12,1,253,3,8,0,7,291
620423012,1,2,1,93,7,3,0,0,107
620423101,2,7,1,293,47,6,0,0,356
620423102,2,24,9,238,83,13,0,0,369
620423103,5,9,1,230,3,15,2,0,265
620423104,3,98,0,205,1,0,0,0,307
620423105,13,75,0,238,8,0,0,11,345
620423106,5,37,1,204,22,0,0,0,269
620423107,6,29,2,222,2,32,0,1,294
620423108,14,49,29,146,4,0,0,2,244
620423109,12,48,67,167,2,1,0,0,297
620423201,84,176,0,0,0,0,0,2,262
620423202,52,47,45,15,67,2,0,0,228
620423203,28,171,0,1,0,0,0,3,203
620423204,182,201,0,1,0,0,0,0,384
620423205,5,72,13,102,3,2,0,0,197
620423206,19,45,9,122,3,4,0,3,205
620423207,10,59,14,112,1,1,0,8,205
620423208,37,37,8,111,3,2,0,1,199
620423209,26,84,10,113,5,0,0,1,239
620423210,50,36,35,105,0,0,0,0,226
620423211,34,64,21,123,5,1,3,0,251
620423212,19,81,10,82,2,0,0,0,194
620423301,34,89,18,49,3,1,0,1,195
620423302,16,45,11,118,3,0,0,8,201
620423303,34,126,20,168,16,3,0,6,373
620423304,32,104,20,135,2,0,1,1,295
620423305,31,75,8,108,4,1,0,1,228
620423306,26,43,27,92,4,0,0,0,192
620423307,49,66,8,43,2,0,0,0,168
620423308,25,43,33,58,3,1,0,0,163
620423309,56,58,11,99,2,0,0,4,230
620423310,33,55,24,117,1,0,0,1,231
620423311,60,103,44,112,11,0,0,1,331
620423401,2,1,0,222,2,0,0,1,228
620423402,7,3,0,364,6,3,0,0,383
620423403,2,2,0,211,0,0,0,1,216
620423404,3,5,2,166,0,0,0,1,177
620423405,17,26,121,123,4,0,0,4,295
620423406,9,12,86,58,1,0,0,0,166
620423407,18,17,39,83,1,0,1,0,159
620423408,15,16,44,83,1,0,0,1,160
620423409,17,23,19,126,1,1,0,1,188
620423410,19,16,197,115,1,0,0,0,348
620423501,23,84,33,80,3,0,0,4,227
620423502,55,66,25,95,5,0,0,1,247
620423503,84,72,20,99,8,1,0,2,286
620423504,46,98,16,59,5,0,0,1,225
620423505,68,96,11,46,16,0,0,7,244
620423506,101,87,10,50,3,0,0,4,255
620423507,10,25,113,109,22,0,1,3,283
620423508,14,48,18,95,21,1,0,4,201
620423509,48,98,114,27,0,0,0,4,291
620423601,27,56,33,143,9,1,0,2,271
620423602,28,46,46,105,6,1,0,2,234
620423603,47,30,65,129,4,1,0,0,276
620423604,15,23,19,175,10,1,0,2,245
620423605,21,32,36,112,3,0,0,0,204
620423606,10,83,26,68,3,0,0,0,190
620423607,30,38,37,151,7,0,0,4,267
620423608,14,21,6,189,13,0,0,0,243
620423609,54,187,0,0,0,0,0,0,241
620423610,25,19,14,52,46,0,0,2,158
620423611,1,9,1,201,18,1,0,0,231
620423612,13,14,3,191,9,0,0,0,230
620423701,0,4,1,145,5,53,1,7,216
620423702,12,3,2,161,3,11,1,0,193
620423703,1,6,1,224,1,29,1,0,263
620423704,6,3,4,185,2,30,0,3,233
620423705,1,12,9,247,7,15,0,0,291
620423706,3,17,0,273,5,31,0,2,331
620423707,9,11,7,254,16,17,1,0,315
620423708,1,1,0,80,1,24,0,1,108
620423709,9,0,1,306,0,0,0,0,316
620423710,9,0,0,295,0,0,0,25,329
620423711,2,1,3,186,0,0,0,0,192
620423801,16,26,16,194,31,1,0,2,286
620423802,17,64,10,227,2,2,0,1,323
620423803,18,29,8,147,13,6,1,9,231
620423804,4,33,7,160,3,5,0,4,216
620423805,21,26,10,181,5,0,0,3,246
620423806,41,103,14,59,0,0,0,3,220
620423807,38,52,10,51,0,0,0,1,152
620423808,5,108,0,105,0,0,0,0,218
620423809,18,150,0,19,16,0,0,0,203
620423810,69,73,2,65,0,0,2,0,211
620423811,8,3,44,254,5,0,0,1,315
620423812,40,38,2,90,7,0,0,2,179
620423813,6,74,2,4,102,0,0,0,188
620423814,34,23,2,62,194,1,0,0,316
620423901,101,46,11,103,7,0,0,0,268
620423902,11,41,31,72,4,0,0,0,159
620423903,28,43,12,76,6,2,0,2,169
620423904,34,34,72,61,8,0,0,2,211
620423905,19,67,128,55,1,0,0,2,272
620423906,10,40,34,193,1,3,0,0,281
620423907,23,42,58,176,10,0,0,0,309
620423908,17,31,34,125,0,1,0,0,208
620423909,5,44,25,106,8,1,0,0,189
620423910,11,56,29,93,4,1,0,1,195
620423911,77,71,21,61,13,0,0,0,243
620423912,116,38,8,56,1,3,0,0,222
620424001,4,2,2,151,3,62,0,1,225
620424002,4,6,3,161,6,34,6,9,229
620424003,0,0,1,352,2,0,0,0,355
620424004,3,73,10,215,1,7,0,2,311
620424005,2,9,6,156,8,2,0,0,183
620424006,4,10,12,154,1,1,0,0,182
620424007,6,0,0,215,0,0,0,0,221
620424008,3,7,20,137,1,0,0,1,169
620424009,7,9,16,275,9,2,0,0,318
620424010,2,18,12,108,3,1,0,2,146
620424011,1,2,0,245,2,0,0,0,250
620424012,2,9,20,164,1,0,1,0,197
620424013,0,7,0,122,0,0,0,0,129
620424014,19,32,29,250,4,2,0,2,338
620424101,59,63,33,73,8,0,0,0,236
620424102,38,72,47,52,7,0,0,20,236
620424103,15,37,43,102,4,0,0,0,201
620424104,6,37,10,65,2,2,0,1,123
620424105,3,32,10,192,1,1,0,0,239
620424106,20,37,27,122,3,0,0,1,210
620424107,23,61,29,59,8,0,0,1,181
620424108,66,51,32,107,6,1,0,5,268
620424109,32,52,12,83,3,0,0,1,183
620424110,15,47,19,67,4,0,0,3,155
620424111,8,39,39,132,3,0,0,3,224
620424112,18,25,57,138,6,1,0,2,247
620424113,19,27,7,130,5,0,0,2,190
620424114,11,34,10,122,2,0,0,0,179
620424201,8,39,21,212,1,2,0,1,284
620424202,13,46,36,210,7,0,0,5,317
620424203,18,73,42,115,4,0,1,3,256
620424204,15,56,39,153,6,1,0,1,271
620424205,1,18,2,147,0,2,0,0,170
620424206,1,39,8,276,5,6,0,1,336
620424207,12,96,34,266,3,3,0,0,414
620424208,172,144,0,0,0,0,0,0,316
620424209,14,26,53,79,104,0,0,1,277
620424210,9,62,15,154,4,0,0,0,244
620424301,1,1,1,193,1,20,1,0,218
620424302,3,6,93,20,0,0,0,1,123
620424303,11,35,41,102,3,0,0,0,192
620424304,72,108,6,8,2,0,0,0,196
620424305,6,1,36,205,0,0,0,0,248
620424306,1,2,1,341,6,0,0,1,352
620424307,5,6,79,196,4,0,0,1,291
620424308,22,8,1,234,0,0,0,0,265
620424309,5,66,11,245,1,1,0,6,335
620424310,8,9,7,202,3,2,0,0,231
620424311,1,36,4,258,8,4,0,0,311
620424312,20,16,0,264,7,4,0,1,312
620490101,3,0,1,217,5,1,0,5,232
620490102,4,2,2,248,7,15,0,0,278
620490103,0,0,0,68,0,2,6,0,76
620490104,0,2,0,119,3,1,1,0,126
620490105,0,0,0,98,0,7,8,1,114
620490106,10,1,1,199,4,1,0,1,217
620490107,0,0,0,74,1,1,1,3,80
620560101,0,0,3,133,6,4,0,2,148
620560102,0,0,0,70,6,19,0,1,96
620560103,2,0,1,150,4,50,4,1,212
620560104,0,1,2,128,3,46,0,1,181
620630101,3,21,19,157,2,0,0,2,204
620630102,10,36,31,77,33,1,0,0,188
620630103,9,62,57,80,12,0,0,0,220
620630104,23,52,28,134,5,0,0,0,242
620630105,4,25,17,128,48,0,0,2,224
620630106,38,41,26,212,7,4,0,0,328
620630107,1,0,0,76,1,1,0,0,79
620630108,3,36,8,155,10,3,0,0,215
620630109,14,19,123,134,4,0,0,0,294
620630110,16,42,15,81,17,0,0,0,171
620630111,16,18,28,69,48,0,0,5,184
620630112,1,12,30,176,3,0,6,0,228
620630113,4,1,2,306,2,1,0,0,316
620630114,11,29,31,78,2,1,0,0,152
620630115,8,37,13,129,1,1,0,2,191
620630116,7,47,27,65,3,0,0,1,150
620630117,2,4,9,196,0,1,0,2,214
620630118,3,8,2,126,2,1,2,1,145
620630201,14,17,56,212,4,1,0,1,305
620630202,1,5,2,97,2,0,1,0,108
620630203,8,12,1,43,3,1,0,0,68
620630204,3,16,4,100,3,1,0,0,127
620630205,6,2,7,166,5,6,0,1,193
620630301,0,3,1,13,1,0,0,0,18
620630302,0,1,0,64,2,0,0,0,67
620630401,1,1,0,53,1,0,0,0,56
620700101,1,0,1,163,49,19,0,3,236
620700102,1,2,0,191,12,25,0,1,232
620700103,0,0,1,160,10,11,0,0,182
620700104,6,0,1,144,25,36,0,5,217
620700105,0,0,0,65,18,7,1,0,91
620700106,1,1,0,123,1,17,0,3,146
620700107,1,0,0,90,12,23,0,1,127
620700201,2,2,12,158,64,6,0,2,246
620700202,5,1,3,132,27,21,0,2,191
620700203,2,1,6,242,26,20,1,0,298
620700204,2,0,4,132,34,8,0,1,181
620700205,0,2,2,154,38,13,0,4,213
620770101,16,22,15,141,16,1,0,0,211
620770102,5,25,25,97,5,1,0,0,158
620770103,33,38,27,57,1,0,0,0,156
620770104,62,62,24,78,12,1,0,2,241
620770105,31,17,17,57,3,2,0,0,127
620770106,23,16,28,124,7,0,0,0,198
620770107,20,25,40,159,6,0,0,3,253
620770108,4,19,16,131,7,1,0,1,179
620770109,12,30,29,195,6,1,0,0,273
620770110,44,141,22,19,17,0,0,0,243
620770111,18,51,6,217,4,8,0,1,305
620770112,20,83,26,146,5,0,1,1,282
620770113,4,25,9,131,0,1,0,0,170
620770114,8,41,12,91,1,0,0,0,153
620770115,26,17,26,69,1,0,0,0,139
620770116,29,23,18,107,3,0,0,1,181
620770117,3,16,13,81,82,2,0,0,197
620770201,223,100,1,10,1,0,0,1,336
620770202,28,54,1,77,3,1,0,1,165
620770203,22,61,1,95,2,0,0,2,183
620770204,26,20,10,55,1,0,0,1,113
620770205,41,84,3,106,3,0,0,3,240
620770206,90,31,0,42,2,0,0,0,165
620770207,61,67,0,0,0,0,0,0,128
620770208,40,171,1,13,2,0,0,0,227
620770209,33,70,3,88,0,2,1,0,197
620770210,11,108,4,139,8,3,0,2,275
620770211,127,128,0,0,0,0,0,0,255
620770301,3,17,32,14,2,0,0,1,69
620770302,2,11,19,33,1,0,0,1,67
620770303,10,17,4,31,5,0,0,1,68
620770304,6,18,8,41,2,0,0,2,77
620770305,10,37,27,71,5,0,0,3,153
620770306,3,17,11,26,2,0,0,0,59
620770307,6,56,23,60,7,2,0,2,156
620770401,2,33,4,74,4,1,0,2,120
620770402,1,17,1,100,3,8,1,1,132
620770403,20,45,179,78,12,0,0,0,334
620770404,3,23,16,264,6,1,0,0,313
620770405,12,18,13,242,6,0,0,0,291
620770406,6,19,12,259,22,2,0,0,320
620770407,2,7,3,24,1,1,0,0,38
620770408,0,0,0,11,0,0,0,1,12
620770409,0,60,6,96,2,0,0,3,167
620770410,2,18,8,52,3,0,0,1,84
620770411,8,33,1,70,1,1,0,4,118
620770412,5,38,9,57,3,1,0,0,113
620770413,1,0,0,149,4,0,0,0,154
620770501,0,1,0,22,3,0,8,0,34
620770502,2,5,0,7,0,0,0,0,14
620770503,0,13,2,18,1,0,0,1,35
620770504,0,14,1,21,0,0,0,0,36
620770601,3,23,6,26,1,1,0,0,60
620770602,2,4,16,7,0,0,0,0,29
620770603,0,30,7,39,1,0,0,2,79
620770604,1,16,24,44,7,0,0,1,93
620770605,2,44,9,56,2,0,0,0,113
620770606,2,14,8,24,2,1,0,4,55
620770607,6,22,8,48,1,0,0,2,87
620840101,5,8,7,138,7,3,0,0,168
620840102,4,7,7,127,5,3,0,0,153
620840103,0,0,3,111,3,5,0,0,122
620840104,6,2,1,229,4,5,1,0,248
620840105,1,8,5,127,18,7,1,0,167
620840106,5,2,7,117,2,0,0,1,134
620840107,1,3,0,159,1,11,0,0,175
620840201,0,0,0,9,0,0,0,0,9
620840202,0,1,0,40,0,2,0,0,43
620840203,0,1,0,21,1,0,0,0,23
620840204,1,0,1,50,1,1,0,0,54
620840205,0,0,0,14,0,0,0,0,14
620840206,0,0,1,27,5,1,0,0,34
620840207,0,0,0,38,0,1,0,0,39
620840208,0,1,0,126,4,5,7,1,144
620840209,0,0,0,63,2,3,0,0,68
620849999,4,5,5,426,3,12,1,2,458
620910101,10,3,7,340,16,19,0,0,395
620910102,14,8,3,203,3,7,0,2,240
620910103,15,3,5,351,6,3,0,2,385
620910104,15,5,0,158,2,9,0,4,193
620910201,1,2,0,194,4,4,0,1,206
620910202,2,1,3,284,2,10,0,1,303
620910203,2,4,1,171,4,1,0,2,185
620910301,8,1,1,180,4,26,0,1,221
620910302,6,11,17,113,2,2,0,2,153
620910303,4,17,8,215,8,13,0,1,266
620910304,0,3,0,206,17,34,0,1,261
620910305,8,1,12,242,11,80,0,0,354
620910306,7,2,2,172,7,13,0,0,203
620910307,9,6,3,204,1,0,0,0,223
620910308,3,0,1,225,9,44,0,0,282
620910401,0,0,0,31,0,3,0,0,34
620910402,0,0,0,47,2,2,0,0,51
620910403,0,0,0,28,1,1,0,0,30
620910404,6,2,1,235,3,29,5,2,283
620910405,0,0,1,179,3,2,2,0,187
620910406,0,0,0,103,1,12,0,0,116
620910407,0,0,1,92,2,5,0,2,102
660070101,2,1,0,143,0,12,13,14,185
660070102,1,0,1,17,0,0,0,0,19
660070103,0,0,0,74,1,1,6,1,83
660070104,1,1,1,42,2,0,0,3,50
660070105,0,2,9,73,1,0,0,1,86
660070106,2,4,0,179,8,1,0,0,194
660070107,12,22,6,139,6,1,4,13,203
660070108,0,15,24,193,0,0,1,0,233
660070201,2,1,1,79,3,1,1,8,96
660070202,0,1,3,57,1,2,2,1,67
660070203,2,0,0,8,1,0,0,0,11
660070204,0,2,0,91,0,0,0,1,94
660070205,1,44,40,118,2,0,2,2,209
660070206,0,1,1,11,0,0,1,1,15
660070207,1,1,20,226,1,0,0,0,249
660070208,20,26,3,115,46,4,0,0,214
660070209,2,12,3,172,3,1,0,3,196
660070210,13,15,26,133,4,1,0,1,193
660070211,3,17,116,104,7,0,1,0,248
660070212,1,8,1,237,2,10,0,6,265
660070213,4,19,3,182,2,0,0,0,210
660070214,19,7,3,169,6,0,0,0,204
660070301,0,0,0,4,0,1,0,0,5
660070302,1,1,3,11,4,0,0,2,22
660070303,0,64,52,36,2,0,1,3,158
660070304,0,0,0,32,2,0,0,7,41
660070305,0,5,2,20,1,0,0,0,28
660070306,0,0,9,1,1,0,0,0,11
660070307,0,0,0,8,0,1,3,1,13
660070308,0,1,0,18,0,1,0,0,20
660070309,0,0,0,9,0,0,3,1,13
660070310,0,0,0,3,0,0,0,0,3
660070311,0,0,0,15,4,0,2,2,23
660070312,0,0,0,5,0,0,0,1,6
660070313,0,1,2,17,2,0,0,2,24
660070314,0,0,0,14,0,0,0,0,14
660070315,16,4,1,158,7,1,0,2,189
660070316,1,55,22,224,3,2,0,2,309
660070317,5,112,2,135,7,1,1,1,264
660070318,40,19,6,275,18,1,1,4,364
660070319,2,21,6,211,12,3,3,0,258
660070320,11,60,31,155,3,1,0,1,262
660070321,9,22,23,295,5,1,1,2,358
660070322,2,3,0,243,0,0,0,1,249
660070401,0,1,0,24,1,0,0,0,26
660070402,0,3,1,18,0,1,1,1,25
660070403,0,1,0,20,1,0,0,1,23
660070404,0,1,0,12,2,0,0,0,15
660070405,2,0,2,93,2,0,1,0,100
660070406,4,1,0,14,3,0,0,0,22
660070407,0,4,0,63,1,0,0,1,69
660070408,9,45,62,156,1,2,0,1,276
660070409,0,5,3,37,5,1,0,0,51
660070410,0,0,0,41,2,2,2,0,47
660070411,0,2,2,11,1,0,1,0,17
660070412,0,3,6,25,0,0,0,0,34
660070413,0,1,6,32,0,0,0,0,39
660070414,2,5,5,79,13,0,0,0,104
660070415,0,16,1,142,3,0,0,2,164
660070416,18,63,10,302,5,0,1,0,399
660070417,12,99,11,188,12,2,0,2,326
660070418,9,68,65,162,3,0,0,0,307
660070419,20,98,28,140,10,0,0,2,298
660070420,9,87,63,103,35,1,0,1,299
660070421,13,18,72,85,0,0,1,6,195
660070422,18,45,34,137,10,1,0,1,246
660070423,32,56,42,125,12,1,0,1,269
660070424,6,47,5,292,40,1,4,2,397
660070425,7,23,3,196,1,0,0,0,230
660070426,0,8,0,208,5,1,0,4,226
660070427,0,3,1,224,8,3,2,22,263
660070501,4,0,3,30,1,0,14,0,52
660070502,0,0,0,2,0,0,16,0,18
660070503,1,1,0,4,0,0,29,0,35
660070504,1,0,0,2,0,0,26,0,29
660070505,0,0,0,12,0,1,38,2,53
660070506,0,3,0,26,4,0,6,6,45
660070507,0,1,0,9,0,0,0,0,10
660070508,0,0,1,21,1,0,42,0,65
660070509,0,0,0,3,0,0,17,1,21
660070510,0,2,0,164,8,0,2,17,193
660070601,1,99,72,213,12,5,23,7,432
660070602,1,0,0,7,0,0,4,1,13
660070603,2,0,0,9,0,0,9,0,20
660070604,0,0,0,7,0,0,13,0,20
660070605,0,1,1,14,1,0,2,0,19
660070606,1,4,1,24,1,0,12,4,47
660070607,0,2,1,56,0,0,4,0,63
660070608,0,0,2,28,0,0,6,2,38
660070609,0,1,0,25,2,0,19,3,50
660070610,1,0,0,2,0,0,27,0,30
660070611,0,1,0,21,0,0,64,0,86
660070612,0,3,0,11,1,0,34,0,49
660070613,0,0,0,7,0,0,2,0,9
660070614,3,33,24,198,3,2,44,6,313
660070615,16,27,3,133,4,0,3,3,189
660070616,21,42,2,115,1,0,1,1,183
660070617,13,22,15,200,2,1,0,0,253
660070618,5,30,4,125,27,1,1,0,193
660070619,3,8,16,208,4,0,4,2,245
660070620,5,69,12,109,3,0,0,1,199
660070621,4,79,1,194,7,4,2,0,291
660140101,2,13,0,47,2,0,64,1,129
660140102,0,0,0,2,0,0,35,0,37
660140103,4,2,0,5,0,0,99,0,110
660140104,7,15,18,48,5,0,32,2,127
660140201,0,0,0,0,0,0,3,0,3
660140202,32,25,52,83,8,1,410,10,621
660140203,9,17,25,39,1,1,117,1,210
660140204,1,4,0,5,1,0,71,1,83
660140205,0,0,0,4,0,0,6,0,10
660140206,35,53,50,47,13,0,91,6,295
660140207,20,21,19,26,1,1,98,0,186
660210101,0,2,8,28,0,1,43,3,85
660210102,2,2,3,2,1,0,20,1,31
660210103,36,38,7,24,4,0,89,2,200
660210104,6,50,40,23,70,0,73,1,263
660210105,1,0,6,0,1,0,11,0,19
660210106,7,9,24,11,4,0,32,2,89
660210107,21,119,33,58,1,8,11,1,252
660210108,29,118,57,52,1,0,28,4,289
660210109,8,82,24,142,7,1,19,0,283
660210110,33,147,17,54,3,1,45,3,303
660210111,17,127,38,24,3,0,17,3,229
660210112,22,99,52,48,6,2,58,4,291
660210113,47,68,42,54,7,0,49,0,267
660210114,26,110,74,37,16,0,62,1,326
660210115,11,59,48,91,6,1,68,6,290
660210116,20,111,21,92,5,3,62,3,317
660210201,1,0,0,0,0,0,4,0,5
660210202,0,0,0,4,1,0,9,2,16
660280101,5,11,66,44,5,0,4,1,136
660280102,2,3,35,19,1,0,4,0,64
660280103,0,1,0,40,2,0,0,0,43
660280104,16,47,18,255,18,1,1,3,359
660280105,40,205,112,2,0,0,0,0,359
660280106,12,153,105,0,0,0,0,4,274
660280107,22,23,65,87,8,1,0,3,209
660280108,9,19,74,37,13,0,0,8,160
660280109,24,31,46,113,4,0,1,3,222
660280110,19,24,64,149,8,0,0,1,265
660280111,14,23,88,97,9,0,1,3,235
660280112,22,40,216,102,13,4,0,4,401
660280113,31,34,72,56,2,4,1,0,200
660280114,21,20,156,47,2,0,0,1,247
660280115,28,23,114,21,2,0,0,2,190
660280116,4,7,1,112,1,1,0,0,126
660280117,7,86,2,259,10,2,0,1,367
660280118,2,60,1,304,6,0,3,0,376
660280119,2,15,0,303,6,1,0,2,329
660280120,3,38,4,113,10,0,0,0,168
660280121,2,7,56,64,2,1,0,0,132
660280201,23,76,62,92,11,0,0,4,268
660280202,5,89,96,12,0,0,0,0,202
660280203,0,2,1,12,5,0,3,2,25
660280204,0,1,3,9,0,0,0,0,13
660280205,6,76,143,6,0,0,0,0,231
660280206,2,38,4,234,3,0,0,1,282
660280207,6,183,203,5,0,0,0,2,399
660280208,0,0,0,235,10,3,0,29,277
660280301,0,1,0,5,1,0,0,0,7
660280302,0,0,0,26,0,1,3,0,30
660280303,0,0,0,15,0,0,0,0,15
660280304,0,0,0,23,2,0,0,0,25
660280401,27,86,101,70,1,0,0,0,285
660280402,2,45,2,281,6,0,0,0,336
660280403,6,63,36,189,7,2,0,2,305
660280404,5,21,0,382,7,0,0,0,415
660280405,9,47,0,361,5,1,1,0,424
660280406,16,118,7,286,5,0,0,1,433
660280407,2,73,1,240,7,0,0,0,323
660280408,11,63,2,265,23,0,0,1,365
660280409,35,218,69,10,0,0,0,0,332
660280410,44,79,102,42,5,0,0,0,272
660280411,34,130,64,0,0,0,0,0,228
660280412,60,191,173,6,1,0,0,1,432
660280413,30,190,217,7,0,0,0,0,444
660280414,49,160,9,52,0,0,0,0,270
660280415,6,109,4,178,4,0,0,1,302
660280416,22,146,8,99,2,1,0,0,278
660280417,22,228,14,225,3,0,0,6,498
660280418,3,78,2,208,2,0,0,0,293
660280419,5,94,1,191,3,0,0,0,294
660280420,6,93,1,103,5,0,0,1,209
660280421,1,83,148,6,1,1,0,0,240
660280422,7,110,1,15,278,3,0,2,416
660280423,11,88,6,28,326,1,0,0,460
660280501,127,176,1,60,5,0,0,25,394
660280502,52,127,0,22,1,0,0,0,202
660280503,2,26,0,208,3,2,0,0,241
660280504,3,36,0,190,3,0,0,1,233
660280505,13,83,8,154,6,0,0,0,264
660280506,35,136,0,113,18,0,0,0,302
660280507,54,217,16,57,2,0,0,0,346
660280508,9,215,0,8,86,0,0,0,318
660280509,4,26,0,179,91,0,0,0,300
660280510,8,221,1,182,2,0,0,2,416
660280511,32,148,1,40,1,0,0,30,252
660280512,28,42,176,1,0,0,0,2,249
660280513,29,95,123,0,0,0,0,0,247
660280514,77,146,0,7,2,0,0,0,232
660280515,6,56,193,1,0,0,0,0,256
660280516,19,137,198,41,1,0,1,3,400
660280517,24,108,222,0,0,0,0,0,354
660280518,34,170,0,17,0,0,0,1,222
660280519,48,133,0,0,0,0,0,1,182
660280520,4,61,148,0,1,0,0,0,214
660280601,29,152,69,69,9,0,1,2,331
660280602,18,192,37,73,15,0,0,0,335
660280603,63,180,80,38,9,0,0,4,374
660280604,31,149,80,51,7,0,0,0,318
660280605,18,197,71,58,10,0,0,3,357
660280606,18,56,108,36,16,0,0,1,235
660280607,27,85,122,21,6,0,0,1,262
660280608,19,162,77,28,6,1,0,1,294
660280609,44,79,58,15,1,0,0,0,197
660280610,17,119,146,15,1,0,0,0,298
660280611,48,116,183,30,5,0,0,0,382
660280612,24,65,135,12,3,0,0,1,240
660280613,3,56,160,5,2,0,0,0,226
660280614,18,50,153,2,0,0,0,0,223
660280615,14,118,82,11,1,0,0,0,226
660280616,63,142,123,17,3,0,0,0,348
660280617,27,43,143,4,3,0,0,0,220
660280618,17,74,90,12,2,0,0,0,195
660280619,32,111,73,77,23,1,0,1,318
660280620,29,135,21,63,4,0,0,0,252
660280621,54,190,37,135,19,0,0,0,435
660280622,68,204,36,105,20,1,0,1,435
660280701,20,165,5,139,4,0,1,1,335
660280702,25,178,10,138,7,0,0,0,358
660280703,9,122,1,135,20,1,0,0,288
660280704,9,133,3,132,8,0,0,4,289
660280705,9,128,6,102,8,0,0,1,254
660280706,11,122,13,95,8,1,0,0,250
660280707,11,204,4,178,14,0,0,0,411
660280708,5,183,6,156,18,0,0,0,368
660280709,20,165,12,178,20,0,0,6,401
660280710,22,157,18,153,12,0,0,1,363
660280711,8,231,9,206,15,0,0,1,470
660280712,5,131,9,61,2,0,0,1,209
660280713,21,159,17,103,11,0,0,1,312
660280714,10,148,10,138,9,0,0,0,315
660280715,11,143,13,120,22,0,0,5,314
660280716,19,158,26,110,17,0,0,2,332
660280717,16,122,6,159,14,0,0,0,317
660280801,0,0,0,0,0,0,0,0,0
660280802,26,103,19,71,7,0,0,1,227
660280803,33,90,32,72,7,0,0,0,234
660280804,22,124,29,98,10,0,0,1,284
660280805,34,105,33,83,6,0,0,0,261
660280806,38,160,10,65,7,0,0,4,284
660280807,14,107,12,98,8,0,0,13,252
660280808,10,108,25,93,13,0,0,4,253
660280809,26,209,22,190,20,0,0,1,468
660280810,19,174,15,60,4,0,0,1,273
660280811,10,103,53,63,6,0,0,0,235
660280812,8,108,23,80,10,0,0,1,230
660280813,10,167,17,84,10,1,0,0,289
660280814,34,102,12,41,4,0,0,0,193
660280815,36,71,39,71,7,0,0,2,226
660280901,25,72,260,26,3,0,0,2,388
660280902,42,128,230,31,5,0,0,0,436
660280903,25,78,71,68,9,1,1,1,254
660280904,12,81,45,109,2,0,0,1,250
660280905,56,227,6,130,22,0,0,2,443
660280906,23,207,2,149,21,2,0,1,405
660280907,32,79,91,57,4,0,0,3,266
660280908,20,109,5,174,3,0,0,2,313
660280909,38,204,39,112,11,1,0,0,405
660280910,26,116,18,33,4,0,1,0,198
660280911,32,79,41,32,6,0,0,4,194
660280912,63,77,46,24,5,0,0,0,215
660280913,8,154,85,28,5,0,0,1,281
660280914,39,110,77,60,13,0,0,0,299
660280915,17,124,36,18,3,0,0,2,200
660280916,13,137,33,27,10,0,0,1,221
660281001,26,94,30,101,4,0,0,0,255
660281002,27,162,74,64,3,0,0,0,330
660281003,17,145,58,119,19,0,0,0,358
660281004,23,165,36,87,15,0,0,1,327
660281005,67,182,23,46,5,1,0,3,327
660281006,61,185,45,86,8,0,0,5,390
660281007,20,161,51,18,5,0,0,1,256
660281008,13,107,39,6,2,0,0,2,169
660281009,37,152,64,29,5,0,0,4,291
660281010,25,182,62,33,3,0,0,0,305
660281011,37,83,36,10,2,0,0,0,168
660281012,14,140,14,66,6,0,0,2,242
660281013,8,123,45,26,1,0,0,3,206
660281101,77,109,19,42,14,0,0,3,264
660281102,25,66,39,32,7,0,0,1,170
660281103,46,199,39,38,2,0,0,1,325
660281104,37,118,53,23,2,0,0,1,234
660281105,23,156,65,13,9,0,0,10,276
660281106,16,149,26,31,3,0,0,0,225
660281107,40,141,11,15,1,0,0,3,211
660281108,28,113,16,20,4,0,0,0,181
660281109,51,113,18,2,1,0,0,0,185
660281110,36,122,26,33,4,0,0,0,221
660281111,64,83,27,15,3,0,0,1,193
660281112,13,135,27,27,3,0,0,7,212
660281113,40,127,10,10,1,0,0,1,189
660281114,90,113,12,17,0,0,0,1,233
660281115,12,86,19,4,3,1,0,4,129
660281116,9,77,7,5,0,0,0,0,98
660281201,9,65,191,5,2,0,0,0,272
660281202,27,101,77,15,5,0,0,0,225
660281203,16,64,118,4,2,0,0,0,204
660281204,9,104,101,1,1,0,0,0,216
660281205,21,37,93,3,0,0,0,0,154
660281206,11,69,47,16,6,0,0,1,150
660281207,37,140,0,0,0,0,0,0,177
660281208,8,99,49,1,1,0,0,1,159
660281209,26,61,82,5,0,0,0,0,174
660281210,16,115,106,10,1,0,0,5,253
660281211,10,154,116,42,2,1,0,0,325
660281212,11,176,11,238,22,2,1,1,462
660281213,18,173,9,262,16,0,1,1,480
660281214,12,66,1,177,12,0,0,0,268
660281215,8,62,2,179,10,0,0,1,262
660281301,39,142,30,22,4,0,0,2,239
660281302,21,100,8,2,1,0,0,0,132
660281303,32,132,69,20,3,0,1,3,260
660281304,37,75,43,11,4,0,0,3,173
660281305,56,187,78,58,10,0,1,2,392
660281306,23,173,47,44,5,0,1,1,294
660281307,55,180,71,67,11,0,0,2,386
660281308,20,111,34,50,3,0,0,2,220
660281309,26,79,25,25,4,0,0,0,159
660281310,32,71,40,50,6,1,0,1,201
660281311,7,94,22,17,1,0,0,2,143
660281401,41,148,57,64,10,1,0,0,321
660281402,41,194,70,50,7,0,0,1,363
660281403,43,177,50,55,6,0,0,3,334
660281404,23,144,40,39,8,0,0,0,254
660281405,65,102,39,69,7,0,0,1,283
660281406,42,160,48,152,15,0,0,2,419
660281407,19,207,83,58,26,1,0,2,396
660281408,39,160,31,134,20,0,0,2,386
660281409,17,167,36,116,49,0,0,2,387
660281410,21,159,26,109,24,3,0,0,342
660281411,25,227,48,146,31,0,0,4,481
660281412,9,193,54,129,33,1,0,1,420
660281413,37,194,43,106,43,0,0,0,423
660281414,62,93,47,35,9,0,0,2,248
660281501,19,65,74,64,4,0,0,1,227
660281502,3,101,3,265,16,0,0,2,390
660281503,6,100,1,292,5,1,0,2,407
660281504,11,147,24,204,2,0,0,1,389
660281505,0,47,1,294,5,0,0,2,349
660281506,2,50,1,268,4,1,0,0,326
660281507,6,96,1,248,4,1,0,2,358
660281508,15,116,1,112,24,0,0,0,268
660281509,20,99,5,135,17,0,0,0,276
660281510,18,130,7,100,14,0,0,0,269
660281511,3,126,1,247,9,0,0,0,386
660281512,8,121,1,237,6,1,0,3,377
660281513,0,67,0,209,0,0,0,0,276
660281514,48,174,33,32,4,0,0,0,291
660281515,41,199,48,112,24,0,0,3,427
660281516,142,79,28,37,7,1,1,0,295
660281517,121,89,1,10,3,0,0,0,224
660281518,15,144,21,118,28,0,0,0,326
660281519,4,124,26,74,15,0,0,1,244
660281520,12,144,17,78,21,1,0,0,273
660281521,19,104,13,80,21,0,0,0,237
660281522,27,192,4,89,30,0,0,2,344
660281523,6,130,4,94,40,0,0,0,274
660281524,11,203,9,171,48,0,0,2,444
660281525,8,173,5,135,32,0,0,1,354
660281601,27,158,4,184,28,1,0,0,402
660281602,46,175,4,303,37,2,0,2,569
660281603,96,67,4,53,12,1,0,0,233
660281604,33,180,3,73,13,1,0,2,305
660281605,23,203,31,113,41,0,0,0,411
660281606,29,193,79,60,13,1,0,0,375
660281607,36,133,90,45,0,0,0,2,306
660281608,17,180,7,76,4,0,0,1,285
660281609,12,154,48,99,4,0,0,0,317
660281610,16,160,10,138,30,0,0,0,354
660281611,24,182,8,126,26,0,0,0,366
660281612,103,153,9,6,0,0,0,0,271
660281613,15,171,4,53,1,0,0,0,244
660281614,130,186,7,2,0,0,0,0,325
660281615,13,139,3,96,10,0,0,1,262
660281616,9,126,0,182,14,0,0,1,332
660281617,9,125,1,274,27,0,0,1,437
660281618,79,266,0,56,9,0,0,2,412
660281619,8,108,59,283,9,3,0,2,472
660281701,33,161,33,30,6,0,0,3,266
660281702,21,94,54,52,11,0,0,0,232
660281703,15,125,33,67,22,0,0,0,262
660281704,27,125,41,37,3,0,0,5,238
660281705,18,153,21,75,10,0,0,3,280
660281706,36,91,35,54,4,1,0,0,221
660281707,14,186,30,113,38,0,1,3,385
660281708,6,187,40,95,33,0,0,0,361
660281709,18,160,43,92,19,0,0,5,337
660281710,14,79,7,91,20,0,0,0,211
660281711,6,70,29,106,18,0,0,1,230
660281712,11,141,7,185,41,1,0,2,388
660281713,10,83,4,213,22,0,0,1,333
660281714,9,107,7,294,18,0,0,1,436
660281715,19,123,19,97,34,4,0,1,297
660281716,17,138,18,124,33,0,0,0,330
660281801,16,180,53,68,19,0,0,0,336
660281802,37,186,83,110,18,0,0,0,434
660281803,18,135,20,69,19,0,0,1,262
660281804,13,121,18,55,18,0,0,0,225
660281805,12,117,30,90,14,0,0,2,265
660281806,15,133,50,88,8,0,0,1,295
660281807,21,114,28,72,14,0,0,0,249
660281808,18,95,28,98,6,0,0,4,249
660281809,14,123,48,77,13,0,0,0,275
660281810,7,137,22,84,13,0,0,0,263
660281811,26,164,28,128,37,1,0,2,386
660281812,36,145,60,38,7,0,0,0,286
660281813,10,188,1,97,2,0,0,0,298
660281814,12,124,2,183,20,0,0,1,342
660281815,12,114,11,96,13,1,0,2,249
660281816,15,120,11,137,13,0,0,0,296
660281817,13,121,4,146,10,1,1,1,297
660281818,5,92,2,156,4,1,0,1,261
660281901,3,91,5,260,5,0,0,0,364
660281902,6,100,0,198,12,0,0,1,317
660281903,9,93,1,140,7,0,0,3,253
660281904,10,77,1,172,5,0,0,1,266
660281905,11,120,70,164,6,0,0,0,371
660281906,10,110,6,180,15,1,0,1,323
660281907,20,148,20,124,13,1,0,0,326
660281908,22,143,3,103,7,0,0,1,279
660281909,0,53,2,189,5,1,0,6,256
660281910,0,33,0,383,8,0,1,2,427
660281911,33,134,94,56,10,0,0,0,327
660281912,12,159,25,20,3,0,0,1,220
660281913,17,191,74,32,23,0,0,1,338
660281914,5,25,0,257,11,1,0,1,300
660281915,10,31,2,240,12,0,0,3,298
660282001,9,89,91,30,2,0,0,2,223
660282002,173,134,0,6,0,0,0,3,316
660282003,141,99,0,1,5,0,0,0,246
660282004,79,147,0,58,11,0,0,0,295
660282005,13,205,0,0,0,0,0,2,220
660282006,5,202,0,0,0,0,0,0,207
660282007,29,171,8,170,19,1,0,0,398
660282008,11,126,5,161,14,0,0,1,318
660282009,6,118,5,202,24,0,0,0,355
660282010,1,22,0,190,2,0,0,0,215
660282011,14,55,1,268,18,5,0,0,361
660282012,2,37,0,277,13,4,0,0,333
660282013,3,99,17,108,2,1,0,0,230
660282014,1,145,57,116,1,1,0,0,321
660282015,3,181,50,88,4,1,0,0,327
660282016,2,154,108,52,2,0,0,0,318
660282017,0,51,7,250,3,1,0,0,312
660282018,3,124,12,321,5,2,0,0,467
660282019,0,9,0,221,10,3,8,12,263
660282101,50,201,0,0,0,0,0,1,252
660282102,57,156,8,0,0,0,0,4,225
660282103,5,11,114,4,3,0,0,2,139
660282104,34,209,9,107,7,0,0,1,367
660282105,36,201,10,184,19,1,0,1,452
660282106,51,111,249,2,0,0,1,0,414
660282107,14,92,183,1,0,0,0,0,290
660282108,10,98,97,10,0,0,0,1,216
660282109,34,203,0,0,0,0,0,1,238
660282110,34,144,0,0,0,0,0,0,178
660282111,7,72,86,53,13,1,0,0,232
660282112,4,94,131,0,0,0,0,0,229
660282113,69,109,14,48,0,0,0,0,240
660282114,49,40,143,4,1,0,0,0,237
660282115,8,125,222,11,1,0,0,1,368
660282116,7,174,220,7,0,0,0,1,409
660282117,56,94,224,6,1,0,0,0,381
660282118,8,23,4,273,18,0,0,1,327
660282119,121,222,2,10,0,0,0,0,355
660282120,23,151,23,138,6,0,0,0,341
660282121,28,170,15,172,11,0,1,1,398
660282122,57,246,28,8,0,0,0,1,340
660282123,33,138,6,74,3,0,0,0,254
660282124,108,128,0,13,4,0,0,0,253
660282201,150,183,0,4,0,0,0,0,337
660282202,62,157,0,0,0,0,0,0,219
660282203,5,208,88,11,0,0,0,0,312
660282204,24,211,115,38,0,0,0,2,390
660282205,17,11,5,216,3,0,0,0,252
660282206,32,203,13,5,0,0,0,0,253
660282207,60,156,17,4,1,0,0,1,239
660282208,42,117,135,0,0,0,0,0,294
660282209,10,97,201,2,0,0,0,0,310
660282210,19,96,215,2,0,0,0,0,332
660282211,5,73,193,4,0,0,0,0,275
660282212,5,81,298,2,0,0,0,0,386
660282213,31,138,154,5,1,0,0,3,332
660282214,12,143,238,2,1,0,0,0,396
660282301,8,161,0,156,8,0,0,2,335
660282302,2,91,165,9,0,0,0,0,267
660282303,10,233,61,126,1,0,0,0,431
660282304,3,108,0,230,5,0,0,0,346
660282305,5,111,2,248,9,3,0,2,380
660282306,9,101,5,246,3,1,0,0,365
660282307,10,64,1,276,1,2,0,0,354
660282308,6,63,48,230,3,2,1,1,354
660282309,8,249,121,11,0,0,0,0,389
660282310,5,204,130,4,1,0,0,0,344
660282311,10,99,40,234,0,0,0,0,383
660282312,0,93,44,149,1,0,0,4,291
660282313,3,63,0,267,7,0,0,0,340
660282314,3,63,0,297,3,0,0,1,367
660282315,5,57,1,299,1,0,0,0,363
660282316,3,42,6,244,4,1,0,2,302
660282317,7,48,1,266,4,0,0,1,327
660282318,3,52,3,257,8,1,0,0,324
660282401,10,28,46,26,2,0,0,0,112
660282402,7,41,144,8,1,0,0,0,201
660282403,11,85,14,177,11,0,1,2,301
660282404,8,85,1,268,4,1,0,2,369
660282405,3,60,2,268,1,0,0,5,339
660282406,5,48,1,231,9,2,0,2,298
660282407,2,81,0,127,2,0,0,0,212
660282408,4,158,1,216,2,0,0,6,387
660282409,3,76,1,255,8,3,0,0,346
660282410,1,77,1,344,3,18,1,0,445
660282411,7,79,1,285,3,0,0,1,376
660282412,8,155,1,259,5,0,0,0,428
660282501,63,282,6,88,3,0,0,2,444
660282502,8,189,5,37,2,0,0,2,243
660282503,14,132,11,76,1,0,1,2,237
660282504,12,47,175,33,9,0,0,3,279
660282505,2,50,37,71,2,0,0,0,162
660282506,18,49,46,93,34,0,0,2,242
660282507,24,58,37,142,14,0,0,2,277
660282508,16,110,50,189,21,0,0,7,393
660282509,9,151,84,12,1,0,0,0,257
660282510,2,50,321,7,0,0,0,0,380
660282511,5,138,228,12,1,0,0,0,384
660282512,17,226,32,1,0,0,0,0,276
660282513,62,96,65,0,0,0,0,0,223
660282514,169,144,0,0,0,0,0,1,314
660282515,36,192,138,0,0,0,0,0,366
660282601,6,93,9,181,7,3,0,1,300
660282602,8,127,3,169,1,0,1,2,311
660282603,8,2,305,1,0,0,0,12,328
660282604,2,72,6,156,2,2,0,1,241
660282605,9,102,0,152,2,0,0,1,266
660282606,8,48,9,244,4,0,0,6,319
660282607,6,32,4,405,7,3,0,6,463
660282608,5,23,1,405,8,1,1,3,447
660282609,6,37,0,413,1,0,0,1,458
660282610,6,42,2,401,9,2,0,1,463
660282611,9,50,0,322,10,1,1,1,394
660282612,5,38,0,429,12,0,0,5,489
660282613,5,28,0,396,4,1,1,0,435
660282614,2,50,0,401,6,0,1,0,460
660282615,5,29,0,294,3,0,0,2,333
660282616,5,35,1,270,4,0,0,1,316
660282617,44,122,21,251,10,0,0,1,449
660282618,3,5,1,326,5,0,0,2,342
660282619,2,17,1,346,1,1,0,0,368
660282620,1,7,0,315,5,2,1,3,334
660282701,6,124,2,116,4,1,0,0,253
660282702,6,30,1,205,8,2,0,2,254
660282703,13,124,3,179,15,1,0,0,335
660282704,7,184,8,130,25,0,0,0,354
660282705,23,93,6,160,14,2,0,0,298
660282706,7,91,2,134,10,0,0,0,244
660282707,6,67,0,156,8,0,0,0,237
660282708,3,87,0,158,10,1,0,0,259
660282709,6,93,0,181,8,0,0,1,289
660282710,15,117,0,112,11,0,0,0,255
660282711,6,115,1,166,18,1,0,2,309
660282712,19,103,2,183,13,0,0,1,321
660282713,6,175,3,179,32,0,0,0,395
660282714,9,121,1,173,12,0,0,0,316
660282715,4,68,1,258,16,1,0,0,348
660282801,66,112,23,2,1,0,0,5,209
660282802,31,144,16,7,0,0,0,0,198
660282803,87,126,21,3,0,0,0,1,238
660282804,39,84,38,79,0,0,0,8,248
660282805,12,124,117,73,3,0,0,1,330
660282806,8,275,68,68,1,0,0,0,420
660282807,17,81,130,84,15,0,1,4,332
660282808,0,13,281,4,0,0,0,0,298
660282809,10,201,170,121,2,0,0,1,505
660282810,7,60,254,76,5,0,0,1,403
660282811,8,32,274,29,0,0,0,0,343
660282812,12,10,267,4,0,2,0,1,296
660282813,34,191,149,66,3,0,0,0,443
660282814,30,108,100,11,3,0,0,0,252
660282815,0,162,58,6,2,0,0,0,228
660350101,0,2,12,43,5,0,0,1,63
660350102,11,22,50,98,12,5,4,0,202
660350103,8,28,50,123,9,1,1,3,223
660350104,0,4,2,10,1,0,0,0,17
660350105,1,7,16,111,8,0,0,1,144
660350106,3,50,39,242,23,1,0,1,359
660350107,0,0,1,32,0,0,0,0,33
660350108,3,8,22,129,11,0,0,0,173
660350109,46,119,58,218,16,2,0,0,459
660350110,12,102,64,97,10,0,0,0,285
660350111,13,65,49,135,14,0,1,0,277
660350112,6,72,145,58,12,0,1,0,294
660350113,15,63,79,101,21,0,1,3,283
660350114,16,61,14,177,14,0,0,0,282
660350115,3,47,47,101,11,0,0,3,212
660350116,9,85,89,115,9,0,0,6,313
660350117,17,119,122,143,5,0,0,0,406
660350118,1,11,0,201,8,0,0,1,222
660350119,1,6,0,162,4,1,0,0,174
660350120,7,78,2,183,15,0,1,1,287
660350121,1,36,6,143,3,0,0,0,189
660350122,6,11,44,254,3,1,0,3,322
660350123,14,92,226,0,0,0,0,11,343
660350124,51,1,295,0,0,0,0,0,347
660350201,0,18,2,309,2,2,0,0,333
660350202,1,15,36,151,16,1,0,2,222
660350203,0,8,16,160,24,1,0,1,210
660350204,0,0,3,10,1,1,0,0,15
660350205,0,1,11,30,3,0,0,0,45
660350206,3,44,122,68,9,0,0,0,246
660350207,0,2,7,60,20,0,0,2,91
660350208,2,22,30,88,21,0,0,0,163
660350209,12,86,32,144,22,0,0,0,296
660350210,17,123,18,178,9,0,0,0,345
660350211,6,97,37,99,29,1,0,1,270
660350212,14,92,67,157,28,0,0,2,360
660420101,0,0,4,80,2,2,10,0,98
660420102,0,0,1,48,1,0,1,0,51
660420103,4,8,23,196,20,0,0,1,252
660420104,10,31,77,285,36,0,1,2,442
660420105,1,8,33,82,14,0,0,0,138
660420106,1,3,48,124,11,1,0,2,190
660420107,0,15,13,41,2,0,0,0,71
660420108,1,99,66,38,21,1,0,3,229
660420109,9,112,47,100,9,0,0,0,277
660420110,5,27,16,136,20,0,0,0,204
660420111,15,54,73,102,18,0,0,1,263
660420201,1,0,23,84,16,0,0,1,125
660420202,1,13,48,99,20,0,0,1,182
660420203,5,83,119,137,18,0,0,1,363
660420204,0,0,1,3,0,0,0,0,4
660420205,3,140,92,198,16,0,0,2,451
660420206,12,112,52,217,10,0,1,2,406
660420207,8,79,66,156,24,1,1,1,336
660420208,14,135,53,146,18,2,0,3,371
660420209,7,104,13,99,25,0,0,2,250
660420210,8,48,35,137,17,0,0,1,246
660490101,0,0,0,21,1,1,0,1,24
660490102,0,11,2,38,6,1,0,0,58
660490103,0,1,7,130,2,0,2,1,143
660490104,18,105,24,237,4,2,0,1,391
660490105,0,112,31,220,10,0,0,1,374
660490106,0,58,37,188,4,0,0,0,287
660490107,9,71,101,137,9,1,0,1,329
660490201,3,1,1,85,0,0,3,1,94
660490202,0,1,2,21,0,0,0,1,25
660490203,0,0,2,7,1,0,0,0,10
660490204,0,0,0,44,1,0,0,1,46
660490205,1,29,47,9,0,0,0,0,86
660490206,0,0,1,40,1,1,0,1,44
660490207,0,0,2,15,1,0,0,0,18
660490208,0,0,1,28,2,0,0,2,33
660490209,1,0,2,24,0,0,0,0,27
660490210,0,3,0,10,0,0,0,0,13
660490211,3,82,118,20,0,0,0,0,223
660490212,1,79,109,25,0,0,0,0,214
660490213,2,107,150,81,3,0,0,0,343
660490214,9,150,65,1,0,0,0,0,225
660490215,2,21,0,197,0,1,0,0,221
660490216,1,10,1,172,3,0,0,0,187
660490217,5,51,111,153,3,1,1,1,326
660490301,1,9,35,133,5,0,0,1,184
660490302,3,9,43,168,1,4,0,0,228
660490303,0,1,1,26,3,0,0,0,31
660490304,2,6,10,190,4,0,0,1,213
660490305,16,158,34,158,6,0,0,0,372
660490306,4,50,2,141,2,0,0,1,200
660490307,6,104,87,19,2,0,0,0,218
660490308,8,46,147,27,1,0,2,0,231
660490309,9,34,38,95,32,0,0,2,210
660490401,3,52,257,6,0,0,0,0,318
660490402,6,55,37,142,5,0,0,1,246
660490403,6,124,7,219,4,0,0,0,360
660490404,9,95,15,192,8,0,0,1,320
660490405,14,112,40,151,2,0,0,1,320
660490406,12,41,14,139,10,0,0,0,216
660490407,4,51,5,150,5,0,0,0,215
660490408,9,86,57,118,0,0,0,1,271
660490409,11,86,1,200,8,0,1,0,307
660490410,1,99,2,341,1,0,0,1,445
660490411,7,74,2,179,5,0,0,1,268
660490412,7,62,3,181,5,0,0,4,262
660490413,31,85,50,119,10,0,0,2,297
660490414,3,26,12,159,7,0,0,1,208
660490415,14,95,3,125,2,1,0,0,240
660490416,8,46,9,223,6,0,0,1,293
660490417,10,94,47,89,8,0,0,0,248
660490418,15,103,7,147,5,0,0,0,277
660490419,4,28,9,161,4,0,0,2,208
660490420,11,74,18,85,6,0,0,0,194
660490421,10,60,9,121,12,0,0,0,212
660490422,13,79,8,108,1,0,0,0,209
660560101,0,0,0,24,3,0,5,0,32
660560102,2,9,70,202,3,13,11,1,311
660560103,0,0,1,179,6,18,8,2,214
660560104,0,0,0,21,1,1,0,0,23
660560105,4,15,2,257,10,3,1,0,292
660560106,2,29,2,319,26,8,1,0,387
660560107,4,86,61,87,2,0,0,0,240
660560108,8,56,38,96,2,2,0,1,203
660560109,7,23,5,215,4,5,0,0,259
660560110,27,45,4,168,8,0,0,2,254
660560111,1,29,5,182,2,1,0,3,223
660560112,7,55,13,377,19,14,2,6,493
660560113,1,1,1,139,4,0,0,2,148
660560114,0,16,2,253,2,2,0,1,276
660560115,2,5,0,208,4,3,0,0,222
660560116,0,2,0,119,0,0,0,1,122
660560117,2,8,0,232,4,2,0,0,248
660560118,1,9,2,250,3,5,2,0,272
660560119,2,12,1,299,13,7,2,2,338
660560120,0,11,0,148,3,3,0,3,168
660560201,0,1,0,48,1,2,4,1,57
660560202,0,1,1,82,0,2,32,1,119
660560203,1,4,0,277,4,16,12,5,319
660560204,0,1,2,249,3,31,2,1,289
660560205,0,7,1,101,1,1,5,2,118
660560206,0,0,0,48,1,1,0,2,52
660560207,0,0,3,29,0,2,2,5,41
660560208,0,3,1,110,0,5,2,1,122
660560209,0,0,0,95,1,1,3,1,101
660560210,4,20,90,185,19,2,0,0,320
660560211,5,55,101,74,1,0,0,0,236
660560212,1,6,17,171,24,3,0,1,223
660560213,9,33,101,235,6,10,2,1,397
660560214,5,14,2,160,11,0,0,1,193
660560215,3,14,0,172,6,0,0,0,195
660560216,1,0,3,141,56,8,0,1,210
660560217,2,33,14,131,9,0,0,1,190
660560218,8,19,1,279,9,3,0,0,319
660560301,1,1,0,206,4,5,10,10,237
660560302,1,3,1,171,3,20,25,9,233
660560303,0,0,0,82,12,7,13,18,132
660560304,15,2,1,69,9,44,19,12,171
660560305,0,0,0,99,3,1,129,0,232
660560306,0,2,0,211,4,91,15,7,330
660560307,0,1,0,190,19,23,4,11,248
660560401,0,1,1,123,5,4,5,9,148
660560402,1,16,9,147,46,0,1,2,222
660560403,0,8,11,91,0,18,29,1,158
660560404,0,0,0,5,0,1,0,0,6
660560405,11,2,0,256,2,17,0,2,290
660560406,0,1,12,31,18,0,0,1,63
660560407,2,1,11,69,5,0,0,0,88
660560408,7,4,39,142,20,0,0,16,228
660560409,0,1,3,111,40,4,0,1,160
660560410,1,3,0,257,2,12,3,5,283
660560411,1,15,4,150,1,5,3,1,180
660560501,0,1,0,13,1,0,0,3,18
660560502,1,0,0,33,1,0,2,2,39
660560503,0,3,0,45,3,2,26,7,86
660560504,0,8,5,166,2,47,2,4,234
660560505,1,14,11,140,6,49,1,11,233
660560601,0,1,1,14,9,0,0,1,26
660560602,0,3,3,61,4,2,1,5,79
660560603,0,2,3,104,1,27,16,3,156
660560604,0,1,2,37,0,12,4,0,56
660560605,0,0,0,17,1,12,36,2,68
660560606,0,0,0,32,0,17,8,0,57
660560607,0,1,0,25,0,10,4,1,41
660560608,0,7,0,192,4,62,1,0,266
660560609,2,15,14,11,0,2,0,0,44
660560610,0,0,0,29,2,2,1,0,34
660560611,5,0,3,128,3,35,0,1,175
660560612,1,0,3,182,3,62,1,1,253
660560613,0,0,0,222,4,61,2,7,296
660560614,20,28,0,248,42,10,1,1,350
660560615,11,33,21,252,3,25,0,2,347
660560616,2,4,0,375,7,19,0,2,409
660560617,2,8,4,255,18,4,0,3,294
660560618,1,18,4,353,33,16,0,2,427
660560619,2,15,6,196,4,3,1,2,229
660560620,4,15,13,185,5,0,1,3,226
660560621,0,25,6,180,8,63,4,4,290
660560622,9,78,18,194,9,2,0,1,311
660560623,3,21,32,129,5,0,0,0,190
660560624,0,1,2,346,2,162,1,1,515
660560625,3,8,27,116,2,0,0,0,156
660560626,36,24,74,138,2,11,0,0,285
660560627,2,3,0,151,2,50,3,7,218
660560628,18,32,28,117,0,20,3,1,219
660560629,6,1,0,170,1,3,0,0,181
660560630,0,1,0,96,1,21,1,4,124
660560701,0,0,0,480,8,10,3,7,508
660560702,0,3,0,276,4,6,0,1,290
660560703,1,62,65,136,12,15,0,0,291
660560704,18,89,75,42,0,2,0,6,232
660560705,0,48,63,135,27,2,0,0,275
660560706,1,38,132,110,68,0,0,0,349
660560707,0,1,0,43,0,1,0,1,46
660560708,0,1,0,389,9,8,0,2,409
660560709,1,8,10,225,0,1,0,3,248
660560710,1,12,2,329,47,6,0,1,398
660560711,5,110,0,169,1,2,0,0,287
660560712,5,66,11,119,4,1,0,1,207
660560713,7,57,9,228,10,0,0,1,312
660560714,1,29,1,237,2,1,0,1,272
660560715,0,4,0,354,5,12,0,1,376
660560801,0,4,2,276,5,5,0,0,292
660560802,1,8,0,286,4,0,1,1,301
660560803,3,16,2,229,4,0,0,0,254
660560804,4,14,2,238,7,0,0,0,265
660560805,41,45,5,122,1,1,0,0,215
660560806,13,60,6,108,4,0,0,0,191
660560807,5,44,17,58,1,0,0,3,128
660560808,11,70,11,89,1,0,0,0,182
660560809,9,53,28,98,1,1,0,0,190
660560810,6,39,13,171,2,0,0,3,234
660560811,2,56,4,90,0,0,0,0,152
660560812,12,54,3,214,12,0,0,2,297
660560813,1,35,2,205,2,1,0,0,246
660560814,9,4,1,275,6,7,0,1,303
660560815,0,1,0,293,14,8,6,2,324
660560901,0,1,12,3,41,0,0,0,57
660560902,3,54,6,186,7,1,0,2,259
660560903,8,41,17,175,3,0,0,0,244
660560904,4,30,4,228,3,0,0,0,269
660560905,0,44,0,246,7,2,0,0,299
660560906,5,10,0,266,1,0,0,0,282
660560907,0,0,0,307,7,5,1,0,320
660560908,1,5,3,328,3,4,0,0,344
660560909,4,100,147,226,7,14,1,7,506
660560910,0,1,1,205,1,4,0,4,216
660560911,0,19,1,299,15,63,4,7,408
660560912,24,60,59,120,0,0,0,2,265
660560913,0,65,1,243,3,10,2,0,324
660560914,12,34,4,195,7,0,0,0,252
660560915,50,89,6,268,1,0,0,2,416
660560916,4,15,1,303,3,1,0,0,327
660560917,0,6,1,354,11,37,2,37,448
660560918,2,25,12,210,3,1,0,0,253
660560919,0,4,1,251,3,7,0,0,266
660560920,0,38,73,182,14,0,1,0,308
660560921,2,25,28,156,2,0,0,0,213
660560922,1,128,72,70,0,3,0,0,274
660560923,11,18,54,202,1,3,0,1,290
660560924,8,69,58,146,0,1,0,2,284
660560925,3,70,75,145,2,7,0,0,302
660561001,4,4,1,221,4,0,0,0,234
660561002,17,9,0,334,2,1,1,0,364
660561003,11,8,1,255,11,4,4,15,309
660561004,6,43,5,199,7,0,0,0,260
660561005,3,23,3,241,5,2,0,0,277
660561006,11,26,6,202,1,0,0,0,246
660561007,5,1,0,226,5,0,0,0,237
660561008,0,10,2,220,3,1,0,0,236
660561009,8,10,0,170,1,0,0,1,190
660561010,1,13,0,286,14,3,0,5,322
660561011,58,145,4,91,1,0,0,1,300
660561012,23,107,9,86,1,0,0,1,227
660561013,2,16,9,255,3,2,1,1,289
660561014,3,28,26,100,0,0,0,2,159
660561015,22,68,100,8,0,0,0,0,198
660630101,0,1,7,13,1,0,0,0,22
660630102,2,0,1,4,0,0,0,0,7
660630103,0,0,0,5,1,0,1,1,8
660630104,0,0,0,19,0,0,8,0,27
660630105,0,0,1,19,0,0,0,0,20
660630106,0,0,0,5,1,0,1,0,7
660630107,0,1,7,80,2,0,0,2,92
660630108,0,2,46,19,1,0,1,1,70
660630109,1,0,1,8,0,1,10,2,23
660630110,11,39,41,129,5,0,1,0,226
660630111,2,45,73,96,6,0,0,1,223
660630201,0,0,0,33,0,0,2,0,35
660630202,1,2,11,91,5,0,2,0,112
660630203,0,0,0,6,0,2,26,0,34
660700101,0,0,0,14,0,0,3,0,17
660700102,1,8,1,55,2,0,38,1,106
660700103,0,0,0,4,0,0,15,0,19
660700104,0,0,0,8,0,0,4,0,12
660700105,1,0,0,19,0,0,26,0,46
660700106,0,0,0,16,0,0,5,0,21
660700107,0,1,0,57,0,0,3,0,61
660700201,0,8,0,52,0,0,7,1,68
660700202,0,0,0,7,0,0,17,0,24
660700203,0,12,0,98,0,0,9,3,122
660700204,0,1,0,81,2,0,25,0,109
660700205,2,60,0,196,6,0,9,4,277
660700301,0,0,0,10,2,1,21,0,34
660700302,0,0,0,2,0,0,9,0,11
660700303,0,0,0,6,0,0,11,0,17
660700401,0,0,0,20,0,0,4,0,24
660700402,0,0,0,3,0,0,10,0,13
660700403,0,0,0,0,0,0,15,0,15
660700404,0,0,0,17,0,0,4,0,21
660700405,0,0,0,1,0,0,6,0,7
660700406,0,0,0,0,0,0,6,0,6
660700407,0,0,0,14,0,0,13,0,27
660700501,0,0,0,3,0,1,1,4,9
660700502,0,0,0,3,1,0,0,1,5
660700503,0,0,0,10,0,1,0,1,12
660700504,0,0,0,76,3,2,0,0,81
660700505,0,0,0,2,0,0,1,0,3
660700506,0,0,0,15,0,2,0,1,18
660700507,0,7,0,125,4,4,0,0,140
660700508,1,7,0,166,1,2,0,2,179
660770101,0,0,0,3,0,0,16,0,19
660770102,1,2,7,30,0,3,3,0,46
660770103,0,3,11,51,4,0,0,0,69
660770104,5,23,33,100,5,2,2,3,173
660770105,10,34,75,92,4,0,0,0,215
660770106,8,20,32,123,10,2,0,1,196
660770107,18,59,44,63,4,0,0,0,188
660770108,12,38,33,146,10,0,1,0,240
660770109,19,39,12,99,10,0,2,2,183
660770201,0,0,0,9,3,1,7,0,20
660770202,1,0,2,11,1,0,0,0,15
660770203,0,0,1,15,0,0,0,0,16
660770204,4,58,55,121,9,4,1,0,252
660770205,8,96,58,103,25,1,0,0,291
660770301,0,2,2,8,2,0,0,0,14
660770302,0,0,2,6,0,1,0,0,9
660770303,4,7,14,72,4,1,0,3,105
660770304,0,4,6,21,2,0,0,4,37
660840101,0,1,0,101,0,1,0,0,103
660840102,1,5,7,123,1,0,0,1,138
660840103,0,1,0,11,0,0,0,0,12
660840104,0,1,0,10,5,0,0,0,16
660840105,0,0,1,14,1,0,0,0,16
660840106,3,24,10,185,1,1,0,0,224
660840107,12,36,41,154,0,1,0,0,244
660840108,2,7,38,146,2,0,1,0,196
660840109,6,24,16,167,8,4,0,0,225
660840201,0,1,0,25,1,1,1,0,29
660840202,0,0,0,35,0,0,0,0,35
660840203,0,0,0,49,1,0,0,0,50
660840204,0,0,0,19,1,0,0,1,21
660840205,3,13,44,96,2,0,1,1,160
660910101,0,0,0,2,0,0,13,0,15
660910102,0,0,0,12,0,0,21,0,33
660910103,3,0,0,2,0,1,26,0,32
660910104,0,0,0,3,1,0,34,0,38
660910105,0,1,0,23,0,0,15,0,39
660910201,0,1,0,4,0,0,14,0,19
660910202,0,0,0,3,1,0,22,0,26
660910203,0,0,0,2,0,0,14,0,16
660910204,0,0,0,2,0,0,55,1,58
660910205,4,10,9,56,13,2,52,1,147
660980101,7,25,29,114,2,0,1,0,178
660980102,0,3,0,79,1,0,3,0,86
660980103,4,5,7,34,6,0,1,0,57
660980104,4,2,4,7,12,0,2,0,31
660980105,3,62,72,224,11,0,5,4,381
660980106,15,80,61,259,20,1,4,0,440
660980201,0,0,0,12,0,4,2,0,18
660980202,0,0,0,1,1,0,0,0,2
660980203,0,2,19,44,3,2,1,0,71
660980204,0,0,1,21,0,0,0,0,22
660980205,4,9,17,77,2,0,4,0,113
660980206,0,0,0,2,0,0,2,0,4
660980207,0,2,1,17,8,0,0,0,28
660980208,12,34,40,114,6,0,4,1,211
660980209,3,59,87,74,2,0,1,1,227
661050101,0,0,0,0,0,0,0,0,0
661050102,0,0,0,0,0,0,0,0,0
661050103,0,0,0,2,0,0,1,0,3
661050104,0,2,0,24,14,4,7,0,51
661050201,0,0,1,19,0,0,11,5,36
661050202,0,3,0,17,2,2,75,1,100
661050203,0,0,0,3,0,0,50,1,54
661050204,0,0,0,2,1,1,14,0,18
661050205,0,0,0,12,1,0,1,0,14
661050206,0,0,0,2,2,0,1,0,5
661050207,0,0,0,0,0,0,3,0,3
661050208,0,1,0,3,0,0,3,0,7
661050209,1,2,1,134,5,4,90,2,239
661050210,3,3,2,116,1,6,42,0,173
661050211,28,5,45,58,2,0,16,2,156
661050212,3,4,12,111,2,1,19,1,153
661050213,0,0,0,176,13,4,45,0,238
661120101,2,1,5,56,0,0,0,1,65
661120102,0,0,0,9,0,0,0,0,9
661120103,1,0,1,19,1,0,0,0,22
661120104,1,2,7,34,2,1,0,4,51
661120105,7,56,46,135,5,0,1,3,253
661120106,0,2,7,94,0,0,2,0,105
661120107,0,3,2,54,3,0,1,2,65
661120108,0,5,4,70,1,1,0,1,82
661120109,9,27,7,261,3,1,0,0,308
661120110,2,5,4,86,4,0,1,1,103
661120201,4,4,10,89,3,0,2,2,114
661120202,0,0,1,29,0,0,1,0,31
661120203,0,0,2,7,0,0,0,0,9
661120204,0,2,0,35,2,0,0,0,39
661120205,0,1,1,72,1,0,4,6,85
661120206,0,0,0,45,3,2,17,1,68
661120207,0,0,0,5,7,1,17,0,30
661120208,1,3,1,84,3,0,67,0,159
661120209,0,8,1,72,10,0,66,48,205
661120210,3,3,2,130,4,0,0,2,144
661120211,2,2,0,43,0,0,2,0,49
661120212,5,28,33,203,4,0,0,4,277
661120213,9,36,43,250,5,1,2,1,347
661120214,0,12,63,321,5,0,0,3,404
661120215,8,48,59,161,4,0,1,1,282
661120301,5,44,24,233,3,0,0,0,309
661120302,11,75,100,68,0,0,0,0,254
661120303,17,42,17,124,3,0,0,1,204
661120304,11,20,14,153,3,1,0,0,202
661120305,12,24,6,227,9,1,1,0,280
661120306,35,50,9,180,6,0,0,3,283
661120307,11,86,11,70,3,0,0,0,181
661120308,15,55,32,76,1,0,0,0,179
661120309,4,70,102,46,1,0,0,0,223
661120310,15,67,47,206,4,0,0,7,346
661120311,31,29,36,115,2,0,0,1,214
661120312,48,48,24,217,5,0,1,3,346
661120313,18,58,12,164,10,0,0,5,267
661120401,5,42,75,210,12,1,0,10,355
661120402,14,27,41,95,1,1,0,0,179
661120403,9,33,50,77,1,1,0,1,172
661120404,46,51,47,98,6,0,0,0,248
661120405,22,74,31,198,9,0,0,2,336
661120406,12,80,19,133,4,0,0,0,248
661120407,2,15,3,166,0,0,0,1,187
661120408,2,22,14,156,0,1,0,4,199
661120409,22,104,8,273,10,3,1,3,424
661120410,7,99,44,31,1,0,0,0,182
661120411,2,46,166,82,2,0,1,0,299
661120412,38,57,24,220,4,0,0,2,345
661120413,4,34,13,300,4,1,1,3,360
661190101,1,0,1,0,0,0,48,4,54
661190102,4,2,4,7,8,2,274,5,306
661190103,12,3,0,16,7,1,123,0,162
661190104,5,0,0,4,1,1,52,0,63
661190105,11,7,5,12,17,0,26,0,78
661190201,0,0,0,0,0,0,18,0,18
661190202,0,1,0,0,0,0,47,0,48
661190203,3,1,7,3,0,0,116,0,130
661190204,6,0,0,1,1,0,62,1,71
661190205,12,3,7,28,20,1,185,5,261
661260101,1,0,1,31,1,1,0,0,35
661260102,0,6,1,332,6,32,20,0,397
661260103,0,0,2,119,3,19,8,2,153
661260104,4,39,38,108,2,2,0,0,193
661260105,2,44,0,199,15,2,0,0,262
661260201,0,0,1,73,1,3,1,0,79
661260202,0,0,0,74,2,0,0,0,76
661260203,3,0,2,182,1,3,5,3,199
661260204,0,0,2,29,0,2,0,2,35
661260205,1,12,86,103,11,22,4,7,246
661260206,1,65,25,231,4,72,1,3,402
661260207,2,0,80,153,1,0,0,0,236
661260208,5,49,128,30,73,1,0,3,289
661260209,1,25,192,191,4,23,0,3,439
661260210,0,1,4,268,4,9,1,4,291
661260211,1,0,0,243,5,39,1,2,291
661260212,0,35,15,168,2,31,1,1,253
661260213,4,87,128,119,3,1,0,0,342
661260214,1,0,1,241,2,37,0,0,282
661260215,0,1,1,292,2,30,0,3,329
661260216,2,13,71,174,4,18,0,3,285
661260217,3,53,6,397,3,7,0,0,469
661260218,0,51,77,90,3,3,0,0,224
661260301,0,0,0,53,3,1,2,0,59
661260302,2,11,7,140,7,3,0,0,170
661260303,1,38,15,222,1,6,0,2,285
661260304,9,20,0,155,1,7,0,1,193
661260401,1,6,7,190,8,9,0,3,224
661260402,0,2,12,120,15,10,1,0,160
661260403,0,4,0,22,0,1,0,0,27
661260404,1,5,4,37,1,3,0,0,51
661260405,0,1,0,22,0,0,0,0,23
661260406,1,14,22,50,9,9,0,3,108
661260407,0,1,0,32,0,1,0,2,36
661260408,0,0,1,176,5,5,0,2,189
661260409,2,2,1,162,7,6,0,0,180
661260410,7,33,9,388,11,10,1,1,460
661260411,3,21,15,276,2,14,0,0,331
661260412,0,12,2,327,5,33,0,1,380
661260413,0,4,1,252,9,24,0,2,292
661260414,2,33,23,179,12,16,0,1,266
661260415,14,37,15,227,20,4,0,0,317
661260416,72,110,89,70,6,1,0,9,357
661260417,1,10,100,35,0,0,0,0,146
661260418,5,104,88,31,1,0,0,0,229
661260501,0,0,0,12,2,0,0,0,14
661260502,1,2,0,254,2,3,4,0,266
661260503,0,0,0,4,1,0,0,0,5
661260504,0,9,118,90,59,0,0,0,276
661260505,1,52,101,83,4,2,0,10,253
661260506,11,15,162,36,0,1,0,0,225
661260507,12,94,88,155,10,0,0,0,359
661260508,6,45,70,131,60,2,0,1,315
661260509,6,64,96,149,63,0,0,0,378
661260510,8,44,31,164,35,1,0,0,283
661260511,2,30,11,243,9,0,0,1,296
661260601,8,22,25,164,1,8,2,9,239
661260602,0,6,2,54,6,0,0,2,70
661260603,6,11,2,143,0,3,53,4,222
661260604,0,0,0,38,2,1,0,1,42
661260605,0,2,1,50,2,0,3,9,67
661260606,0,2,0,24,0,1,0,0,27
661260607,0,0,0,20,0,0,3,1,24
661260608,0,0,0,3,0,0,0,5,8
661260609,4,20,0,276,3,42,4,6,355
661260610,7,27,6,283,6,16,3,3,351
661260611,5,13,0,359,3,5,1,0,386
661260612,6,25,0,197,2,7,1,0,238
661260613,6,151,46,96,2,1,0,0,302
661260614,0,26,2,279,5,3,0,2,317
661260615,11,46,5,236,5,0,1,0,304
661260616,2,12,0,257,4,4,1,1,281
661260617,11,25,20,169,11,2,0,0,238
661260618,14,46,161,11,0,0,0,0,232
661260619,13,38,15,283,5,1,1,2,358
661260620,4,65,123,155,5,0,0,1,353
661260621,4,21,1,173,1,0,0,0,200
661260622,1,6,0,184,0,1,0,4,196
661260623,0,0,0,128,1,4,2,1,136
661260624,4,29,0,234,5,1,1,2,276
661260625,3,4,0,161,3,4,0,1,176
661260701,0,6,2,315,6,37,3,2,371
661260702,3,5,0,254,3,46,0,0,311
661260703,0,9,0,209,3,36,0,1,258
661260704,2,27,173,68,0,2,0,0,272
661260705,3,29,0,174,2,1,0,0,209
661260706,7,46,32,199,4,1,0,1,290
661260707,6,45,45,214,5,1,1,0,317
661260708,3,8,0,300,2,24,0,0,337
661260709,1,11,1,400,4,35,1,2,455
661260710,1,25,26,162,4,1,0,0,219
661260711,12,49,22,123,3,1,0,2,212
661260712,3,87,8,106,3,0,1,5,213
661260713,2,19,2,270,3,23,1,0,320
661260714,2,73,3,193,7,15,2,0,295
661260715,5,56,42,90,6,0,0,0,199
661260716,13,45,49,74,9,0,0,1,191
661260717,12,46,67,151,18,2,0,0,296
661260718,12,24,56,154,32,4,0,0,282
661260719,5,33,4,121,2,0,0,1,166
661260720,3,48,27,201,2,5,1,0,287
661260721,3,133,157,9,0,0,0,0,302
661260722,6,108,91,12,1,0,0,0,218
661260723,9,25,1,251,0,2,0,1,289
661260801,20,46,102,184,5,3,0,0,360
661260802,9,46,14,198,8,2,0,1,278
661260803,32,28,8,74,7,3,0,2,154
661260804,3,51,13,104,0,1,10,0,182
661260805,6,35,14,132,7,0,1,5,200
661260806,5,69,18,112,2,0,1,0,207
661260807,5,34,10,132,3,9,0,0,193
661260808,2,18,3,186,1,0,0,0,210
661260809,11,44,9,324,8,14,0,9,419
661260810,6,18,1,174,1,4,1,1,206
661260811,3,24,0,194,6,3,1,0,231
661260812,2,8,0,349,1,18,0,1,379
661260813,0,74,2,259,21,0,0,2,358
661260814,6,36,2,337,4,5,0,0,390
661260815,10,92,96,110,0,4,0,4,316
661260816,19,89,72,146,1,0,0,0,327
661260817,5,66,4,250,31,2,0,0,358
661260818,24,18,2,443,7,25,0,2,521
661260819,2,85,38,190,7,3,0,0,325
661260820,3,58,87,2,1,0,0,1,152
661260821,5,85,10,254,2,5,0,1,362
661260822,8,94,3,245,4,3,0,1,358
661260823,4,70,4,203,3,4,1,2,291
661260824,5,141,79,180,7,2,1,0,415
661330101,1,2,1,339,25,0,284,10,662
661330102,0,0,0,65,25,1,223,133,447
661330103,0,0,0,11,0,3,90,27,131
661330104,0,0,0,1,0,0,110,5,116
661330105,0,0,0,0,0,1,63,0,64
661330106,0,1,1,145,8,2,59,35,251
661330107,1,4,6,57,1,0,314,2,385
661330108,5,3,3,150,57,5,139,67,429
661330201,0,0,0,10,0,0,18,5,33
661330202,0,0,0,0,0,0,28,0,28
661330203,0,0,0,2,0,0,99,0,101
661330204,0,0,0,6,0,0,26,1,33
661330205,0,0,0,13,1,1,10,3,28
661330206,0,0,0,8,6,1,22,1,38
661330207,0,0,0,17,0,0,8,1,26
661330208,1,0,0,148,7,1,10,6,173
661330209,0,0,0,33,0,0,23,0,56
661330210,1,0,0,76,4,0,9,8,98
661330211,0,0,0,41,2,0,27,0,70
661330212,0,0,0,1,0,0,70,1,72
661330213,0,0,0,4,1,0,35,0,40
661330214,0,0,0,42,2,0,111,8,163
661330215,0,1,0,9,0,2,16,0,28
661330216,0,0,1,154,3,3,69,13,243
661330217,0,0,0,19,0,0,9,7,35
661330218,0,0,0,10,0,3,27,15,55
661330219,0,0,0,92,1,6,19,10,128
661330220,0,0,5,234,3,1,6,2,251
661330221,5,3,0,222,29,1,4,9,273
661330222,4,3,3,114,7,0,4,4,139
661330223,12,1,0,189,3,0,3,3,211
661330224,0,0,0,222,6,2,2,6,238
661330301,0,0,0,86,0,0,87,15,188
661330302,0,0,3,33,1,2,65,7,111
661330303,0,0,0,21,0,4,9,0,34
661330304,1,0,2,56,3,0,96,62,220
661330305,0,2,0,82,3,1,63,17,168
661330306,0,0,0,109,2,1,74,49,235
661330307,0,0,0,39,0,0,5,5,49
661330308,0,0,0,40,2,0,22,20,84
661330309,3,4,1,168,0,3,43,9,231
661330310,1,0,0,169,2,1,51,27,251
661330311,2,1,1,233,2,0,11,6,256
661330312,2,0,0,199,6,1,35,39,282
661400101,0,0,2,18,0,0,1,0,21
661400102,2,1,2,23,4,2,0,1,35
661400103,0,2,1,39,0,1,0,0,43
661400104,0,0,1,5,0,0,3,0,9
661400105,0,2,4,27,0,1,0,0,34
661400106,1,1,1,21,1,0,0,2,27
661400107,0,14,12,16,0,0,0,0,42
661400108,0,1,7,86,2,3,0,3,102
661400109,0,0,0,6,0,0,0,0,6
661400110,0,1,0,66,4,0,1,0,72
661400111,3,0,1,21,0,0,3,8,36
661400112,0,1,4,30,1,0,0,0,36
661400113,1,3,8,58,0,0,3,1,74
661400114,0,1,5,45,0,1,1,0,53
661400115,0,3,6,39,1,0,0,0,49
661400116,3,5,0,241,15,1,0,1,266
661400117,3,7,0,352,5,0,0,3,370
661400118,41,93,94,3,0,0,0,1,232
661400119,84,110,47,57,0,0,0,0,298
661400120,31,108,83,58,9,0,0,2,291
661400121,18,164,209,101,0,0,1,0,493
661400201,0,0,0,15,1,0,0,0,16
661400202,1,0,0,15,2,0,0,1,19
661400203,1,7,0,33,0,0,0,0,41
661400204,0,0,3,38,3,0,0,1,45
661400205,1,0,0,54,0,0,3,0,58
661400301,0,0,2,29,2,0,0,0,33
661400302,0,0,3,17,0,0,0,0,20
661400303,0,0,0,10,0,0,0,1,11
661400304,1,0,1,90,2,0,0,2,96
661400305,0,0,1,10,0,1,0,0,12
661400306,0,0,0,6,2,0,0,2,10
661400307,0,0,0,26,1,0,0,0,27
661400308,0,0,1,12,2,0,0,0,15
661400309,1,0,0,16,0,0,0,0,17
661400310,1,7,1,108,3,1,0,11,132
661400311,3,11,5,111,1,0,0,2,133
661400312,1,3,35,97,9,0,0,0,145
661400401,9,75,121,100,7,2,0,0,314
661400402,7,73,9,192,7,6,4,3,301
661400403,18,87,39,126,2,1,0,0,273
661400404,9,40,103,55,9,2,0,0,218
661400405,3,39,16,203,12,0,0,1,274
661400406,12,41,17,130,8,0,0,3,211
661400407,19,55,46,76,8,0,0,0,204
661400408,19,98,56,60,2,0,0,1,236
661400409,6,58,27,261,2,0,0,0,354
661400410,44,54,32,208,5,0,0,0,343
661400411,93,119,39,31,4,0,0,1,287
661400412,10,64,48,145,4,0,0,0,271
661400413,25,45,39,129,2,1,0,2,243
661400414,12,61,4,260,6,0,0,0,343
661400415,4,26,1,219,74,0,0,1,325
661400416,3,18,9,153,3,0,1,0,187
661470101,0,0,0,1,0,0,27,0,28
661470102,0,0,0,1,0,0,33,0,34
661470103,0,0,0,2,0,0,32,0,34
661470104,0,0,0,7,0,0,39,0,46
661470105,0,0,7,13,2,0,18,1,41
661470201,0,0,0,10,0,0,20,1,31
661470202,3,0,0,6,0,0,39,0,48
661470203,2,0,0,0,0,0,18,0,20
661470204,0,0,0,1,0,0,11,0,12
661470205,0,0,0,10,1,0,27,0,38
661470301,0,0,0,0,0,0,21,0,21
661470302,0,0,0,29,0,1,17,0,47
661470303,0,0,0,11,0,0,1,0,12
661470304,0,0,1,5,0,0,3,0,9
661470305,0,0,2,28,1,0,1,0,32
661470306,1,9,12,103,6,2,0,1,134
661470307,12,115,41,369,20,0,3,4,564
661470308,0,0,0,4,0,0,3,0,7
661470309,0,0,0,2,0,0,11,0,13
661470310,0,0,0,0,0,0,7,0,7
661470311,10,63,30,194,19,0,0,0,316
661470312,14,87,69,147,4,0,0,4,325
661470313,4,32,19,121,7,0,0,2,185
661470314,8,20,25,81,10,0,0,0,144
661470315,22,183,85,108,17,0,1,1,417
661470316,110,90,16,105,15,0,0,0,336
661470317,3,14,9,285,22,0,0,2,335
661470401,21,35,34,184,23,2,0,2,301
661470402,2,9,26,119,20,4,0,0,180
661470403,2,2,14,66,13,0,0,0,97
661470404,2,3,16,88,4,2,6,1,122
661470405,2,2,1,54,1,2,0,0,62
661470406,0,0,0,4,0,0,1,0,5
661470407,2,52,4,382,13,2,0,0,455
661470408,6,74,2,286,1,2,0,0,371
661470409,12,34,15,202,8,0,1,5,277
661470501,4,30,14,148,25,0,0,0,221
661470502,62,40,95,22,3,0,2,2,226
661470503,3,97,94,24,1,0,0,0,219
661470504,9,82,21,117,85,2,0,1,317
661470505,3,87,14,116,5,0,0,0,225
661470506,20,62,47,102,14,0,0,0,245
661470507,20,52,30,78,77,0,0,1,258
661470508,2,27,5,153,12,0,0,0,199
661470509,16,96,53,106,13,0,0,1,285
661470510,14,113,25,152,29,0,0,2,335
661470511,10,97,34,198,14,1,0,0,354
661470512,15,56,33,55,14,0,0,0,173
661470513,19,112,16,111,15,0,0,1,274
661470514,8,93,12,172,9,0,0,0,294
661470515,22,76,59,72,5,1,2,0,237
661540101,0,0,0,0,0,0,35,0,35
661540102,0,2,0,2,0,0,65,0,69
661540103,2,0,1,0,0,0,23,1,27
661540104,0,0,0,0,0,0,1,0,1
661540105,0,0,0,12,0,2,146,3,163
661540106,10,4,27,3,22,0,119,1,186
661540201,0,0,0,22,1,0,37,1,61
661540202,0,1,0,1,0,0,20,0,22
661540203,3,1,0,2,0,0,43,0,49
661540204,1,0,0,4,0,0,21,0,26
661540205,0,0,0,1,0,0,10,0,11
661540206,1,0,0,0,0,0,38,0,39
661540207,0,2,1,4,0,0,45,2,54
661540208,5,5,1,4,3,0,86,0,104
661540209,18,79,24,14,15,0,116,11,277
661540210,29,21,5,60,36,1,142,6,300
661540211,26,13,14,20,4,0,146,5,228
661610101,0,0,0,24,0,0,38,1,63
661610102,0,0,0,190,0,0,23,0,213
661610103,0,0,1,176,3,1,61,1,243
661610104,0,1,0,34,0,0,21,0,56
661610105,0,0,1,57,0,2,81,1,142
661610106,0,0,0,45,0,0,2,1,48
661610107,0,0,0,7,1,0,59,0,67
661610108,0,0,0,36,1,0,15,0,52
661610109,0,1,0,83,2,0,4,0,90
661610110,1,25,3,260,4,0,5,0,298
661610201,0,4,47,37,1,0,3,1,93
661610202,1,1,55,34,1,0,5,0,97
661610203,0,0,26,45,3,0,1,0,75
661610204,0,0,8,37,0,0,5,0,50
661610205,2,13,192,44,2,1,4,4,262
661610301,1,0,1,37,3,2,33,1,78
661610302,0,1,0,101,0,0,9,1,112
661610303,0,0,0,27,1,2,11,0,41
661610304,2,2,0,150,2,0,22,4,182
661610305,0,0,0,40,0,0,12,0,52
661610306,2,47,2,177,2,0,1,0,231
700070101,146,129,14,5,3,1,30,2,330
700070102,155,80,24,6,3,1,116,4,389
700070103,117,33,2,7,2,2,133,7,303
700070104,104,112,7,0,2,1,37,0,263
700070201,69,26,0,1,1,1,180,8,286
700070202,66,22,3,2,0,0,140,3,236
700070203,68,48,0,4,1,0,89,1,211
700070204,245,83,3,1,2,0,92,4,430
700070205,158,58,3,4,4,2,208,16,453
700070206,84,82,6,4,74,0,68,5,323
700070207,64,16,0,2,3,0,72,4,161
700070301,68,23,112,3,2,0,169,6,383
700070302,112,44,1,0,2,0,58,4,221
700070303,42,7,0,0,0,0,65,6,120
700070304,48,41,0,3,0,0,92,13,197
700070305,6,3,1,2,0,0,44,1,57
700070306,112,53,1,1,2,0,81,8,258
700070307,214,14,1,0,0,0,71,9,309
700070308,87,49,0,0,2,0,124,9,271
700070401,27,41,5,5,5,0,76,0,159
700070402,17,7,0,0,0,1,111,1,137
700070403,107,19,1,7,0,2,177,12,325
700070501,14,5,0,1,0,0,21,0,41
700140101,20,13,1,0,0,0,84,2,120
700140102,16,12,0,3,0,1,107,1,140
700140103,160,19,6,2,0,3,161,2,353
700140104,53,62,1,2,1,0,89,9,217
700140105,42,18,2,8,2,1,156,12,241
700140106,103,114,1,11,3,2,82,1,317
700140107,192,137,3,2,2,0,68,13,417
700140201,6,10,0,0,0,0,56,2,74
700140202,17,12,1,0,0,0,82,9,121
700140301,1,0,0,1,0,0,11,2,15
700210101,10,3,0,1,0,0,74,0,88
700210201,48,52,2,1,1,0,181,12,297
700210202,1,0,0,0,0,0,47,3,51
700210203,98,10,1,0,1,1,158,0,269
700210204,5,5,1,1,0,0,41,1,54
700210205,0,0,0,3,0,0,8,2,13
700210301,6,2,0,3,0,2,81,3,97
700210302,38,39,1,39,1,0,128,4,250
700210401,94,46,15,8,12,0,85,4,264
700210402,4,0,1,1,1,0,31,1,39
700210403,57,7,0,68,3,2,154,8,299
700210404,124,36,4,73,2,0,83,3,325
700210405,8,1,0,0,0,0,30,1,40
700210501,0,0,1,1,0,0,9,0,11
700210601,3,2,0,2,0,0,3,0,10
700210701,2,0,0,0,0,0,7,0,9
700210702,0,0,0,0,0,0,1,0,1
700280101,151,114,14,3,0,0,1,2,285
700280102,79,147,9,1,0,0,4,0,240
700280103,90,142,6,0,0,0,4,0,242
700280104,91,120,6,0,0,0,5,0,222
700280105,40,73,0,0,0,0,0,1,114
700280106,98,122,22,3,0,0,2,1,248
700280107,54,95,7,0,0,0,1,1,158
700280108,58,157,0,0,0,0,0,3,218
700280109,37,118,2,0,0,0,1,0,158
700280110,119,101,11,3,1,0,0,0,235
700280111,72,129,2,0,0,0,2,2,207
700280112,81,136,12,1,0,0,1,1,232
700280113,54,78,7,1,2,0,1,3,146
700280114,72,162,0,0,0,0,2,0,236
700280115,77,63,4,0,0,0,0,0,144
700280116,89,114,0,1,1,0,0,1,206
700280117,27,134,0,2,0,0,0,0,163
700280118,79,99,1,0,0,0,0,0,179
700280201,115,88,6,2,1,1,44,6,263
700280202,182,37,8,4,2,0,55,3,291
700280203,206,87,53,0,0,0,4,0,350
700280204,77,54,45,1,0,0,1,0,178
700280205,107,77,8,4,3,0,5,2,206
700280206,119,92,0,2,0,0,2,0,215
700280207,67,120,2,1,0,0,10,0,200
700280208,92,28,1,5,4,1,54,2,187
700280209,120,65,46,1,0,0,0,1,233
700280210,189,74,3,0,0,0,0,0,266
700280211,92,45,43,2,1,1,1,0,185
700280212,59,28,50,1,0,0,0,0,138
700280213,110,53,4,1,0,0,9,4,181
700280301,65,65,5,38,2,0,48,1,224
700280302,74,74,1,0,2,2,68,5,226
700280303,130,158,3,1,1,0,30,2,325
700280304,109,97,1,2,35,1,71,7,323
700280305,107,51,8,2,2,0,96,21,287
700280306,188,71,2,2,0,0,2,36,301
700280307,87,100,0,1,0,0,7,0,195
700280308,99,86,4,0,0,4,65,4,262
700280309,106,126,24,2,6,0,26,1,291
700280310,65,51,4,0,0,0,60,3,183
700280311,77,40,4,4,1,0,71,1,198
700280312,79,62,4,1,0,0,32,1,179
700280313,131,64,4,1,1,0,107,10,318
700280314,95,74,8,1,1,0,17,10,206
700280315,69,64,5,5,1,0,9,0,153
700280316,143,135,7,1,1,0,18,3,308
700280317,146,37,0,0,0,0,4,1,188
700280318,119,165,1,3,0,0,4,1,293
700280319,110,80,4,1,0,0,14,0,209
700280320,88,52,12,2,0,0,7,1,162
700280321,56,113,7,1,1,0,4,2,184
700280401,31,78,3,7,1,0,9,2,131
700280402,72,84,1,1,0,0,20,2,180
700280403,100,109,8,1,1,0,7,2,228
700280404,70,76,8,1,2,0,8,1,166
700280405,160,86,10,6,0,0,25,3,290
700280406,110,158,12,1,0,0,19,1,301
700280407,96,94,24,3,1,0,20,2,240
700280408,166,80,6,0,2,0,30,0,284
700280409,88,52,2,2,2,0,38,3,187
700280410,92,28,91,0,0,0,36,1,248
700280411,92,74,4,0,0,0,6,0,176
700280412,137,112,6,0,2,1,74,6,338
700280413,85,86,55,3,2,1,15,0,247
700280414,153,41,84,0,0,0,3,1,282
700280501,169,85,36,0,0,0,4,1,295
700280502,187,85,15,1,1,0,15,1,305
700280503,116,31,9,3,2,0,2,1,164
700280504,139,101,49,4,0,0,14,0,307
700280505,76,48,14,0,0,0,8,1,147
700280506,184,84,60,1,0,0,0,0,329
700280507,115,46,17,0,0,0,1,4,183
700280508,98,49,24,2,0,0,52,1,226
700280509,160,20,4,1,0,0,0,0,185
700280510,139,26,34,1,0,0,0,0,200
700280511,239,58,1,0,0,0,0,2,300
700280512,141,38,26,1,1,0,5,1,213
700280513,102,49,35,3,0,0,36,2,227
700280514,77,24,45,1,0,0,5,1,153
700280515,83,57,12,0,2,0,37,1,192
700280516,104,78,10,0,0,0,0,0,192
700280601,68,152,4,0,1,2,80,3,310
700280602,205,79,0,1,0,0,6,1,292
700280603,121,75,5,1,1,0,10,1,214
700280604,97,66,3,0,1,0,68,2,237
700280605,113,156,36,0,1,0,9,0,315
700280606,58,33,6,1,0,1,71,4,174
700280607,83,69,17,1,3,0,65,1,239
700280608,107,85,110,1,1,0,1,0,305
700280609,131,98,8,6,4,0,41,1,289
700280610,71,59,36,0,0,0,17,1,184
700280611,77,40,138,3,0,0,10,1,269
700280612,153,99,1,3,4,0,19,1,280
700280613,192,94,12,1,2,1,7,0,309
700280614,113,71,6,3,0,0,23,1,217
700280615,116,46,7,4,1,0,74,1,249
700280616,69,45,2,1,0,0,26,1,144
700280617,218,43,4,2,0,0,33,1,301
700280618,133,68,5,1,1,1,52,4,265
700280619,37,88,31,0,0,0,0,3,159
700280701,145,124,21,19,2,5,25,1,342
700280702,132,66,30,2,0,1,11,1,243
700280703,148,58,22,1,0,0,52,5,286
700280704,186,91,1,2,1,0,48,2,331
700280705,147,90,8,2,1,1,37,3,289
700280706,123,71,14,1,1,0,50,6,266
700280707,115,79,10,7,14,1,79,4,309
700280708,134,70,6,2,0,0,90,1,303
700280709,130,83,3,2,2,1,99,2,322
700280710,119,56,22,0,2,0,63,5,267
700280711,121,57,4,8,2,1,120,3,316
700280712,140,156,7,3,3,0,35,3,347
700280713,73,67,1,0,1,0,74,0,216
700280714,115,59,4,2,1,0,121,3,305
700280715,168,62,4,2,2,0,12,2,252
700280716,103,27,13,2,5,0,6,0,156
700280801,80,87,11,5,0,0,41,2,226
700280802,101,55,22,3,2,1,6,1,191
700280803,116,61,3,4,1,0,24,2,211
700280804,50,78,2,15,0,0,25,2,172
700280805,116,64,12,1,0,0,44,1,238
700280806,213,30,22,0,0,0,0,1,266
700280807,170,63,14,1,0,0,2,1,251
700280808,118,42,12,3,0,0,21,0,196
700280809,197,81,25,9,1,0,11,3,327
700280810,150,81,5,8,5,0,68,1,318
700280811,99,53,2,20,0,0,9,1,184
700280901,192,98,8,0,1,0,36,6,341
700280902,136,131,12,0,1,0,12,1,293
700280903,90,59,9,2,0,1,51,0,212
700280904,93,64,2,2,0,0,9,0,170
700280905,102,113,15,1,1,0,23,2,257
700280906,52,92,10,6,0,0,11,0,171
700280907,121,72,7,0,1,0,9,1,211
700280908,217,88,4,4,0,0,21,0,334
700280909,145,98,0,0,0,0,0,1,244
700280910,136,107,5,5,2,0,12,1,268
700280911,25,54,1,0,0,0,3,1,84
700280912,73,34,3,5,0,0,50,2,167
700280913,73,42,7,4,1,0,38,6,171
700280914,111,65,0,0,0,0,0,0,176
700280915,121,152,5,2,0,0,19,5,304
700280916,101,83,5,1,2,0,112,3,307
700350101,62,122,4,7,1,1,139,2,338
700350102,57,74,1,2,0,1,162,4,301
700350103,109,92,1,0,1,0,113,1,317
700350104,79,69,2,2,1,0,115,3,271
700350105,112,192,3,3,0,0,32,2,344
700350106,188,83,0,0,0,0,25,0,296
700350107,114,82,1,4,0,0,30,0,231
700350108,86,162,5,0,0,0,47,0,300
700350109,73,121,24,2,1,1,39,1,262
700350110,78,87,45,2,3,0,42,2,259
700350111,185,74,12,6,0,0,33,2,312
700350112,227,80,1,4,0,0,7,1,320
700350113,123,93,5,2,1,0,26,3,253
700350114,244,79,15,1,0,0,9,0,348
700350201,61,38,1,5,4,0,120,3,232
700350202,11,13,0,2,1,1,98,0,126
700350203,35,18,1,2,0,2,188,2,248
700350204,23,26,1,1,2,0,114,0,167
700350205,153,22,0,0,0,0,0,0,175
700350301,90,20,16,26,5,2,91,2,252
700350302,80,50,0,3,1,1,110,4,249
700350401,14,11,0,2,0,0,73,4,104
700350402,25,68,2,2,0,0,140,2,239
700350403,23,16,1,22,1,3,140,2,208
700350501,13,8,0,3,0,1,86,4,115
700350502,1,0,2,0,0,0,64,1,68
700350503,12,17,5,32,1,1,27,0,95
700350601,1,0,0,3,0,0,20,0,24
700350602,0,5,0,3,3,3,58,3,75
700350701,87,41,1,6,0,0,75,3,213
700350702,254,165,1,3,1,1,24,2,451
700350703,119,102,0,2,0,0,15,8,246
700350704,88,68,3,3,1,2,64,5,234
700350705,86,15,0,174,0,0,33,0,308
700350706,164,30,1,9,0,0,3,0,207
700350707,121,44,4,78,1,0,15,0,263
700350708,186,33,1,1,0,0,0,0,221
700350709,173,40,1,21,0,0,49,0,284
700350710,45,31,1,5,2,0,160,1,245
700350711,102,61,0,0,1,0,86,1,251
700420101,55,93,3,2,0,0,34,3,190
700420102,178,176,1,3,3,0,13,8,382
700420103,37,216,1,0,0,0,3,2,259
700420104,177,184,2,2,10,0,0,0,375
700420105,206,74,2,0,0,0,39,1,322
700420106,142,203,0,2,30,0,6,1,384
700420107,58,55,4,1,0,0,71,20,209
700420108,79,53,2,4,1,0,112,5,256
700420109,45,74,7,2,1,1,112,6,248
700420110,78,87,14,1,1,0,84,8,273
700420111,56,50,1,1,0,0,95,0,203
700420112,26,106,1,0,1,0,64,8,206
700420201,223,103,4,4,0,0,35,2,371
700420202,114,91,0,0,0,0,5,0,210
700420203,171,52,1,1,2,1,137,0,365
700420204,105,20,0,1,4,0,338,14,482
700420205,67,34,1,4,50,0,130,1,287
700420206,114,66,10,3,5,0,108,21,327
700420207,265,151,1,4,2,0,78,5,506
700420208,57,18,3,8,53,0,79,6,224
700420209,161,87,2,1,1,0,119,1,372
700420210,191,80,4,0,0,0,38,0,313
700420211,109,39,3,0,0,1,63,3,218
700420212,199,28,7,1,0,0,162,6,403
700420213,75,65,10,8,44,1,155,3,361
700420214,82,47,6,3,3,0,138,5,284
700420215,59,115,2,6,0,0,36,2,220
700420216,153,49,23,6,24,1,108,1,365
700420217,40,38,3,5,196,0,63,5,350
700420301,112,109,0,1,0,0,46,0,268
700420302,90,41,7,4,6,1,159,15,323
700420303,33,18,1,3,4,0,251,1,311
700420304,10,5,0,1,0,0,30,2,48
700420401,107,121,0,6,2,0,42,3,281
700420402,291,154,3,2,15,2,20,4,491
700420403,88,49,0,1,2,0,86,1,227
700420404,58,34,1,1,5,0,257,3,359
700420405,51,150,3,7,63,0,19,17,310
700420406,219,110,0,1,0,0,28,1,359
700420407,241,91,1,0,0,0,1,0,334
700420408,186,78,0,0,0,0,1,0,265
700420409,107,98,1,3,13,0,15,1,238
700420410,74,56,1,2,3,0,111,3,250
700420411,85,43,10,5,9,1,72,5,230
700420412,112,186,3,7,1,0,57,1,367
700420413,138,202,1,4,0,0,15,0,360
700420414,193,81,2,7,6,1,115,5,410
700420415,109,57,19,5,2,0,93,4,289
700420416,159,99,54,1,0,0,7,1,321
700420417,132,100,2,7,0,1,192,13,447
700420418,99,93,1,1,0,0,7,0,201
700420419,50,82,2,2,0,0,45,3,184
700420501,119,115,3,1,4,1,156,5,404
700420502,159,81,1,2,1,0,79,7,330
700420503,94,101,1,0,0,2,37,18,253
700420504,164,136,0,0,0,0,8,7,315
700420505,28,11,0,5,1,0,340,14,399
700420506,57,176,54,1,0,0,50,9,347
700420507,79,0,223,0,3,0,52,4,361
700420508,144,156,0,5,0,0,24,2,331
700420509,275,21,1,1,1,1,21,4,325
700420510,130,288,2,2,1,0,4,1,428
700420511,91,114,0,0,3,0,37,7,252
700420512,111,134,7,2,0,1,32,3,290
700420513,107,52,0,2,1,0,139,1,302
700420514,115,249,1,0,0,0,53,2,420
700420515,48,50,0,2,2,0,143,6,251
700490101,22,2,0,0,0,0,74,0,98
700490102,1,1,0,0,1,0,27,0,30
700490201,6,0,0,2,2,2,100,1,113
700490202,18,1,1,1,0,2,148,0,171
700490203,77,44,2,3,1,1,123,5,256
700490204,80,19,30,2,0,0,120,2,253
700490205,54,8,1,3,2,0,94,6,168
700490206,11,4,0,1,0,0,65,2,83
700490207,66,6,2,1,0,0,161,2,238
700490301,12,0,0,0,0,0,73,2,87
700490302,83,41,1,2,0,0,45,0,172
700490303,9,4,2,2,0,0,59,0,76
700490401,1,0,0,0,0,0,6,1,8
700560101,12,0,0,5,0,0,158,0,175
700560102,19,1,1,1,0,0,248,0,270
700560103,15,5,0,0,0,0,137,6,163
700560104,21,3,1,2,0,1,170,9,207
700560105,175,46,1,0,1,1,122,1,347
700560106,8,2,0,1,2,0,103,0,116
700560107,65,7,0,1,0,1,23,0,97
700560108,56,22,0,0,0,0,64,1,143
700560109,84,7,3,0,2,0,78,2,176
700560201,133,29,0,0,0,0,93,3,258
700560202,108,18,1,2,1,0,120,12,262
700560203,125,55,1,2,1,0,121,2,307
700560204,62,17,1,0,0,0,50,4,134
700560205,113,70,6,1,0,0,72,2,264
700560206,169,78,1,0,0,0,17,1,266
700560207,62,10,3,1,2,0,120,0,198
700560208,86,54,8,3,0,1,131,1,284
700560209,99,29,1,1,0,0,91,3,224
700560210,6,1,1,2,0,0,48,0,58
700560211,133,65,8,0,0,0,102,10,318
700560212,56,25,4,2,1,0,132,2,222
700560213,146,39,1,1,0,0,1,0,188
700560301,19,9,1,2,0,0,101,0,132
700560302,48,30,3,0,4,0,157,3,245
700560401,2,0,0,0,0,0,20,0,22
700560501,1,0,0,1,0,0,7,0,9
700560601,7,1,0,0,0,1,56,0,65
700560701,8,48,0,0,1,1,100,0,158
700560702,13,1,0,0,1,0,42,0,57
700630101,20,23,0,1,0,1,73,3,121
700630102,36,24,2,35,0,0,83,1,181
700630103,110,43,0,3,1,1,180,29,367
700630104,20,8,2,0,0,0,40,3,73
700630105,5,10,1,0,1,0,17,0,34
700630106,82,38,28,4,0,0,113,4,269
700630201,15,12,0,0,1,0,16,0,44
700630202,46,19,70,2,1,0,186,2,326
700630203,109,99,22,0,3,0,52,17,302
700630204,70,15,0,4,0,0,150,1,240
700630205,90,132,0,0,1,0,41,0,264
700700101,37,22,0,3,1,0,187,5,255
700700102,40,143,0,3,1,0,208,4,399
700700103,132,50,3,2,2,0,208,5,402
700700104,75,35,5,9,3,0,157,4,288
700700105,47,39,1,2,2,0,215,2,308
700700106,74,29,38,0,1,2,129,1,274
700700107,91,98,67,1,0,0,7,2,266
700700108,92,45,3,5,1,1,114,3,264
700700109,113,77,1,4,0,2,70,1,268
700700110,79,47,2,1,1,1,70,1,202
700700111,49,42,4,6,1,0,105,4,211
700700112,148,82,0,3,0,0,49,4,286
700700113,115,43,26,1,2,1,142,3,333
700700114,81,28,8,9,5,0,292,8,431
700700115,288,46,0,0,0,0,0,0,334
700700201,7,15,2,2,0,0,47,0,73
700700202,17,9,0,2,1,0,78,1,108
700700203,44,18,10,3,2,0,264,8,349
700700204,17,19,4,6,2,0,154,6,208
700700205,105,69,10,2,0,1,56,2,245
700700206,117,131,46,4,0,1,214,16,529
700700207,95,149,1,2,0,1,289,12,549
700700301,67,13,5,5,2,0,89,6,187
700700302,86,33,2,2,0,1,112,0,236
700700303,22,19,0,5,1,1,175,3,226
700700304,100,156,5,1,1,0,27,4,294
700700305,16,3,0,4,0,1,101,4,129
700700401,9,2,0,0,0,0,28,0,39
700700501,128,85,0,4,0,0,75,3,295
700700502,174,33,1,4,3,0,29,0,244
700700503,24,10,0,5,0,0,221,3,263
700700504,29,29,8,10,67,0,28,6,177
700700505,179,26,0,1,1,0,27,1,235
700700506,183,70,0,8,1,1,27,3,293
700700507,184,79,0,0,0,0,19,0,282
700700508,107,21,1,3,0,0,162,10,304
700700509,76,40,0,1,6,1,167,3,294
700700510,145,93,6,3,0,0,51,2,300
700700511,169,96,6,0,1,0,166,8,446
700700512,133,97,11,1,3,1,124,6,376
700700513,105,34,1,7,1,1,189,5,343
700700514,146,42,4,2,1,0,166,18,379
700700515,105,41,0,2,2,0,195,3,348
700700516,69,19,0,6,2,27,252,2,377
700700517,190,68,1,0,0,0,40,0,299
700700518,70,53,3,2,0,0,74,4,206
700770101,50,13,0,3,2,3,89,2,162
700770102,240,204,1,0,0,0,36,1,482
700770103,0,0,0,0,1,0,2,0,3
700770104,234,61,0,0,0,0,0,0,295
700770105,227,4,0,0,0,0,1,0,232
700770106,130,55,1,1,1,0,61,1,250
700770201,158,65,2,2,2,1,122,2,354
700770202,101,117,36,3,2,0,113,2,374
700770203,114,137,1,0,0,1,83,10,346
700770204,150,190,3,3,13,0,14,3,376
700770205,91,200,1,2,34,0,16,1,345
700770206,95,193,13,2,0,0,39,2,344
700770207,136,179,1,2,0,0,7,4,329
700770208,67,315,0,6,0,0,23,2,413
700770209,191,115,0,0,0,0,2,0,308
700770210,107,25,5,2,0,1,39,0,179
700770211,103,64,97,2,0,0,3,0,269
700770212,206,10,0,0,1,0,11,1,229
700770213,56,55,81,3,3,0,114,0,312
700770301,142,109,1,2,1,0,7,0,262
700770302,90,158,20,1,1,0,10,3,283
700770303,47,207,2,1,0,0,10,6,273
700770304,95,217,18,1,0,0,22,1,354
700770305,98,74,1,3,1,1,94,0,272
700770306,113,175,3,7,1,0,64,0,363
700770307,95,67,6,7,3,3,205,5,391
700770308,114,107,0,2,2,0,6,1,232
700770309,82,50,2,2,41,0,148,1,326
700770310,203,67,4,3,3,1,75,1,357
700770311,141,63,1,1,1,0,127,8,342
700770312,93,30,0,1,1,0,99,9,233
700770313,83,28,4,0,4,1,130,0,250
700770401,104,44,0,1,1,0,53,2,205
700770402,100,43,4,0,1,0,40,0,188
700770403,137,19,3,2,1,0,56,0,218
700770404,96,87,17,6,1,0,50,3,260
700770405,108,75,22,2,0,0,57,0,264
700770406,203,89,3,0,1,0,10,0,306
700770407,138,108,33,2,0,0,13,1,295
700770408,108,119,6,2,0,0,11,0,246
700770409,62,44,8,1,1,0,81,4,201
700770410,136,82,43,4,2,4,79,9,359
700770411,56,63,4,5,0,0,79,1,208
700770412,153,88,5,3,3,1,95,4,352
700770413,113,55,1,1,1,0,25,1,197
700770414,80,49,3,6,2,1,66,0,207
700770415,43,104,4,4,1,2,63,0,221
700770416,109,70,4,1,1,0,20,3,208
700770501,56,198,13,0,0,0,9,0,276
700770502,59,29,4,7,2,1,208,24,334
700770503,173,48,0,0,0,0,0,1,222
700770504,28,11,1,4,0,1,102,1,148
700770505,174,54,0,0,0,0,0,0,228
700770506,109,10,1,0,0,0,25,2,147
700770507,135,105,1,4,3,0,34,4,286
700770508,128,37,3,0,0,1,48,1,218
700770509,103,33,3,0,0,0,17,0,156
700770510,134,192,1,0,0,0,0,0,327
700770511,144,140,47,2,0,0,42,0,375
700770512,232,50,10,3,1,0,3,0,299
700770601,93,19,1,20,3,1,177,14,328
700770602,51,8,3,17,4,1,191,1,276
700770603,31,1,45,26,6,0,25,1,135
700770701,43,17,1,23,1,2,128,12,227
700770702,55,8,2,4,2,0,104,6,181
700770703,26,10,5,8,2,0,89,4,144
700770801,96,13,2,5,1,1,66,0,184
700770802,73,12,2,3,5,1,108,10,214
700770803,121,107,8,4,6,4,143,9,402
700770804,21,9,0,0,152,2,56,2,242
700770805,92,39,3,6,5,2,163,9,319
700770806,160,73,44,4,1,2,126,1,411
700770807,32,33,0,1,1,0,144,12,223
700770808,45,9,114,1,51,1,35,6,262
700770809,115,67,3,2,6,1,168,1,363
700770810,208,102,45,6,14,0,29,1,405
700770811,65,84,1,2,0,0,98,1,251
700770812,93,71,3,10,72,0,39,1,289
700770813,98,33,1,3,0,0,311,13,459
700770814,49,29,1,2,1,0,202,9,293
700770815,50,62,3,1,0,0,166,2,284
700770901,135,42,29,4,4,2,79,4,299
700770902,119,99,3,3,1,0,32,0,257
700770903,178,35,5,2,0,0,49,6,275
700770904,84,49,4,3,1,0,175,2,318
700770905,288,99,1,1,0,0,8,1,398
700770906,61,195,1,0,0,0,13,0,270
700770907,173,72,0,0,1,0,7,2,255
700770908,53,141,2,0,27,0,27,0,250
700770909,126,107,1,1,0,0,6,1,242
700770910,106,40,4,4,2,0,165,5,326
700770911,83,67,7,4,2,3,170,4,340
700770912,109,44,4,3,2,0,123,2,287
700771001,107,51,20,7,0,0,7,7,199
700771002,132,147,48,5,0,1,77,10,420
700771003,100,56,19,5,4,0,22,6,212
700771004,128,152,2,3,0,1,19,0,305
700771005,101,182,16,0,0,0,0,2,301
700771006,108,64,6,2,1,0,134,0,315
700771007,148,94,0,5,1,0,92,2,342
700771008,81,39,1,0,3,0,108,1,233
700771009,122,32,3,2,2,0,46,0,207
700771010,96,79,27,7,4,2,89,4,308
700771011,135,85,1,1,0,0,5,6,233
700771012,60,62,6,2,53,0,29,0,212
700771013,105,44,85,5,1,1,86,6,333
700840101,6,0,0,0,0,0,5,2,13
700840102,15,1,32,0,0,0,19,0,67
700840201,62,85,3,1,2,0,103,21,277
700840202,118,77,0,0,0,0,10,2,207
700840203,178,36,3,9,0,1,35,0,262
700840204,218,62,42,0,1,0,13,1,337
700840205,97,43,9,8,6,0,93,1,257
700840206,153,23,51,0,0,0,6,0,233
700840207,144,74,21,0,1,0,1,3,244
700840208,186,56,67,0,0,0,8,1,318
700840209,113,93,22,3,0,0,25,5,261
700840210,188,48,98,0,0,0,0,0,334
700840211,136,68,99,1,0,0,54,6,364
700840212,229,92,9,4,2,0,51,3,390
700840213,97,60,20,4,3,0,42,3,229
700840214,124,35,7,1,1,0,49,0,217
700840215,118,85,37,4,1,0,71,2,318
700840216,123,107,7,6,2,0,47,10,302
700840217,140,75,12,0,0,0,11,0,238
700840301,95,203,4,2,16,3,40,0,363
700840302,179,87,23,8,0,1,20,4,322
700840303,135,105,4,1,1,0,50,6,302
700840304,135,46,4,2,4,2,129,5,327
700840305,241,96,116,3,0,0,23,3,482
700840306,176,87,22,9,3,0,78,1,376
700840307,163,79,19,12,4,1,133,7,418
700840308,121,124,8,5,2,0,107,8,375
700840309,152,69,4,5,2,1,121,2,356
700840310,246,112,0,0,0,0,1,0,359
700840311,187,154,0,0,0,0,2,0,343
700840312,236,95,8,1,0,0,4,1,345
700840313,43,214,1,0,0,0,0,1,259
700840314,45,143,0,7,61,0,10,0,266
700840315,44,260,2,2,2,0,12,1,323
700840316,86,157,2,1,1,0,46,1,294
700840317,135,48,0,1,3,0,55,0,242
700840318,110,57,2,3,0,0,73,0,245
700840319,112,113,5,5,0,1,22,4,262
700840320,111,100,35,6,2,0,16,0,270
700840401,207,78,40,5,1,3,152,0,486
700840402,177,24,14,1,0,0,0,2,218
700840403,256,46,1,1,0,0,1,0,305
700840404,174,41,5,2,0,0,1,0,223
700840405,206,91,53,2,0,0,50,8,410
700840406,66,18,3,1,1,0,99,5,193
700840407,74,33,2,4,0,0,124,2,239
700840408,121,88,4,5,0,0,51,0,269
700840409,136,24,2,9,6,2,130,2,311
700840410,142,125,0,0,0,0,0,0,267
700840411,124,75,0,0,0,0,0,0,199
700840412,213,70,28,7,3,0,64,0,385
700840413,181,26,0,0,0,0,0,1,208
700840414,65,21,0,0,1,1,122,5,215
700840415,109,36,0,1,1,0,87,11,245
700840416,142,47,25,2,0,0,9,1,226
700840417,85,28,44,2,1,1,50,2,213
700840501,85,39,13,24,105,0,60,3,329
700840502,154,72,2,0,0,0,0,0,228
700840503,184,75,0,0,1,1,146,21,428
700840504,307,94,2,1,1,0,150,4,559
700840505,105,83,0,0,0,0,23,1,212
700840506,160,25,0,0,0,0,15,0,200
700840601,109,68,0,3,1,0,137,5,323
700840602,98,71,1,8,1,0,226,12,417
700840603,190,37,1,0,0,0,2,0,230
700840604,265,67,1,0,0,0,0,0,333
700840605,200,54,0,2,0,0,3,0,259
700840606,116,35,137,0,0,0,0,1,289
700840607,33,34,197,0,0,0,0,0,264
700840608,26,7,247,0,0,0,0,0,280
700840609,173,16,112,1,0,0,1,0,303
700840610,141,89,2,1,3,35,200,4,475
700840611,94,116,5,2,1,48,16,14,296
700840612,109,100,2,5,0,0,75,1,292
700840613,24,30,0,3,0,0,119,8,184
700910101,32,15,1,1,1,0,165,3,218
700910102,74,48,2,2,0,0,102,2,230
700910103,18,5,0,1,2,0,74,3,103
700910104,110,18,20,49,4,0,105,1,307
700910105,8,3,0,0,0,0,58,0,69
700910106,23,15,1,6,0,0,63,1,109
700910107,86,16,0,0,0,0,35,0,137
700910108,31,8,0,3,1,0,45,1,89
700910109,121,119,3,0,0,0,37,0,280
700910110,21,12,0,1,0,0,50,3,87
700910111,23,62,3,2,1,0,53,6,150
700910112,229,77,0,3,2,1,23,7,342
700910113,126,117,1,2,0,0,3,0,249
700910114,28,61,2,12,0,1,185,1,290
700910201,3,0,0,0,0,0,12,0,15
700980101,94,46,0,1,1,1,137,10,290
700980102,96,99,2,0,0,1,15,2,215
700980103,79,77,0,5,0,0,93,7,261
700980104,90,64,60,3,3,1,77,3,301
700980105,74,34,3,3,4,1,160,2,281
700980106,133,146,3,4,6,0,113,7,412
700980107,59,42,3,6,47,2,139,7,305
700980108,128,100,1,0,2,0,43,1,275
700980109,160,99,5,2,1,0,85,5,357
700980110,109,99,6,2,0,0,94,1,311
700980111,163,149,0,1,0,0,4,4,321
700980112,140,68,13,4,3,0,67,5,300
700980113,144,87,0,0,0,0,5,2,238
700980114,59,62,0,4,0,0,107,0,232
700980115,78,108,4,1,2,0,50,0,243
700980116,237,127,3,5,1,1,47,7,428
700980117,104,44,5,3,3,0,25,4,188
700980118,75,76,8,2,0,1,126,6,294
700980201,77,54,9,8,3,0,189,3,343
700980202,36,33,8,2,1,0,96,4,180
700980203,20,24,0,0,1,2,181,9,237
700980204,68,71,3,3,1,1,77,2,226
700980205,111,50,5,2,1,0,202,21,392
700980206,80,146,6,35,0,0,93,6,366
700980207,135,58,43,7,5,0,99,9,356
700980301,222,71,45,11,62,0,18,0,429
700980302,174,50,6,3,0,1,55,1,290
700980303,55,51,6,2,1,0,61,0,176
700980304,60,64,5,1,4,1,187,3,325
700980305,80,102,6,6,0,1,126,3,324
700980306,55,34,1,2,0,1,150,8,251
700980307,144,75,6,2,1,1,140,7,376
700980308,120,58,10,4,0,1,104,11,308
700980401,261,95,52,0,1,0,13,1,423
700980402,165,75,2,0,0,0,0,1,243
700980403,144,74,16,15,4,0,33,4,290
700980404,194,88,13,1,0,0,28,7,331
700980405,84,51,5,4,3,0,79,6,232
700980406,149,86,1,1,2,0,18,0,257
700980407,75,68,0,1,0,0,17,1,162
700980408,107,25,10,2,0,0,6,1,151
700980409,167,46,10,0,0,0,2,2,227
700980410,123,25,12,2,2,0,14,0,178
700980411,108,67,4,3,1,0,31,6,220
700980412,90,74,1,1,0,0,8,5,179
701050101,6,5,0,2,0,1,82,5,101
701050102,45,27,1,9,5,0,80,3,170
701050103,22,25,5,2,1,0,44,1,100
701050104,42,27,2,1,0,1,55,0,128
701050105,30,10,1,6,0,0,95,3,145
701050106,71,43,2,19,2,0,84,19,240
701050107,102,49,8,7,2,2,199,4,373
701050108,98,43,4,13,2,0,157,8,325
701050201,127,66,3,2,1,0,245,1,445
701050202,126,71,3,4,2,1,263,2,472
701050203,44,32,2,16,1,0,106,1,202
701050301,117,80,1,13,2,1,84,9,307
701050302,136,176,1,62,24,1,61,15,476
701050303,34,44,1,73,1,3,247,9,412
701050304,32,30,1,7,0,1,124,4,199
701050305,63,66,1,1,3,1,129,2,266
701050306,121,46,2,19,1,1,133,2,325
701050307,184,70,4,1,0,0,38,5,302
701050308,83,17,0,23,1,3,105,4,236
701120101,56,33,7,2,5,2,76,0,181
701120102,164,55,7,1,1,0,132,7,367
701120103,41,6,5,2,4,0,68,1,127
701120104,60,147,2,3,0,0,33,2,247
701120105,154,41,0,2,1,0,95,0,293
701120201,4,1,3,2,1,0,4,0,15
701190101,4,1,0,1,0,1,53,1,61
701190102,30,15,0,0,0,0,45,0,90
701190103,3,0,0,1,0,0,28,0,32
701190201,68,42,1,9,1,1,133,28,283
701190202,266,62,5,4,2,0,98,5,442
701190203,6,2,0,0,0,0,47,1,56
701190204,3,0,0,0,0,0,24,1,28
701190205,23,15,0,2,0,0,76,2,118
701190206,125,45,0,6,3,0,51,6,236
701190207,129,24,3,6,0,0,44,6,212
701190301,6,1,0,1,0,0,59,0,67
701190302,7,2,0,0,0,0,57,1,67
701190303,61,8,0,3,3,0,97,4,176
701260101,149,108,2,50,6,0,47,0,362
701260102,40,33,1,3,1,0,167,0,245
701260103,19,9,0,2,1,1,209,7,248
701260104,48,17,91,6,1,0,141,2,306
701260105,50,33,3,4,1,0,99,2,192
701260106,105,54,2,4,1,0,50,6,222
701260107,131,84,0,0,1,0,46,4,266
701260201,132,163,0,0,2,0,42,1,340
701260202,10,14,4,13,3,0,224,6,274
701260203,93,127,0,2,0,0,57,6,285
701260204,34,11,1,4,0,1,142,1,194
701260205,22,23,21,2,0,0,50,1,119
701260206,90,83,3,2,0,0,34,3,215
701260207,84,76,0,0,0,0,2,0,162
701260208,29,54,1,0,4,0,127,0,215
701260301,33,47,6,18,6,3,152,5,270
701260401,4,3,0,0,0,0,51,0,58
701330101,32,14,6,8,2,0,88,5,155
701330102,208,72,75,4,11,0,150,13,533
701330103,196,105,4,4,39,0,68,3,419
701330104,37,9,3,5,1,1,28,1,85
701330201,3,0,0,0,0,0,1,0,4
740070101,5,12,0,3,0,0,25,2,47
740070102,17,7,0,15,3,0,29,0,71
740070201,9,10,0,11,1,1,34,1,67
740070202,4,11,2,12,3,2,20,2,56
740070203,25,2,1,5,0,0,10,12,55
740070301,3,2,0,0,0,0,5,1,11
740070302,4,7,0,2,0,0,4,7,24
740070303,10,10,2,3,2,1,13,5,46
740070304,54,150,32,13,10,1,78,34,372
740070305,80,133,15,77,3,0,19,12,339
740070306,7,10,0,2,0,0,24,0,43
740070307,4,3,0,5,1,0,2,0,15
740070401,24,63,8,5,2,0,21,4,127
740070402,31,179,16,17,3,0,31,25,302
740070403,4,62,57,5,2,0,15,12,157
740070404,25,162,14,14,4,1,21,7,248
740070405,30,162,66,8,0,1,2,3,272
740070406,30,170,4,8,1,0,6,5,224
740070407,38,157,12,6,0,0,3,4,220
740070408,35,131,12,72,3,2,6,5,266
740070409,16,105,46,1,1,0,3,2,174
740070410,15,145,10,9,1,2,27,5,214
740070411,7,32,1,10,0,0,16,0,66
740070412,2,2,0,1,0,0,3,0,8
740070413,34,119,8,71,6,0,50,14,302
740070414,82,130,19,53,1,0,36,10,331
740070501,3,6,0,5,1,0,8,0,23
740070502,5,2,0,6,1,0,8,1,23
740070503,0,3,1,5,1,0,2,0,12
740070504,32,38,2,17,0,0,20,8,117
740070505,10,11,0,17,0,1,32,6,77
740070506,17,15,1,6,1,0,30,6,76
740070507,74,155,72,30,2,1,27,13,374
740070508,68,173,21,30,2,1,1,4,300
740070509,64,137,7,40,4,1,8,4,265
740070510,66,88,10,25,1,0,17,3,210
740140101,0,1,1,4,0,0,0,2,8
740140102,12,6,0,15,1,0,11,2,47
740140103,3,4,1,7,1,0,10,0,26
740140201,3,2,0,10,0,0,0,0,15
740140202,2,6,0,8,1,0,2,1,20
740140203,1,3,0,15,1,0,5,1,26
740140204,2,5,0,6,0,0,1,0,14
740140301,4,4,0,7,0,1,21,0,37
740140302,5,6,2,16,0,0,6,2,37
740140303,5,3,2,22,1,0,9,5,47
740140304,14,14,1,14,0,0,9,0,52
740140401,6,11,0,9,0,0,5,1,32
740140402,10,7,0,36,1,0,7,0,61
740140403,41,97,4,52,5,0,7,2,208
740140404,18,47,4,54,2,0,15,17,157
740140405,25,89,13,46,2,1,2,4,182
740140406,4,4,0,17,1,0,1,1,28
740140501,5,9,0,6,2,0,13,2,37
740140502,10,6,0,9,0,1,9,1,36
740140503,44,56,24,27,1,0,12,1,165
740140504,2,7,0,2,1,0,1,1,14
740140505,22,10,0,10,0,0,2,1,45
740210101,1,2,1,16,0,0,0,0,20
740210102,10,19,12,34,1,0,3,0,79
740210103,5,6,0,30,2,0,4,1,48
740210104,1,6,0,14,0,0,5,0,26
740210105,2,15,1,48,1,1,3,2,73
740210106,10,8,7,19,0,0,2,0,46
740210107,22,23,7,26,0,0,0,1,79
740210108,19,15,6,34,0,0,1,0,75
740210109,32,51,12,43,1,0,0,3,142
740210110,7,23,54,6,0,0,0,0,90
740210111,7,6,27,37,7,0,0,0,84
740210112,12,27,11,27,2,1,11,1,92
740210113,4,4,0,7,0,0,0,0,15
740210201,1,3,0,39,1,0,11,1,56
740210202,1,5,0,22,2,0,12,0,42
740210203,10,29,2,62,4,0,5,1,113
740210204,10,14,1,36,1,0,2,0,64
740210301,2,4,0,6,1,0,3,0,16
740210302,7,11,2,15,0,0,0,2,37
740210303,42,191,10,39,2,0,1,2,287
740210304,52,137,4,85,2,1,0,0,281
740210305,88,215,87,40,5,0,2,4,441
740210306,102,105,7,36,17,0,0,2,269
740210307,77,201,24,68,3,1,0,2,376
740210308,42,279,15,49,6,0,0,1,392
740210309,7,64,116,2,0,0,0,0,189
740210310,2,9,2,22,0,1,6,1,43
740210311,6,5,1,14,1,0,0,2,29
740210401,12,18,8,47,1,0,1,0,87
740210402,3,2,0,5,1,0,0,1,12
740210403,2,3,8,11,1,0,0,1,26
740210404,9,6,7,24,1,0,0,0,47
740210405,43,141,57,58,5,0,1,3,308
740210406,4,7,2,27,1,0,0,1,42
740210407,6,4,0,16,2,0,0,1,29
740280101,3,20,0,16,3,0,6,4,52
740280102,36,243,10,35,2,0,1,3,330
740280103,49,133,91,20,1,0,0,0,294
740280104,6,61,104,4,0,0,0,0,175
740280105,20,117,16,17,1,0,1,4,176
740280106,62,130,14,36,7,0,0,1,250
740280107,42,174,12,100,0,0,0,4,332
740280108,1,32,1,27,0,0,0,2,63
740280109,13,34,3,21,0,0,0,3,74
740280110,4,5,0,19,0,0,11,0,39
740280201,1,35,2,26,1,0,5,3,73
740280202,10,39,30,83,4,0,8,3,177
740280203,35,87,74,55,2,2,2,1,258
740280204,6,44,8,26,1,0,4,3,92
740280205,21,60,17,33,2,0,3,1,137
740280206,13,66,74,32,0,0,0,3,188
740280301,15,57,23,29,1,0,0,4,129
740280302,20,7,4,35,0,1,5,1,73
740280303,0,8,0,4,0,0,0,0,12
740280304,10,25,1,30,4,0,2,3,75
740280305,3,13,0,18,1,1,4,0,40
740280306,24,138,30,38,2,1,1,1,235
740280307,2,13,5,3,0,0,0,0,23
740280308,23,149,61,50,2,1,0,2,288
740280309,80,98,33,25,0,0,0,0,236
740280310,25,131,80,35,3,0,0,0,274
740280311,24,102,94,28,2,0,0,0,250
740280401,1,9,0,7,0,0,1,0,18
740280402,11,123,2,26,2,1,1,0,166
740280403,85,168,37,28,2,0,0,1,321
740280404,80,168,70,7,1,0,0,0,326
740280405,24,181,141,26,0,0,0,4,376
740280406,19,96,51,7,0,0,0,3,176
740280407,37,144,14,80,5,1,3,4,288
740280408,41,150,19,47,2,0,4,5,268
740280409,8,23,14,21,0,0,0,0,66
740280410,9,16,1,23,0,0,2,0,51
740280411,0,6,0,10,0,0,0,0,16
740350101,0,6,1,4,0,0,0,0,11
740350102,1,7,1,4,0,0,0,0,13
740350103,10,27,11,32,3,0,1,1,85
740350104,2,6,1,8,1,0,0,0,18
740350201,1,8,0,1,0,0,0,0,10
740350202,0,2,3,1,0,0,0,0,6
740350203,0,4,4,17,0,1,0,0,26
740350204,2,4,3,8,2,2,0,0,21
740350205,3,0,1,8,0,1,0,0,13
740350301,2,5,0,12,4,0,1,0,24
740350302,1,16,1,18,0,0,0,0,36
740350303,4,1,0,14,0,0,1,0,20
740350304,3,32,15,16,0,0,0,0,66
740350305,1,7,0,12,1,0,0,0,21
740350401,3,7,0,11,2,0,0,0,23
740350402,4,10,1,12,0,0,0,0,27
740350403,12,8,3,18,0,1,0,0,42
740350404,5,11,9,25,0,0,0,0,50
740350405,0,5,0,5,2,0,0,0,12
740350406,3,4,2,6,2,0,0,0,17
740350407,22,36,2,91,1,0,2,13,167
740350501,15,5,0,12,0,1,0,2,35
740350502,1,2,1,14,2,0,1,1,22
740350601,2,20,0,37,6,1,4,3,73
740350602,11,23,1,41,1,1,0,0,78
740350603,1,17,1,15,0,0,0,0,34
740350604,2,1,1,7,2,0,0,0,13
740350605,0,2,1,10,0,0,0,0,13
740350701,12,11,0,2,1,0,0,0,26
740350702,33,175,8,39,2,0,0,7,264
740350703,45,190,6,44,7,1,1,3,297
740350704,28,132,1,35,4,1,0,5,206
740350705,10,152,6,36,4,0,1,9,218
740350706,36,143,1,50,1,0,0,3,234
740350707,56,162,5,22,3,0,1,10,259
740350708,33,148,62,49,3,0,0,4,299
740350709,28,166,2,26,1,0,1,0,224
740350710,46,208,12,73,4,0,0,0,343
740350711,56,137,0,41,2,1,2,7,246
740350712,27,225,3,5,3,0,0,0,263
740350713,99,209,10,47,2,0,0,5,372
740350714,46,162,18,41,4,0,0,1,272
740350715,75,97,5,27,0,0,0,1,205
740350716,126,90,15,24,0,0,0,7,262
740350801,41,186,3,56,3,0,1,6,296
740350802,35,66,1,42,5,0,2,6,157
740350803,1,1,0,0,0,0,0,0,2
740350804,52,163,0,117,4,4,1,6,347
740350805,36,242,5,52,1,0,0,3,339
740350806,40,94,1,48,6,1,0,5,195
740350807,16,93,0,43,2,0,0,1,155
740350808,67,99,19,66,3,0,0,7,261
740350809,46,140,5,57,5,1,0,4,258
740350810,48,160,3,52,5,3,1,1,273
740350811,67,236,36,35,3,0,0,4,381
740350812,40,147,1,21,1,0,0,2,212
740350813,42,109,4,49,2,0,0,0,206
740350814,97,136,13,60,1,2,0,2,311
740350815,94,126,11,35,5,0,1,2,274
740350816,52,168,4,17,1,0,0,0,242
740350817,62,232,3,56,3,0,0,1,357
740350818,57,209,4,30,3,0,0,3,306
740350819,56,155,70,31,1,1,0,3,317
740350820,33,117,37,6,0,0,0,0,193
740350821,4,4,0,17,0,0,0,0,25
740350901,125,87,23,25,1,0,0,0,261
740350902,73,154,21,25,0,0,0,1,274
740350903,54,203,10,8,1,0,0,0,276
740350904,28,196,18,35,4,2,0,6,289
740350905,4,18,0,23,0,0,0,0,45
740350906,37,111,67,25,1,0,1,1,243
740350907,36,222,61,32,2,1,1,5,360
740350908,89,134,37,21,0,0,0,1,282
740350909,79,131,28,22,1,0,0,1,262
740350910,78,135,87,28,0,0,0,2,330
740350911,73,206,13,25,1,0,0,0,318
740350912,52,129,18,39,6,0,0,3,247
740350913,111,132,12,19,0,0,0,0,274
740350914,81,163,30,25,0,0,0,0,299
740350915,52,150,27,13,5,1,0,1,249
740350916,84,130,31,19,0,1,0,0,265
740350917,26,185,3,48,6,0,2,5,275
740351001,112,247,74,17,1,1,1,2,455
740351002,84,106,10,3,0,0,0,0,203
740351003,54,154,18,4,0,0,0,1,231
740351004,123,138,5,10,0,0,0,0,276
740351005,127,187,91,20,1,0,0,6,432
740351006,96,97,33,173,3,0,0,0,402
740351007,30,124,164,2,2,0,0,0,322
740351008,22,19,6,233,3,1,0,0,284
740351009,31,15,3,202,5,1,0,0,257
740351010,46,116,6,22,0,0,0,1,191
740351011,44,197,18,28,2,0,0,0,289
740351012,85,106,7,3,0,0,0,0,201
740351013,51,164,9,8,0,0,0,0,232
740351014,71,73,9,10,0,0,0,0,163
740351015,106,76,5,13,0,0,0,0,200
740351016,84,218,6,34,2,0,0,3,347
740351017,40,166,0,13,0,0,0,2,221
740351018,45,150,7,22,1,0,0,3,228
740351019,20,160,162,13,2,0,0,0,357
740351020,11,10,9,15,0,0,0,0,45
740351101,5,15,16,24,1,0,0,0,61
740351102,27,143,8,30,2,0,4,3,217
740351103,73,149,14,19,1,0,0,7,263
740351104,48,144,5,37,3,0,0,0,237
740351105,80,70,1,15,1,0,0,2,169
740351106,61,97,16,35,4,0,0,1,214
740351107,110,59,3,13,0,0,0,0,185
740351108,35,103,7,28,2,0,0,1,176
740351109,30,91,13,23,7,0,0,1,165
740351110,64,123,82,33,1,0,0,3,306
740351111,56,250,6,49,2,0,1,4,368
740351112,28,273,1,63,4,0,1,0,370
740351113,21,150,0,30,8,0,1,8,218
740351114,71,162,7,62,6,2,1,5,316
740351201,61,181,12,26,1,0,0,2,283
740351202,156,86,5,15,0,0,1,0,263
740351203,102,106,0,0,0,0,0,1,209
740351204,36,180,0,0,0,0,0,0,216
740351205,207,113,0,0,0,0,0,0,320
740351206,44,88,2,93,3,4,0,0,234
740351207,48,145,2,42,3,1,0,5,246
740351208,23,207,2,37,2,0,1,6,278
740351209,32,249,4,47,1,1,0,1,335
740351210,83,193,15,41,3,0,0,2,337
740351211,38,78,11,16,2,0,0,2,147
740351212,98,35,11,37,0,0,0,0,181
740351213,22,84,8,42,1,1,1,1,160
740351214,54,173,0,81,6,1,2,22,339
740351215,24,127,1,82,7,1,3,7,252
740351216,14,158,1,61,1,0,0,0,235
740351217,18,122,8,12,5,0,1,3,169
740351218,13,69,2,24,2,0,1,0,111
740351301,35,125,120,1,0,0,0,0,281
740351302,0,0,0,5,0,0,0,0,5
740351303,30,134,187,0,0,0,0,0,351
740351304,31,103,221,0,0,0,0,0,355
740351305,62,54,240,2,0,0,0,0,358
740351306,3,6,233,0,0,0,0,0,242
740351307,2,0,39,0,0,0,0,0,41
740351308,31,61,255,0,0,0,0,0,347
740351309,55,94,199,0,0,0,0,0,348
740351310,5,68,219,0,0,0,0,0,292
740351311,19,5,271,0,0,0,0,1,296
740351401,181,167,36,3,0,0,2,0,389
740351402,6,6,1,3,0,0,0,0,16
740351403,120,162,0,1,0,0,0,21,304
740351404,139,154,1,0,0,0,0,0,294
740351405,40,71,90,14,1,0,0,1,217
740351406,180,143,49,0,0,0,0,0,372
740351407,68,222,25,0,0,0,0,0,315
740351408,289,64,9,2,0,0,0,1,365
740351409,148,109,25,3,0,0,0,0,285
740351410,123,140,74,1,1,0,0,0,339
740351501,1,2,0,8,0,0,0,0,11
740351502,11,21,43,56,0,0,1,3,135
740351503,8,11,1,27,2,0,5,1,55
740351504,14,49,20,0,0,0,0,0,83
740351505,0,0,3,0,0,0,0,0,3
740351506,0,1,0,6,0,0,0,0,7
740351507,7,5,1,9,0,0,0,0,22
740351601,17,112,9,48,16,3,1,4,210
740351602,18,111,4,72,3,2,0,0,210
740351603,52,88,18,36,1,0,0,0,195
740351604,37,133,22,34,2,0,0,2,230
740351605,53,48,2,86,2,1,0,0,192
740351606,28,28,60,108,21,1,0,2,248
740351607,50,116,19,49,4,0,0,0,238
740351608,101,129,3,2,0,0,0,0,235
740351609,108,110,6,28,1,0,0,1,254
740351610,170,141,4,36,5,0,0,2,358
740351611,194,45,1,6,1,0,0,1,248
740351612,16,88,0,153,6,0,0,1,264
740351701,9,31,1,19,0,0,0,0,60
740351702,12,22,4,20,7,0,0,0,65
740351703,0,7,1,4,8,0,0,0,20
740351704,8,13,0,30,2,0,1,1,55
740351705,3,6,1,43,2,0,0,0,55
740351801,12,3,2,30,4,0,0,1,52
740351802,2,12,4,13,5,1,0,0,37
740351803,1,2,2,23,6,0,0,0,34
740351804,2,1,1,12,1,0,0,0,17
740351805,0,1,1,26,1,0,0,0,29
740351806,18,0,0,2,0,0,0,0,20
740420101,1,1,0,13,0,0,3,0,18
740420102,2,11,1,31,1,0,0,0,46
740420103,1,0,0,34,0,0,0,0,35
740420201,0,0,0,27,0,0,0,0,27
740420202,0,8,15,82,1,0,0,0,106
740420203,1,1,0,17,0,0,0,0,19
740420204,2,17,5,97,1,0,0,0,122
740420205,0,8,4,74,1,2,2,1,92
740420206,5,6,4,61,8,0,0,0,84
740420207,17,34,26,267,5,0,0,1,350
740420208,19,54,6,267,3,2,0,2,353
740420301,0,0,0,6,0,0,0,0,6
740420302,4,2,0,55,2,0,0,4,67
740420303,0,1,0,19,2,0,1,0,23
740420304,11,12,15,195,1,0,0,1,235
740420305,0,0,1,30,0,0,0,0,31
740420306,3,27,32,300,16,0,1,2,381
740420307,1,1,0,50,1,0,0,0,53
740420308,15,11,0,161,2,0,0,1,190
740420401,2,0,0,18,0,0,0,0,20
740420402,0,11,1,50,0,0,0,0,62
740420403,8,20,7,273,2,0,0,1,311
740420404,5,18,26,333,4,0,2,0,388
740420405,2,0,6,66,0,0,0,0,74
740420406,0,0,0,17,1,0,0,0,18
740420501,2,7,0,16,0,0,3,0,28
740420502,0,4,0,2,1,0,0,0,7
740420601,1,1,0,21,0,0,0,0,23
740420602,1,3,1,26,0,0,0,0,31
740420603,22,43,24,214,4,1,0,0,308
740490101,3,7,3,9,1,0,6,0,29
740490102,2,13,2,11,3,2,10,5,48
740490103,1,47,31,32,2,0,2,0,115
740490104,5,36,16,6,2,0,7,1,73
740490105,8,14,0,3,2,0,12,2,41
740490106,8,11,1,12,0,0,11,3,46
740490107,1,2,0,4,0,0,3,0,10
740490201,7,22,4,7,1,0,24,1,66
740490202,3,12,0,18,0,0,24,2,59
740490203,7,16,3,7,4,2,12,0,51
740490204,19,190,30,13,1,1,5,0,259
740490205,26,117,33,15,2,0,0,2,195
740490206,39,154,36,15,2,0,3,4,253
740490207,33,115,25,27,2,0,5,8,215
740490208,21,119,11,38,2,2,2,5,200
740490209,30,151,60,11,1,0,0,2,255
740490210,40,95,27,15,0,0,4,6,187
740490211,19,79,31,1,0,0,1,1,132
740490212,10,13,0,14,0,2,2,3,44
740490213,15,28,3,23,2,1,11,1,84
740490301,19,30,17,28,3,0,4,1,102
740490302,2,12,7,18,1,0,0,3,43
740490303,54,63,140,143,15,3,4,1,423
740490304,21,70,106,83,3,1,1,1,286
740490305,5,50,101,66,5,0,3,0,230
740490306,21,81,50,55,1,0,1,5,214
740490401,70,131,167,52,1,0,9,1,431
740490402,26,62,154,53,2,1,9,7,314
740490403,16,38,126,14,1,0,2,0,197
740490404,34,44,90,2,0,0,1,1,172
740490405,23,93,326,13,1,0,2,1,459
740490406,52,174,174,26,3,0,1,7,437
740490407,15,86,132,8,0,0,0,2,243
740490408,10,61,97,14,0,0,0,0,182
740490409,9,45,136,9,0,0,0,1,200
740490410,5,26,234,2,0,1,1,1,270
740490411,18,51,205,35,1,0,2,3,315
740490412,5,12,196,4,0,0,0,1,218
740490413,40,79,233,13,2,0,0,0,367
740490414,22,95,116,25,2,1,0,1,262
740490415,69,205,136,43,3,0,0,10,466
740490416,14,20,223,9,1,0,1,0,268
740490417,14,120,53,5,1,0,1,6,200
740490418,19,23,123,19,0,0,2,0,186
740490419,12,20,144,7,2,0,1,0,186
740560101,13,6,0,7,3,1,4,0,34
740560102,6,2,0,7,0,1,1,0,17
740560103,16,10,0,17,1,3,9,0,56
740560104,19,19,0,20,2,0,10,3,73
740560105,73,40,8,31,9,0,13,1,175
740560201,15,21,8,8,6,0,4,0,62
740560202,15,38,0,23,1,1,5,2,85
740560203,40,40,0,14,3,1,5,1,104
740560204,132,187,28,60,18,8,33,33,499
740560205,47,85,6,12,2,1,1,1,155
740560206,85,114,19,85,4,2,19,6,334
740560301,2,5,0,0,0,0,0,2,9
740560302,168,18,21,0,0,0,0,0,207
740560303,2,2,125,0,0,0,0,0,129
740560304,155,36,1,0,0,0,0,0,192
740560305,109,51,51,0,0,0,0,0,211
740560306,90,39,199,1,0,0,0,0,329
740560307,98,51,116,1,0,0,0,0,266
740560308,53,25,204,1,0,0,0,0,283
740560309,0,0,0,0,0,0,0,0,0
740560310,48,29,254,1,0,0,0,0,332
740560311,31,45,275,0,0,0,0,0,351
740560312,56,34,219,1,0,0,0,0,310
740560313,76,59,199,2,0,0,0,0,336
740560314,13,11,261,0,0,0,0,0,285
740560315,43,56,153,0,0,0,0,0,252
740560316,94,53,190,2,0,0,0,0,339
740560317,0,0,0,0,0,0,0,0,0
740560318,0,0,0,8,0,0,0,0,8
740560401,17,12,3,28,0,0,0,1,61
740560402,8,20,43,11,1,0,0,1,84
740560403,38,41,48,20,1,0,0,8,156
740560404,42,36,24,37,3,0,0,7,149
740560405,50,34,43,17,0,0,2,0,146
740560406,68,114,43,53,5,0,5,8,296
740560407,63,66,37,41,4,0,4,0,215
740560408,19,15,0,16,3,2,0,0,55
740560501,53,36,25,34,4,0,0,5,157
740560502,185,58,89,13,0,0,1,1,347
740560503,34,34,13,17,1,0,1,2,102
740560504,79,26,106,1,0,0,0,0,212
740560505,46,18,140,2,0,0,0,0,206
740560506,57,115,66,34,1,2,5,4,284
740560507,64,60,46,43,4,0,0,5,222
740560508,98,85,74,44,3,0,0,6,310
740560509,138,113,83,56,6,1,4,5,406
740560510,60,64,112,19,1,0,0,6,262
740560511,16,25,83,2,0,0,0,1,127
740560512,87,159,75,60,8,0,1,7,397
740560513,135,92,89,33,3,1,3,3,359
740560514,66,107,42,42,8,0,2,10,277
740560515,5,7,0,6,1,1,12,0,32
740560601,4,2,0,2,0,0,0,0,8
740560602,56,0,0,6,0,0,0,0,62
740560603,2,12,15,216,0,0,1,2,248
740560604,2,5,10,206,1,0,0,0,224
740560605,133,170,8,38,3,0,9,1,362
740560606,138,221,5,31,3,4,8,3,413
740560607,131,97,2,10,0,0,1,4,245
740560608,102,49,3,3,1,0,0,1,159
740560609,173,109,9,10,1,0,0,1,303
740560610,130,153,3,16,12,2,10,5,331
740560611,48,206,32,1,0,0,0,6,293
740560612,165,128,2,1,0,0,0,0,296
740560613,179,109,1,0,0,0,0,0,289
740560614,142,109,0,0,0,0,0,2,253
740560615,82,232,13,14,8,0,0,3,352
740560616,59,176,9,5,1,0,0,0,250
740560617,178,170,5,22,0,0,4,5,384
740560701,40,164,26,29,3,1,1,9,273
740560702,74,90,55,103,11,0,0,8,341
740560703,3,17,1,1,2,0,0,1,25
740560704,88,320,10,31,1,0,13,10,473
740560705,84,328,3,26,3,0,6,23,473
740560706,142,340,16,5,0,0,0,1,504
740560707,18,10,40,70,3,0,0,0,141
740560708,178,170,5,4,0,0,0,0,357
740560709,275,18,3,2,0,0,0,0,298
740560710,130,205,9,23,2,0,3,4,376
740560711,52,56,10,11,4,0,0,8,141
740560712,160,143,6,12,1,0,0,2,324
740560713,102,136,7,168,13,0,1,4,431
740560714,12,87,152,2,0,0,0,0,253
740560715,72,54,120,1,0,0,0,0,247
740560716,172,124,3,1,1,0,0,2,303
740560717,117,124,78,5,3,1,3,0,331
740560718,154,44,3,0,0,0,1,3,205
740560719,106,160,2,9,3,0,3,3,286
740560720,77,194,2,18,0,0,4,13,308
740560721,60,303,11,14,1,0,0,2,391
740560722,82,133,6,14,1,0,3,1,240
740560723,36,99,30,1,0,0,0,2,168
740560724,95,98,13,14,0,1,3,0,224
740560725,116,103,3,11,0,0,0,0,233
740560726,135,152,38,18,1,1,0,0,345
740560801,48,158,0,50,8,1,1,4,270
740560802,35,209,1,54,2,1,13,28,343
740560803,76,118,34,0,0,0,0,0,228
740560804,99,106,34,1,0,0,0,1,241
740560805,134,68,36,0,0,0,0,2,240
740560806,38,29,29,3,0,0,0,0,99
740560807,85,84,78,0,0,0,0,0,247
740560808,149,56,64,2,0,0,0,0,271
740560809,166,39,37,0,0,0,0,0,242
740560810,238,46,17,0,0,0,0,0,301
740560811,42,81,52,1,0,0,0,1,177
740560812,129,48,113,1,0,0,0,0,291
740560813,183,7,49,0,0,0,0,0,239
740560814,187,10,29,3,0,0,0,0,229
740560815,185,24,26,1,0,0,0,0,236
740560901,90,96,74,0,0,0,0,0,260
740560902,137,60,69,0,0,0,0,1,267
740560903,99,69,103,2,0,0,0,0,273
740560904,96,29,36,0,0,0,0,0,161
740560905,35,64,116,1,0,0,0,0,216
740560906,39,92,129,1,0,0,0,1,262
740560907,78,17,149,0,1,0,0,1,246
740560908,136,71,81,0,0,0,0,0,288
740560909,61,34,150,0,0,1,0,0,246
740560910,61,132,113,1,0,0,0,0,307
740560911,99,41,86,0,1,0,0,0,227
740560912,69,56,35,1,0,0,0,0,161
740560913,26,12,27,2,0,0,0,0,67
740560914,13,23,184,6,0,0,0,0,226
740560915,145,73,63,0,1,0,0,0,282
740560916,14,18,99,5,0,0,0,0,136
740561001,182,120,9,7,1,1,1,4,325
740561002,64,120,9,11,1,0,0,0,205
740561003,177,146,15,10,2,0,3,1,354
740561004,119,130,8,16,1,0,1,0,275
740561005,204,144,9,5,2,0,0,6,370
740561006,252,54,8,6,1,0,0,0,321
740561007,141,138,31,2,0,0,0,8,320
740561008,146,36,34,0,1,0,0,0,217
740561009,26,81,10,12,1,1,1,1,133
740561010,198,88,9,4,0,0,1,1,301
740561011,94,146,97,45,4,0,1,3,390
740561012,150,204,21,25,1,0,8,5,414
740561013,131,103,24,9,0,0,0,21,288
740561014,107,124,20,9,0,0,0,1,261
740561015,136,70,81,4,0,0,0,0,291
740561016,149,96,26,5,1,0,0,1,278
740561017,190,87,18,13,4,0,0,5,317
740561018,220,94,12,14,1,0,0,0,341
740561101,75,156,2,19,1,0,1,0,254
740561102,131,188,16,17,4,0,2,2,360
740561103,143,180,9,8,1,0,0,11,352
740561104,139,114,10,11,2,0,1,1,278
740561105,114,128,6,12,1,0,0,1,262
740561106,139,52,3,68,3,0,0,0,265
740561107,167,182,6,21,2,0,0,1,379
740561108,142,90,10,17,0,0,0,0,259
740561109,89,68,12,5,0,0,0,0,174
740561110,114,75,4,13,0,0,0,0,206
740561111,121,52,21,9,0,0,0,1,204
740561112,159,52,3,7,7,0,0,0,228
740561113,153,60,7,7,0,0,0,9,236
740561114,101,12,4,4,0,0,0,0,121
740561115,96,37,5,19,0,0,0,1,158
740561116,105,48,7,7,0,0,0,1,168
740561117,142,50,22,9,1,0,0,1,225
740561118,154,136,12,69,3,0,4,18,396
740561119,52,110,2,24,4,1,11,6,210
740561120,45,153,0,13,2,0,2,1,216
740561121,74,87,15,60,1,0,0,0,237
740561122,116,183,1,15,1,1,1,4,322
740561201,148,169,4,80,8,2,35,43,489
740561202,77,141,2,41,2,2,19,12,296
740561203,134,159,111,10,4,1,0,7,426
740561204,69,145,79,93,2,1,0,4,393
740561205,29,141,22,31,1,0,5,6,235
740561206,71,125,6,28,0,0,7,4,241
740561207,144,63,5,12,2,1,0,1,228
740561208,97,73,3,8,1,0,3,2,187
740561209,78,120,2,23,0,0,4,1,228
740561210,106,80,1,15,2,0,1,1,206
740561211,101,78,1,6,2,0,1,3,192
740561212,99,118,1,7,2,0,0,3,230
740561213,78,205,4,20,1,1,16,7,332
740561214,49,220,17,3,3,0,0,1,293
740561215,118,232,8,50,3,2,4,13,430
740561216,102,213,64,6,2,0,2,3,392
740561217,43,74,2,19,4,0,0,2,144
740561218,12,9,1,8,1,0,0,2,33
740561219,46,119,15,24,4,0,2,0,210
740561220,92,145,2,26,1,0,3,11,280
740561301,116,44,6,17,0,0,0,0,183
740561302,69,69,7,9,1,0,0,2,157
740561303,136,80,10,22,0,0,0,1,249
740561304,117,72,9,20,1,0,0,0,219
740561305,169,50,10,8,0,0,0,1,238
740561306,56,74,4,1,0,1,0,0,136
740561307,131,103,10,21,0,1,0,3,269
740561308,126,107,5,9,2,0,0,0,249
740561309,186,119,4,17,0,0,0,8,334
740561310,85,96,23,7,0,0,2,0,213
740561311,219,110,5,11,4,0,1,2,352
740561312,127,91,5,12,2,1,0,3,241
740561401,108,102,4,4,11,0,0,1,230
740561402,123,57,11,14,3,0,0,0,208
740561403,180,88,24,5,2,0,0,3,302
740561404,186,111,19,19,3,0,0,6,344
740561405,201,77,70,9,1,0,0,2,360
740561406,150,135,20,30,3,0,0,4,342
740561407,84,45,39,25,1,0,2,9,205
740561408,31,178,46,13,1,0,0,3,272
740561409,115,118,24,26,4,3,0,0,290
740561410,98,54,14,17,0,0,0,0,183
740561411,56,99,9,8,1,1,1,0,175
740561412,127,79,12,16,0,0,0,0,234
740561413,155,89,24,12,3,0,0,2,285
740561414,49,180,61,12,4,0,3,4,313
740561415,142,90,116,0,0,0,0,0,348
740561416,108,43,183,5,2,0,0,0,341
740561417,18,140,196,1,0,0,0,0,355
740561418,49,135,1,106,4,0,16,5,316
740561501,95,77,12,13,0,0,3,6,206
740561502,31,177,11,2,0,0,3,3,227
740561503,91,197,12,4,1,0,0,2,307
740561504,12,63,32,4,1,0,0,0,112
740561505,82,57,119,0,0,0,0,1,259
740561506,26,34,250,0,1,0,1,0,312
740561507,115,139,56,1,0,0,0,3,314
740561508,78,197,43,2,0,0,0,1,321
740561509,93,83,67,0,0,0,3,0,246
740561510,51,23,27,122,1,1,0,0,225
740561511,40,117,117,2,0,0,1,0,277
740561512,8,73,145,58,5,0,1,1,291
740561513,50,92,165,2,0,0,0,1,310
740561514,3,7,1,220,14,0,0,1,246
740561515,1,7,0,110,0,0,0,0,118
740561601,17,19,1,41,9,0,1,6,94
740561602,12,16,0,27,2,0,1,2,60
740561603,7,13,0,16,3,0,5,3,47
740561701,11,10,0,6,1,0,4,2,34
740561702,1,0,0,2,0,0,1,0,4
740561703,2,2,0,5,0,0,2,0,11
740561704,6,1,1,4,5,0,1,0,18
740561705,3,12,2,4,0,0,3,0,24
740561706,1,0,0,4,0,0,0,0,5
740561707,66,58,7,95,3,2,15,0,246
740561801,1,0,0,2,0,0,0,1,4
740561802,10,17,1,29,1,0,3,4,65
740561803,1,1,0,8,2,0,1,0,13
740561804,0,0,0,11,0,1,1,0,13
740561805,2,0,0,3,0,0,0,0,5
740561901,0,7,0,13,3,1,3,1,28
740561902,2,9,0,40,1,1,0,0,53
740561903,0,2,0,3,0,0,0,0,5
740561904,0,0,0,2,0,0,0,1,3
740630101,5,3,0,40,0,0,10,25,83
740630102,41,43,42,90,1,0,6,1,224
740630201,1,4,0,36,2,0,30,1,74
740630202,10,4,1,89,0,0,35,1,140
740630301,32,35,1,76,0,0,13,2,159
740630302,4,16,12,24,2,0,1,1,60
740630303,14,6,1,36,1,0,20,2,80
740630304,4,13,1,21,3,0,15,3,60
740630305,5,11,6,36,1,0,7,1,67
740630401,8,4,1,85,2,1,18,0,119
740630402,16,22,9,55,6,0,39,2,149
740630501,7,2,0,20,0,0,7,3,39
740630502,0,2,1,11,1,1,0,0,16
740630503,21,33,10,66,4,0,3,4,141
740630504,8,34,13,49,1,0,14,0,119
780070101,0,0,0,19,0,0,0,0,19
780070201,1,0,0,27,1,2,0,0,31
780070301,0,0,0,12,0,0,0,0,12
780070302,0,0,0,14,0,0,0,0,14
780070401,1,1,0,58,0,0,0,1,61
780070501,3,1,0,295,13,1,0,7,320
780070502,16,3,0,458,6,1,0,4,488
780070503,9,9,1,425,3,3,0,5,455
780070504,5,2,3,157,3,1,0,0,171
780070505,40,2,2,461,7,4,0,1,517
780070601,12,3,6,226,2,0,0,0,249
780070602,20,3,1,494,9,0,0,1,528
780070603,3,4,8,295,1,1,0,0,312
780070604,25,0,3,263,4,0,0,9,304
780140101,0,0,0,20,4,1,0,5,30
780140102,0,2,0,27,1,0,0,0,30
780140103,9,26,2,435,18,0,0,5,495
780140104,27,32,0,412,17,0,0,26,514
780140105,8,14,0,299,5,0,0,3,329
780140106,16,26,1,562,10,5,5,1,626
780140107,34,11,2,319,11,5,0,14,396
780140108,11,28,2,437,7,3,0,4,492
780140109,58,63,5,547,17,2,0,3,695
780140201,0,0,0,22,0,0,0,15,37
780140202,14,145,6,162,6,2,0,2,337
780140203,28,251,31,222,5,0,1,36,574
780140204,12,122,0,268,13,0,0,4,419
780140205,18,275,7,115,5,2,0,4,426
780140206,13,80,42,262,5,0,0,6,408
780140207,8,173,12,122,7,0,1,3,326
780140208,8,113,2,316,15,3,1,5,463
780140209,6,40,2,149,2,2,1,14,216
780140210,5,29,1,333,5,1,1,1,376
780140211,12,86,4,349,17,2,0,8,478
780140212,6,91,7,422,11,1,0,8,546
780140213,21,314,11,96,5,2,0,4,453
780140214,30,102,4,144,2,2,0,11,295
780140215,4,1,0,3,0,0,0,0,8
780140216,7,42,0,393,10,0,1,1,454
780140217,10,124,6,132,8,0,0,3,283
780140218,19,171,6,178,4,0,0,4,382
780140219,14,345,0,98,2,1,2,4,466
780140220,19,201,4,129,1,0,1,4,359
780140221,14,22,0,358,57,0,0,4,455
780140222,6,18,3,369,11,0,0,4,411
780140301,0,0,0,25,0,0,0,0,25
780140302,0,1,0,21,0,0,0,0,22
780140303,2,1,0,71,0,0,0,0,74
780140304,11,1,1,341,3,0,0,0,357
780140305,23,3,2,495,5,0,0,1,529
780140401,0,0,2,22,2,2,0,0,28
780140402,2,10,0,87,3,0,0,0,102
780140403,1,22,0,83,0,1,0,0,107
780140501,0,2,0,25,2,0,0,0,29
780140502,3,0,0,20,1,2,0,0,26
780140503,0,1,1,21,0,0,1,0,24
780140504,2,15,14,155,14,1,0,0,201
780140505,32,112,1,426,19,2,0,14,606
780140506,4,11,0,275,6,0,0,0,296
780140507,9,49,11,293,18,0,1,1,382
780140601,0,1,2,14,0,0,0,0,17
780140701,0,1,0,14,0,0,0,1,16
780140801,7,8,1,191,2,3,0,2,214
780140802,17,26,8,409,7,5,0,5,477
780140803,30,43,5,323,6,1,1,5,414
780140804,11,15,3,372,5,2,0,2,410
780140805,24,19,1,307,4,1,0,14,370
780140901,61,50,2,428,6,3,0,25,575
780140902,26,65,2,380,6,5,0,6,490
780140903,23,54,3,190,5,0,0,2,277
780140904,12,85,0,138,6,2,0,4,247
780140905,44,98,5,205,12,1,0,10,375
780140906,32,109,4,330,7,2,0,11,495
780140907,27,97,0,125,7,2,0,4,262
780140908,27,73,2,374,4,4,0,1,485
780140909,19,31,1,269,3,0,0,2,325
780140910,29,105,2,238,8,0,1,0,383
780140911,21,9,0,307,3,0,0,1,341
780140912,8,25,1,339,4,2,0,3,382
780140913,32,78,5,238,11,3,1,6,374
780140914,29,83,0,200,8,0,0,4,324
780141001,10,10,20,205,6,0,0,0,251
780141101,45,117,8,316,10,1,0,3,500
780141102,20,100,17,178,5,1,2,1,324
780141103,15,45,2,81,4,0,0,2,149
780141104,52,134,11,83,5,0,1,5,291
780141105,18,100,4,44,3,0,0,1,170
780141106,33,136,2,54,8,0,0,1,234
780141107,50,89,5,74,0,0,1,0,219
780141108,61,189,11,188,5,2,0,1,457
780141109,49,177,4,45,8,1,1,3,288
780141110,13,124,1,106,3,1,0,1,249
780141111,10,143,5,218,28,1,0,3,408
780141112,42,262,5,68,4,0,0,4,385
780141113,0,113,8,214,6,0,0,4,345
780141114,24,227,3,99,1,0,1,5,360
780141115,49,306,3,74,5,0,0,4,441
780141116,35,179,4,61,3,0,0,0,282
780141117,35,166,9,44,3,0,1,4,262
780141118,31,81,2,24,1,0,0,0,139
780141119,35,127,3,51,8,0,0,2,226
780141120,33,118,122,217,7,0,1,3,501
780141121,9,96,13,164,1,0,0,4,287
780141122,4,27,1,205,4,0,0,1,242
780141123,18,153,3,56,0,1,0,3,234
780141124,15,150,2,38,1,0,0,0,206
780141125,27,139,7,41,3,0,0,2,219
780141201,10,61,5,215,6,6,0,0,303
780141202,3,68,1,241,12,4,0,12,341
780141203,25,150,3,286,4,3,1,1,473
780141204,31,42,1,191,7,1,2,1,276
780141205,18,36,2,175,6,1,0,2,240
780141206,20,68,9,284,4,5,0,4,394
780141207,14,60,4,212,8,0,1,1,300
780141208,29,81,3,229,7,1,0,1,351
780210101,0,0,0,75,2,0,0,0,77
780210102,0,0,0,17,5,0,0,0,22
780210201,0,0,0,28,1,0,0,0,29
780210301,1,4,1,80,1,0,0,1,88
780210401,1,2,0,105,5,3,0,1,117
780210402,3,0,0,44,2,0,0,0,49
780210403,1,0,0,45,1,0,0,0,47
780210404,0,0,0,1,0,0,0,0,1
780210405,17,18,1,376,5,3,2,8,430
780210406,0,3,0,40,0,0,0,1,44
780210501,0,0,0,35,0,0,0,0,35
780210601,0,0,0,51,1,0,0,0,52
780210701,2,1,0,69,5,2,1,0,80
780210702,2,0,0,78,5,3,1,1,90
780210703,0,0,0,7,0,0,0,0,7
780210704,4,3,1,132,0,0,0,3,143
780210705,0,0,0,6,0,0,0,2,8
780210706,0,0,0,65,0,0,0,0,65
780210801,10,5,1,328,1,1,0,4,350
780210802,3,4,0,565,7,5,0,47,631
780210803,0,0,0,12,0,0,0,0,12
780210804,3,9,19,225,7,0,1,1,265
780210805,8,0,0,313,6,0,0,0,327
780210806,3,23,0,313,6,0,1,51,397
780210807,31,0,7,438,5,0,0,2,483
780210901,7,5,4,491,4,0,0,2,513
780210902,10,10,2,570,18,2,0,11,623
780210903,18,36,2,442,5,0,0,4,507
780211001,3,6,0,228,6,0,0,1,244
780211002,6,12,3,400,1,0,1,6,429
780211003,6,1,3,219,3,1,0,2,235
780211004,7,18,1,208,4,0,0,0,238
780211005,10,30,0,140,1,0,0,1,182
780211006,9,43,0,173,3,0,0,0,228
780211007,16,5,0,144,3,0,0,0,168
780211008,5,5,1,311,1,0,1,4,328
780211009,0,4,1,156,1,0,1,0,163
780211010,43,8,0,298,0,5,0,1,355
780211011,3,4,2,326,4,1,0,2,342
780211012,5,7,2,306,6,2,0,3,331
780211013,3,9,0,206,2,1,0,1,222
780211014,6,37,0,272,6,2,0,10,333
780211015,3,23,1,164,0,0,0,1,192
780211016,9,7,0,207,7,0,0,3,233
780211101,0,16,3,220,3,1,0,3,246
780211102,1,9,4,179,5,0,0,0,198
780211103,12,10,7,336,4,0,1,1,371
780211104,9,20,0,123,2,0,0,3,157
780211105,12,9,2,372,4,1,0,1,401
780211106,22,54,0,150,23,4,1,3,257
780211107,17,61,2,143,2,0,0,7,232
780211108,10,13,3,157,3,0,0,0,186
780211109,10,7,0,277,3,1,0,0,298
780211110,0,1,0,174,4,0,0,0,179
780211111,26,11,0,207,0,0,0,0,244
780211112,3,23,0,260,3,0,0,3,292
780211113,3,2,0,250,3,0,0,3,261
780211114,9,42,4,199,3,0,0,9,266
780211115,41,37,2,238,0,2,0,1,321
780211116,4,3,0,184,3,0,0,0,194
780211117,22,6,4,138,2,0,0,0,172
780211118,2,7,1,223,1,0,1,0,235
780211119,5,6,0,98,9,0,0,0,118
780211120,5,2,0,276,1,0,0,1,285
780211121,1,3,0,212,1,0,0,2,219
780211122,55,50,0,204,1,0,0,6,316
780211123,16,4,5,263,5,2,0,7,302
780211201,3,10,1,351,1,11,0,4,381
780211202,15,2,1,185,1,1,0,1,206
780211203,3,8,0,223,0,3,0,5,242
780211204,1,6,1,262,8,1,1,5,285
780211205,5,2,0,403,23,1,0,3,437
780211206,6,3,1,143,6,0,0,2,161
780211207,3,4,0,347,15,0,0,2,371
780211208,3,4,0,349,7,1,0,2,366
780211209,4,10,0,300,10,0,0,1,325
780211210,1,0,0,224,3,0,0,1,229
780211211,13,7,0,208,4,2,0,2,236
780211212,22,98,5,239,24,0,1,12,401
780211213,4,2,1,192,1,0,0,1,201
780211214,28,6,0,216,4,1,0,2,257
780211215,27,11,0,182,1,0,5,0,226
780211216,47,4,1,195,3,2,0,1,253
780211217,4,43,0,172,1,1,0,1,222
780211218,4,5,0,186,3,0,0,3,201
780211219,5,43,1,160,4,0,0,3,216
780211220,6,5,3,363,7,0,0,2,386
780211221,4,4,63,448,14,0,0,24,557
780211301,0,4,2,317,5,0,0,0,328
780211302,11,8,0,187,4,2,0,1,213
780211303,6,6,0,164,0,0,0,0,176
780211304,29,17,9,370,2,1,0,15,443
780211305,15,47,1,395,1,0,1,3,463
780211306,15,7,1,496,5,2,0,5,531
780211307,11,46,1,416,7,4,0,1,486
780211308,46,9,2,366,23,1,0,1,448
780211309,6,14,0,307,3,0,0,3,333
780211310,3,4,2,276,5,5,0,27,322
780211311,16,0,0,254,0,0,0,0,270
780211312,17,2,0,528,4,2,0,30,583
780211313,1,2,0,179,4,1,1,1,189
780211314,6,6,0,238,1,1,0,0,252
780211315,2,1,0,435,6,0,0,2,446
780211316,0,0,1,53,1,0,0,0,55
780211317,10,24,3,439,12,5,1,3,497
780211318,3,2,1,173,2,1,0,6,188
780211319,6,3,0,148,2,0,0,0,159
780211320,5,8,3,543,8,5,1,8,581
780211321,4,5,0,324,2,1,0,2,338
780211322,3,2,0,350,5,0,0,0,360
780211401,22,23,3,334,8,0,1,0,391
780211402,8,11,0,312,5,3,0,1,340
780211403,6,15,0,242,6,0,0,0,269
780211404,10,12,0,207,2,2,1,2,236
780211405,0,5,0,209,10,0,0,1,225
780211406,5,8,0,339,4,1,0,7,364
780211407,10,18,0,381,6,2,0,4,421
780211408,3,6,1,320,3,0,0,6,339
780211409,7,4,0,274,3,0,4,2,294
780211410,2,5,2,339,5,1,0,1,355
780211411,15,5,1,214,4,0,0,0,239
780211412,4,0,1,204,6,1,1,4,221
780211413,0,4,0,140,1,0,0,3,148
780211414,73,9,1,314,2,0,1,4,404
780211415,71,81,0,104,2,0,0,20,278
780280101,0,0,1,16,0,0,0,0,17
780280102,0,0,1,24,0,0,0,0,25
780280103,16,9,2,424,6,16,2,6,481
780280201,0,0,0,9,0,0,0,0,9
780280301,0,0,0,12,0,0,0,0,12
780280401,0,0,0,23,1,0,0,0,24
780280402,3,0,0,82,1,0,0,0,86
780280501,0,0,0,20,2,0,0,0,22
780280502,0,0,0,14,0,0,0,0,14
780280503,20,16,3,417,3,6,0,8,473
780280504,12,35,3,688,5,17,0,3,763
780280505,3,2,0,93,3,1,0,1,103
780280506,12,3,0,84,1,1,0,0,101
780280507,0,0,0,4,0,0,0,0,4
780280508,1,0,0,14,1,0,0,0,16
780280509,0,1,0,36,0,1,0,2,40
780280510,9,6,2,276,18,1,0,4,316
780280511,1,0,0,14,0,0,0,0,15
780280512,0,0,0,29,0,0,0,0,29
780280513,13,16,2,549,21,4,0,7,612
780280514,8,9,0,379,8,13,0,7,424
780280601,0,0,0,18,0,0,0,1,19
780280701,5,1,2,183,6,1,0,0,198
780280702,20,13,2,252,7,0,1,1,296
780280703,29,7,0,305,7,1,0,14,363
780280704,16,8,3,440,13,13,0,5,498
780280705,17,11,0,225,10,3,1,5,272
780280706,21,5,0,246,8,0,0,0,280
780350101,0,0,0,15,0,0,0,0,15
780350102,0,0,0,14,0,0,0,0,14
780350201,0,0,0,21,0,0,0,0,21
780350301,0,1,0,21,0,0,0,0,22
780350401,0,0,0,31,0,0,0,0,31
780350402,5,4,2,233,4,2,0,0,250
780350403,4,9,3,398,10,0,0,1,425
780350404,7,5,7,349,7,1,0,3,379
780350501,0,0,0,12,1,0,0,0,13
780350601,10,6,5,181,4,2,0,0,208
780350602,15,9,5,367,7,3,1,3,410
780350603,18,4,0,375,4,0,0,3,404
780350604,4,0,1,265,3,2,0,0,275
780350605,1,0,0,103,0,0,0,0,104
780420101,0,0,1,32,0,0,0,0,33
780420201,0,0,0,15,0,0,0,0,15
780420202,20,0,0,167,3,0,0,0,190
780420203,59,0,0,81,5,0,0,0,145
780420301,5,5,1,289,7,0,0,0,307
780420302,9,12,1,364,7,5,0,4,402
780420303,0,1,3,116,2,1,0,3,126
780420304,4,7,3,270,5,2,0,3,294
780420305,15,5,2,383,10,4,0,3,422
780420306,31,0,0,497,6,3,0,1,538
780420307,4,6,1,315,8,0,0,1,335
780490101,1,0,0,39,0,0,0,0,40
780490102,2,0,0,11,0,0,0,0,13
780490103,0,0,0,87,1,0,0,0,88
780490201,0,0,0,30,0,0,0,0,30
780490301,1,0,0,19,0,0,0,0,20
780490401,0,0,0,8,0,0,0,0,8
780490501,20,8,4,486,9,1,0,1,529
780490502,4,3,2,442,2,4,1,0,458
780490503,7,4,0,224,3,3,0,2,243
820070101,17,13,4,38,2,0,0,3,77
820070102,38,21,5,41,10,2,0,1,118
820070103,120,134,29,112,6,0,0,0,401
820070104,19,15,6,30,1,0,0,0,71
820070201,198,83,25,23,3,0,0,0,332
820070202,199,113,24,37,5,0,0,1,379
820070203,194,54,24,23,4,0,0,5,304
820070204,119,80,46,102,5,0,0,18,370
820070205,104,145,37,51,6,0,1,19,363
820070206,165,73,10,21,1,0,0,1,271
820070207,158,44,11,18,6,0,1,5,243
820070208,188,182,11,106,15,2,1,15,520
820070209,34,31,5,26,2,0,0,0,98
820070210,71,62,24,127,10,0,0,0,294
820070211,156,108,16,105,7,0,0,0,392
820070212,40,37,1,18,0,0,0,1,97
820070213,102,112,10,19,3,0,0,0,246
820070214,128,68,13,19,4,0,0,0,232
820070215,108,72,14,20,3,0,0,0,217
820070216,86,156,8,78,1,0,0,1,330
820070217,77,99,2,46,9,0,0,16,249
820070301,111,125,23,27,7,0,0,9,302
820070302,103,170,54,64,2,0,0,3,396
820070303,132,142,29,66,3,0,0,4,376
820070304,122,159,26,28,3,0,0,15,353
820070305,58,120,2,209,7,0,0,4,400
820070306,67,178,4,96,6,1,0,1,353
820070307,26,38,2,31,0,0,0,0,97
820070308,79,115,17,43,6,0,0,2,262
820070309,18,32,4,27,3,0,0,0,84
820070310,177,106,61,131,6,1,0,6,488
820070311,110,131,34,26,8,0,0,15,324
820070312,120,174,36,71,4,0,2,2,409
820070313,86,107,6,59,6,0,0,0,264
820070314,36,65,4,116,15,0,0,7,243
820070315,113,139,9,56,3,0,0,3,323
820070401,68,70,5,96,6,0,0,9,254
820070402,91,54,7,36,4,0,0,6,198
820070403,127,123,25,47,2,0,0,2,326
820070404,79,55,12,61,2,0,0,4,213
820070405,69,128,25,48,4,0,0,1,275
820070406,79,125,21,64,3,0,0,5,297
820070407,90,62,8,181,13,0,0,7,361
820070408,103,100,8,105,4,1,0,14,335
820070409,74,150,15,220,4,1,0,2,466
820070410,54,94,15,67,6,0,0,6,242
820070411,76,82,16,58,3,0,0,1,236
820070412,110,78,16,170,12,0,0,5,391
820070413,50,54,6,174,3,0,0,7,294
820070414,96,120,13,72,4,0,0,10,315
820140101,86,140,16,168,9,1,0,8,428
820140102,138,84,16,175,2,0,0,4,419
820140103,141,88,14,37,0,0,0,1,281
820140104,123,68,19,18,1,0,0,1,230
820140105,128,105,22,34,2,0,0,2,293
820140106,122,166,46,34,2,0,0,1,371
820140107,128,105,15,75,0,0,0,3,326
820140108,102,71,10,88,2,0,0,4,277
820140109,178,144,39,83,1,1,0,5,451
820140110,177,99,52,88,3,0,0,13,432
820140111,121,120,4,95,1,0,0,4,345
820140112,179,141,27,60,2,0,0,1,410
820140113,145,86,39,41,2,0,0,0,313
820140114,208,93,34,36,2,0,0,1,374
820140115,221,137,28,65,4,0,0,5,460
820140116,86,48,2,108,3,0,1,2,250
820140117,126,89,16,44,2,0,0,1,278
820140118,3,4,0,0,0,0,0,0,7
820140119,6,7,1,8,1,0,0,0,23
820140120,6,14,1,13,1,0,0,0,35
820140121,11,17,7,8,2,0,0,0,45
820140122,5,4,0,8,0,0,0,0,17
820140123,1,2,0,2,0,0,0,1,6
820140124,5,10,1,13,0,0,0,0,29
820140125,7,8,0,5,0,0,0,0,20
820140126,15,14,4,14,2,0,0,0,49
820140127,8,10,2,8,2,0,0,2,32
820140128,25,15,1,13,3,0,1,6,64
820140129,16,15,2,10,2,0,0,1,46
820140130,144,69,8,33,5,0,0,7,266
820140201,14,21,2,16,0,0,0,1,54
820140202,11,3,2,14,2,1,0,0,33
820140203,149,80,12,53,8,0,0,2,304
820140204,175,159,9,131,10,0,2,5,491
820140205,129,96,28,38,5,1,0,0,297
820140206,121,85,6,107,2,0,0,1,322
820140207,185,68,10,54,2,0,0,8,327
820140208,129,77,19,33,2,0,0,3,263
820140209,131,63,11,20,1,0,0,0,226
820140210,190,93,13,33,3,0,0,6,338
820140211,144,54,16,25,0,0,0,1,240
820140212,86,55,6,25,0,0,0,5,177
820140213,102,56,12,26,4,0,0,3,203
820140214,109,64,7,26,2,0,0,0,208
820140215,99,52,15,17,0,0,0,3,186
820140216,136,53,8,11,1,0,0,2,211
820140217,112,91,11,19,0,0,0,1,234
820140218,93,86,10,193,12,0,0,4,398
820140219,106,30,7,98,6,1,0,13,261
820140301,115,87,10,14,1,0,0,1,228
820140302,171,55,11,20,1,0,0,1,259
820140303,219,116,27,55,5,0,0,12,434
820140304,110,65,8,20,3,1,0,6,213
820140305,152,69,16,44,0,0,0,8,289
820140306,26,13,2,50,2,0,0,1,94
820140307,165,127,2,161,13,0,1,4,473
820140308,35,80,3,131,4,0,0,6,259
820140309,113,115,5,43,1,0,0,5,282
820140310,137,93,13,63,2,0,3,2,313
820140311,108,74,15,94,4,0,1,2,298
820140312,12,8,1,13,1,0,0,4,39
820140401,109,113,7,50,2,1,0,1,283
820140402,194,102,6,23,5,0,0,1,331
820140403,124,157,10,35,3,0,0,17,346
820140404,146,129,10,30,0,0,0,13,328
820140405,129,131,16,23,2,0,0,8,309
820140406,137,138,51,63,8,0,0,1,398
820140407,108,127,6,46,3,0,0,0,290
820140408,93,156,13,95,7,1,1,11,377
820140409,76,106,12,16,1,0,0,20,231
820140410,80,104,13,79,6,0,0,3,285
820140411,134,118,21,50,3,0,0,1,327
820140412,120,105,14,98,3,0,0,0,340
820140413,14,3,0,2,0,0,0,0,19
820140414,2,1,0,2,0,0,0,0,5
820140415,29,15,10,42,1,0,0,0,97
820140416,31,29,1,37,2,0,0,1,101
820140417,12,20,2,22,0,0,0,0,56
820140418,6,22,30,21,0,0,0,1,80
820140419,126,117,12,94,1,0,0,2,352
820140420,134,79,20,32,2,0,0,9,276
820140501,5,4,1,6,1,0,0,0,17
820140502,14,16,3,18,0,0,0,0,51
820140503,93,107,12,187,2,0,0,2,403
820140504,93,113,32,93,2,1,0,30,364
820140505,24,40,6,17,1,0,0,0,88
820140506,136,97,43,67,16,0,1,7,367
820140507,81,160,31,32,1,0,1,0,306
820140508,179,107,21,23,2,0,0,10,342
820140509,110,79,7,33,2,0,0,0,231
820140510,178,127,14,31,3,1,0,4,358
820140511,145,82,9,85,5,0,0,2,328
820140512,4,6,2,3,2,0,0,0,17
820140513,109,56,11,55,0,0,0,0,231
820140514,110,70,17,126,2,0,0,1,326
820140515,8,2,0,14,0,0,0,0,24
820140516,8,6,0,9,0,0,0,0,23
820140517,145,82,24,129,3,0,0,6,389
820140518,84,45,14,63,4,0,0,0,210
820140519,121,73,12,57,8,0,0,2,273
820140520,5,1,0,4,0,0,0,0,10
820140521,0,1,1,3,0,0,0,0,5
820140522,4,2,1,2,0,0,0,0,9
820140523,124,82,21,37,0,0,0,5,269
820140524,83,53,7,29,2,0,0,0,174
820140601,100,51,12,571,20,0,3,8,765
820140602,227,100,14,92,14,0,1,3,451
820140603,130,53,10,19,5,0,0,7,224
820140604,153,112,18,61,1,0,0,11,356
820140605,107,79,13,229,22,1,0,8,459
820140606,95,77,16,62,6,0,0,6,262
820140607,174,153,29,65,1,0,0,9,431
820140608,129,106,13,94,11,0,0,4,357
820140609,84,102,1,189,7,0,0,20,403
820140610,5,1,2,8,0,0,0,0,16
820140611,6,12,2,7,0,0,0,0,27
820149001,8,4,0,8,3,0,0,0,23
820210101,2,2,1,50,0,0,0,0,55
820210102,1,1,0,18,0,0,0,1,21
820210103,41,38,18,309,15,1,0,4,426
820210104,64,66,10,182,7,0,1,2,332
820210105,58,58,10,95,8,1,0,8,238
820210106,68,58,13,178,7,0,0,8,332
820210107,52,57,12,162,8,0,0,2,293
820210108,11,4,8,82,2,0,0,0,107
820210109,0,3,0,33,0,0,0,0,36
820210110,48,53,20,254,5,0,0,8,388
820210111,9,13,1,63,2,0,0,0,88
820210112,11,19,5,109,1,0,0,0,145
820210113,15,2,0,47,0,0,0,0,64
820210114,10,9,0,33,0,0,0,1,53
820210115,23,22,11,140,9,4,0,22,231
820210116,11,9,5,81,2,0,0,1,109
820210117,2,5,6,67,2,0,0,0,82
820210118,34,101,9,105,0,0,0,0,249
820210119,51,67,43,338,3,1,0,3,506
820210120,10,2,5,57,4,0,0,0,78
820210121,1,3,6,42,1,0,0,0,53
820210122,3,4,4,40,0,0,1,0,52
820210123,2,7,8,71,0,0,0,0,88
820210124,36,37,29,288,9,1,0,0,400
820210125,1,3,2,17,0,0,0,2,25
820210126,2,6,0,46,0,0,0,1,55
820210127,2,0,0,39,0,0,0,0,41
820210128,5,10,5,79,1,0,0,4,104
820210129,7,6,0,24,1,0,0,1,39
820210130,13,12,0,32,3,0,0,0,60
820210131,9,3,3,41,0,0,0,1,57
820210132,5,10,6,61,2,0,0,0,84
820210133,24,37,23,274,2,0,0,0,360
820210134,45,27,6,261,7,0,0,2,348
820210201,119,130,22,139,11,0,0,4,425
820210202,64,155,27,113,7,1,0,15,382
820210203,78,150,21,133,5,0,0,2,389
820210204,84,151,42,137,2,0,0,16,432
820210205,99,79,16,243,7,0,0,12,456
820210206,92,84,43,95,3,0,0,2,319
820210207,74,107,13,186,17,0,0,2,399
820210208,99,128,18,116,7,0,0,0,368
820210209,105,153,29,133,1,1,0,0,422
820210210,92,94,20,135,5,0,0,18,364
820210211,50,96,19,129,6,0,0,9,309
820210212,37,58,23,290,17,0,1,2,428
820210213,64,66,23,47,1,0,0,5,206
820210214,99,69,15,154,1,0,0,5,343
820210215,52,54,124,355,9,1,1,4,600
820210216,48,85,39,156,4,0,0,2,334
820210217,19,15,4,414,4,0,0,11,467
820210218,108,111,8,126,10,0,0,16,379
820210301,0,2,0,17,1,0,0,0,20
820210302,38,167,29,301,3,0,0,7,545
820210303,10,19,0,36,2,0,0,0,67
820210304,16,28,2,55,2,0,0,0,103
820210305,53,117,12,254,4,0,0,4,444
820210306,2,10,3,53,1,0,0,0,69
820210307,1,6,2,55,0,0,0,0,64
820210308,1,19,7,63,1,0,0,0,91
820210309,0,1,0,9,0,0,0,0,10
820210310,13,11,7,101,4,0,0,1,137
820210311,12,12,12,158,3,1,2,2,202
820210312,0,1,7,31,1,0,0,0,40
820210313,25,46,5,262,1,0,0,2,341
820210314,5,11,6,71,0,1,0,4,98
820210315,2,4,2,57,0,0,0,0,65
820210316,2,4,0,22,3,0,0,0,31
820210317,72,117,17,160,3,0,0,4,373
820210318,62,105,18,173,7,0,0,1,366
820210319,5,37,0,25,0,0,0,1,68
820210320,18,58,3,27,0,0,0,1,107
820210321,64,109,43,190,16,0,0,5,427
820210322,3,15,2,77,1,0,0,0,98
820210323,1,4,0,31,0,0,0,1,37
820210324,2,3,2,24,0,0,0,0,31
820210325,3,0,1,25,0,0,0,0,29
820210326,0,1,1,32,0,0,0,1,35
820210327,15,13,4,148,3,0,0,1,184
820210328,3,6,0,38,0,0,0,0,47
820210329,4,2,1,42,0,0,0,0,49
820210330,7,2,0,33,0,0,0,1,43
820210331,10,11,1,25,0,0,0,0,47
820210332,1,25,1,53,0,0,0,9,89
820210333,24,11,1,102,4,0,0,2,144
820210401,19,102,12,370,2,0,0,5,510
820210402,29,118,5,129,6,0,0,11,298
820210403,32,112,3,65,2,0,0,2,216
820210404,47,138,7,144,9,0,0,1,346
820210405,25,106,3,93,2,0,0,2,231
820210406,9,25,15,373,0,1,0,3,426
820210407,30,55,0,45,15,0,0,2,147
820210408,92,98,12,147,8,2,1,2,362
820210409,31,166,46,104,2,0,0,0,349
820210410,37,64,9,49,1,0,0,0,160
820210411,69,137,12,95,1,0,0,1,315
820210412,16,100,7,124,0,0,0,0,247
820210413,30,98,8,121,4,0,0,1,262
820210414,51,109,16,138,1,0,0,5,320
820210415,69,136,10,114,0,0,0,2,331
820210416,25,30,24,822,16,0,0,8,925
820210417,13,4,2,371,1,0,1,2,394
820210418,26,35,4,365,3,0,0,2,435
820210419,6,69,3,322,2,0,0,2,404
820210420,14,101,2,123,2,0,1,3,246
820210421,25,94,7,78,1,0,0,2,207
820210422,14,7,4,925,13,2,0,10,975
820210501,4,48,4,261,1,0,0,1,319
820210502,15,97,0,232,10,1,0,0,355
820210503,24,135,2,220,9,0,0,1,391
820210504,26,99,0,149,3,0,0,0,277
820210505,50,195,5,241,12,0,0,4,507
820210506,28,137,10,153,4,0,0,1,333
820210507,19,127,5,84,3,0,0,4,242
820210508,70,157,26,108,1,0,1,2,365
820210509,31,141,2,74,2,0,0,1,251
820210510,72,77,2,56,0,0,0,0,207
820210511,45,117,11,99,3,0,0,2,277
820210512,40,45,2,273,11,0,0,28,399
820210513,37,59,2,423,4,0,0,6,531
820210514,35,38,1,357,12,1,2,0,446
820210601,30,91,136,76,1,0,0,0,334
820210602,60,185,23,89,3,1,0,1,362
820210603,63,104,11,109,3,0,0,2,292
820210604,52,96,12,119,6,0,0,3,288
820210605,29,200,65,79,0,0,0,1,374
820210606,29,133,11,154,2,0,0,0,329
820210607,55,195,17,161,4,0,0,17,449
820210608,39,155,15,188,2,0,0,1,400
820210609,46,105,28,243,5,0,0,0,427
820210610,21,64,54,222,7,0,1,1,370
820210611,43,71,46,165,25,0,0,0,350
820210612,40,97,16,249,0,0,0,1,403
820210613,12,88,9,162,3,1,0,3,278
820210614,9,92,31,238,7,0,0,3,380
820210615,9,21,50,49,3,0,0,1,133
820210616,35,132,66,731,18,0,0,2,984
820210617,31,114,50,60,1,0,0,3,259
820210618,26,109,24,279,2,1,0,0,441
820210619,16,100,55,277,3,0,0,1,452
820210620,1,93,13,242,16,0,0,41,406
820210701,19,105,9,97,2,0,0,2,234
820210702,55,306,3,157,5,0,0,4,530
820210703,2,16,4,22,0,0,0,1,45
820210704,4,11,2,34,0,0,0,0,51
820210705,1,9,1,22,0,0,0,0,33
820210706,17,94,4,106,2,0,1,2,226
820210707,31,74,5,175,3,1,0,1,290
820210708,0,0,0,5,0,0,0,0,5
820210709,5,9,2,18,0,0,0,0,34
820210710,35,109,12,110,0,1,0,2,269
820210711,3,11,1,22,0,0,0,0,37
820210712,13,123,6,166,0,0,0,3,311
820210713,23,94,8,108,4,0,0,0,237
820210714,3,18,1,35,2,0,0,0,59
820210715,3,5,2,18,0,0,0,1,29
820210716,3,12,0,14,0,0,0,0,29
820210717,49,321,4,44,2,0,0,0,420
820210718,46,236,4,68,3,0,0,0,357
820210719,17,120,0,97,1,4,0,0,239
820210720,52,215,4,21,2,0,0,0,294
820210721,43,171,3,29,0,1,0,1,248
820210722,63,259,8,212,21,1,0,3,567
820210723,0,0,1,6,0,0,0,0,7
820210724,71,153,5,25,1,0,0,0,255
820210725,24,161,1,25,2,0,0,0,213
820210726,41,177,1,80,4,1,1,0,305
820210801,27,92,19,60,3,0,0,1,202
820210802,97,129,15,97,3,0,0,1,342
820210803,45,93,14,112,2,0,0,4,270
820210804,82,106,13,111,7,1,0,1,321
820210805,75,109,30,85,6,0,0,0,305
820210806,37,86,13,67,2,0,0,0,205
820210807,16,24,7,343,8,1,0,1,400
820210808,30,104,8,129,0,0,0,0,271
820210809,22,99,3,189,0,0,0,5,318
820210810,29,119,3,189,15,0,0,9,364
820210811,49,143,25,141,8,0,0,2,368
820210812,33,87,9,69,0,0,0,0,198
820210813,17,70,2,187,7,0,0,1,284
820210814,43,118,9,204,5,0,0,7,386
820210815,18,52,0,209,5,0,0,1,285
820210901,75,201,32,121,2,0,0,1,432
820210902,50,127,13,162,1,0,0,5,358
820210903,36,125,20,196,1,0,0,1,379
820210904,41,71,54,347,3,0,0,3,519
820210905,39,80,14,105,0,1,0,19,258
820210906,34,115,14,87,5,0,0,0,255
820210907,70,115,26,132,1,1,0,1,346
820210908,13,24,1,19,1,0,0,0,58
820210909,70,72,9,108,4,0,0,1,264
820210910,31,82,12,64,1,0,0,1,191
820210911,38,80,19,240,4,0,0,2,383
820210912,16,114,49,233,9,1,0,3,425
820210913,28,112,6,106,1,0,0,0,253
820210914,61,132,13,87,4,1,0,0,298
820211001,2,14,0,58,1,0,0,0,75
820211002,31,101,2,70,0,0,0,1,205
820211003,3,21,1,38,5,0,0,1,69
820211004,2,11,8,20,1,0,0,2,44
820211005,1,16,2,30,1,2,0,0,52
820211006,29,228,67,135,3,0,0,0,462
820211007,48,194,59,78,1,0,0,0,380
820211008,42,143,19,226,7,0,0,2,439
820211009,33,233,37,107,3,0,1,1,415
820211010,4,0,0,11,1,0,0,0,16
820211011,5,15,2,28,0,0,0,0,50
820211012,12,6,2,60,0,0,0,0,80
820211013,28,48,54,319,0,0,0,1,450
820211014,103,162,12,74,2,0,0,5,358
820211015,48,187,12,144,6,0,0,0,397
820211016,45,166,24,43,1,0,0,1,280
820211017,100,140,33,87,4,0,0,3,367
820211018,100,135,17,67,1,0,0,0,320
820280101,203,182,16,123,7,0,0,4,535
820280102,132,68,17,17,2,0,0,2,238
820280103,87,91,5,31,4,0,0,2,220
820280104,152,122,19,142,9,1,0,6,451
820280105,114,130,8,321,11,0,1,10,595
820280106,5,5,1,9,0,0,0,0,20
820280107,27,27,4,86,2,1,0,1,148
820280108,60,110,9,66,13,0,0,0,258
820280109,86,60,17,48,2,0,0,4,217
820280110,4,7,1,69,0,0,0,0,81
820280111,11,10,4,21,2,0,0,2,50
820280112,95,86,7,161,7,0,0,4,360
820280113,131,99,15,109,3,0,0,3,360
820280114,35,80,5,158,14,1,0,1,294
820280115,2,1,0,10,0,0,0,0,13
820280116,1,4,1,14,1,0,0,0,21
820280117,32,78,22,189,8,0,0,5,334
820280118,1,5,1,13,0,0,0,0,20
820280119,11,5,3,22,1,0,0,0,42
820280120,91,56,5,17,1,0,0,3,173
820280121,105,94,6,16,4,0,0,0,225
820280122,107,87,10,53,2,0,0,4,263
820280123,55,72,16,54,5,0,0,2,204
820280124,66,71,10,81,3,0,0,0,231
820280201,231,110,39,205,5,0,1,1,592
820280202,5,10,1,28,0,0,0,0,44
820280203,28,34,8,70,0,0,0,0,140
820280204,130,108,29,48,1,0,0,7,323
820280205,134,105,9,226,4,0,0,12,490
820280206,7,8,0,21,2,0,0,1,39
820280207,115,96,33,41,2,0,0,0,287
820280208,4,23,43,14,0,0,0,0,84
820280209,19,39,2,51,3,0,0,0,114
820280210,6,3,1,13,0,0,0,0,23
820280211,76,106,27,131,2,0,0,0,342
820280212,44,84,0,133,5,0,0,0,266
820280213,5,3,0,7,0,0,0,0,15
820280214,53,46,30,86,7,0,0,0,222
820280215,4,5,2,6,5,0,0,0,22
820280216,48,59,9,117,2,0,0,0,235
820280217,5,10,0,12,0,0,0,1,28
820280218,0,2,1,9,1,0,0,0,13
820280219,3,6,1,4,0,0,0,0,14
820280220,88,82,15,73,3,0,1,5,267
820280221,126,72,21,59,2,0,0,5,285
820280301,60,56,4,443,18,2,0,18,601
820280302,114,137,2,84,6,0,0,0,343
820280303,136,137,1,64,7,1,0,13,359
820280304,150,123,17,33,5,0,0,1,329
820280305,147,108,4,7,1,0,0,1,268
820280306,43,217,11,137,4,1,2,3,418
820280307,111,152,34,49,11,0,0,7,364
820280308,141,140,11,29,6,0,0,0,327
820280309,164,229,97,204,29,1,0,5,729
820280310,14,11,1,31,0,0,0,3,60
820280311,84,101,13,69,6,0,0,3,276
820280312,19,11,17,60,4,0,0,0,111
820280313,64,21,7,60,6,0,0,0,158
820280314,26,49,6,92,0,0,0,0,173
820280315,2,15,8,38,0,0,0,0,63
820280316,40,72,10,99,2,1,1,4,229
820280317,1,9,0,27,0,0,0,0,37
820280318,101,151,12,61,6,0,0,2,333
820280319,64,65,4,18,0,0,0,1,152
820280320,25,47,10,129,5,1,0,9,226
820280321,59,70,8,89,2,0,0,0,228
820280322,6,7,0,177,2,3,2,1,198
820280323,5,10,3,35,0,0,0,0,53
820280324,39,71,3,145,2,0,0,4,264
820280325,6,5,4,21,1,0,0,1,38
820280326,127,243,15,121,9,0,0,13,528
820280327,14,36,7,43,3,0,1,1,105
820280401,123,90,16,129,4,0,1,0,363
820280402,98,103,8,71,3,0,0,0,283
820280403,92,104,12,148,7,0,0,0,363
820280404,117,147,24,87,3,0,0,1,379
820280405,67,134,21,125,14,2,1,4,368
820280406,86,142,4,13,1,0,0,2,248
820280407,142,168,8,17,6,0,0,2,343
820280408,94,128,17,14,0,0,0,0,253
820280409,141,159,8,10,1,0,0,8,327
820280410,130,254,16,71,15,0,0,5,491
820280411,98,123,24,42,1,0,0,1,289
820280412,140,153,18,40,4,1,0,1,357
820280413,118,144,59,54,3,0,1,3,382
820280414,121,57,113,55,47,0,0,3,396
820280415,96,142,10,60,3,0,0,4,315
820280501,17,72,3,197,5,1,0,2,297
820280502,78,115,6,38,1,0,0,0,238
820280503,118,151,11,12,1,0,0,3,296
820280504,92,169,12,27,0,0,0,6,306
820280505,114,251,10,86,7,2,1,5,476
820280506,115,264,6,158,8,1,0,1,553
820280507,179,117,12,1,0,0,0,0,309
820280508,120,183,9,102,5,0,0,6,425
820280509,86,174,8,90,5,0,0,3,366
820280510,106,103,2,12,0,0,0,7,230
820280511,117,272,12,45,6,0,0,5,457
820280512,175,157,3,161,14,1,0,11,522
820280513,55,153,2,192,6,3,0,4,415
820280514,65,185,5,83,7,0,1,1,347
820280515,57,123,3,189,9,0,0,6,387
820280516,75,147,5,26,2,1,0,2,258
820280517,152,119,40,109,7,1,1,7,436
820289201,24,5,1,16,3,0,0,1,50
820350101,0,2,3,70,4,0,17,5,101
820350102,2,4,0,199,0,1,43,0,249
820350103,0,1,1,30,5,2,24,1,64
820350104,0,1,0,7,0,0,1,0,9
820350105,0,0,0,13,0,0,3,0,16
820350106,2,1,0,126,3,1,79,1,213
820350107,0,0,1,23,1,0,3,0,28
820350108,0,1,2,75,4,1,12,5,100
820350109,1,1,0,53,4,4,13,1,77
820350110,0,6,2,119,9,0,15,0,151
820350111,2,16,2,337,4,0,19,1,381
820350112,0,2,0,187,1,0,48,2,240
820350113,2,16,4,285,5,1,14,0,327
820350114,4,23,10,295,10,0,6,0,348
820350115,0,1,0,14,0,0,5,1,21
820350116,4,3,0,122,1,1,13,0,144
820350117,0,10,6,249,2,1,6,1,275
820350201,0,1,0,4,0,0,0,0,5
820350202,5,9,5,463,12,0,56,6,556
820350203,1,2,0,25,0,0,4,0,32
820350204,0,1,0,12,0,0,5,0,18
820350205,0,3,1,39,1,1,5,0,50
820350206,0,3,1,108,1,1,11,3,128
820350207,0,16,1,236,1,1,44,5,304
820350208,3,1,0,66,2,5,6,1,84
820350209,3,22,7,255,6,4,23,5,325
820350210,2,18,15,319,6,1,12,2,375
820350211,11,28,6,460,9,2,29,1,546
820350212,2,17,10,335,4,0,14,0,382
820350213,2,18,5,253,2,3,27,1,311
820420101,7,5,1,29,1,0,0,0,43
820420102,48,72,5,89,3,0,0,9,226
820420103,67,132,14,67,2,0,0,1,283
820420104,6,29,1,70,0,0,0,4,110
820420105,7,11,1,14,1,0,0,1,35
820420106,9,28,2,17,1,0,0,0,57
820420107,70,164,1,83,0,0,0,4,322
820420108,109,137,13,163,5,0,0,12,439
820420109,135,182,35,54,2,0,0,3,411
820420110,8,31,5,110,2,0,0,2,158
820420111,97,136,23,76,5,0,0,7,344
820420112,80,125,13,87,0,0,0,4,309
820420113,16,8,5,23,2,0,0,0,54
820420115,171,57,8,35,0,0,0,1,272
820420116,6,18,9,55,3,0,1,4,96
820420117,19,23,12,63,3,0,0,1,121
820420118,11,13,6,29,1,0,0,2,62
820420119,18,18,5,68,1,0,0,4,114
820420120,6,7,2,37,0,0,0,0,52
820420121,17,35,0,44,0,0,0,2,98
820420122,61,109,29,115,5,1,0,3,323
820420123,41,58,27,117,6,0,0,2,251
820420124,11,12,10,69,6,0,0,4,112
820420201,2,31,7,65,3,0,0,0,108
820420202,7,12,1,137,1,0,0,0,158
820420203,14,6,2,35,0,0,1,0,58
820420204,3,20,10,49,1,0,0,0,83
820420205,61,132,24,128,7,0,0,0,352
820420206,26,44,2,252,10,1,0,3,338
820420207,89,87,15,49,3,0,1,3,247
820420208,30,136,2,71,3,0,0,1,243
820420209,2,11,3,18,0,0,0,1,35
820420210,17,48,6,90,5,0,0,3,169
820420211,4,25,8,67,2,0,0,1,107
820420212,65,103,6,99,8,0,0,1,282
820420213,60,124,17,101,3,0,0,0,305
820420214,97,124,5,163,17,1,0,0,407
820420215,86,178,6,157,14,1,0,6,448
820420216,22,20,6,50,6,0,1,1,106
820420217,18,26,0,54,1,0,0,1,100
820420218,22,13,4,78,3,0,0,2,122
820420219,74,71,2,221,5,1,0,6,380
820420220,149,97,26,57,6,0,0,1,336
820420221,115,87,14,179,27,1,0,2,425
820420222,52,74,13,166,4,0,0,1,310
820420301,9,5,7,45,1,0,0,0,67
820420302,8,10,3,135,12,0,0,1,169
820420303,16,14,4,34,3,0,0,0,71
820420304,1,17,3,49,2,0,0,0,72
820420305,4,16,0,90,0,0,0,0,110
820420306,0,2,1,79,2,0,0,0,84
820420307,1,20,1,24,0,0,0,0,46
820420308,5,34,2,156,1,0,0,0,198
820420309,9,32,6,107,2,0,1,0,157
820420310,7,72,61,86,5,0,0,1,232
820420311,11,89,9,173,2,0,0,0,284
820420312,15,92,1,246,7,0,0,1,362
820420313,24,171,60,293,4,0,0,0,552
820420314,7,116,14,173,3,0,0,2,315
820420315,11,98,7,186,1,0,0,1,304
820420316,44,188,13,182,11,0,0,2,440
820420317,38,118,18,70,5,0,0,2,251
820420318,21,116,2,250,1,1,0,0,391
820420319,20,34,5,118,1,0,0,0,178
820420320,9,2,2,13,1,0,0,0,27
820420321,4,1,1,22,1,0,0,0,29
820420322,0,5,0,21,0,0,0,0,26
820420323,8,87,8,181,3,0,0,0,287
820420324,21,105,16,73,5,2,0,1,223
820420401,201,160,12,32,4,0,0,9,418
820420402,181,117,5,235,10,5,0,8,561
820420403,135,132,13,179,10,1,0,3,473
820420404,187,166,11,58,5,1,0,10,438
820420405,138,70,3,8,0,0,0,0,219
820420406,195,116,14,11,0,0,0,1,337
820420407,123,91,8,10,3,0,0,3,238
820420408,199,76,52,57,2,0,0,4,390
820420409,172,83,12,12,1,0,0,6,286
820420410,131,60,11,14,1,0,0,1,218
820420411,92,43,11,8,1,0,0,4,159
820420412,97,74,4,29,3,0,0,6,213
820420413,143,129,6,90,3,2,1,6,380
820420414,120,99,4,31,1,0,0,7,262
820420415,157,78,2,88,10,0,0,6,341
820420416,113,59,7,18,0,0,0,3,200
820420417,212,153,50,54,4,0,0,4,477
820420418,91,23,9,159,11,0,0,5,298
820420419,30,101,0,131,8,0,0,3,273
820420420,9,21,0,7,0,0,0,0,37
820420421,167,120,49,59,2,0,0,8,405
820420501,66,107,16,225,3,3,0,2,422
820420502,66,176,26,105,1,0,0,1,375
820420503,60,87,5,300,7,0,0,0,459
820420504,48,85,13,41,1,0,0,0,188
820420505,70,131,15,60,2,0,0,1,279
820420506,58,147,72,54,8,0,0,0,339
820420507,79,147,17,86,5,0,0,1,335
820420508,79,135,33,201,6,1,0,1,456
820420509,51,71,3,68,0,0,0,0,193
820420601,28,147,7,118,7,0,0,0,307
820420602,9,124,5,124,4,1,0,2,269
820420603,32,217,4,128,2,0,0,1,384
820420604,27,172,8,160,11,1,0,3,382
820420605,30,153,8,130,4,1,0,2,328
820420606,40,208,10,133,6,3,0,0,400
820420607,68,143,13,99,3,2,0,1,329
820420608,30,174,16,118,9,0,0,1,348
820420609,18,47,3,51,4,0,0,1,124
820420610,37,215,25,144,7,0,0,3,431
820420611,51,159,18,120,1,0,0,1,350
820420612,50,171,17,58,9,0,0,2,307
820420613,19,183,13,103,2,0,0,0,320
820420614,22,160,13,63,3,0,0,1,262
820420615,12,45,8,30,4,0,0,0,99
820420616,22,129,9,91,10,0,1,0,262
820420617,5,54,0,171,1,2,0,0,233
820420618,7,97,0,159,2,0,0,0,265
820420619,11,113,3,175,11,0,1,0,314
820420620,13,173,12,136,15,0,1,2,352
820420621,43,85,7,96,13,0,0,2,246
820420622,13,19,191,6,0,0,0,0,229
820420701,34,59,52,129,7,0,1,1,283
820420702,35,111,4,101,4,2,0,5,262
820420703,35,105,6,59,1,0,1,4,211
820420704,90,161,15,133,2,0,1,9,411
820420705,2,80,4,353,1,0,0,0,440
820420706,90,227,13,53,4,0,0,0,387
820420707,94,217,26,52,2,0,0,0,391
820420708,80,106,21,44,0,0,0,0,251
820420709,75,146,20,28,0,0,0,0,269
820420710,78,208,11,31,0,0,0,6,334
820420711,39,148,22,83,1,0,0,1,294
820420712,85,159,24,67,0,0,0,0,335
820420713,136,64,18,28,0,0,0,1,247
820420714,135,157,23,38,5,1,0,17,376
820420715,77,97,18,234,3,2,1,9,441
820420716,60,226,28,103,3,0,0,21,441
820420717,26,132,13,226,6,0,2,3,408
820420718,55,130,57,15,0,0,0,1,258
820420719,43,121,11,26,3,0,0,5,209
820420720,19,126,14,72,1,0,0,3,235
820420721,47,120,10,54,0,0,0,1,232
820420801,78,133,26,57,3,0,0,0,297
820420802,83,172,57,48,2,0,0,2,364
820420803,120,83,7,25,2,0,0,4,241
820420804,107,131,10,21,2,0,0,0,271
820420805,126,169,42,63,9,0,0,1,410
820420806,91,179,20,57,14,0,0,3,364
820420807,115,114,7,29,0,0,0,1,266
820420808,91,152,11,42,3,0,0,3,302
820420809,116,120,20,68,4,0,0,5,333
820420810,64,184,24,68,4,0,0,0,344
820420811,60,97,18,112,6,0,0,3,296
820420901,101,142,16,158,16,0,0,11,444
820420902,41,160,13,70,5,0,0,3,292
820420903,109,252,23,122,12,0,0,2,520
820420904,64,108,6,39,6,0,1,5,229
820420905,68,127,61,86,2,0,0,8,352
820420906,55,161,29,282,5,1,1,11,545
820420907,121,182,11,70,2,0,2,12,400
820420908,33,125,57,31,4,0,0,3,253
820420909,110,178,39,73,6,2,0,0,408
820420910,58,114,5,14,2,0,0,1,194
820420911,86,104,8,45,4,1,0,3,251
820420912,85,108,8,55,0,0,0,1,257
820420913,43,150,18,29,3,0,0,0,243
820420914,56,192,8,22,1,0,0,0,279
820420915,84,99,17,23,3,0,0,0,226
820420916,99,195,33,180,2,0,0,16,525
820420917,29,101,7,203,8,0,0,1,349
820420918,76,116,20,81,9,0,0,2,304
820420919,29,145,17,172,5,0,1,3,372
820420920,44,122,12,112,7,0,0,19,316
820420921,94,210,16,150,5,1,0,5,481
820420922,28,56,97,229,5,0,0,2,417
820420923,85,197,58,157,12,0,0,9,518
820420924,51,131,14,36,0,0,0,0,232
820420925,57,160,17,59,0,0,0,0,293
820420926,54,144,5,52,3,0,0,0,258
820421001,63,144,10,48,1,0,1,2,269
820421002,82,170,10,187,11,0,0,2,462
820421003,82,155,4,82,6,0,0,3,332
820421004,98,143,8,105,5,1,0,3,363
820421005,86,92,0,69,11,2,0,2,262
820421006,101,103,4,51,1,0,0,1,261
820421007,60,213,6,57,3,0,0,0,339
820421008,79,109,11,202,7,0,1,9,418
820421009,41,74,2,104,5,0,0,1,227
820421010,91,94,10,214,9,0,0,4,422
820421011,41,110,1,508,3,0,0,21,684
820421012,28,103,14,162,4,1,0,1,313
820421013,61,148,4,72,3,0,0,2,290
820421014,21,127,1,75,1,0,1,2,228
820421015,49,216,5,70,6,0,1,16,363
820421016,39,127,6,230,33,4,0,4,443
820421102,0,5,1,14,0,0,0,0,20
820421103,3,26,0,81,4,0,0,1,115
820421104,3,1,5,11,0,0,0,0,20
820421105,73,112,10,132,3,0,0,2,332
820421106,65,90,23,166,8,1,0,2,355
820421107,2,8,1,22,1,0,0,0,34
820421108,58,28,10,129,9,2,0,0,236
820421109,126,50,20,106,7,0,0,2,311
820421110,77,36,19,53,8,0,0,1,194
820421111,33,64,20,74,6,2,2,3,204
820421112,56,91,2,64,1,1,0,4,219
820421113,83,108,11,62,1,0,0,0,265
820421114,91,93,13,74,5,0,0,7,283
820421115,110,129,18,60,0,0,0,0,317
820421116,100,141,14,102,5,0,0,1,363
820421117,10,46,4,29,2,0,0,0,91
820421118,63,146,15,80,2,1,0,0,307
820421119,82,52,28,89,1,0,0,1,253
820421120,28,103,6,115,9,1,0,0,262
820421121,67,67,4,73,6,0,1,2,220
820421201,19,27,3,51,2,0,0,0,102
820421202,4,14,3,50,2,0,0,1,74
820421203,54,104,8,285,4,0,0,0,455
820421204,26,97,18,178,4,1,0,1,325
820421205,34,95,26,143,0,0,0,0,298
820421206,44,94,39,90,7,1,0,1,276
820421207,73,69,21,111,5,1,0,8,288
820421208,49,83,15,258,6,1,0,3,415
820421209,32,10,2,71,4,0,0,1,120
820421210,98,86,1,276,12,0,0,4,477
820421211,179,61,14,82,5,0,1,0,342
820421212,119,43,10,211,2,0,0,5,390
820421213,95,104,51,61,4,0,0,1,316
820421214,129,81,17,142,8,2,0,15,394
820421215,6,12,0,12,1,0,0,0,31
820421216,84,107,11,136,3,1,0,3,345
820429101,1,7,1,5,1,0,0,0,15
820490101,4,1,1,302,9,4,113,0,434
820490102,18,35,12,510,13,2,70,2,662
820490103,1,4,0,118,1,2,30,1,157
820490104,0,0,0,2,0,0,11,0,13
820490105,1,4,1,64,6,2,15,1,94
820490106,0,0,0,22,0,0,7,2,31
820490107,0,4,0,185,1,1,18,5,214
820490108,3,6,3,399,17,1,5,4,438
820490109,1,2,0,345,1,0,7,4,360
820490110,2,1,0,185,1,1,15,11,216
820490111,0,0,0,60,0,0,8,0,68
820490112,25,14,8,294,6,3,76,4,430
820490113,0,1,1,26,0,0,12,0,40
820490114,1,2,1,64,0,12,13,0,93
820490115,2,1,0,32,0,2,7,0,44
820490116,12,14,8,653,9,19,33,2,750
820490117,32,17,7,317,2,1,1,1,378
820490118,53,16,9,283,8,7,11,4,391
820490119,30,29,0,222,4,5,4,2,296
820490120,1,0,0,9,1,1,1,3,16
820490121,37,17,5,552,14,14,29,3,671
820490122,3,0,1,45,1,2,14,1,67
820490123,11,22,12,480,13,11,81,1,631
820490124,37,34,11,301,7,4,0,0,394
820490125,41,19,13,219,3,3,15,2,315
820490126,0,1,0,56,3,2,9,0,71
820490127,13,4,1,164,5,6,11,0,204
820490128,37,10,5,304,2,4,11,2,375
820490201,3,6,0,218,9,1,24,0,261
820490202,0,6,4,253,9,6,34,4,316
820490203,0,0,1,29,0,0,4,0,34
820490204,0,0,0,3,1,0,0,0,4
820490205,0,0,0,20,2,2,5,0,29
820490206,0,0,0,9,0,0,1,0,10
820490207,0,0,0,8,0,0,3,0,11
820490208,0,0,0,12,0,0,0,0,12
820490209,0,0,0,27,0,0,1,0,28
820490210,0,2,0,41,0,0,14,0,57
820490211,0,1,0,7,0,0,0,0,8
820490212,0,0,2,20,0,0,3,0,25
820490213,0,4,3,185,4,0,34,17,247
820490301,5,9,0,301,7,6,14,2,344
820490302,11,23,7,307,2,0,3,1,354
820490303,13,43,19,230,9,0,1,1,316
820490304,20,28,14,234,15,0,0,0,311
820490305,16,47,7,371,12,7,8,0,468
820490306,5,21,6,285,5,1,8,3,334
820490307,2,1,1,56,3,2,37,1,103
820490308,7,11,4,529,6,53,130,10,750
820490309,0,0,0,5,0,0,5,0,10
820490310,0,3,3,51,2,0,29,0,88
820490311,0,4,0,136,10,6,52,0,208
820490312,0,3,1,16,0,1,15,0,36
820490313,0,2,0,82,2,1,29,1,117
820490314,0,1,0,24,0,0,7,0,32
820490315,0,1,1,72,1,0,32,0,107
820490316,0,1,0,10,0,0,1,0,12
820490317,0,1,0,15,1,0,6,0,23
820490318,0,0,0,18,0,0,4,0,22
820490319,0,0,0,40,0,3,8,0,51
820490320,0,0,0,1,4,0,18,0,23
820490321,1,0,0,23,1,0,6,0,31
820490322,0,0,0,8,0,0,15,0,23
820490323,0,0,0,83,0,0,9,0,92
820490324,0,2,1,134,0,0,7,1,145
820490325,0,0,0,31,0,0,3,1,35
820490326,7,11,7,542,22,11,35,3,638
820490327,0,3,0,49,3,1,29,2,87
820490328,8,4,0,70,4,6,19,2,113
820490329,7,18,3,309,6,1,3,1,348
820490330,18,36,7,249,2,0,3,4,319
820490331,11,72,24,216,3,0,0,1,327
820490332,8,37,16,266,3,3,1,1,335
820490333,6,5,0,316,2,2,7,0,338
820490334,3,4,0,292,9,1,1,0,310
820490401,0,2,1,29,2,1,7,0,42
820490402,3,0,1,68,3,0,12,10,97
820490403,1,4,4,122,0,3,11,0,145
820490404,1,1,0,101,0,5,5,0,113
820490405,0,2,1,59,0,1,0,0,63
820490406,7,13,14,195,0,0,1,2,232
820490407,0,0,0,14,0,1,18,0,33
820490408,10,13,5,236,2,0,44,0,310
820490409,1,1,0,71,6,0,1,0,80
820490410,3,7,4,101,0,0,5,0,120
820490411,0,1,3,76,3,3,38,8,132
820490412,4,2,2,116,0,3,5,2,134
820490413,1,8,2,55,2,0,12,0,80
820490414,0,0,0,5,0,2,3,0,10
820490415,0,2,2,51,0,4,8,0,67
820490416,0,0,2,159,4,11,15,5,196
820490417,0,1,0,7,0,0,0,0,8
820490418,2,1,2,90,0,4,9,0,108
820490419,1,0,0,1,0,0,0,1,3
820490501,0,0,0,15,0,7,1,0,23
820490502,2,2,1,70,0,1,0,0,76
820490503,0,0,1,44,0,2,0,0,47
820490504,0,4,2,122,1,3,3,0,135
820490505,1,4,2,65,1,2,0,2,77
820490506,0,4,0,69,1,4,0,0,78
820490507,0,3,0,68,0,18,4,0,93
820490508,1,2,2,47,6,1,1,0,60
820490509,15,15,2,261,8,3,1,1,306
820490510,14,19,3,731,9,11,7,10,804
820490511,9,73,18,233,5,0,1,1,340
820490512,14,80,4,201,0,5,0,5,309
820490513,20,113,58,191,0,0,0,2,384
820490514,10,27,5,548,13,3,0,1,607
820490515,10,64,3,205,4,0,0,7,293
820490516,18,80,15,290,9,0,3,4,419
820490517,21,67,20,168,5,1,1,0,283
820490518,9,56,23,218,2,0,1,0,309
820490519,0,0,0,1,0,0,3,0,4
820490520,0,0,0,0,0,0,1,0,1
820490521,2,5,18,171,12,0,1,0,209
820490522,10,60,35,255,6,0,0,2,368
820490523,6,36,0,543,7,7,1,7,607
820490524,21,67,2,351,6,1,0,1,449
820490525,13,79,36,179,2,1,0,1,311
820490526,15,98,26,184,2,0,0,1,326
820490527,27,111,12,358,2,0,1,1,512
820490601,37,40,6,171,2,0,0,0,256
820490602,8,60,14,204,1,0,1,0,288
820490603,24,91,30,321,7,2,5,0,480
820490604,33,77,19,341,3,0,0,3,476
820490605,8,53,12,309,5,0,2,0,389
820490606,17,50,18,237,1,0,1,0,324
820490607,4,46,2,235,3,1,0,0,291
820490608,10,5,3,533,7,3,15,2,578
820490609,8,30,0,87,2,0,1,0,128
820490610,16,86,21,254,3,1,0,0,381
820490611,42,76,15,151,3,1,0,2,290
820490612,10,72,17,128,2,0,0,2,231
820490613,26,83,23,173,4,0,0,0,309
820490614,27,48,12,104,1,0,0,0,192
820490615,9,64,18,149,1,0,0,2,243
820490616,33,73,34,204,6,0,0,3,353
820490701,11,20,3,248,5,4,4,12,307
820490702,45,75,7,189,4,1,0,1,322
820490703,2,39,11,170,4,0,0,0,226
820490704,6,51,5,181,21,0,0,1,265
820490705,13,93,4,153,5,2,0,0,270
820490706,16,230,4,174,4,0,0,2,430
820490707,14,48,5,435,7,0,0,1,510
820490708,6,71,16,333,7,2,0,0,435
820490709,12,92,21,284,4,1,0,5,419
820490710,24,64,20,164,6,0,0,2,280
820490711,20,65,15,161,2,0,1,0,264
820490712,20,96,51,295,2,0,2,5,471
820490713,23,94,15,77,0,0,0,0,209
820490714,3,37,19,172,2,0,1,1,235
820490715,21,55,19,376,8,0,4,3,486
820490716,4,27,3,379,6,1,2,2,424
820490717,5,60,8,403,5,0,1,2,484
820490718,11,30,5,650,14,3,27,7,747
820490719,4,9,1,475,10,12,11,10,532
820490801,3,1,0,123,1,4,6,0,138
820490802,0,0,0,57,0,1,5,1,64
820490803,2,6,0,105,1,2,9,1,126
820490804,0,0,0,1,0,0,2,0,3
820490805,0,0,2,8,0,0,0,0,10
820490806,1,9,26,32,12,0,2,5,87
820490807,2,1,0,65,1,2,5,0,76
820490808,0,2,0,72,1,4,1,8,88
820490809,1,0,1,68,2,3,12,1,88
820490810,0,4,0,186,9,5,31,3,238
820490811,0,0,0,0,0,0,0,0,0
820490812,0,0,1,46,3,1,0,0,51
820490813,0,0,0,9,0,0,0,0,9
820490814,1,0,0,69,3,1,5,0,79
820490815,1,3,0,38,0,1,1,0,44
820490816,0,1,0,18,0,0,0,0,19
820490817,0,4,1,43,0,0,0,0,48
820490818,0,1,0,125,4,6,2,0,138
820490819,1,1,0,69,2,3,4,0,80
820490901,2,6,0,104,0,0,0,0,112
820490902,1,1,0,25,1,0,0,0,28
820490903,0,14,1,90,3,0,14,1,123
820490904,1,15,1,69,1,3,3,0,93
820490905,5,15,4,78,0,0,2,0,104
820490906,6,63,13,380,39,2,4,1,508
820490907,12,50,18,155,3,1,0,0,239
820490908,3,64,8,197,4,4,1,0,281
820490909,1,3,2,66,3,1,1,0,77
820490910,20,21,12,68,2,0,0,0,123
820490911,1,2,1,94,1,1,3,1,104
820490912,1,1,2,48,2,3,17,1,75
820490913,0,11,4,142,6,4,50,5,222
820490914,8,47,9,233,3,1,1,1,303
820490915,12,58,9,248,3,5,0,0,335
820490916,9,84,37,163,1,0,1,0,295
820491001,18,64,11,182,3,0,2,0,280
820491002,4,24,7,218,4,2,0,1,260
820491003,1,30,0,261,1,0,0,0,293
820491004,4,15,0,328,2,0,0,0,349
820491005,8,68,11,358,3,0,0,6,454
820491006,4,8,0,284,4,2,1,1,304
820491007,5,13,3,738,7,5,3,1,775
820491008,20,33,7,324,3,0,0,0,387
820491009,1,44,9,284,23,0,0,0,361
820491010,13,26,10,324,2,0,0,2,377
820491011,2,12,6,401,12,0,3,0,436
820491012,1,20,5,297,2,0,0,0,325
820491013,3,23,2,243,0,0,0,0,271
820491014,5,23,6,589,4,0,1,2,630
820491015,5,20,3,416,5,0,0,0,449
820491016,7,14,3,429,8,2,5,1,469
820491017,8,30,2,466,6,2,2,11,527
820491018,11,29,6,334,4,0,1,4,389
820491019,40,16,6,479,11,0,0,0,552
820560101,87,66,11,124,5,0,1,17,311
820560102,14,7,4,31,3,0,0,2,61
820560103,72,117,36,89,6,1,0,9,330
820560104,58,87,40,27,0,0,0,1,213
820560105,77,154,31,101,2,1,1,6,373
820560106,12,25,10,52,8,0,1,1,109
820560107,1,2,9,1,0,0,0,0,13
820560108,108,70,4,105,9,0,0,3,299
820560109,87,120,13,50,4,0,0,4,278
820560110,31,21,7,43,5,1,0,0,108
820560111,49,82,12,103,6,0,0,10,262
820560112,26,31,4,74,4,0,0,2,141
820560113,28,34,24,38,5,0,1,3,133
820560114,10,33,13,22,1,0,0,1,80
820560115,86,92,3,76,3,0,0,1,261
820560116,75,83,16,38,2,0,0,1,215
820560117,56,120,14,113,7,0,0,4,314
820560118,16,34,16,69,1,0,0,1,137
820560201,38,29,14,92,5,0,0,0,178
820560202,158,68,23,76,7,0,0,7,339
820560203,102,71,22,35,7,0,0,3,240
820560204,157,89,41,95,0,0,0,2,384
820560205,159,113,28,85,2,0,0,2,389
820560206,135,58,11,115,5,0,0,15,339
820560207,44,20,10,105,4,0,0,0,183
820560208,50,47,6,79,3,0,0,0,185
820560209,20,44,1,38,2,0,0,1,106
820560210,141,72,36,56,0,0,0,12,317
820560211,25,10,3,34,1,0,0,8,81
820560212,54,32,5,30,0,0,0,6,127
820560213,22,16,2,58,1,0,0,0,99
820560214,47,28,15,57,0,0,0,0,147
820560215,164,90,36,174,5,1,0,8,478
820560216,96,50,27,52,2,2,0,7,236
820560217,91,56,38,67,5,0,0,10,267
820560218,170,71,14,66,3,0,0,14,338
820560219,124,75,20,84,8,0,1,4,316
820560301,118,103,15,131,5,0,0,4,376
820560302,44,50,3,47,4,0,0,1,149
820560303,164,140,10,200,10,0,0,3,527
820560304,91,84,16,32,1,0,0,0,224
820560305,150,121,21,113,5,0,0,5,415
820560306,86,89,19,50,5,0,0,9,258
820560307,140,88,17,38,2,0,0,2,287
820560308,38,30,5,131,6,1,0,4,215
820560309,158,52,15,32,5,1,0,6,269
820560310,127,50,14,25,4,0,0,3,223
820560311,236,199,31,64,5,0,0,6,541
820560312,34,39,5,13,0,0,0,5,96
820560313,29,45,0,28,0,0,0,0,102
820560314,27,24,6,29,2,1,0,0,89
820560401,193,112,10,96,7,0,0,18,436
820560402,150,93,22,108,2,0,0,3,378
820560403,202,87,18,20,0,0,0,2,329
820560404,139,91,9,26,2,0,0,4,271
820560405,249,95,27,37,1,0,0,3,412
820560406,166,81,20,23,0,0,1,1,292
820560407,120,45,1,13,0,0,0,1,180
820560408,156,64,12,32,2,0,0,2,268
820560409,206,75,14,29,1,0,0,3,328
820560410,104,102,8,40,0,0,0,0,254
820560411,188,70,13,38,3,0,0,5,317
820560412,145,61,6,2,1,0,0,15,230
820560413,90,60,5,19,2,0,0,2,178
820560414,177,114,24,174,10,0,1,6,506
820560415,63,68,11,98,0,0,0,1,241
820560501,78,42,8,22,4,0,0,3,157
820560502,251,86,15,143,5,1,0,9,510
820560503,146,132,11,26,3,0,0,13,331
820560504,143,48,56,26,1,0,0,5,279
820560505,206,92,20,50,4,0,0,10,382
820560506,136,48,8,47,3,0,0,3,245
820560507,215,183,2,86,5,0,3,1,495
820560508,81,47,7,47,0,0,0,5,187
820560509,140,171,3,97,6,0,1,9,427
820560510,146,93,6,40,0,0,0,11,296
820560511,178,113,3,116,2,0,0,18,430
820560512,142,70,3,66,5,0,0,19,305
820560513,69,96,5,83,4,0,3,10,270
820560514,130,58,14,102,9,0,0,7,320
820560515,78,69,8,61,1,0,0,8,225
820560516,131,63,0,50,3,1,2,9,259
820630101,4,7,8,202,0,0,0,0,221
820630102,1,0,0,22,0,0,0,0,23
820630103,5,9,25,290,2,0,0,1,332
820630104,12,21,7,241,2,0,0,3,286
820630105,20,53,8,300,0,1,0,4,386
820630106,2,5,2,85,5,2,0,1,102
820630107,0,8,10,276,4,1,0,0,299
820630108,0,12,0,65,2,0,0,0,79
820630109,3,17,7,263,2,0,1,4,297
820630110,5,31,9,317,1,2,4,0,369
820630111,3,10,7,122,5,7,1,9,164
820630112,2,10,5,70,2,0,0,0,89
820630113,1,3,3,30,3,0,0,1,41
820630114,7,2,6,84,1,0,0,0,100
820630115,0,1,7,42,1,0,0,0,51
820630116,2,2,0,26,0,0,0,0,30
820630117,0,3,1,27,2,0,0,0,33
820630118,4,29,5,228,2,0,1,1,270
820630119,10,29,12,353,1,0,0,2,407
820630120,7,25,14,236,2,0,0,1,285
820630121,4,42,15,154,4,0,0,1,220
820630122,5,8,29,304,3,0,0,0,349
820630123,11,30,17,190,4,0,1,2,255
820630124,4,12,5,245,1,0,0,4,271
820630125,32,23,2,256,3,0,0,1,317
820630126,12,92,44,357,7,0,2,1,515
820630127,22,27,27,223,1,0,0,5,305
820630128,5,7,0,353,4,1,0,8,378
820630129,6,74,15,458,5,1,1,2,562
820630201,0,1,1,92,1,0,0,0,95
820630202,0,2,0,33,0,0,2,0,37
820630203,1,3,1,16,0,1,0,0,22
820630204,4,26,1,289,4,6,2,1,333
820630205,18,35,4,249,2,0,0,0,308
820630206,35,35,2,259,1,0,0,0,332
820630207,40,65,8,267,5,0,0,5,390
820630208,13,64,1,408,5,0,0,2,493
820630209,20,41,5,208,1,0,0,0,275
820630210,21,40,11,198,2,0,0,0,272
820630211,22,39,6,195,1,0,0,0,263
820630212,42,52,16,267,8,0,0,9,394
820630213,12,25,4,412,3,0,0,3,459
820630214,4,1,0,71,0,0,0,0,76
820630215,4,7,0,67,0,0,0,0,78
820630216,6,8,7,199,6,1,0,0,227
820630217,0,0,0,25,0,0,0,3,28
820630218,0,6,1,44,0,0,1,1,53
820630219,0,2,1,45,2,0,0,3,53
820630220,3,8,9,281,4,1,1,0,307
820630221,15,78,9,376,6,2,0,5,491
820630222,6,42,8,353,10,1,0,0,420
820630223,2,10,3,117,6,1,1,0,140
820630224,3,6,4,82,3,0,0,0,98
820630225,8,9,3,173,2,0,0,0,195
820630226,0,4,4,64,1,0,1,0,74
820630227,0,0,1,79,0,0,0,4,84
820630228,0,6,6,79,0,1,0,1,93
820630229,0,0,1,21,0,0,3,0,25
820630230,1,1,4,20,2,0,0,0,28
820630231,8,49,8,238,2,0,1,0,306
820630232,9,63,11,300,7,0,0,2,392
820630301,1,6,9,139,5,5,10,2,177
820630302,2,8,4,190,5,2,10,1,222
820630303,1,16,8,124,10,0,7,1,167
820630304,0,0,0,1,0,0,0,0,1
820630305,11,21,30,136,7,1,2,0,208
820630306,4,36,13,136,1,0,1,3,194
820630307,9,26,21,297,2,0,9,1,365
820630308,4,15,13,220,2,6,14,1,275
820630309,9,16,37,245,7,1,5,5,325
820630310,18,33,14,335,6,3,4,4,417
820630311,2,8,5,347,3,16,27,9,417
820630312,10,30,19,389,9,3,10,0,470
820630313,6,18,16,167,3,1,14,2,227
820630314,5,48,35,280,4,0,6,2,380
820630315,6,10,6,220,5,4,3,0,254
820630316,7,42,11,312,7,3,1,1,384
820630317,1,16,4,280,4,0,7,2,314
820630318,1,0,0,8,0,1,0,0,10
820630319,14,56,11,374,10,1,5,3,474
820630320,0,0,0,2,0,0,0,0,2
820630321,0,0,0,0,0,0,0,0,0
820630322,7,9,11,278,3,1,23,1,333
820630323,6,16,7,205,3,0,5,4,246
820630324,7,19,40,322,6,2,15,11,422
820630325,6,27,17,310,1,1,3,3,368
820630326,4,31,25,231,2,1,5,12,311
820630327,1,13,24,159,5,1,12,2,217
820630401,0,0,0,17,1,1,0,0,19
820630402,127,235,0,12,1,0,0,3,378
820630403,19,115,0,1,0,0,0,0,135
820630404,85,265,1,21,0,0,0,0,372
820630405,1,1,0,90,3,1,2,1,99
820630406,0,0,0,5,0,0,0,0,5
820630407,0,1,2,323,3,0,1,1,331
820630408,1,45,0,245,3,1,1,1,297
820630409,20,22,3,816,7,1,1,4,874
820630410,5,76,14,1073,21,3,27,2,1221
820630411,7,14,2,266,1,1,9,1,301
820630412,100,323,2,133,1,0,0,1,560
820630501,2,4,0,506,15,5,2,1,535
820630502,4,3,1,426,4,2,0,2,442
820630503,58,166,5,150,4,1,0,16,400
820630504,17,90,0,211,2,0,0,1,321
820630505,3,24,0,252,9,0,0,2,290
820630506,10,20,2,531,6,1,0,2,572
820630507,9,9,0,338,2,0,0,2,360
820630508,4,8,0,369,16,3,0,0,400
820630509,5,37,2,510,12,0,1,14,581
820630510,9,32,0,404,8,2,0,6,461
820630511,8,46,0,283,7,1,0,2,347
820630512,7,51,3,168,0,4,0,0,233
820630513,6,39,0,318,3,0,0,0,366
820630601,10,61,2,322,6,1,0,3,405
820630602,6,79,5,223,2,0,0,4,319
820630603,22,125,8,259,3,0,0,2,419
820630604,12,78,3,276,7,2,0,4,382
820630605,2,21,0,196,6,1,0,0,226
820630606,13,61,5,175,1,1,0,1,257
820630607,43,61,6,113,2,0,0,0,225
820630608,2,53,13,140,0,0,0,4,212
820630609,9,106,4,320,2,0,0,1,442
820630610,11,71,0,130,5,0,0,1,218
820630611,8,66,1,182,4,0,1,1,263
820630612,3,77,4,166,0,0,0,0,250
820630613,7,77,15,163,4,0,0,0,266
820630614,8,79,14,229,0,0,0,1,331
820630615,15,64,8,186,9,0,0,0,282
820630616,17,55,5,207,3,1,0,3,291
820630617,50,101,6,138,6,2,0,1,304
820630618,11,62,37,121,0,0,0,3,234
820630701,5,27,23,235,3,7,2,0,302
820630702,29,51,12,149,7,0,0,0,248
820630703,11,57,70,57,5,0,0,0,200
820630704,104,102,60,148,4,0,0,9,427
820630705,47,84,156,135,1,0,0,0,423
820630706,16,148,116,189,1,0,0,0,470
820630707,13,104,142,39,1,0,0,0,299
820630708,33,75,45,94,1,0,0,0,248
820630709,28,62,39,118,0,0,0,2,249
820630710,35,74,16,148,1,0,0,1,275
820630711,24,80,43,132,5,0,0,1,285
820630712,37,108,68,76,1,0,0,2,292
820630713,10,78,70,163,3,0,0,0,324
820630714,22,42,65,83,3,0,1,0,216
820630801,33,56,2,147,3,0,0,0,241
820630802,28,111,3,178,5,0,0,0,325
820630803,17,82,9,143,3,0,0,3,257
820630804,17,91,11,146,3,0,0,0,268
820630805,14,68,9,145,2,0,0,3,241
820630806,11,88,6,144,8,0,0,1,258
820630807,15,46,4,162,2,0,0,0,229
820630808,13,88,6,183,2,0,0,0,292
820630809,26,59,8,166,4,0,0,3,266
820630810,19,90,7,185,2,0,0,0,303
820630811,28,79,4,158,3,0,0,1,273
820630812,21,86,14,207,0,0,0,0,328
820630813,33,57,5,118,2,0,0,4,219
820630814,6,64,4,146,3,0,0,2,225
820630901,24,138,5,245,4,0,0,0,416
820630902,44,80,1,125,1,0,0,0,251
820630903,17,88,6,271,2,0,0,1,385
820630904,22,62,14,122,3,0,0,4,227
820630905,20,74,11,132,0,0,0,0,237
820630906,28,87,29,189,1,0,0,6,340
820630907,20,71,10,137,2,0,0,3,243
820630908,23,105,12,220,3,0,0,3,366
820630909,50,89,6,138,1,0,0,1,285
820630910,49,106,10,180,2,0,0,1,348
820631001,13,81,2,188,3,0,0,1,288
820631002,21,129,10,220,3,1,0,6,390
820631003,37,74,4,138,2,1,0,2,258
820631004,5,54,1,156,5,0,0,1,222
820631005,14,57,2,151,5,1,0,4,234
820631006,6,79,4,164,4,0,0,0,257
820631007,2,101,8,318,4,0,0,0,433
820631008,37,109,3,375,5,0,0,0,529
820631009,7,78,1,256,4,0,1,0,347
820631010,48,84,9,208,6,1,0,2,358
820631011,25,209,2,139,5,0,0,1,381
820631012,30,53,2,125,0,0,0,0,210
820631013,2,61,2,361,5,1,0,1,433
820631101,5,26,1,355,5,2,1,2,397
820631102,7,51,2,239,4,0,0,1,304
820631103,6,90,1,283,8,0,1,2,391
820631104,9,61,1,171,7,1,0,1,251
820631105,2,126,1,228,2,0,0,0,359
820631106,9,90,1,522,7,0,0,5,634
820631107,3,27,2,666,7,1,0,2,708
820631108,5,18,1,168,3,2,1,5,203
820631109,5,44,3,188,6,1,0,8,255
820631110,18,80,2,438,8,3,1,4,554
820631111,6,71,5,324,10,1,1,8,426
820631112,1,30,0,171,6,24,0,2,234
820631113,18,20,1,328,24,4,0,2,397
820631114,1,9,0,263,1,0,0,2,276
820631115,4,16,0,328,17,3,0,3,371
820631116,61,150,3,67,2,0,0,11,294
820631117,3,51,0,192,3,0,0,11,260
820631118,2,4,2,289,3,1,0,0,301
820631119,1,19,2,215,5,0,0,0,242
820631201,5,120,3,224,3,0,1,0,356
820631202,22,59,3,141,3,0,0,1,229
820631203,5,40,3,121,0,0,0,1,170
820631204,20,36,2,325,9,2,0,4,398
820631205,6,40,4,175,3,0,1,0,229
820631206,14,17,4,121,3,0,0,2,161
820631207,28,113,56,167,0,0,0,1,365
820631208,12,142,2,213,4,1,1,2,377
820631209,25,127,34,205,1,0,0,4,396
820631210,5,9,1,249,16,1,0,1,282
820631211,27,117,8,157,3,1,0,3,316
820631212,41,87,6,168,0,0,0,0,302
820631213,36,102,4,225,3,0,1,2,373
820631214,8,47,1,207,6,0,0,0,269
820631215,13,25,2,203,4,0,0,4,251
820631301,9,96,4,160,2,0,0,1,272
820631302,22,123,8,199,1,0,0,3,356
820631303,16,53,7,100,0,0,0,1,177
820631304,28,100,13,151,3,0,0,1,296
820631305,11,60,12,174,0,1,0,1,259
820631306,6,70,3,152,3,0,0,0,234
820631307,29,61,3,167,1,0,0,0,261
820631308,18,77,3,142,3,0,0,2,245
820631309,14,94,2,358,14,0,0,2,484
820631310,9,54,4,166,0,0,0,0,233
820631311,20,80,9,153,3,0,0,1,266
820631312,7,84,3,204,1,0,0,1,300
820631313,43,95,8,213,4,0,0,2,365
820631314,18,91,7,162,4,0,0,0,282
820631315,34,134,11,178,1,0,0,4,362
820631316,27,129,8,229,3,0,0,2,398
820631317,18,109,13,227,4,0,0,0,371
820631318,25,105,20,113,3,0,0,1,267
820631319,10,59,3,141,4,0,0,5,222
820631320,17,62,1,136,0,0,0,1,217
820631401,38,85,9,158,5,0,0,6,301
820631402,24,137,9,212,0,0,0,0,382
820631403,32,111,24,200,5,0,1,1,374
820631404,34,92,29,203,0,0,0,0,358
820631405,29,72,11,168,2,1,0,3,286
820631406,38,72,8,158,1,0,0,0,277
820631407,31,98,3,121,25,0,0,2,280
820631408,17,74,7,214,0,0,0,0,312
820631409,66,133,6,152,2,0,0,0,359
820631410,47,127,5,179,2,0,0,0,360
820631411,44,127,11,139,4,0,0,1,326
820631501,26,116,5,207,3,0,0,0,357
820631502,17,124,1,142,0,0,0,1,285
820631503,19,117,9,148,2,0,0,2,297
820631504,26,57,13,141,1,0,0,1,239
820631505,20,78,8,200,2,0,0,2,310
820631506,15,29,4,138,3,0,0,0,189
820631507,35,80,8,160,2,0,0,0,285
820631508,22,64,12,154,2,0,0,3,257
820631509,30,76,5,153,1,0,0,1,266
820631510,20,68,8,243,4,1,0,4,348
820631511,12,95,9,202,28,0,1,10,357
820631512,21,72,5,218,0,0,0,1,317
820631513,19,90,5,137,1,0,0,0,252
820631601,30,64,8,194,4,0,0,4,304
820631602,20,100,20,189,0,0,0,1,330
820631603,25,163,91,112,2,0,0,2,395
820631604,16,94,10,129,2,0,0,0,251
820631605,22,51,10,145,0,1,0,0,229
820631606,7,127,36,66,3,0,0,2,241
820631607,30,44,4,99,0,0,0,0,177
820631608,17,81,3,263,6,0,0,3,373
820631609,21,51,1,156,2,0,0,0,231
820631610,30,96,5,237,8,0,0,2,378
820631611,23,50,3,162,2,0,0,3,243
820631612,27,57,5,164,1,0,0,2,256
820631701,44,97,12,199,3,0,0,0,355
820631702,30,95,13,315,1,1,0,2,457
820631703,7,34,1,178,4,0,0,0,224
820631704,6,48,37,79,2,1,0,0,173
820631705,31,125,69,123,0,0,0,3,351
820631706,40,85,66,116,3,0,0,1,311
820631707,38,65,8,125,5,0,0,1,242
820631708,26,73,20,169,2,0,0,1,291
820631709,28,76,14,161,2,0,0,0,281
820631710,46,68,5,163,2,0,0,7,291
820631711,44,66,5,194,1,0,0,1,311
820631712,23,113,5,140,0,0,0,4,285
820631713,53,131,10,125,1,0,0,6,326
820631714,42,160,7,126,5,0,0,0,340
820631801,74,130,12,111,2,1,0,2,332
820631802,49,169,35,134,3,0,0,2,392
820631803,64,184,5,67,3,0,0,1,324
820631804,83,131,11,56,1,0,0,1,283
820631805,8,70,1,18,0,0,0,0,97
820631806,18,125,1,100,2,0,0,15,261
820631807,112,240,2,112,3,0,0,5,474
820631808,79,178,7,72,4,0,0,7,347
820631809,54,143,0,24,2,0,0,4,227
820631810,38,124,15,73,2,0,3,10,265
820631811,110,197,1,56,2,0,0,3,369
820631812,32,80,2,77,0,0,0,6,197
820631813,28,116,9,20,0,0,0,5,178
820631901,14,75,2,230,5,0,0,4,330
820631902,29,79,4,134,2,0,0,5,253
820631903,14,103,8,241,2,2,0,4,374
820631904,9,81,1,92,4,0,0,1,188
820631905,39,77,1,114,3,0,0,4,238
820631906,18,45,3,95,2,0,0,4,167
820631907,27,120,6,210,2,0,0,3,368
820631908,1,10,0,169,6,1,0,0,187
820631909,18,99,1,261,8,0,0,9,396
820631910,4,50,1,360,2,0,0,3,420
820631911,9,62,0,172,4,0,0,0,247
820631912,15,81,4,182,0,0,0,0,282
820631913,5,48,0,557,9,14,0,3,636
820632001,31,112,8,137,1,1,0,20,310
820632002,12,49,5,54,1,0,0,0,121
820632003,17,80,3,105,0,0,0,1,206
820632004,0,0,0,0,0,0,0,0,0
820632005,25,74,4,56,0,0,0,0,159
820632006,15,94,7,118,0,0,0,2,236
820632007,17,60,1,85,2,0,0,3,168
820632008,57,88,6,154,6,0,1,0,312
820632009,15,41,4,172,4,0,0,1,237
820632010,44,99,6,163,1,0,0,0,313
820632011,23,80,6,155,1,0,0,9,274
820632012,19,73,2,205,4,1,0,2,306
820632101,78,126,9,104,10,0,0,1,328
820632102,40,177,16,106,4,0,0,4,347
820632103,45,131,14,92,7,0,0,0,289
820632104,57,162,20,220,2,0,0,1,462
820632105,51,129,16,145,2,0,0,0,343
820632106,46,90,6,107,0,1,0,4,254
820632107,35,116,7,154,2,1,0,4,319
820632108,27,111,3,114,2,0,0,1,258
820632109,39,169,10,125,2,0,0,9,354
820632110,19,51,3,27,1,0,0,0,101
820632111,44,147,6,106,8,0,0,1,312
820632112,78,141,2,120,4,0,0,1,346
820632113,54,72,3,63,0,0,0,17,209
820632114,48,186,13,90,1,0,0,2,340
820632115,8,104,3,50,2,0,0,0,167
820632201,40,111,5,62,1,0,0,2,221
820632202,53,154,2,28,3,0,0,1,241
820632203,59,96,0,36,3,0,0,0,194
820632204,38,60,1,34,1,0,0,0,134
820632205,48,85,0,2,0,0,0,17,152
820632206,37,50,0,22,0,0,0,1,110
820632207,79,131,3,90,3,0,0,21,327
820632208,44,163,3,111,1,0,0,4,326
820632209,40,143,5,72,7,0,0,6,273
820632210,70,81,2,54,1,0,0,0,208
820632211,74,78,2,14,0,0,0,0,168
820632212,53,171,0,22,3,0,0,0,249
820632213,55,166,1,16,2,0,0,0,240
820632214,36,138,2,70,4,2,0,0,252
820632301,30,95,13,143,2,0,0,0,283
820632302,29,79,11,186,2,0,0,7,314
820632303,28,113,7,111,2,0,0,1,262
820632304,47,113,43,116,1,0,0,9,329
820632305,45,89,12,100,0,0,0,5,251
820632306,64,183,13,175,2,0,0,3,440
820632307,18,88,8,40,2,0,0,0,156
820632308,35,161,13,159,4,0,0,0,372
820632309,51,142,7,97,1,0,0,0,298
820632310,78,82,16,177,0,0,0,0,353
820632311,9,46,5,95,1,0,0,1,157
820632312,50,101,59,71,0,0,0,2,283
820632313,28,71,7,40,0,0,0,1,147
820632314,59,68,38,136,3,0,0,1,305
820632401,39,180,5,62,2,0,0,13,301
820632402,20,140,4,93,4,0,0,0,261
820632403,52,189,0,48,10,0,0,0,299
820632404,22,139,6,61,6,0,0,2,236
820632405,40,75,2,58,0,0,0,11,186
820632406,83,75,0,17,0,0,0,0,175
820632407,46,78,2,10,0,0,0,0,136
820632408,107,78,10,33,2,0,0,0,230
820632409,76,107,11,50,2,0,0,3,249
820632410,39,118,8,65,2,0,0,0,232
820632411,54,110,12,64,2,0,0,2,244
820632412,63,80,22,92,2,0,0,0,259
820632413,82,62,3,32,0,0,0,0,179
820632414,29,124,8,69,1,0,0,0,231
820632415,22,135,6,58,0,1,0,0,222
820632416,30,124,6,65,2,0,0,4,231
820632417,35,138,1,45,0,0,0,2,221
820632418,6,76,8,28,1,0,0,1,120
820632501,27,30,4,143,0,1,0,1,206
820632502,59,140,0,162,9,0,0,0,370
820632503,104,109,12,172,6,0,0,0,403
820632504,12,79,14,88,0,0,0,4,197
820632505,27,82,5,63,0,0,0,0,177
820632506,35,67,0,159,13,0,0,4,278
820632507,19,52,4,102,3,0,0,3,183
820632508,29,80,5,82,1,0,0,2,199
820632509,61,100,11,163,1,1,0,2,339
820632510,70,96,8,120,0,0,0,1,295
820632511,36,63,15,134,3,0,0,1,252
820632512,6,43,2,71,0,0,0,1,123
820632513,12,90,12,107,2,0,0,5,228
820632601,22,43,0,468,9,2,0,28,572
820632602,14,36,2,277,10,1,0,0,340
820632603,53,118,0,126,1,0,0,5,303
820632604,15,78,0,206,7,0,1,0,307
820632605,7,39,1,313,5,2,0,5,372
820632606,15,65,11,182,1,0,0,3,277
820632607,138,208,3,66,0,0,0,1,416
820632608,31,95,2,189,12,0,0,3,332
820632609,41,95,3,244,4,1,1,3,392
820632610,36,177,0,0,0,0,0,31,244
820632611,104,148,0,0,0,0,0,0,252
820632612,110,217,0,0,0,0,0,29,356
820632613,20,45,3,529,10,2,0,8,617
820632614,14,81,4,206,0,0,0,4,309
820632615,13,36,1,206,13,1,0,2,272
820632616,1,2,0,281,4,3,0,1,292
820632617,22,85,3,325,6,3,0,2,446
820632701,11,21,1,193,6,0,0,0,232
820632702,20,49,12,190,1,0,0,0,272
820632703,18,76,14,160,1,1,1,0,271
820632704,19,120,33,162,10,0,0,0,344
820632705,38,83,47,110,3,0,0,2,283
820632706,63,131,32,178,6,0,0,1,411
820632707,17,96,27,167,2,0,0,1,310
820632708,18,85,18,129,6,1,0,1,258
820632709,12,73,11,402,10,0,0,0,508
820632710,18,87,30,321,13,0,0,0,469
820632711,7,61,50,246,7,1,0,4,376
820632712,8,69,2,319,3,0,0,0,401
820632713,3,20,2,434,5,5,1,8,478
820632714,6,53,6,403,4,0,1,3,476
820632715,18,73,19,260,1,0,1,1,373
820632716,1,16,1,105,5,2,0,2,132
820632801,8,72,36,194,3,1,0,0,314
820632802,40,80,6,240,4,0,0,4,374
820632803,2,119,12,282,0,1,2,0,418
820632804,3,4,8,1,0,0,0,0,16
820632805,5,34,9,473,5,0,0,0,526
820632806,1,102,1,456,4,1,0,2,567
820632807,7,68,3,343,3,0,0,1,425
820632808,4,40,12,255,2,0,0,0,313
820632809,11,64,18,313,1,1,2,8,418
820632810,8,91,18,341,7,0,2,0,467
820632811,6,30,7,604,10,11,2,1,671
820632812,1,0,0,3,0,0,0,0,4
820632813,0,0,0,7,0,0,0,0,7
820632814,5,38,7,409,5,0,2,2,468
820632815,2,13,2,140,6,0,0,1,164
820632816,1,14,5,130,3,5,3,1,162
820632817,6,37,24,162,6,0,3,2,240
820632818,1,11,3,240,5,2,0,1,263
820632819,13,85,29,224,4,1,2,1,359
820632820,0,0,0,5,0,0,0,0,5
820632821,0,11,0,43,2,0,0,0,56
820632822,2,10,3,41,0,0,0,0,56
820632823,6,17,7,171,3,0,0,7,211
820632824,0,0,0,2,0,0,0,0,2
820632825,8,17,27,105,2,2,2,0,163
820632826,5,24,17,145,4,0,2,1,198
820632827,3,10,13,48,3,0,0,2,79
820632828,13,49,33,156,4,0,2,2,259
820632829,10,16,32,223,8,0,3,0,292
820632901,8,26,146,328,3,5,0,3,519
820632902,2,22,0,209,2,1,0,0,236
820632903,17,57,34,147,1,0,0,2,258
820632904,15,97,20,286,10,0,0,3,431
820632905,1,40,3,379,11,2,0,0,436
820632906,7,39,4,300,2,1,0,0,353
820632907,0,20,2,226,7,0,0,0,255
820632908,19,42,12,219,2,1,0,0,295
820632909,14,52,3,275,1,0,0,3,348
820632910,11,40,6,231,2,0,0,1,291
820632911,9,53,9,156,2,0,0,6,235
820632912,20,55,14,144,4,0,0,1,238
820632913,43,90,45,148,5,0,0,1,332
820632914,8,86,18,101,2,0,0,0,215
820632915,21,62,20,236,7,0,0,0,346
820633001,32,95,106,83,10,0,0,4,330
820633002,39,129,47,164,2,0,0,0,381
820633003,22,56,37,104,0,0,0,0,219
820633004,8,76,36,75,3,0,0,0,198
820633005,29,87,17,107,3,0,0,3,246
820633006,20,83,20,162,5,0,0,0,290
820633007,42,138,52,214,0,0,0,2,448
820633008,30,97,77,258,1,2,0,3,468
820633009,15,74,41,306,15,1,2,3,457
820633010,13,88,17,291,3,0,0,1,413
820633011,9,56,5,276,6,0,0,5,357
820633012,12,58,20,169,1,0,0,3,263
820633013,9,75,21,275,12,2,0,0,394
820633101,16,54,19,479,2,0,0,4,574
820633102,2,32,1,150,3,0,0,0,188
820633103,14,61,9,260,1,0,0,0,345
820633104,18,57,89,506,6,0,0,1,677
820633105,1,2,0,25,0,2,0,0,30
820633106,3,60,3,258,4,0,0,1,329
820633107,10,34,2,347,5,2,0,2,402
820633108,8,66,2,161,4,0,0,0,241
820633109,3,40,46,560,4,0,13,1,667
820633110,14,22,1,321,9,5,0,4,376
820633111,6,12,2,283,4,1,0,3,311
820633112,7,32,6,310,2,0,0,1,358
820633113,9,61,3,297,2,1,0,0,373
820633114,11,45,4,298,8,4,1,0,371
820633115,5,23,0,405,7,1,0,1,442
820633201,14,92,2,261,1,0,0,0,370
820633202,36,84,0,191,0,0,0,4,315
820633203,3,70,2,344,16,0,0,0,435
820633204,9,45,1,197,1,0,0,0,253
820633205,6,22,0,299,4,1,0,3,335
820633206,11,61,5,171,3,1,0,1,253
820633207,8,77,2,383,4,0,0,2,476
820633208,12,53,5,306,3,0,0,0,379
820633209,89,353,1,46,0,0,0,1,490
820633210,62,228,0,9,0,0,0,2,301
820633211,17,73,4,285,6,0,1,10,396
820633212,31,30,1,517,12,1,0,5,597
820633213,11,451,3,62,0,0,0,3,530
820633214,2,263,0,22,0,0,0,0,287
820633215,9,206,0,10,0,0,0,0,225
820633216,25,147,3,116,5,1,0,1,298
820633301,11,16,3,331,2,2,0,4,369
820633302,6,26,1,229,9,4,1,0,276
820633303,10,46,1,263,4,0,0,0,324
820633304,15,39,0,236,3,0,0,2,295
820633305,6,63,0,184,4,0,1,2,260
820633306,17,111,8,205,4,1,0,0,346
820633307,48,66,6,184,3,0,0,1,308
820633308,46,54,1,197,2,0,0,0,300
820633309,10,41,1,171,3,0,0,0,226
820633310,31,91,15,135,3,1,0,0,276
820633401,15,27,0,669,7,2,0,5,725
820633402,4,62,2,308,4,1,0,2,383
820633403,5,59,6,363,6,1,0,19,459
820633404,8,26,0,215,4,2,0,0,255
820633405,8,51,3,1429,24,0,0,2,1517
820633406,42,106,1,391,4,0,0,1,545
820633407,7,94,2,159,1,0,0,1,264
820633408,1,55,4,155,3,0,0,0,218
820633409,3,55,0,202,3,0,0,0,263
820633410,2,49,0,185,1,1,0,12,250
820633411,7,99,4,171,8,0,0,0,289
820633412,17,92,3,328,3,2,0,0,445
820633413,10,37,0,813,12,0,0,9,881
820633501,5,27,1,195,8,0,0,1,237
820633502,20,81,1,162,2,0,0,2,268
820633503,14,40,1,180,1,0,0,0,236
820633504,31,64,2,119,1,0,1,12,230
820633505,18,61,4,132,6,0,0,2,223
820633506,59,123,6,135,1,0,0,0,324
820633507,42,119,6,150,1,0,0,0,318
820633508,21,186,8,99,3,0,0,1,318
820633509,60,120,5,102,7,1,0,12,307
820700101,9,27,11,240,0,0,1,0,288
820700102,4,6,2,77,1,1,1,0,92
820700103,0,0,0,29,1,0,0,3,33
820700104,11,17,7,290,3,1,0,0,329
820700105,2,3,1,96,1,1,0,0,104
820700106,0,0,1,27,0,0,0,0,28
820700107,4,1,1,47,0,0,0,0,53
820700108,28,16,16,173,1,0,0,0,234
820700109,1,5,5,48,1,1,0,0,61
820700110,7,45,9,123,2,0,0,0,186
820700111,6,32,22,415,1,0,1,1,478
820700112,3,5,5,64,1,0,0,1,79
820700113,0,2,0,34,0,0,1,0,37
820700114,0,0,0,36,0,0,0,0,36
820700115,2,8,4,59,6,0,0,5,84
820700116,3,2,0,41,0,0,0,1,47
820700117,14,29,33,128,2,0,0,1,207
820700201,15,19,30,310,4,1,0,0,379
820700202,4,7,3,148,2,0,0,0,164
820700203,1,5,3,80,0,0,0,0,89
820700204,13,34,17,278,2,0,1,0,345
820700205,5,5,4,108,2,0,0,0,124
820700206,5,5,2,57,0,0,0,0,69
820700207,8,26,6,152,0,0,0,0,192
820700208,11,6,5,85,1,0,0,2,110
820700209,15,28,13,218,2,0,0,0,276
820700210,3,7,2,129,3,0,0,1,145
820700211,0,15,2,132,0,0,0,3,152
820700212,5,1,1,86,3,0,0,2,98
820700213,49,56,37,245,2,0,0,4,393
820700214,2,16,8,140,1,0,0,0,167
820700215,0,1,0,40,0,0,0,0,41
820700216,0,2,3,55,0,0,0,0,60
820700217,1,0,1,59,1,0,0,0,62
820700218,10,33,13,294,2,0,1,0,353
820700219,27,78,41,326,11,0,0,2,485
820700220,2,9,12,136,2,0,0,1,162
820700221,9,53,24,263,1,0,1,2,353
820700222,10,15,26,285,5,0,0,5,346
820700301,8,8,11,172,5,0,0,6,210
820700302,5,9,5,90,0,1,3,0,113
820700303,15,17,10,368,3,0,4,0,417
820700304,12,9,5,146,5,1,0,1,179
820700305,27,48,20,272,9,1,0,0,377
820700306,16,25,7,195,1,0,0,1,245
820700307,30,21,9,187,4,0,0,1,252
820700308,39,46,9,230,2,0,0,2,328
820700309,14,56,12,243,3,0,0,2,330
820700310,19,31,0,410,2,0,0,5,467
820700311,18,24,0,371,2,1,1,1,418
820700312,17,18,32,182,4,1,0,1,255
820700313,6,10,1,249,5,0,0,0,271
820700314,19,34,4,278,2,0,2,3,342
820700315,5,26,1,442,6,0,1,0,481
820700316,5,15,17,249,4,0,0,0,290
820700317,23,17,19,224,8,0,0,2,293
820700318,8,27,2,449,15,0,0,0,501
820700319,22,28,4,307,6,0,0,1,368
820700320,19,31,15,255,1,0,0,4,325
820700401,3,22,5,599,6,1,2,1,639
820700402,13,48,10,488,2,0,1,5,567
820700403,28,70,10,277,7,0,0,1,393
820700404,23,43,7,274,5,0,0,2,354
820700405,18,31,11,234,1,0,0,0,295
820700406,7,17,5,277,3,1,2,0,312
820700407,24,25,9,172,3,0,0,0,233
820700408,37,33,13,127,5,0,0,0,215
820700409,28,37,10,177,1,0,0,2,255
820700410,35,59,17,430,8,1,0,0,550
820700411,32,73,10,216,1,0,1,2,335
820700412,27,39,8,216,5,0,0,4,299
820700413,31,74,14,238,0,0,0,0,357
820700414,12,36,3,258,4,0,0,5,318
820700415,9,19,2,423,2,0,0,2,457
820700416,23,44,55,311,6,0,0,1,440
820700417,3,22,28,563,11,0,3,3,633
820700418,44,38,17,134,0,0,0,4,237
820700419,35,36,13,244,6,2,0,2,338
820700420,11,19,12,145,8,0,0,0,195
820700501,17,18,15,338,5,1,0,3,397
820700502,8,21,11,156,1,0,0,1,198
820700503,19,44,24,318,0,0,0,3,408
820700504,13,20,9,156,2,0,0,0,200
820700505,2,18,8,159,3,0,0,3,193
820700506,14,3,1,30,0,0,0,0,48
820700507,7,2,2,51,0,0,0,0,62
820700508,38,47,25,315,13,2,0,0,440
820700509,21,37,19,202,2,1,0,0,282
820700510,27,37,27,261,2,0,0,0,354
820700511,62,84,24,429,2,0,0,0,601
820700512,2,12,5,237,0,0,0,0,256
820700513,0,3,3,38,0,0,0,0,44
820700514,1,1,0,32,0,0,1,0,35
820700515,3,2,3,95,1,0,0,0,104
820700516,0,2,2,47,0,0,0,0,51
820700517,4,74,20,202,2,0,0,0,302
820700518,2,10,1,106,1,0,0,0,120
820700519,5,6,9,82,2,0,2,1,107
820700520,2,2,3,60,0,0,0,0,67
820700521,11,15,12,139,5,0,0,2,184
820700522,15,21,20,196,3,0,0,0,255
820700523,20,48,23,375,6,0,0,2,474
820700524,9,25,13,371,1,0,0,0,419
820700525,2,24,17,370,6,0,0,8,427
820700601,20,83,35,368,7,0,0,2,515
820700602,2,18,13,64,1,0,0,0,98
820700603,9,46,1,181,1,0,0,0,238
820700604,0,6,1,47,0,0,0,0,54
820700605,2,5,5,230,3,0,0,0,245
820700606,2,4,3,65,0,0,0,0,74
820700607,7,8,7,196,1,0,0,1,220
820700608,7,3,3,95,3,1,0,1,113
820700609,5,2,3,62,0,0,0,0,72
820700610,2,5,3,35,1,0,0,0,46
820700611,64,109,30,125,6,2,0,2,338
820700612,79,81,40,271,2,0,0,2,475
820700613,23,20,5,140,6,0,0,2,196
820700701,5,51,14,186,1,0,0,0,257
820700702,43,48,22,167,2,0,0,6,288
820700703,17,52,35,166,11,0,0,0,281
820700704,27,41,21,150,0,0,0,0,239
820700705,18,62,16,205,5,1,0,1,308
820700706,18,39,27,152,3,0,0,1,240
820700707,25,35,17,219,12,0,0,0,308
820700708,21,82,13,369,10,0,1,3,499
820700709,2,8,5,80,11,0,0,0,106
820700710,6,14,16,193,2,1,0,1,233
820700711,1,3,1,54,0,0,0,0,59
820700712,17,51,23,253,2,1,1,0,348
820700713,14,19,20,235,4,0,0,3,295
820700714,2,6,2,44,0,0,0,0,54
820700715,20,52,26,274,4,0,0,0,376
820700716,18,59,34,154,5,0,0,3,273
820700717,36,43,48,186,3,1,2,2,321
820700718,28,37,33,204,3,0,0,0,305
820770101,3,5,0,84,1,0,12,1,106
820770102,5,7,1,55,2,1,19,2,92
820770103,1,24,7,341,2,0,4,0,379
820770104,1,7,2,103,4,4,13,4,138
820770105,0,8,0,92,1,0,8,0,109
820770106,0,7,0,248,8,0,4,0,267
820770107,0,5,0,246,9,1,2,1,264
820770201,2,9,2,144,0,0,5,4,166
820770202,3,7,3,165,6,1,18,0,203
820770203,47,73,5,192,1,0,0,16,334
820770204,2,11,1,153,1,0,7,4,179
820770205,1,0,0,53,1,0,7,0,62
820770206,43,77,3,301,9,1,0,20,454
820770207,12,115,6,285,4,0,3,23,448
820770301,10,8,1,117,2,1,2,3,144
820770302,11,20,11,234,9,0,1,1,287
820770303,38,26,1,330,5,0,0,5,405
820770304,50,58,8,383,12,0,0,14,525
820770305,7,31,5,373,18,7,3,11,455
820770306,17,10,5,281,5,0,0,4,322
820770307,29,41,25,250,7,0,0,3,355
820770308,9,17,2,381,8,0,0,2,419
820770309,3,11,8,219,4,0,1,1,247
820770310,2,7,2,74,4,2,0,6,97
820770311,2,3,3,80,1,0,2,0,91
820770312,30,78,17,119,10,0,0,1,255
820770313,51,66,9,248,12,0,0,4,390
820770314,32,45,12,153,2,1,1,2,248
820770315,32,53,22,98,10,1,0,1,217
820770316,9,2,4,286,5,0,0,2,308
820770317,24,61,3,186,8,0,0,0,282
820770401,6,8,0,60,5,0,0,2,81
820770402,2,21,6,161,3,0,0,0,193
820770403,2,1,1,41,4,0,0,0,49
820770404,3,3,1,47,2,0,1,0,57
820770405,1,0,0,4,0,0,0,0,5
820770406,1,1,0,12,1,0,0,0,15
820770407,1,5,1,40,2,0,0,0,49
820770408,3,0,0,39,2,0,0,0,44
820770409,0,0,0,3,0,0,0,0,3
820840101,37,39,13,85,4,0,0,8,186
820840102,106,78,28,213,15,0,3,4,447
820840103,120,121,33,350,12,0,0,5,641
820840201,27,58,7,96,14,5,4,12,223
820840202,97,143,0,74,4,0,1,5,324
820840203,106,168,11,65,11,0,0,7,368
820840204,111,84,25,202,7,0,0,16,445
820840205,94,83,28,44,12,0,0,4,265
820840206,174,134,63,203,13,1,0,10,598
820840207,59,69,41,62,9,0,0,12,252
820840208,158,116,71,95,4,0,0,10,454
820840209,112,99,66,169,15,0,0,6,467
820840210,121,118,54,190,7,0,4,13,507
820840211,98,116,5,80,4,0,0,6,309
820840212,44,131,1,110,7,2,1,19,315
820840213,4,4,0,6,0,0,0,0,14
820840214,141,155,16,98,17,1,0,7,435
820840301,20,5,1,102,5,0,0,3,136
820840302,79,83,2,208,12,1,6,4,395
820840303,73,97,9,136,1,0,10,6,332
820840304,63,126,4,144,4,0,0,5,346
820840305,140,175,6,129,13,2,1,6,472
820840306,108,207,8,118,6,0,3,30,480
820840307,146,62,90,312,3,0,0,7,620
820840308,57,43,3,336,19,9,2,10,479
820840309,51,66,10,151,9,2,0,8,297
820840310,43,27,0,206,4,0,0,19,299
820840311,72,51,4,292,71,0,2,13,505
820840401,17,48,4,86,7,0,0,0,162
820840402,73,132,17,20,5,1,0,5,253
820840403,100,148,41,22,0,2,0,32,345
820840404,117,130,35,21,13,5,0,0,321
820840405,118,134,69,51,5,0,0,4,381
820840406,108,149,49,38,4,0,0,0,348
820840407,99,73,22,20,0,0,0,0,214
820840408,119,103,16,29,4,0,0,8,279
820840409,122,115,123,41,0,0,0,3,404
820840410,90,73,69,13,1,0,0,0,246
820840411,117,147,15,25,2,0,0,1,307
820840412,89,136,31,45,6,0,0,2,309
820840413,150,111,3,61,2,0,0,6,333
820840414,123,120,15,16,1,0,0,4,279
820840415,85,116,12,14,2,0,0,7,236
820840416,56,50,8,2,0,0,0,0,116
820840417,35,27,25,6,0,0,0,1,94
820840418,29,48,36,21,1,0,0,1,136
820840419,34,22,6,10,0,0,0,0,72
820840420,213,87,20,27,2,0,0,6,355
820840421,106,109,95,210,13,1,2,6,542
820840422,123,86,10,23,4,0,1,0,247
820840501,192,131,10,72,6,0,0,9,420
820840502,341,253,129,142,0,0,0,11,876
820840503,196,107,51,40,2,0,0,1,397
820840504,52,64,7,8,0,0,0,0,131
820840505,399,157,30,52,9,1,0,14,662
820840506,173,87,41,26,2,0,0,5,334
820840507,122,85,89,35,2,0,0,3,336
820840508,65,162,19,37,4,0,0,25,312
820840509,118,94,46,42,4,0,2,1,307
820840510,92,61,74,10,6,0,0,3,246
820840511,84,70,107,33,0,0,0,3,297
820840512,95,52,17,12,0,0,0,5,181
820840513,101,67,28,19,4,0,0,6,225
820840514,181,120,18,34,0,1,0,0,354
820840515,61,39,90,17,2,0,0,5,214
820840516,94,87,97,32,1,0,0,0,311
820840517,116,169,37,28,4,0,0,1,355
820840518,194,121,32,58,2,0,0,6,413
820840519,147,96,111,26,1,0,0,1,382
820840601,214,25,0,4,1,0,0,1,245
820840602,325,22,0,0,0,0,0,0,347
820840603,285,2,0,0,0,0,0,0,287
820840604,135,140,4,165,10,0,0,14,468
820840605,61,44,1,343,21,5,1,3,479
820840606,123,188,11,44,4,0,0,4,374
820840607,197,65,3,0,0,0,0,0,265
820840608,233,61,0,0,0,0,0,0,294
820840609,266,4,0,0,0,0,0,0,270
820840610,174,129,43,21,0,0,0,0,367
820840611,144,144,21,9,0,0,0,29,347
820840612,125,169,10,64,3,0,1,0,372
820840613,159,149,17,46,7,1,0,7,386
820840614,214,134,12,70,9,1,0,35,475
820840615,62,69,3,130,19,1,0,5,289
820840616,150,252,20,150,11,0,2,15,600
820840617,67,151,1,69,1,1,0,7,297
820840618,81,93,9,90,2,0,0,26,301
820840619,70,100,5,41,3,0,0,4,223
820840620,154,47,0,96,1,0,0,1,299
820840621,53,210,0,23,1,0,0,0,287
820840622,140,119,1,79,2,0,0,3,344
820840623,110,114,7,87,1,0,0,3,322
820840624,114,26,0,13,1,0,0,0,154
820840701,76,118,7,59,4,0,0,4,268
820840702,87,123,1,100,6,0,0,13,330
820840703,115,188,11,128,9,1,0,1,453
820840704,117,171,7,125,9,0,0,21,450
820840705,227,233,6,110,11,1,0,31,619
820840706,100,164,7,363,19,3,1,14,671
820840707,80,121,7,83,4,1,0,5,301
820840708,60,144,2,50,5,0,1,10,272
820840709,159,239,24,69,9,0,1,24,525
820840710,103,82,8,17,1,0,0,4,215
820840711,120,84,39,18,0,0,0,0,261
820840712,112,117,17,19,8,0,0,0,273
820840713,121,36,23,15,0,0,0,2,197
820840714,112,119,15,24,4,0,0,5,279
820840715,123,120,4,30,2,0,0,13,292
820840716,54,130,8,21,1,0,0,3,217
820840717,103,102,10,97,16,5,0,15,348
820840718,115,130,6,122,4,0,1,4,382
820840719,118,88,10,50,3,0,0,0,269
820840720,131,151,8,25,2,3,0,9,329
820840721,59,72,2,262,10,3,0,12,420
820840722,48,35,4,95,7,9,0,8,206
820840723,15,126,1,133,4,0,1,9,289
820840724,130,21,0,99,10,2,1,3,266
820840801,127,97,7,19,0,0,0,5,255
820840802,114,157,11,22,0,0,0,10,314
820840803,108,161,12,16,0,1,0,5,303
820840804,156,103,20,20,3,0,0,2,304
820840805,145,158,6,19,4,0,0,0,332
820840806,122,148,10,25,3,1,0,5,314
820840807,165,144,7,38,1,0,0,4,359
820840808,93,190,8,29,6,0,0,11,337
820840809,142,132,7,24,0,0,0,7,312
820840810,99,104,15,41,3,0,0,15,277
820840811,38,35,0,347,12,1,0,5,438
820840901,96,133,17,32,1,0,0,3,282
820840902,138,169,15,29,2,0,0,2,355
820840903,105,97,6,17,1,0,0,0,226
820840904,126,110,10,18,3,0,0,2,269
820840905,107,170,3,25,2,0,0,20,327
820840906,103,135,6,19,3,0,0,18,284
820840907,194,254,2,207,20,2,2,39,720
820840908,126,119,4,60,2,0,0,5,316
820840909,74,102,9,8,2,0,0,4,199
820840910,73,109,9,12,1,0,0,2,206
820840911,75,101,4,25,0,0,0,2,207
820841001,70,77,0,258,5,1,2,7,420
820841002,98,105,6,269,24,4,1,6,513
820841003,33,125,4,53,4,1,1,4,225
820841004,116,138,6,204,11,2,2,19,498
820841005,38,87,1,195,6,5,0,6,338
820841006,80,141,6,249,8,1,1,10,496
820841007,119,184,6,312,18,3,1,27,670
820841008,117,200,11,126,4,1,4,16,479
820841009,63,207,12,192,9,1,0,6,490
820841010,145,141,5,156,8,0,1,14,470
820841011,94,213,5,225,12,5,2,16,572
820841012,126,199,3,157,7,0,1,14,507
820841013,133,61,7,122,11,0,1,12,347
820841014,120,116,9,147,2,0,0,4,398
820841015,67,99,3,68,7,2,0,1,247
820841016,74,62,4,20,0,0,0,0,160
820841017,138,126,2,132,14,5,0,8,425
820841018,94,182,106,117,17,1,0,21,538
820841019,258,390,43,575,22,6,0,35,1329
820841020,11,11,0,254,11,2,0,11,300
820841101,27,28,142,38,2,0,0,1,238
820841102,35,52,74,32,1,1,0,0,195
820841103,112,61,75,48,1,0,0,3,300
820841104,80,60,43,41,3,0,0,6,233
820841105,82,138,4,70,8,1,0,7,310
820841106,68,163,10,66,4,0,0,8,319
820841107,151,201,6,99,7,0,0,11,475
820841108,50,87,70,52,4,1,0,3,267
820841109,8,1,2,8,0,0,0,0,19
820841110,88,172,58,166,9,0,0,2,495
820841111,89,68,116,81,4,0,0,13,371
820841112,91,52,110,44,1,0,0,2,300
820841113,17,74,52,30,1,0,0,7,181
820841114,83,48,0,200,7,0,0,1,339
820841115,81,106,5,16,1,0,0,5,214
820841116,85,155,19,11,1,0,0,4,275
820841117,128,140,52,22,1,0,1,5,349
820841118,112,79,71,55,3,1,0,4,325
820841119,144,101,41,32,2,0,0,3,323
820841201,131,167,4,105,21,0,2,3,433
820841202,77,109,7,101,6,0,0,5,305
820841203,124,128,8,63,2,0,0,7,332
820841204,73,108,3,188,5,0,0,4,381
820841205,64,169,1,46,3,2,2,21,308
820841206,85,99,2,234,31,3,0,7,461
820841207,50,118,4,60,5,0,0,4,241
820841208,65,138,2,22,3,1,0,1,232
820841209,41,55,0,196,9,0,2,10,313
820841210,65,134,4,43,7,0,0,10,263
820841211,51,76,0,130,6,0,0,52,315
820841212,44,183,2,28,2,1,0,7,267
820841213,66,118,3,81,3,4,0,18,293
820841214,101,196,6,17,5,0,0,11,336
820841215,109,143,1,45,4,0,0,3,305
820841216,82,113,0,73,4,0,0,3,275
820841217,87,95,3,89,6,0,0,1,281
820841218,75,81,5,215,15,1,3,5,400
820841219,66,102,0,64,3,1,0,4,240
820841220,76,78,1,97,8,0,0,1,261
820841221,126,60,0,132,14,0,0,10,342
820841301,133,122,17,23,2,0,0,18,315
820841302,183,189,14,161,18,2,3,4,574
820841303,72,154,2,179,7,0,1,5,420
820841304,113,133,3,312,24,3,1,0,589
820841305,110,117,23,20,1,0,0,1,272
820841306,125,68,1,112,11,1,0,10,328
820841307,87,45,2,55,7,0,0,0,196
820841308,110,76,5,106,1,0,0,10,308
820841309,74,102,3,31,0,0,0,2,212
820841310,143,127,10,49,6,6,0,4,345
820841311,138,108,8,17,0,0,0,5,276
820841312,110,115,4,11,0,0,4,2,246
820841313,132,164,9,124,4,0,0,16,449
820841314,83,113,13,62,7,0,0,3,281
820841401,104,121,4,41,8,0,0,6,284
820841402,86,99,2,15,0,0,0,3,205
820841403,132,119,0,28,1,1,0,2,283
820841404,147,124,8,32,1,0,0,3,315
820841405,81,154,3,27,2,0,0,3,270
820841406,181,122,4,28,0,1,0,6,342
820841407,119,135,7,28,1,0,0,1,291
820841408,136,125,0,36,1,0,0,8,306
820841409,75,135,6,24,0,0,0,1,241
820841410,110,197,7,33,3,0,0,1,351
820841411,56,76,9,19,0,0,0,5,165
820841501,109,72,6,50,4,0,0,11,252
820841502,63,130,4,57,4,0,0,5,263
820841503,91,111,7,25,4,0,0,2,240
820841504,116,121,5,20,0,0,0,6,268
820841505,118,94,6,24,1,0,0,1,244
820841506,98,129,3,27,1,0,0,3,261
820841507,43,110,11,37,1,0,0,2,204
820841508,79,97,6,60,1,0,2,0,245
820841509,40,82,9,97,2,1,1,4,236
820841601,173,126,1,15,2,0,0,2,319
820841602,157,174,3,7,1,1,0,1,344
820841603,185,165,6,17,4,0,0,0,377
820841604,117,146,10,24,1,0,0,1,299
820841605,154,161,10,24,1,0,0,3,353
820841606,148,134,2,6,2,0,0,5,297
820841607,221,204,3,11,2,0,0,6,447
820841608,89,114,4,6,1,0,0,1,215
820841609,209,147,4,6,3,0,1,2,372
820841610,113,102,5,23,1,0,0,9,253
820841611,96,86,1,9,0,0,0,3,195
820841612,105,99,2,14,1,0,0,1,222
820841701,74,70,3,16,1,0,0,1,165
820841702,88,120,4,16,2,1,0,8,239
820841703,60,133,1,8,0,0,0,9,211
820841704,132,121,2,11,3,0,0,9,278
820841705,104,105,5,9,0,0,0,3,226
820841706,125,123,3,29,3,0,0,9,292
820841707,158,63,2,8,1,0,0,18,250
820841708,74,71,2,0,0,0,0,0,147
820841709,187,111,4,9,0,0,0,3,314
820841710,86,173,9,15,0,0,0,4,287
820841711,204,122,6,25,3,0,0,9,369
820841712,129,102,6,24,0,0,0,1,262
820841713,137,126,1,9,1,0,0,8,282
820841714,131,76,6,10,0,0,0,2,225
820841715,122,221,2,24,1,0,0,5,375
820841716,93,71,0,5,1,0,0,4,174
820841717,92,65,9,5,0,0,0,6,177
820841718,148,125,4,2,1,0,0,4,284
820841719,124,118,7,9,1,0,0,1,260
820841801,267,134,3,9,1,0,0,3,417
820841802,93,63,1,4,0,0,0,0,161
820841803,103,67,2,1,0,0,0,0,173
820841804,157,253,3,5,0,0,0,26,444
820841805,200,83,1,5,0,0,0,6,295
820841806,59,171,1,1,0,0,0,0,232
820841807,174,237,1,5,0,0,0,20,437
820841808,120,122,0,0,0,0,0,5,247
820841809,195,68,0,1,0,0,0,0,264
820841810,117,122,8,8,0,0,0,7,262
820841811,182,135,6,8,1,0,0,9,341
820841812,94,100,11,8,0,0,0,13,226
820841813,154,232,0,3,0,0,0,4,393
820841814,63,152,1,5,0,0,0,0,221
820841815,122,94,3,1,2,0,0,1,223
820841816,108,43,1,1,0,0,0,0,153
820841817,87,107,0,2,1,0,0,1,198
820841818,130,134,3,2,0,0,0,11,280
820841901,153,127,0,4,0,0,0,1,285
820841902,54,178,0,2,0,0,0,15,249
820841903,204,143,0,3,1,0,0,8,359
820841904,80,105,1,1,0,0,0,2,189
820841905,110,84,0,3,0,0,0,0,197
820841906,121,84,1,2,0,0,0,0,208
820841907,127,66,4,2,1,0,0,1,201
820841908,156,139,2,1,4,0,0,7,309
820841909,133,216,1,1,1,0,0,2,354
820841910,113,236,3,3,1,0,0,1,357
820841911,136,121,0,5,1,0,0,1,264
820841912,151,112,0,0,0,0,0,3,266
820841913,95,67,0,0,0,0,0,0,162
820841914,103,71,0,0,0,0,0,0,174
820841915,181,61,3,0,0,0,0,0,245
820841916,120,75,1,1,0,0,0,0,197
820841917,178,99,0,6,1,0,0,12,296
820841918,151,163,11,4,1,0,0,0,330
820841919,98,62,1,0,0,0,0,0,161
820841920,98,86,1,0,0,0,0,13,198
820841921,64,89,0,0,1,0,0,1,155
820841922,41,49,1,1,0,0,0,1,93
820841923,66,67,0,1,0,0,0,23,157
820841924,129,115,1,1,0,0,0,0,246
820842001,95,107,9,1,0,0,0,0,212
820842002,157,75,1,4,2,0,0,10,249
820842003,235,103,3,9,0,0,0,0,350
820842004,138,73,0,0,0,0,0,1,212
820842005,123,34,0,0,0,0,0,3,160
820842006,154,80,0,0,1,0,0,5,240
820842007,125,132,2,0,0,0,0,4,263
820842008,76,142,1,0,5,0,0,3,227
820842009,86,206,2,0,0,0,0,1,295
820842010,45,121,1,0,0,0,0,0,167
820842011,107,116,3,1,0,0,0,1,228
820842012,164,50,0,3,0,0,0,0,217
820842013,175,113,1,0,1,0,0,17,307
820842014,106,111,1,0,2,0,0,26,246
820842015,32,96,0,0,0,0,0,0,128
820842016,46,104,0,0,0,0,0,1,151
820842017,108,10,0,0,0,0,0,0,118
820842101,160,111,0,0,0,0,0,1,272
820842102,157,141,0,4,0,0,0,1,303
820842103,147,131,0,0,0,0,0,18,296
820842104,112,248,1,0,4,0,0,2,367
820842105,91,74,0,1,0,0,0,0,166
820842106,27,15,1,0,0,0,0,0,43
820842107,136,155,1,2,0,0,0,0,294
820842108,132,125,0,0,0,0,0,1,258
820842109,99,146,0,0,0,0,0,2,247
820842110,184,41,1,22,0,0,0,1,249
820842111,81,143,1,0,0,0,0,23,248
820842112,48,99,2,0,0,0,0,0,149
820842113,64,0,0,0,0,0,0,0,64
820842114,86,198,0,0,0,0,0,33,317
820842115,130,66,1,0,0,0,0,0,197
820842116,147,116,0,0,0,0,0,3,266
820842117,122,79,0,0,0,0,0,0,201
820842201,71,160,0,0,0,0,0,18,249
820842202,118,133,0,0,0,0,0,9,260
820842203,181,56,0,0,0,0,0,0,237
820842204,0,0,0,0,0,0,0,4,4
820842205,99,190,1,1,0,0,0,1,292
820842206,141,159,0,0,0,0,0,4,304
820842207,175,151,0,0,0,0,0,8,334
820842208,192,107,0,0,0,0,0,4,303
820842209,113,139,0,0,0,0,0,4,256
820842210,165,208,0,2,1,0,0,9,385
820842211,206,102,15,1,0,0,0,1,325
820842212,160,193,0,0,0,0,0,2,355
820842213,106,60,19,1,1,0,0,3,190
820842301,175,105,1,4,0,0,0,4,289
820842302,139,84,0,0,0,0,0,1,224
820842303,79,209,4,3,0,0,0,5,300
820842304,122,62,4,1,0,0,0,0,189
820842305,117,151,3,4,1,0,0,0,276
820842306,135,119,1,2,0,0,0,1,258
820842307,285,30,0,0,1,0,0,3,319
820842308,136,209,2,2,1,0,0,9,359
820842309,118,123,0,0,1,0,0,2,244
820842310,167,51,1,3,0,0,0,0,222
820842311,218,174,0,12,0,0,0,1,405
820842312,122,196,0,1,0,0,0,1,320
820842313,152,139,1,7,2,0,0,21,322
820842314,158,116,2,4,1,0,0,4,285
820842315,163,57,1,11,3,0,0,3,238
820842316,85,145,3,4,0,0,0,5,242
820842317,102,70,0,0,0,0,0,0,172
820842318,116,112,4,0,0,0,0,2,234
820842319,169,42,2,4,1,0,0,0,218
820842320,55,134,1,0,1,0,0,0,191
820842321,82,35,0,0,0,0,0,6,123
820842322,95,116,1,1,0,0,0,1,214
820842323,127,91,3,1,0,0,0,3,225
820842324,79,104,4,3,0,0,0,0,190
820842401,121,71,0,0,0,0,0,3,195
820842402,105,167,0,0,0,0,0,3,275
820842403,115,54,0,4,0,0,0,1,174
820842404,182,133,4,1,0,0,0,0,320
820842405,89,124,6,10,1,0,0,8,238
820842406,142,74,3,6,0,0,0,1,226
820842407,128,124,1,4,0,0,0,16,273
820842408,108,97,10,4,0,0,0,0,219
820842409,164,153,6,4,0,0,0,3,330
820842410,81,93,0,3,1,0,0,11,189
820842411,123,43,1,10,1,0,0,0,178
820842412,193,108,0,2,0,0,0,0,303
820842413,140,150,20,4,0,0,0,4,318
820842414,47,133,0,0,0,0,0,2,182
820842415,115,101,3,6,0,0,0,1,226
820842416,113,125,2,0,0,0,0,1,241
820842417,49,47,13,2,1,0,0,2,114
820842418,159,85,2,0,0,0,0,3,249
820842419,123,94,0,0,0,0,0,0,217
820842501,155,86,1,0,0,0,0,2,244
820842502,137,83,0,0,0,0,0,10,230
820842503,101,90,0,0,0,0,0,0,191
820842504,90,25,1,50,1,0,1,4,172
820842505,103,135,0,0,0,0,0,6,244
820842506,85,227,5,0,0,0,0,26,343
820842507,167,96,0,0,0,0,0,0,263
820842508,175,141,0,6,0,0,0,15,337
820842509,166,93,4,3,0,0,0,0,266
820842510,62,94,0,3,0,0,0,0,159
820842511,126,128,0,1,2,0,0,1,258
820842512,208,334,6,1,0,0,0,8,557
820842513,155,174,1,0,1,0,0,3,334
820842514,45,34,0,0,0,0,0,7,86
820842515,77,111,0,0,0,0,0,0,188
820842516,62,16,0,0,0,0,0,0,78
820842601,140,130,0,6,1,0,0,5,282
820842602,103,114,1,2,0,0,0,0,220
820842603,156,124,1,0,0,0,0,24,305
820842604,186,123,0,16,0,0,0,9,334
820842605,104,96,0,0,0,0,0,0,200
820842606,72,96,0,0,0,0,0,2,170
820842607,117,156,2,0,0,0,0,7,282
820842608,138,141,0,11,2,0,0,1,293
820842609,67,74,0,5,0,0,0,0,146
820842610,170,138,0,2,0,0,0,13,323
820842611,72,114,0,0,0,0,0,1,187
820842612,79,93,0,1,0,0,0,0,173
820842613,171,173,0,10,0,0,0,3,357
820842614,166,96,2,18,0,0,0,18,300
820842615,166,123,1,7,0,0,0,2,299
820842616,160,186,0,1,1,0,0,0,348
820842617,102,84,1,6,0,0,0,1,194
820842618,103,71,0,4,0,0,0,31,209
820842619,69,67,0,2,0,0,0,0,138
820842620,147,32,0,3,0,0,0,16,198
820842621,197,130,0,4,0,0,0,0,331
820842622,83,81,0,2,0,0,0,3,169
820842623,106,117,0,1,0,0,0,0,224
820842701,205,100,0,2,0,0,0,4,311
820842702,131,146,0,0,0,0,0,0,277
820842703,58,91,5,0,0,0,0,22,176
820842704,102,80,0,2,0,0,0,0,184
820842705,117,63,0,0,0,0,0,0,180
820842706,127,23,1,0,0,0,0,0,151
820842707,114,136,1,5,0,0,0,6,262
820842708,120,174,0,0,2,0,0,0,296
820842709,98,17,1,0,0,0,0,0,116
820842710,176,85,3,0,0,0,0,1,265
820842711,97,128,1,0,0,0,0,0,226
820842712,164,167,1,4,1,0,0,16,353
820842713,124,89,3,1,0,0,0,15,232
820842714,109,115,1,3,0,0,0,3,231
820842715,125,168,6,3,0,0,0,1,303
820842716,133,123,0,0,1,0,0,0,257
820842717,89,65,0,0,1,0,0,1,156
820842718,89,66,0,0,0,0,0,2,157
820842719,77,116,1,1,0,0,0,7,202
820842720,109,74,0,5,0,0,0,11,199
820842721,182,68,0,0,0,0,0,1,251
820842722,123,57,2,0,0,0,0,4,186
820842801,98,61,1,0,0,0,0,4,164
820842802,161,198,0,15,0,0,0,12,386
820842803,116,66,0,3,0,0,0,2,187
820842804,171,69,0,0,3,0,0,8,251
820842805,47,58,1,1,0,0,0,0,107
820842806,16,13,0,0,0,0,0,0,29
820842807,218,141,1,5,0,0,0,0,365
820842808,146,64,2,1,0,0,0,1,214
820842809,113,210,0,1,0,0,1,15,340
820842810,162,219,0,2,3,0,0,0,386
820842811,243,141,3,20,0,0,0,6,413
820842812,118,70,0,1,0,0,0,0,189
820842813,101,126,0,5,0,0,0,2,234
820842814,96,62,0,0,1,0,0,1,160
820842815,159,123,4,6,1,0,0,2,295
820842816,192,97,5,2,0,0,0,4,300
820842817,150,158,1,1,0,0,0,8,318
820842818,134,65,0,0,0,0,0,10,209
820842819,134,83,0,4,0,0,0,2,223
820842820,141,132,3,1,0,0,0,5,282
820842821,129,76,0,1,0,0,0,0,206
820842822,103,96,1,4,0,0,0,1,205
820842823,116,26,0,3,1,0,0,11,157
820842824,109,142,1,11,0,0,0,22,285
820842825,115,103,1,0,0,0,0,3,222
820842901,219,233,3,27,1,0,0,4,487
820842902,179,153,3,1,0,0,0,23,359
820842903,153,151,5,11,1,0,0,2,323
820842904,183,128,6,8,0,0,0,2,327
820842905,171,185,5,4,1,0,0,13,379
820842906,75,85,1,2,7,0,0,5,175
820842907,129,141,4,12,2,0,0,15,303
820842908,153,133,10,6,2,0,0,1,305
820842909,87,124,1,6,0,0,0,3,221
820842910,193,152,5,21,0,0,0,1,372
820842911,186,166,3,12,0,0,0,1,368
820842912,122,138,3,5,0,0,0,1,269
820842913,118,121,4,6,0,0,0,10,259
820842914,136,140,7,15,0,0,0,2,300
820842915,157,132,5,15,4,0,0,2,315
820842916,94,82,2,5,0,0,0,3,186
820842917,107,120,15,7,0,0,0,2,251
820842918,161,124,7,5,0,0,0,1,298
820842919,113,114,9,2,0,0,0,2,240
820842920,92,107,9,10,3,0,0,1,222
820842921,70,83,5,2,0,0,0,0,160
820842922,85,49,3,13,0,0,0,1,151
820842923,72,71,4,6,3,0,0,0,156
820842924,139,128,5,8,1,0,0,0,281
820843001,59,142,4,39,10,0,0,5,259
820843002,114,120,3,47,1,0,0,4,289
820843003,207,237,16,121,7,3,0,22,613
820843004,161,191,9,44,9,0,1,8,423
820843005,128,133,11,35,1,0,1,10,319
820843006,67,113,2,63,0,0,0,3,248
820843007,133,196,4,90,4,0,0,11,438
820843008,41,168,8,47,0,0,0,22,286
820843009,81,213,9,54,7,1,0,2,367
820843010,190,158,1,9,5,0,0,5,368
820843011,53,195,0,2,0,0,0,0,250
820843012,63,169,2,35,4,0,0,4,277
820843013,75,102,2,57,0,0,0,6,242
820843014,110,134,3,106,11,0,0,3,367
820843101,151,180,17,30,2,1,0,4,385
820843102,110,149,13,16,3,1,0,11,303
820843103,133,126,13,9,3,0,0,6,290
820843104,134,121,7,13,3,0,0,14,292
820843105,75,78,5,10,0,0,0,4,172
820843106,134,115,8,31,2,0,0,15,305
820843107,53,118,7,11,1,0,0,2,192
820843108,104,102,6,43,2,0,0,12,269
820843109,74,101,8,17,0,0,0,2,202
820843110,118,120,10,35,4,0,0,16,303
820843111,129,137,11,38,1,0,0,12,328
820843112,161,124,12,14,1,0,0,0,312
820843113,104,153,12,22,0,0,0,4,295
820843114,91,141,10,16,0,0,0,12,270
820843115,113,108,12,16,1,0,0,7,257
820843116,139,140,7,36,2,0,0,4,328
820843117,140,104,7,26,0,0,0,6,283
820843118,109,142,7,9,1,0,0,3,271
820843119,133,107,9,12,1,0,0,5,267
820843120,79,117,8,24,2,0,0,3,233
820843121,94,140,6,42,1,0,0,8,291
820843201,47,112,245,8,0,0,0,9,421
820843202,116,167,9,37,2,0,0,2,333
820843203,138,156,5,34,3,0,0,5,341
820843204,82,169,3,55,4,1,0,13,327
820843205,131,111,8,42,8,0,0,8,308
820843206,31,117,122,83,4,0,0,3,360
820843207,61,116,7,87,12,2,0,5,290
820843208,111,193,10,182,6,1,1,15,519
820843209,94,102,7,39,7,0,0,3,252
820843210,79,109,3,129,7,0,0,11,338
820843211,125,145,5,36,5,0,0,2,318
820843212,74,134,1,146,4,0,0,34,393
820843213,128,151,13,94,7,0,0,32,425
820843214,59,131,4,41,2,1,0,4,242
820843215,84,93,6,105,8,0,0,9,305
820843301,63,105,0,90,6,0,1,44,309
820843302,97,140,9,83,5,1,0,4,339
820843303,139,174,4,147,19,0,0,4,487
820843304,111,119,2,68,4,0,0,40,344
820843305,57,298,9,91,5,0,0,9,469
820843306,127,172,4,50,2,0,0,4,359
820843307,82,127,2,96,3,0,1,3,314
820843308,114,107,3,17,0,0,0,15,256
820843309,156,214,10,73,1,0,0,6,460
820843310,133,168,29,84,18,1,1,4,438
820843311,63,195,5,106,15,2,5,27,418
820843312,153,155,1,80,5,0,0,2,396
820843313,38,69,2,114,12,0,0,53,288
820843314,95,80,5,88,4,0,0,18,290
820843315,17,9,1,460,7,3,0,3,500
820843316,60,171,3,126,2,0,0,6,368
820843317,73,76,1,243,13,7,0,10,423
820843318,76,98,3,148,3,3,2,13,346
820843319,150,106,3,33,0,0,0,1,293
820843401,44,99,1,149,6,1,1,5,306
820843402,58,63,0,246,9,2,0,3,381
820843403,77,44,1,12,0,1,0,4,139
820843404,89,101,3,166,16,0,0,9,384
820843405,192,144,7,9,0,0,0,9,361
820843406,173,151,4,17,3,0,0,5,353
820843407,177,123,3,21,4,0,0,2,330
820843408,155,199,9,19,6,0,0,4,392
820843409,153,165,3,37,6,1,1,2,368
820843410,123,142,6,26,1,0,0,6,304
820843411,88,86,7,5,0,0,0,2,188
820843412,136,59,9,4,5,0,0,6,219
820843413,43,119,2,9,0,0,0,1,174
820843414,93,163,11,24,0,0,0,3,294
820843415,96,120,4,91,2,1,0,2,316
820843416,45,69,5,265,12,6,2,14,418
820843417,121,114,1,16,3,0,0,0,255
820843418,88,51,3,3,4,0,0,5,154
820843419,43,31,1,76,6,0,1,4,162
820843501,110,81,1,123,7,0,1,7,330
820843502,58,42,1,46,0,1,0,3,151
820843503,76,148,4,11,1,0,0,5,245
820843504,114,180,4,22,3,0,0,6,329
820843505,163,112,6,41,0,0,0,1,323
820843506,109,121,3,22,0,0,0,2,257
820843507,101,76,3,7,0,0,0,1,188
820843508,43,63,2,124,8,1,0,3,244
820843509,206,135,8,37,3,0,0,8,397
820843510,89,86,4,164,6,0,1,18,368
820843511,105,64,15,197,13,0,0,1,395
820843512,117,125,2,178,26,4,2,13,467
820843513,71,127,2,45,7,0,0,9,261
820843514,140,153,3,77,3,1,1,4,382
820843515,169,152,4,78,2,0,0,11,416
820843516,23,10,0,264,14,0,1,4,316
820843517,31,16,0,649,15,2,1,7,721
820843601,104,113,8,17,3,0,0,5,250
820843602,95,98,4,41,0,0,0,2,240
820843603,94,64,9,57,2,1,0,0,227
820843604,147,82,9,24,2,0,0,23,287
820843605,75,66,11,8,0,0,0,4,164
820843606,103,53,1,2,1,0,0,3,163
820843607,124,112,15,11,0,0,0,5,267
820843608,161,153,6,11,0,0,0,2,333
820843609,141,136,12,12,2,0,0,8,311
820843610,128,163,12,18,9,0,0,0,330
820843611,171,105,8,18,2,1,1,15,321
820843612,450,145,0,0,0,0,0,31,626
820843613,139,109,17,20,5,0,0,2,292
820843614,85,116,6,19,0,0,0,5,231
820843615,114,59,10,18,1,0,0,1,203
820843616,142,219,0,0,5,0,0,16,382
820843617,96,83,4,9,1,1,0,5,199
820843618,106,76,5,14,1,0,0,0,202
820843619,84,114,5,6,0,0,0,1,210
820843701,188,141,10,16,2,0,0,7,364
820843702,170,216,3,10,0,0,0,4,403
820843703,107,151,10,14,0,0,0,1,283
820843704,89,85,13,8,0,0,0,0,195
820843705,131,103,6,14,0,0,0,10,264
820843706,142,183,4,3,0,0,0,20,352
820843707,152,93,2,2,1,0,0,29,279
820843708,225,142,4,11,1,0,0,1,384
820843709,122,83,7,7,0,0,0,1,220
820843710,187,141,3,8,0,0,0,0,339
820843711,80,138,8,7,2,0,0,7,242
820843712,164,141,14,14,0,0,0,7,340
820843713,160,125,16,11,3,0,0,12,327
820843714,142,137,9,18,0,0,0,6,312
820843715,139,110,1,2,0,0,0,0,252
820843716,133,111,3,6,0,0,0,0,253
820843801,268,112,6,8,4,0,0,33,431
820843802,128,162,7,9,1,1,0,1,309
820843803,164,99,16,12,2,0,0,6,299
820843804,152,185,6,6,1,0,0,8,358
820843805,157,98,13,11,0,0,0,5,284
820843806,166,120,3,7,0,0,0,2,298
820843807,137,95,4,5,0,0,0,2,243
820843808,98,84,1,3,2,0,0,5,193
820843809,85,113,5,5,0,0,0,1,209
820843810,151,125,4,20,0,0,0,7,307
820843811,125,145,3,40,4,1,1,8,327
820843812,76,86,0,70,4,0,0,7,243
820843813,149,154,12,13,1,0,0,19,348
820843814,330,15,5,1,0,0,0,1,352
820843815,103,121,2,7,0,0,0,0,233
820843901,61,111,1,1,0,0,1,0,175
820843902,79,124,6,4,0,0,0,0,213
820843903,114,146,5,6,0,0,0,2,273
820843904,103,122,4,0,3,0,0,0,232
820843905,182,174,13,36,0,2,0,3,410
820843906,139,142,3,11,0,0,0,12,307
820843907,198,126,2,15,3,0,0,2,346
820843908,191,201,10,17,1,0,0,0,420
820843909,111,92,7,1,0,0,0,1,212
820843910,82,85,1,8,0,0,0,1,177
820843911,71,136,6,20,0,0,0,0,233
820843912,136,192,7,18,2,0,0,2,357
820843913,150,136,4,8,4,0,0,8,310
820843914,71,69,4,3,1,0,0,1,149
820843915,117,102,0,0,0,0,0,0,219
820843916,100,38,1,4,0,0,0,19,162
820843917,120,53,3,9,0,0,0,2,187
820843918,163,199,9,60,3,0,0,4,438
820843919,111,81,6,2,0,0,0,1,201
820843920,73,132,3,7,0,0,0,1,216
820844001,121,178,10,22,0,0,0,14,345
820844002,146,161,2,9,1,0,0,4,323
820844003,180,161,4,16,3,1,0,7,372
820844004,66,74,3,150,10,0,0,25,328
820844005,39,29,0,295,9,7,0,2,381
820844006,111,99,15,33,3,0,0,4,265
820844007,148,96,7,11,3,0,0,3,268
820844008,72,102,2,16,0,0,0,0,192
820844009,98,132,3,36,2,0,0,11,282
820844010,127,139,3,25,1,0,0,6,301
820844011,50,15,17,26,3,0,0,8,119
820844012,36,20,6,10,1,0,0,1,74
820844013,70,71,1,49,1,0,0,17,209
820844014,140,164,14,15,0,0,0,8,341
820844015,118,82,5,15,0,0,0,4,224
820844101,116,123,16,31,3,0,0,6,295
820844102,124,77,8,51,3,0,0,6,269
820844103,120,90,9,31,6,0,0,7,263
820844104,101,116,4,56,10,0,0,1,288
820844105,0,0,0,0,0,0,0,0,0
820844106,145,123,3,21,2,0,0,5,299
820844107,126,136,29,44,2,1,0,13,351
820844108,154,111,1,60,5,0,0,5,336
820844109,108,104,5,108,13,1,0,3,342
820844110,105,119,2,169,9,1,0,3,408
820844111,80,104,2,48,4,0,0,3,241
820844112,94,75,3,109,8,0,1,5,295
820844201,121,30,0,8,4,0,0,20,183
820844202,50,25,1,90,1,0,0,5,172
820844203,15,12,2,75,3,4,7,6,124
820844204,75,80,4,61,8,1,0,3,232
820844205,77,45,4,71,7,0,0,1,205
820844206,52,20,2,33,4,1,0,2,114
820844207,137,113,1,99,8,0,1,15,374
820844208,64,70,1,145,11,3,1,2,297
820844209,133,120,7,71,10,1,1,6,349
820844210,170,144,19,28,0,0,0,0,361
820844211,73,66,6,110,7,0,0,13,275
820844212,65,140,1,55,3,0,0,17,281
820844213,159,135,27,76,8,0,0,9,414
820844214,31,65,2,56,4,0,0,5,163
820844301,117,103,10,19,0,0,0,6,255
820844302,83,107,2,11,3,0,0,0,206
820844303,109,108,6,17,1,0,0,6,247
820844304,166,81,3,19,3,0,0,4,276
820844305,114,99,5,12,1,0,0,3,234
820844306,132,102,5,10,2,0,0,5,256
820844307,159,135,12,23,1,0,0,5,335
820844308,74,76,1,11,1,0,1,1,165
820844309,116,100,9,17,1,0,0,2,245
820844310,89,122,4,17,0,0,0,4,236
820844311,135,109,13,34,1,0,0,7,299
820844312,94,150,5,102,3,0,0,7,361
820844313,104,181,5,36,0,0,1,1,328
820844314,147,175,22,20,1,0,0,10,375
820844401,112,170,32,52,1,0,0,6,373
820844402,82,80,11,2,0,0,0,4,179
820844403,77,131,18,114,5,0,0,16,361
820844404,57,52,2,126,12,0,0,19,268
820844405,94,87,11,6,2,0,0,0,200
820844406,122,92,4,7,1,0,0,2,228
820844407,147,99,4,38,0,0,0,1,289
820844408,60,65,8,86,2,0,0,0,221
820844409,105,149,10,15,1,0,0,2,282
820844410,174,66,7,12,1,0,0,13,273
820844411,88,131,6,11,0,0,0,1,237
820844412,118,129,7,9,0,0,0,1,264
820844413,139,164,6,6,1,0,0,0,316
820844414,118,104,8,5,1,0,0,6,242
820844415,111,140,7,3,0,0,0,2,263
820844416,171,87,9,48,0,0,0,12,327
820844417,161,89,12,14,0,0,0,3,279
820844418,114,124,13,18,4,0,0,7,280
820844501,113,81,7,51,2,0,0,9,263
820844502,115,49,2,9,0,0,0,1,176
820844503,130,193,11,30,2,0,0,1,367
820844504,131,133,4,17,1,0,1,7,294
820844505,115,62,4,22,1,0,0,5,209
820844506,70,98,0,8,2,0,0,2,180
820844507,78,124,6,37,4,1,0,11,261
820844508,67,111,7,17,3,0,0,36,241
820844509,147,140,35,28,1,0,0,2,353
820844510,123,133,17,10,5,0,0,4,292
820844511,179,135,18,23,2,0,0,10,367
820844512,165,128,18,14,0,0,0,2,327
820844513,70,38,1,18,1,0,0,2,130
820844514,134,179,6,26,0,1,0,8,354
820844515,106,134,3,15,0,0,0,0,258
820844516,67,49,1,175,9,3,2,10,316
820844517,92,168,8,53,2,0,0,5,328
820844518,128,204,6,21,8,0,0,4,371
820844519,116,146,12,25,6,0,0,15,320
820844520,73,88,0,108,4,0,0,3,276
820844521,48,115,6,8,11,0,0,3,191
820844522,109,116,6,7,0,0,0,6,244
820844523,165,168,9,8,3,0,0,7,360
820844524,193,77,8,13,2,0,0,0,293
820844601,165,95,9,49,2,0,0,4,324
820844602,104,171,9,29,1,0,0,6,320
820844603,149,138,10,13,6,1,0,6,323
820844604,104,103,88,16,2,0,0,6,319
820844605,55,56,22,12,3,0,0,0,148
820844606,89,191,43,22,6,0,3,2,356
820844607,172,191,14,48,2,0,1,10,438
820844608,120,146,16,20,1,0,0,0,303
820844609,71,103,1,342,16,4,0,4,541
820844610,26,126,2,149,5,2,0,4,314
820844611,65,69,0,229,7,3,0,4,377
820844612,68,79,0,53,4,2,0,4,210
820844613,130,129,6,92,10,1,0,19,387
820844614,132,159,2,96,5,1,0,2,397
820844615,35,61,3,115,4,0,0,5,223
820844701,67,56,3,132,12,3,0,22,295
820844702,64,122,5,42,4,0,0,4,241
820844703,25,33,2,220,4,1,0,3,288
820844704,117,215,6,147,10,1,0,17,513
820844705,85,193,6,69,5,0,0,22,380
820844706,66,148,1,53,2,0,3,10,283
820844707,80,113,2,26,0,0,0,20,241
820844708,83,106,2,69,4,0,0,6,270
820844709,91,113,5,11,3,0,0,13,236
820844710,122,160,5,128,5,1,0,7,428
820844711,86,107,2,22,1,0,0,5,223
820844712,70,110,3,40,7,0,0,6,236
820844713,124,46,2,14,8,0,0,42,236
820844714,70,87,3,64,3,1,0,5,233
820844715,79,129,4,41,1,0,0,1,255
820844716,127,148,9,208,5,0,0,14,511
820844801,169,300,0,57,0,0,0,13,539
820844802,141,107,4,116,4,0,0,20,392
820844803,132,156,14,44,2,1,0,14,363
820844804,121,105,1,28,1,1,0,25,282
820844805,84,148,6,30,3,1,0,8,280
820844806,73,98,6,84,5,0,0,3,269
820844807,63,53,3,457,28,7,2,20,633
820844808,79,109,1,26,8,0,0,8,231
820844809,71,117,4,14,1,0,0,12,219
820844810,76,173,4,56,3,0,0,3,315
820844811,93,265,5,63,43,0,0,4,473
820844812,190,85,6,15,2,0,0,4,302
820844813,54,106,1,76,175,0,1,1,414
820844814,52,157,0,85,6,0,1,8,309
820844815,43,52,120,42,5,1,0,1,264
820844816,133,178,0,68,5,1,1,21,407
820844817,35,38,150,189,9,0,0,9,430
820844818,3,5,1,263,0,0,0,0,272
820844819,58,177,8,46,3,0,0,3,295
820844820,19,39,6,267,1,0,0,1,333
820844821,166,127,7,209,10,8,0,26,553
820844822,41,125,1,199,16,1,0,25,408
820844901,16,24,0,106,9,1,0,2,158
820844902,89,159,1,41,1,0,0,2,293
820844903,180,96,0,4,0,0,0,1,281
820844904,191,103,1,20,1,1,0,23,340
820844905,44,134,2,66,16,0,0,9,271
820844906,41,79,1,62,5,0,0,16,204
820844907,56,99,2,297,14,1,1,3,473
820844908,180,123,0,240,1,0,0,35,579
820844909,47,88,1,230,1,1,0,8,376
820844910,22,41,0,230,18,3,2,16,332
820844911,12,13,0,660,36,15,2,8,746
820844912,50,7,0,257,8,6,10,6,344
820844913,56,36,0,268,10,5,4,5,384
820844914,27,14,0,324,18,3,2,3,391
820844915,12,2,0,266,15,1,1,9,306
820845001,123,151,16,17,1,0,0,3,311
820845002,88,211,9,17,0,0,0,36,361
820845003,143,135,13,21,2,0,0,7,321
820845004,127,215,11,25,8,0,0,2,388
820845005,99,205,7,21,5,0,0,9,346
820845006,114,213,5,30,7,0,1,9,379
820845007,96,206,4,74,6,1,0,4,391
820845008,108,198,14,37,3,0,2,11,373
820845009,89,80,5,12,3,0,0,6,195
820845010,41,132,7,13,2,0,0,11,206
820845011,134,170,12,41,4,0,1,4,366
820845012,134,175,10,87,9,0,0,12,427
820845013,140,156,7,18,2,0,0,13,336
820845101,156,160,9,33,6,1,0,15,380
820845102,160,109,8,26,3,0,0,7,313
820845103,151,135,9,8,2,0,0,5,310
820845104,117,158,13,16,2,0,0,3,309
820845105,149,111,14,26,1,0,0,1,302
820845106,145,222,11,12,2,0,0,7,399
820845107,148,166,2,34,6,0,0,5,361
820845108,146,139,4,75,9,0,1,6,380
820845109,130,154,10,14,3,0,0,6,317
820845110,142,113,10,8,0,0,0,1,274
820845111,156,168,8,18,2,0,0,4,356
820845112,135,86,10,22,3,2,0,4,262
820845113,103,60,6,12,6,0,0,2,189
820845114,56,62,2,92,10,2,0,6,230
820845201,197,194,5,67,3,0,1,32,499
820845202,48,58,3,178,10,2,1,10,310
820845203,65,203,5,85,24,4,0,6,392
820845204,122,97,1,137,9,4,0,8,378
820845205,97,167,2,87,2,0,0,8,363
820845206,29,131,1,172,11,0,0,27,371
820845207,30,57,1,333,20,3,0,0,444
820845208,116,95,12,137,4,1,1,14,380
820845209,81,120,5,95,3,1,1,8,314
820845210,37,26,2,187,10,0,0,16,278
820845211,27,29,2,325,30,15,7,6,441
820845212,76,68,1,123,5,1,0,11,285
820845213,81,104,2,140,4,1,1,4,337
820845214,67,185,2,163,10,2,1,21,451
820845301,122,106,8,10,0,0,0,10,256
820845302,125,131,14,24,4,0,0,20,318
820845303,142,124,12,48,2,0,0,8,336
820845304,81,32,3,213,22,5,0,20,376
820845305,78,50,3,51,3,0,1,1,187
820845306,134,230,2,1,10,0,0,9,386
820845307,138,246,0,4,0,0,0,2,390
820845308,139,227,21,49,3,0,0,5,444
820845309,86,109,6,134,5,0,1,17,358
820845310,186,169,15,30,3,0,0,0,403
820845311,116,32,74,0,0,0,0,1,223
820845312,124,148,19,22,0,0,0,1,314
820845313,90,56,19,5,1,0,0,3,174
820845314,71,122,10,1,1,0,0,27,232
820845315,58,23,0,207,12,0,0,0,300
820845316,136,70,2,43,3,0,0,5,259
820845317,121,81,0,0,0,0,0,0,202
820845318,155,317,2,0,29,0,0,34,537
820845319,193,91,1,6,1,0,0,0,292
820845320,138,65,0,3,1,0,0,2,209
820845321,16,67,0,116,2,0,0,0,201
820845322,45,12,1,0,0,0,0,1,59
820845323,204,323,1,7,1,0,0,26,562
820845401,62,45,11,8,3,0,0,5,134
820845402,111,95,12,17,2,0,0,5,242
820845403,80,92,16,16,2,0,0,3,209
820845404,142,127,19,15,2,0,0,2,307
820845405,136,58,5,24,3,0,0,2,228
820845406,4,1,0,115,5,2,0,1,128
820845407,58,50,0,67,7,7,0,3,192
820845408,85,116,2,86,8,2,0,1,300
820845409,76,138,8,41,6,0,0,7,276
820845410,64,85,3,9,1,0,1,2,165
820845411,122,180,34,17,2,0,0,1,356
820845412,197,83,20,26,2,0,0,1,329
820845413,59,97,29,8,0,0,0,4,197
820845414,179,111,34,20,3,0,0,3,350
820845415,171,101,20,49,1,0,0,4,346
820845416,148,89,24,25,0,0,0,0,286
820845417,90,100,38,30,1,0,0,1,260
820845418,143,89,24,21,2,2,0,2,283
820845419,67,71,20,9,1,0,0,2,170
820845501,141,189,9,35,4,0,0,10,388
820845502,113,199,10,36,1,1,0,1,361
820845503,120,132,10,9,3,0,0,3,277
820845504,150,90,22,49,3,1,0,8,323
820845505,219,97,7,51,5,11,2,28,420
820845506,112,113,1,17,2,0,0,1,246
820845507,201,84,6,34,1,0,1,21,348
820845508,109,160,5,160,10,0,0,15,459
820845509,103,143,5,22,1,1,0,4,279
820845510,48,215,5,68,22,0,2,14,374
820845511,59,190,1,30,8,1,1,3,293
820845512,82,129,1,73,8,5,1,26,325
820845513,120,221,7,78,11,1,2,5,445
820845514,152,188,3,42,7,0,0,22,414
820845515,48,40,4,122,3,0,0,10,227
820845516,52,44,2,148,12,1,2,11,272
820845517,49,121,10,63,4,0,0,5,252
820845518,29,38,0,219,10,2,0,5,303
820845519,83,83,1,25,3,0,0,0,195
820845520,196,168,18,19,4,0,0,7,412
820845521,83,134,0,51,2,0,0,2,272
820845522,49,40,3,316,13,2,2,14,439
820845523,76,130,1,26,4,0,0,10,247
820845601,1,12,0,0,0,0,0,12,25
820845602,6,1,0,1,0,0,0,0,8
820845603,0,0,0,22,1,0,0,0,23
820845701,9,9,7,35,3,0,0,1,64
820845702,61,43,63,92,9,0,0,5,273
820845703,37,37,82,134,2,0,1,4,297
820845704,69,49,85,41,5,0,0,0,249
820845705,112,61,85,65,5,0,0,6,334
820845706,34,22,29,23,1,0,2,1,112
820845707,35,37,79,67,1,1,0,0,220
820845708,62,88,69,181,8,0,0,7,415
820845709,35,16,25,55,3,0,0,1,135
820845710,84,80,64,176,1,0,0,3,408
820845711,90,41,83,106,3,1,0,2,326
820845712,30,28,98,104,1,0,0,2,263
820845713,99,51,51,68,6,0,0,5,280
820845714,5,0,5,15,2,0,0,0,27
820845715,3,4,0,9,0,0,0,0,16
820845801,5,7,4,11,0,0,0,0,27
820845802,127,85,30,201,4,0,1,5,453
820845803,136,117,23,90,6,1,0,7,380
820845804,4,4,8,15,0,0,0,0,31
820845805,128,97,14,225,11,0,0,1,476
820845806,1,2,1,3,0,0,0,0,7
820845807,169,118,40,66,3,0,0,1,397
820845901,4,1,0,13,0,0,0,0,18
820845902,4,9,0,15,0,0,0,0,28
820845903,3,1,0,12,2,0,0,2,20
820845904,123,170,3,214,21,0,0,18,549
820845905,44,164,2,207,15,1,4,7,444
820845906,42,43,13,101,4,0,0,0,203
820845907,96,120,9,324,9,2,1,10,571
820845908,105,84,6,71,0,0,0,1,267
820845909,90,82,3,175,11,1,0,18,380
820845910,220,144,26,204,8,2,0,7,611
820845911,107,111,9,171,9,0,0,3,410
820845912,201,122,21,49,1,0,0,0,394
820845913,150,61,9,44,0,0,0,3,267
820845914,133,105,6,55,2,0,0,3,304
820845915,74,65,14,18,4,0,0,4,179
820845916,95,50,17,21,1,0,0,2,186
820845917,216,110,25,164,5,0,0,15,535
820845918,168,110,13,141,2,0,0,4,438
820845919,1,0,0,3,0,0,0,0,4
820845920,89,94,8,81,5,0,0,13,290
820845921,102,161,1,196,10,1,0,23,494
820845922,90,104,1,203,12,1,3,16,430
820845923,41,131,2,308,9,1,1,6,499
820845924,69,92,6,132,3,0,1,8,311
820846001,3,10,1,35,0,1,0,2,52
820846002,39,29,4,72,2,0,1,0,147
820846003,2,5,1,6,0,0,0,0,14
820846004,122,100,35,130,2,0,0,0,389
820846005,110,82,18,148,3,0,0,5,366
820846101,67,83,5,46,2,2,0,1,206
820846102,109,100,14,19,3,0,0,3,248
820846103,114,77,7,47,6,1,0,8,260
820846104,77,124,9,97,13,2,0,3,325
820846105,94,96,10,41,1,0,1,4,247
820846106,88,117,13,27,3,0,0,3,251
820846107,111,100,10,172,8,2,1,16,420
820846108,56,163,3,141,13,4,1,8,389
820846109,109,236,5,111,5,1,0,7,474
820846110,210,159,14,24,6,0,0,7,420
820846111,147,212,26,31,3,0,0,6,425
820846112,73,169,3,52,2,1,1,40,341
820846113,105,136,7,36,1,0,0,2,287
820846114,40,60,0,228,8,1,8,9,354
820846115,98,88,10,343,17,2,8,20,586
820846201,84,55,1,80,6,1,1,4,232
820846202,27,67,4,64,8,0,1,10,181
820846203,72,68,4,36,2,0,2,8,192
820846204,121,90,14,42,5,3,3,2,280
820846205,94,79,1,201,18,2,1,16,412
820846206,120,131,2,145,12,1,1,10,422
820846207,138,181,4,97,7,0,1,21,449
820846208,125,206,5,58,0,1,1,3,399
820846209,64,99,2,204,8,1,2,12,392
820846210,93,97,0,165,11,0,2,10,378
820846211,52,169,2,77,4,1,0,4,309
820846212,140,100,4,74,2,0,0,3,323
820846213,206,172,13,30,1,0,2,2,426
820846214,101,73,7,43,5,0,4,5,238
820846215,102,104,11,27,7,1,1,0,253
820846216,114,156,14,59,3,0,0,11,357
820846217,139,198,6,130,4,0,2,6,485
820846218,147,235,8,97,6,1,2,3,499
820846219,167,87,8,21,2,0,0,2,287
820846220,71,124,2,36,11,0,0,8,252
820846221,125,112,3,47,4,0,2,16,309
820846301,47,126,4,188,7,1,4,32,409
820846302,104,178,10,104,10,0,1,9,416
820846303,126,153,2,88,10,5,1,16,401
820846304,67,71,0,110,8,15,1,14,286
820846305,74,98,3,51,6,0,0,3,235
820846306,126,189,11,58,13,0,0,6,403
820846307,149,141,6,36,8,0,1,5,346
820846308,106,92,5,143,5,1,1,26,379
820846309,74,132,7,84,18,1,1,16,333
820846310,123,177,1,89,11,0,1,10,412
820846311,123,195,5,205,14,3,9,11,565
820846312,49,44,0,116,11,7,3,34,264
820846313,72,109,2,211,5,1,1,11,412
820846401,27,46,7,56,6,0,0,0,142
820846402,58,86,4,136,19,1,3,0,307
820846403,27,26,30,132,6,0,0,2,223
820846404,137,146,18,69,10,0,0,10,390
820846405,13,10,2,51,5,0,0,1,82
820846406,59,65,10,50,6,1,0,7,198
820846501,92,105,21,211,14,1,1,16,461
820846502,88,81,16,108,7,0,1,4,305
820846503,199,168,37,136,11,2,2,21,576
820846504,52,45,51,82,8,1,0,5,244
820846505,115,155,45,289,23,0,1,10,638
820846601,45,41,42,157,7,1,1,4,298
820846602,219,286,41,272,27,1,2,16,864
820846701,38,31,11,47,2,1,0,4,134
820846702,2,7,2,6,0,0,0,0,17
820846703,7,2,1,9,0,0,0,0,19
820846704,137,22,12,96,6,0,0,0,273
820846801,23,58,2,112,6,0,0,1,202
820846802,39,28,1,111,1,0,0,5,185
820846901,9,26,2,26,0,0,0,1,64
820846902,137,150,22,37,0,0,0,0,346
820846903,176,99,21,54,5,0,0,3,358
820846904,223,150,9,182,5,1,1,14,585
820846905,56,46,6,97,2,0,0,2,209
820846906,152,149,14,30,3,0,0,9,357
820847001,3,6,0,4,1,0,0,2,16
820847002,79,49,12,44,1,0,0,3,188
820847101,1,2,0,3,1,0,0,0,7
820847102,56,14,2,20,1,0,0,1,94
820847201,20,8,0,19,0,0,0,1,48
820847202,211,151,21,76,11,0,0,0,470
820847203,101,98,16,143,0,0,0,1,359
820847204,102,59,9,24,4,0,0,1,199
820847205,9,9,3,55,0,0,0,0,76
820847206,130,57,4,58,0,1,0,2,252
820847207,174,80,27,54,9,0,0,1,345
820847301,31,27,0,78,5,0,1,3,145
820847302,50,9,9,38,2,0,0,0,108
820847401,9,16,4,59,7,0,0,1,96
820847402,81,78,15,84,7,0,0,2,267
820847501,0,1,0,9,0,0,0,0,10
820847502,4,5,0,3,0,0,0,0,12
820847503,60,16,10,48,0,0,0,1,135
820847504,51,32,14,54,0,0,0,3,154
820847601,16,3,0,10,0,0,0,0,29
820847602,25,24,2,24,0,0,0,6,81
820847701,7,15,3,25,0,0,0,6,56
820847702,24,13,1,24,7,1,0,0,70
820847703,21,41,8,27,2,0,0,1,100
820847704,16,39,0,171,2,0,0,0,228
820847705,88,76,84,59,1,3,0,9,320
820847706,3,4,0,11,0,0,0,0,18
820847707,1,1,1,0,1,0,0,0,4
820847708,156,144,12,41,1,0,0,2,356
820847709,123,158,8,30,3,0,0,4,326
820847710,153,137,10,34,2,0,0,2,338
820847711,182,140,6,44,3,0,0,4,379
820847712,87,95,7,162,1,0,0,2,354
820847713,211,123,10,31,2,1,0,12,390
820847714,94,107,9,15,3,0,0,6,234
820847715,124,44,8,18,1,0,0,1,196
820847716,126,116,20,19,5,0,0,2,288
820847717,109,85,2,38,2,0,0,7,243
820847718,81,50,1,333,7,3,3,0,478
820847719,160,132,10,15,2,0,0,9,328
820847720,177,141,31,17,2,0,0,9,377
820847721,172,125,37,38,4,0,0,2,378
820847722,167,93,12,18,2,0,0,3,295
820847723,247,130,33,40,0,0,0,5,455
820847724,143,93,14,13,2,0,0,5,270
820847725,155,87,16,15,2,0,0,9,284
820847801,1,1,0,8,1,0,0,0,11
820847802,26,15,3,61,1,0,0,3,109
820847803,89,127,12,53,1,0,0,2,284
820847804,180,96,17,39,4,1,0,7,344
820847805,17,17,3,119,3,0,0,5,164
820847806,117,108,6,81,1,1,0,7,321
820847807,151,134,7,39,3,0,0,1,335
820847901,0,2,2,4,0,0,0,0,8
820847902,3,0,11,27,0,1,0,1,43
820847903,3,4,1,21,2,0,0,0,31
820847904,0,2,0,2,0,0,0,0,4
820847905,106,109,31,51,5,1,0,10,313
820847906,115,123,27,59,3,0,0,9,336
820848001,188,175,1,14,1,0,0,3,382
820848002,158,142,8,42,2,0,0,9,361
820848003,146,184,7,12,1,0,0,2,352
820848004,145,176,2,6,0,0,0,20,349
820848005,125,134,5,10,2,0,0,1,277
820848006,60,130,10,5,1,1,0,7,214
820848007,115,108,6,18,0,0,0,3,250
820848008,223,156,10,37,3,0,0,3,432
820848009,148,186,4,24,2,0,0,3,367
820848010,155,86,0,14,0,0,0,7,262
820848011,59,97,8,2,0,0,0,10,176
820848012,85,98,2,3,0,0,0,0,188
820848013,171,119,4,14,3,0,0,4,315
820848014,111,124,7,5,1,0,0,1,249
820848015,132,90,2,18,0,0,0,8,250
820848016,98,167,5,25,1,0,0,1,297
820848017,89,176,12,22,1,0,0,5,305
820848018,70,117,9,23,1,0,0,3,223
820848019,128,114,2,19,1,1,0,2,267
820848020,152,140,9,11,2,0,0,3,317
820848021,94,133,1,4,2,0,0,1,235
820848022,168,123,0,32,4,0,0,13,340
820848101,153,139,10,26,0,0,1,2,331
820848102,123,102,6,15,0,0,0,3,249
820848103,124,89,5,13,0,0,0,0,231
820848104,105,83,7,23,4,1,0,9,232
820848105,131,84,2,7,0,0,0,0,224
820848106,119,96,6,10,1,0,0,19,251
820848107,109,124,2,15,3,0,0,7,260
820848108,115,87,5,14,0,0,0,12,233
820848109,109,181,12,20,1,0,0,6,329
820848110,158,83,6,65,3,0,0,3,318
820848111,121,77,3,24,1,0,0,2,228
820848112,117,156,8,12,6,0,0,2,301
820848113,92,116,9,12,3,0,0,3,235
820848114,102,91,8,12,0,0,0,0,213
820848115,37,62,2,2,0,0,0,0,103
820848116,195,117,14,20,3,0,0,1,350
820848117,108,131,0,13,9,0,0,10,271
820848118,104,145,9,15,1,0,0,3,277
820848119,129,109,6,56,3,0,0,6,309
820848120,75,133,3,46,0,0,0,9,266
820848121,108,88,1,15,1,0,0,5,218
820848201,120,149,14,177,5,0,0,7,472
820848202,41,130,1,181,5,1,0,20,379
820848203,73,135,4,154,6,0,4,4,380
820848204,60,98,3,187,5,1,0,17,371
820848205,211,87,1,24,1,0,0,2,326
820848206,179,130,1,10,0,0,0,4,324
820848207,194,134,1,24,0,0,0,17,370
820848208,78,282,1,95,6,0,0,6,468
820848209,105,104,4,322,17,3,2,22,579
820848210,82,139,4,247,8,0,5,11,496
820848211,101,138,16,123,9,0,1,23,411
820848212,93,140,1,124,2,2,0,5,367
820848213,145,224,13,108,16,0,1,10,517
820848214,92,94,88,107,3,1,0,2,387
820848215,50,104,11,132,8,0,0,5,310
820848216,46,60,136,109,2,0,0,4,357
820848301,169,140,6,29,3,0,0,5,352
820848302,146,170,16,29,4,0,0,12,377
820848303,129,132,4,17,4,1,0,2,289
820848304,120,195,10,27,1,0,1,2,356
820848305,119,151,9,29,3,1,0,8,320
820848306,95,135,7,47,1,0,0,9,294
820848307,102,147,4,31,1,0,1,4,290
820848308,168,158,9,24,1,3,0,1,364
820848309,98,81,6,13,0,1,1,3,203
820848310,112,71,5,13,2,0,0,2,205
820848311,145,143,5,34,5,0,0,2,334
820848312,118,83,10,21,4,0,0,11,247
820848313,77,139,4,22,1,0,0,5,248
820848314,127,183,5,44,3,0,0,4,366
820848315,133,129,8,22,2,0,0,3,297
820848401,71,44,1,184,5,2,0,13,320
820848402,118,110,59,50,2,0,0,3,342
820848403,115,119,59,190,5,0,0,3,491
820848404,110,234,28,139,5,0,0,9,525
820848405,124,120,5,17,3,0,0,1,270
820848406,135,107,6,25,7,1,0,1,282
820848407,29,45,0,82,4,1,0,4,165
820848408,0,103,175,38,1,0,0,0,317
820848409,91,164,282,4,2,1,0,18,562
820848410,88,154,226,77,2,0,0,10,557
820848411,209,87,81,98,1,0,0,1,477
820848412,122,112,77,258,1,1,2,13,586
820848413,51,76,1,321,24,6,0,4,483
820848414,7,24,0,277,7,0,0,3,318
820848415,27,17,6,179,22,0,1,8,260
820848416,1,2,1,65,6,1,0,2,78
820848501,93,78,5,352,13,0,5,5,551
820848502,27,86,0,264,13,0,5,23,418
820848503,49,167,1,84,1,0,0,15,317
820848504,87,115,1,44,1,0,0,5,253
820848505,119,80,7,21,1,0,1,13,242
820848506,95,106,8,10,1,0,0,1,221
820848507,117,108,7,33,0,0,0,10,275
820848508,112,139,2,15,0,0,0,6,274
820848509,47,143,0,73,1,1,0,3,268
820848510,98,207,9,82,18,0,1,6,421
820848511,82,154,6,24,4,1,0,5,276
820848512,117,200,6,73,2,0,0,25,423
820848513,45,157,3,122,16,2,1,9,355
820848514,65,111,2,208,11,0,2,10,409
820848515,64,135,1,43,1,0,1,33,278
820848516,94,83,5,32,8,0,0,13,235
820848601,87,150,3,30,1,0,0,4,275
820848602,137,245,6,58,6,1,0,8,461
820848603,126,175,3,26,5,0,0,0,335
820848604,140,109,4,78,2,0,0,3,336
820848605,116,179,10,86,5,2,0,5,403
820848606,112,229,4,114,15,1,0,9,484
820848607,145,240,7,117,6,0,1,22,538
820848608,85,151,6,49,5,1,0,12,309
820848609,101,151,1,102,8,2,1,7,373
820848610,226,259,5,138,24,5,1,12,670
820848611,29,55,1,241,4,0,0,2,332
820848701,27,71,3,6,0,0,0,0,107
820848702,133,121,8,10,2,0,0,0,274
820848703,120,81,33,17,2,0,0,7,260
820848704,205,161,8,14,3,1,0,3,395
820848705,48,177,1,41,3,2,1,17,290
820848706,305,104,0,124,4,2,0,12,551
820848707,292,116,0,33,3,0,1,7,452
820848708,133,236,26,29,9,1,0,0,434
820848709,109,175,11,27,3,0,0,3,328
820848710,140,167,24,41,4,0,0,0,376
820848711,77,106,7,23,3,0,0,12,228
820848712,63,125,5,41,3,0,2,7,246
820848713,112,139,4,26,2,1,0,13,297
820848714,77,128,7,17,0,0,0,9,238
820848715,71,113,4,18,1,0,0,1,208
820848801,88,132,7,149,13,0,1,4,394
820848802,80,131,4,105,13,2,0,7,342
820848803,103,102,34,28,5,0,0,0,272
820848804,118,113,28,42,3,0,0,0,304
820848805,124,110,7,53,3,0,0,5,302
820848806,63,128,9,185,14,1,1,8,409
820848807,44,63,3,325,4,0,0,36,475
820848808,200,101,15,27,3,0,0,3,349
820848809,100,86,35,44,0,0,0,1,266
820848810,152,116,46,38,3,0,0,9,364
820848811,143,113,95,105,6,1,0,4,467
820848812,90,115,2,127,15,6,1,22,378
820848813,91,114,11,79,4,1,0,5,305
820848814,86,38,71,50,11,0,1,12,269
820848815,78,85,8,77,4,0,0,10,262
820848816,89,173,9,100,4,0,0,13,388
820848817,21,34,15,209,9,2,3,2,295
820848901,109,116,15,20,0,0,0,2,262
820848902,108,146,14,153,4,0,0,9,434
820848903,90,66,0,328,10,5,2,25,526
820848904,97,56,9,159,10,2,2,15,350
820848905,181,154,18,44,5,0,2,9,413
820848906,116,89,9,13,3,0,0,6,236
820848907,103,100,7,43,3,0,1,14,271
820848908,22,53,1,71,5,1,0,2,155
820848909,68,219,2,132,3,0,1,7,432
820848910,136,257,12,133,7,1,1,8,555
820848911,137,252,11,347,34,2,9,10,802
820848912,78,155,4,432,23,0,6,17,715
820849001,6,8,5,166,3,0,0,0,188
820849002,158,87,21,230,10,0,3,14,523
820849003,129,143,37,148,3,1,0,6,467
820849004,102,84,47,55,1,0,0,1,290
820849005,62,54,28,51,3,0,0,1,199
820849006,26,21,25,26,0,0,0,1,99
820849007,93,85,36,301,4,0,0,7,526
820849008,61,45,64,94,4,1,0,4,273
820849009,74,35,9,22,1,0,0,1,142
820849010,65,43,77,120,5,0,0,3,313
820849011,45,59,44,214,4,2,3,2,373
820849012,64,57,38,159,4,0,0,3,325
820849013,91,27,19,101,2,0,1,2,243
820849501,2,0,0,1,0,0,0,0,3
820910101,40,10,4,141,3,0,0,5,203
820910102,146,115,20,94,3,0,0,5,383
820910103,57,118,14,115,3,0,0,1,308
820910104,28,33,1,72,3,0,0,1,138
820910105,6,10,1,100,4,1,0,9,131
820910106,45,24,4,35,0,0,0,0,108
820910107,25,45,18,156,1,0,0,8,253
820910108,18,22,2,78,7,1,0,0,128
820910109,11,1,1,59,1,0,0,3,76
820910110,7,13,1,20,2,0,0,3,46
820910111,4,12,1,66,5,0,0,0,88
820910112,26,29,12,188,7,0,0,0,262
820910113,28,101,9,169,2,1,0,8,318
820910201,5,4,2,51,6,0,0,0,68
820910202,7,3,4,56,4,1,0,1,76
820910203,1,4,4,131,4,0,0,1,145
820910204,10,2,6,41,2,0,0,0,61
820910205,0,0,0,10,0,0,0,0,10
820910206,1,4,0,124,4,0,0,1,134
820910207,0,1,1,95,4,0,4,0,105
820910208,1,1,1,17,1,0,0,0,21
820910209,10,3,1,72,5,0,0,1,92
820910210,2,1,2,48,1,0,0,0,54
820910211,14,5,0,175,5,0,1,5,205
820910212,0,0,1,35,0,0,0,0,36
820910213,0,0,0,49,0,0,1,0,50
820910214,1,3,1,310,1,2,0,2,320
820910216,3,0,0,26,0,0,0,0,29
820910217,1,5,8,97,13,1,0,0,125
820910218,9,0,3,27,0,0,0,0,39
820910301,15,15,2,44,1,0,0,0,77
820910302,64,131,26,75,5,0,0,2,303
820910303,21,35,3,90,1,0,0,0,150
820910304,71,87,26,281,5,0,0,12,482
820910305,14,88,3,90,4,0,0,0,199
820910306,61,150,8,115,14,5,0,3,356
820910307,17,31,1,47,2,0,0,0,98
820910308,62,149,11,44,5,0,0,12,283
820910309,67,87,12,25,3,0,0,12,206
820910310,75,187,33,67,4,0,0,8,374
820910311,50,85,12,34,2,0,0,2,185
820910312,189,84,15,186,7,0,0,1,482
820910313,114,102,23,69,0,0,0,2,310
820910314,68,89,8,161,1,0,0,10,337
820910315,33,33,2,73,7,0,0,1,149
820910316,0,2,0,2,0,0,0,0,4
820910317,90,158,18,220,7,1,0,5,499
820910318,75,91,29,127,5,0,0,8,335
820910319,111,116,11,31,0,1,0,9,279
820910320,84,61,9,64,2,0,0,17,237
820910321,90,99,20,128,5,0,1,8,351
820910322,100,183,23,108,4,0,0,20,438
820910323,118,66,16,14,2,0,0,9,225
820910401,23,24,0,82,1,0,0,0,130
820910402,6,4,6,62,2,0,0,0,80
820910403,28,27,3,104,1,0,0,0,163
820910404,7,3,4,94,0,0,0,0,108
820910405,0,1,0,23,0,0,0,0,24
820910406,1,2,0,33,2,0,0,1,39
820910407,0,1,0,35,1,0,0,0,37
820910408,50,39,14,213,9,0,1,3,329
820910409,12,24,13,98,1,0,0,0,148
820910410,25,41,16,208,2,0,0,2,294
820910411,4,10,0,62,2,0,0,1,79
820910412,2,3,0,30,0,0,0,0,35
820910413,2,0,1,26,0,0,0,1,30
820910414,2,4,0,37,1,0,0,0,44
820910415,8,6,0,61,5,0,0,1,81
820910501,78,99,22,86,7,0,0,4,296
820910502,79,159,39,69,2,0,0,5,353
820910503,26,138,8,98,2,0,0,1,273
820910504,96,124,37,97,7,0,0,0,361
820910505,138,239,68,196,6,0,0,15,662
820910506,140,117,20,58,5,0,0,2,342
820910507,140,136,32,411,12,1,1,11,744
820910508,85,115,15,288,15,2,0,7,527
820910509,47,118,6,311,5,0,0,2,489
820910510,13,27,0,45,1,0,0,2,88
820910511,22,19,6,85,9,0,0,0,141
820910512,21,77,6,92,0,1,0,1,198
820910513,107,71,4,131,5,0,1,6,325
820910601,30,21,3,424,5,1,1,1,486
820910602,105,34,3,176,3,1,0,0,322
820910603,73,39,10,208,1,0,0,0,331
820910604,65,22,15,114,1,0,0,6,223
820910605,120,25,4,123,1,0,0,0,273
820910606,70,38,9,129,2,0,0,4,252
820910607,42,17,2,130,1,0,0,0,192
820910608,54,25,29,343,19,1,1,4,476
820910609,68,20,8,218,8,1,0,2,325
820910610,45,46,2,322,13,0,0,2,430
820910611,97,47,14,207,5,0,0,3,373
820910612,86,24,3,390,5,0,0,2,510
820910613,25,8,1,147,11,0,0,7,199
820910614,84,35,7,110,4,1,0,0,241
820910615,8,3,2,152,6,0,0,6,177
820910616,57,13,15,84,4,0,0,2,175
820980101,0,3,0,20,0,0,0,1,24
820980102,0,0,0,19,0,0,0,0,19
820980103,0,0,0,7,0,0,0,0,7
820980104,0,2,1,15,0,0,1,0,19
820980105,1,1,0,38,0,0,1,0,41
820980106,0,1,0,17,1,0,0,0,19
820980107,0,1,0,13,0,0,1,0,15
820980108,0,13,0,82,1,1,14,0,111
820980109,0,1,0,10,0,0,0,0,11
820980110,0,2,2,24,1,0,0,1,30
820980111,2,3,2,29,0,0,3,0,39
820980112,0,3,1,38,0,0,6,0,48
820980113,23,100,17,134,7,0,1,2,284
820980114,21,97,9,257,4,0,2,5,395
820980115,0,3,0,28,0,0,1,0,32
820980116,0,0,0,27,0,0,13,0,40
820980117,0,2,0,52,1,0,0,0,55
820980118,25,137,17,237,2,1,3,0,422
820980119,12,52,1,191,4,0,12,8,280
820980120,14,75,24,135,2,0,1,1,252
820980121,20,65,1,294,7,0,13,16,416
820980122,14,36,0,257,1,0,24,7,339
820980201,1,3,1,49,2,0,22,0,78
820980202,0,7,2,23,1,1,6,0,40
820980203,1,4,2,154,5,5,51,6,228
820980204,0,0,0,22,0,0,1,0,23
820980205,1,1,0,92,2,1,69,0,166
820980206,2,4,6,194,7,0,69,2,284
820980207,2,16,3,311,8,1,77,1,419
820980301,1,2,1,10,2,0,0,1,17
820980302,0,1,1,78,2,0,78,1,161
820980303,0,0,0,0,0,1,14,0,15
820980304,1,2,1,40,2,0,72,3,121
820980305,0,1,0,43,1,0,27,1,73
820980306,0,0,3,25,8,0,16,1,53
820980307,0,0,2,10,0,0,2,0,14
820980308,0,0,1,29,0,0,13,0,43
820980309,0,1,0,16,0,0,23,0,40
820980310,3,6,0,67,1,2,100,1,180
820980311,0,10,0,422,6,1,58,0,497
820980312,0,2,0,36,1,0,69,1,109
820980313,4,0,0,5,1,0,28,5,43
820980314,0,1,1,34,1,1,8,0,46
820980315,1,4,1,58,1,0,36,0,101
820980316,2,7,1,323,11,1,432,15,792
820980401,6,60,6,181,6,2,76,5,342
820980402,5,34,2,235,5,1,42,4,328
820980403,14,29,14,158,1,0,15,0,231
820980404,4,8,1,113,5,0,81,3,215
820980405,12,30,10,172,1,0,38,0,263
820980406,12,29,8,191,1,0,4,0,245
820980407,58,196,0,38,1,0,3,1,297
820980408,6,43,14,167,2,0,7,0,239
820980409,11,29,4,148,7,0,10,2,211
820980410,8,34,4,128,9,1,107,0,291
821050101,4,12,1,93,1,0,2,0,113
821050102,12,35,2,135,2,0,1,1,188
821050103,6,36,5,216,2,0,0,1,266
821050104,0,3,2,45,0,0,0,1,51
821050105,25,44,23,205,2,0,0,0,299
821050106,0,2,3,17,2,0,0,0,24
821050107,5,34,7,94,4,0,0,1,145
821050108,7,25,4,171,4,29,11,4,255
821050109,7,12,3,156,11,9,1,0,199
821050110,23,11,6,157,13,10,2,1,223
821050111,32,59,12,122,3,0,0,1,229
821050112,67,51,12,145,2,1,1,0,279
821050113,1,11,2,20,3,0,0,1,38
821050114,48,47,26,136,5,0,0,0,262
821050115,13,21,11,240,10,1,6,5,307
821050116,37,82,13,135,4,0,0,7,278
821050117,76,106,38,74,5,0,1,4,304
821050118,83,67,21,72,2,0,0,3,248
821050119,63,73,18,127,5,0,0,2,288
821050120,52,95,19,167,2,0,0,5,340
821050121,1,17,8,173,5,0,1,0,205
821050201,6,5,5,37,0,0,1,2,56
821050202,2,3,1,18,2,0,0,1,27
821050203,0,2,1,27,1,0,0,1,32
821050204,12,7,3,54,2,0,0,0,78
821050205,2,1,0,50,0,0,0,0,53
821050206,11,8,4,34,1,0,0,0,58
821050207,2,0,1,17,0,0,0,0,20
821050208,3,5,4,18,0,0,0,1,31
821050209,6,13,4,42,7,0,0,1,73
821050210,15,11,10,30,2,0,0,4,72
821050211,19,15,3,50,1,1,0,3,92
821050212,115,97,19,57,6,1,0,0,295
821050213,120,202,51,94,13,0,0,8,488
821050214,52,85,22,260,2,0,0,0,421
821050215,5,8,0,65,0,0,0,0,78
821050216,0,0,2,26,0,0,0,0,28
821050217,75,44,15,157,2,0,0,4,297
821050218,21,39,15,201,14,0,0,3,293
821050219,9,7,0,34,3,0,0,3,56
821050220,49,107,12,53,1,0,0,3,225
821050221,109,100,26,143,5,0,0,6,389
821050222,122,81,29,139,4,0,1,4,380
821050223,63,63,38,46,1,0,0,2,213
821050224,75,70,43,116,1,0,0,7,312
821050225,47,69,15,8,0,0,0,2,141
821050226,86,47,15,59,1,0,0,2,210
821050227,75,57,14,101,2,0,0,1,250
821050228,22,67,5,250,14,0,1,20,379
821050229,77,91,22,23,7,0,0,3,223
821050230,78,76,18,66,0,0,0,1,239
821050231,55,60,33,114,0,0,1,12,275
821050301,10,39,6,544,6,11,2,1,619
821050302,29,75,6,216,2,1,0,0,329
821050303,53,88,62,144,4,0,0,1,352
821050304,44,126,17,59,2,0,0,0,248
821050305,60,114,38,75,2,0,0,1,290
821050306,21,79,18,269,22,0,0,2,411
821050307,31,111,6,103,1,0,0,0,252
821050308,36,113,17,231,9,1,1,1,409
821050309,0,4,0,13,0,0,0,0,17
821050310,17,90,8,355,7,8,3,1,489
821050311,27,62,12,128,5,0,0,0,234
821050312,35,125,25,73,3,0,0,0,261
821050313,10,116,14,69,1,0,0,0,210
821050314,21,122,6,88,2,2,0,1,242
821050315,21,26,0,86,2,1,1,4,141
821050316,17,55,8,232,9,1,0,0,322
821050401,50,31,4,265,5,0,0,0,355
821050402,77,57,10,128,6,1,0,12,291
821050403,77,90,24,105,1,0,0,2,299
821050404,79,83,16,69,8,0,0,1,256
821050405,86,40,7,100,2,0,0,0,235
821050406,62,105,4,95,0,0,0,0,266
821050407,142,83,15,138,7,0,0,4,389
821050408,65,86,19,74,2,0,0,4,250
821050409,128,113,22,80,4,0,0,4,351
821050410,62,98,33,178,13,0,1,12,397
821050411,89,90,9,72,2,0,0,8,270
821050412,147,88,9,153,3,0,0,9,409
821050413,57,41,1,244,10,0,0,2,355
821050414,64,109,7,249,9,0,0,6,444
821050415,19,16,40,204,4,0,0,1,284
821050416,25,52,8,237,2,0,0,2,326
821050417,74,25,2,137,7,0,0,4,249
821050418,41,60,17,133,6,0,0,6,263
821050419,78,103,50,248,4,0,0,6,489
821050420,60,64,22,119,2,0,0,5,272
821050501,4,7,1,34,1,0,0,0,47
821050502,101,76,22,151,1,0,0,5,356
821050503,41,42,2,96,0,0,1,1,183
821050504,34,28,14,71,12,3,4,6,172
821050505,71,94,34,100,1,0,0,2,302
821050506,85,86,35,113,6,0,0,13,338
821050507,20,17,2,82,7,1,3,6,138
821050508,60,71,11,140,10,1,1,12,306
821050509,28,54,7,113,9,0,2,5,218
821050510,1,11,1,18,1,0,0,0,32
821050511,44,95,6,138,3,0,0,3,289
821050512,90,71,13,64,3,0,0,6,247
821050513,183,139,21,65,8,0,0,1,417
821050514,113,148,7,90,6,1,0,1,366
821050515,115,55,18,28,3,0,2,3,224
821050516,46,56,9,104,4,0,0,9,228
821050517,17,35,1,129,4,2,7,3,198
821120101,2,23,1,138,0,0,0,0,164
821120102,1,1,1,60,0,0,0,1,64
821120103,2,15,4,297,4,1,0,2,325
821120104,12,6,2,156,1,0,0,0,177
821120105,2,8,1,275,3,0,0,1,290
821120106,1,4,2,40,1,0,1,0,49
821120107,0,4,1,45,4,1,0,2,57
821120108,7,17,4,231,4,0,0,0,263
821120201,0,0,0,20,0,0,0,0,20
821120202,0,1,1,39,1,0,0,0,42
821120203,0,5,0,262,9,0,0,0,276
821120204,1,0,0,107,0,0,0,0,108
821120205,0,3,1,162,1,0,0,2,169
821120206,3,0,0,105,2,0,0,0,110
821120207,3,9,3,169,1,0,0,3,188
821120208,12,5,2,214,3,0,0,1,237
821120209,30,64,13,343,9,1,0,3,463
821120210,13,41,3,296,3,0,0,2,358
821120211,0,1,3,45,1,2,0,0,52
821120212,0,1,1,35,1,0,0,0,38
821120213,0,2,1,54,0,0,0,0,57
821120214,0,0,0,18,0,0,0,0,18
821120215,1,1,0,18,0,0,0,0,20
821120216,2,4,1,90,0,0,0,1,98
821120217,5,13,0,246,4,0,1,1,270
821120218,9,45,11,295,1,0,0,0,361
821120219,13,59,20,205,0,0,0,0,297
821120301,0,3,3,38,1,0,5,2,52
821120302,0,3,2,35,0,1,0,2,43
821120303,0,3,4,167,4,0,1,0,179
821120304,0,0,0,16,0,0,0,0,16
821120305,0,1,5,20,3,2,0,0,31
821120306,0,2,3,36,4,2,0,0,47
821120307,1,3,3,69,1,0,0,0,77
821120308,0,0,0,15,0,0,0,0,15
821120309,0,0,0,23,3,0,1,3,30
821120310,2,3,5,86,10,0,0,0,106
821120311,7,18,10,267,1,1,0,0,304
821120312,1,2,1,93,2,3,1,1,104
821120313,0,5,5,67,2,0,0,4,83
821120314,4,14,6,372,3,1,1,5,406
821120315,0,0,1,18,0,0,0,0,19
821120316,1,2,0,292,2,0,0,0,297
821120401,1,10,1,432,2,0,0,0,446
821120402,0,29,7,193,21,0,0,3,253
821120403,15,47,16,130,0,0,0,0,208
821120404,20,56,23,277,6,0,0,1,383
821120405,8,13,2,421,4,0,1,10,459
821120406,1,15,0,368,2,0,0,13,399
821120407,8,19,9,291,4,1,1,7,340
821120408,16,51,12,261,1,0,0,1,342
821120409,8,76,20,176,4,0,1,2,287
821120410,26,91,39,230,3,0,0,9,398
821120411,11,42,29,155,5,0,0,2,244
821120412,20,37,5,379,2,5,0,4,452
821120413,6,8,2,555,7,0,8,5,591
821120414,18,51,12,214,5,0,0,5,305
821120415,14,93,42,317,7,2,0,2,477
821120416,14,40,9,229,4,0,0,3,299
821120417,9,49,11,145,1,0,0,2,217
821120418,3,9,0,226,0,1,0,1,240
821120419,4,14,4,359,4,0,0,8,393
821190101,31,40,10,96,6,0,0,3,186
821190102,114,144,29,247,22,1,0,38,595
821190103,8,7,1,23,0,0,0,1,40
821190104,85,116,1,29,3,0,0,30,264
821190105,127,248,3,63,8,0,0,7,456
821190106,152,141,21,68,10,0,0,7,399
821190107,69,50,9,51,3,0,0,1,183
821190108,95,108,16,58,7,0,1,0,285
821190109,47,67,23,54,3,0,0,1,195
821190110,90,78,43,201,16,0,1,6,435
821190111,103,53,14,91,3,0,0,2,266
821190112,12,6,10,16,1,0,0,2,47
821190113,0,4,4,4,0,0,0,0,12
821190114,0,0,0,2,0,0,0,0,2
821190115,12,14,1,13,0,0,0,0,40
821190116,3,13,14,15,0,0,0,0,45
821190117,124,116,39,149,5,0,0,4,437
821190118,46,109,0,84,3,0,0,6,248
821190119,72,98,1,140,10,0,2,5,328
821190120,79,134,8,692,55,1,1,4,974
821190121,57,155,6,294,39,3,6,3,563
821190122,37,77,3,152,16,2,0,0,287
821190201,92,160,36,81,8,2,0,5,384
821190202,63,57,1,307,8,0,1,9,446
821190203,69,173,3,188,16,1,0,0,450
821190204,118,183,16,19,5,0,0,7,348
821190205,161,182,18,16,2,0,0,6,385
821190206,141,199,9,21,0,0,0,3,373
821190207,107,76,9,7,3,0,0,2,204
821190208,89,116,8,12,3,0,0,8,236
821190209,104,112,7,11,4,0,0,1,239
821190301,12,15,0,39,0,0,0,2,68
821190302,159,156,5,155,7,3,1,24,510
821190303,92,136,25,9,3,0,0,0,265
821190304,120,131,19,210,10,0,0,1,491
821190305,65,101,34,23,1,0,0,7,231
821190306,107,107,5,71,11,1,0,11,313
821190307,43,109,2,31,2,0,0,6,193
821190308,144,208,3,250,21,3,9,28,666
821190309,81,116,39,17,1,0,0,16,270
821190310,41,55,5,53,6,2,0,8,170
821190311,83,128,6,45,4,1,0,0,267
821190312,50,99,1,131,10,0,1,12,304
821190313,53,87,23,94,5,0,0,5,267
821190314,86,74,97,36,3,0,0,8,304
821190315,1,9,1,16,0,0,0,0,27
821190401,3,4,0,32,3,1,0,0,43
821190402,61,123,6,94,18,0,0,6,308
821190403,95,208,7,38,6,0,0,3,357
821190404,71,188,12,35,4,0,0,1,311
821190405,2,0,42,7,6,13,0,0,70
821190406,32,90,2,132,10,1,1,0,268
821190407,36,65,1,218,10,0,0,3,333
821190408,175,128,6,50,6,1,0,4,370
821190409,141,230,12,86,13,1,0,8,491
821190410,129,186,17,20,5,0,0,2,359
821190411,6,10,73,3,0,0,0,0,92
821190412,134,128,10,15,5,1,0,4,297
821190413,88,178,12,74,10,1,0,6,369
821190414,145,194,13,166,15,3,1,17,554
821190415,132,197,9,67,6,1,1,6,419
821190416,82,149,15,43,9,4,1,5,308
821190417,144,281,6,67,9,1,0,7,515
821190418,97,129,5,2,0,0,0,1,234
821190419,131,184,10,16,6,0,0,6,353
821190420,130,118,11,29,3,0,0,3,294
821190422,112,156,26,37,3,0,0,6,340
821190423,64,88,3,65,7,0,1,9,237
821190424,92,144,17,58,8,1,2,6,328
821190425,113,117,13,23,1,0,0,7,274
821190426,34,31,0,264,19,0,1,2,351
821190501,11,6,8,18,2,0,0,0,45
821190502,171,117,12,87,9,0,0,5,401
821190503,182,83,66,112,4,1,0,2,450
821190504,19,14,10,35,2,0,0,1,81
821190505,0,0,0,0,0,0,0,1,1
821190506,14,18,6,28,3,0,0,0,69
821190507,146,92,3,197,13,2,0,15,468
821190508,122,80,21,68,5,0,0,4,300
821190509,137,54,27,39,4,0,0,2,263
821190510,174,85,16,104,23,1,0,14,417
821190511,117,80,49,106,5,0,0,6,363
821190512,85,43,55,28,3,0,0,4,218
821190513,118,75,24,38,9,0,0,3,267
821190514,136,96,51,57,14,1,1,6,362
821190515,189,87,19,225,10,2,0,8,540
821190516,17,14,59,26,3,0,0,0,119
821190517,76,37,16,62,6,0,0,4,201
821190518,42,38,44,75,11,0,0,1,211
821190519,62,40,23,272,6,1,0,2,406
821190601,19,23,8,47,1,0,0,0,98
821190602,147,83,22,9,6,0,0,2,269
821190603,198,168,20,98,4,0,0,7,495
821190604,120,104,18,41,9,0,0,5,297
821190605,5,3,0,10,0,0,0,0,18
821190606,116,53,12,45,0,0,0,0,226
821190607,3,7,0,6,1,0,0,0,17
821190608,188,155,20,121,15,0,0,23,522
821190609,187,113,15,101,1,0,1,1,419
821190610,16,4,2,25,5,0,0,2,54
821190611,128,154,15,25,2,1,0,6,331
821190612,147,140,13,63,1,0,0,8,372
821190613,8,4,0,9,0,0,0,0,21
821190614,162,91,27,41,1,0,0,4,326
821190701,95,189,12,80,6,0,0,5,387
821190702,140,127,10,127,8,0,0,7,419
821190703,65,159,7,128,4,0,1,8,372
821190704,81,128,4,102,4,1,1,10,331
821190705,111,172,16,115,16,0,0,0,430
821190706,113,114,42,43,7,1,0,7,327
821190707,72,88,10,15,2,0,0,1,188
821190708,97,137,18,32,5,0,0,8,297
821190709,71,136,15,62,9,0,0,4,297
821190710,117,104,20,35,0,0,0,1,277
821190711,90,75,26,12,1,0,0,4,208
821190712,84,132,39,26,1,0,0,2,284
821190713,21,24,7,37,0,0,0,1,90
821190714,89,123,21,29,2,0,0,4,268
821190715,99,171,9,192,13,3,0,12,499
821190716,94,149,7,91,8,1,2,17,369
821190801,77,150,12,66,10,0,0,15,330
821190802,96,254,18,81,9,0,0,8,466
821190803,150,186,10,19,2,0,0,2,369
821190804,126,173,13,17,2,0,0,2,333
821190805,81,187,5,225,20,0,1,12,531
821190806,59,117,12,13,1,0,0,1,203
821190807,102,146,37,38,8,0,0,6,337
821190808,163,159,15,24,5,0,0,9,375
821190809,138,94,15,23,4,0,0,13,287
821190810,173,128,15,11,3,0,0,14,344
821190811,56,135,11,19,5,0,0,13,239
821190812,87,81,4,8,1,0,0,1,182
821190813,135,141,7,32,4,0,0,10,329
821190814,124,159,3,78,6,2,0,20,392
821190815,105,141,6,130,12,3,3,3,403
821190816,93,137,4,85,10,1,3,1,334
821190817,6,21,0,29,2,0,1,0,59
821190818,104,98,19,16,2,0,1,11,251
821190901,1,0,0,26,3,0,0,0,30
821190902,20,64,2,148,8,4,0,14,260
821190903,61,110,3,88,9,0,1,7,279
821190904,71,151,7,28,9,0,0,1,267
821190905,56,86,1,60,11,0,0,2,216
821190906,159,190,16,107,9,0,0,37,518
821190907,109,121,16,17,4,0,0,8,275
821190908,114,82,24,15,4,0,0,2,241
821190909,109,98,8,27,0,0,0,6,248
821190910,90,61,5,17,3,0,0,3,179
821190911,102,77,1,11,0,0,0,0,191
821190912,104,80,18,12,4,0,0,5,223
821190913,103,216,9,165,4,0,1,5,503
821190914,12,5,0,25,1,0,0,4,47
821191001,110,75,36,10,2,0,0,1,234
821191002,31,147,39,4,0,0,0,0,221
821191003,112,97,12,12,0,0,0,2,235
821191004,122,127,8,18,3,0,0,2,280
821191005,104,142,3,19,4,0,0,9,281
821191006,54,84,2,130,4,0,0,7,281
821191007,118,154,7,97,10,0,0,13,399
821191008,167,87,11,11,4,1,0,12,293
821191009,144,55,41,12,2,0,0,4,258
821191010,80,76,4,4,1,0,0,1,166
821191011,141,127,14,7,2,0,0,8,299
821191012,191,138,18,13,1,0,0,6,367
821191013,116,101,37,16,2,0,0,6,278
821191014,114,78,7,13,0,0,0,3,215
821199301,5,6,0,10,0,0,0,0,21
821199401,0,1,1,2,0,0,0,0,4
821199402,3,1,0,1,0,0,0,0,5
821199403,0,1,0,4,0,0,0,0,5
821199601,0,2,0,0,0,0,0,0,2
821199701,1,0,0,1,0,0,0,0,2
821260101,38,69,23,80,0,0,0,0,210
821260102,9,16,5,48,0,0,0,0,78
821260103,15,27,1,72,8,0,0,0,123
821260104,71,102,21,126,1,0,0,0,321
821260105,12,14,10,82,3,0,0,5,126
821260106,101,148,7,150,2,0,3,0,411
821260107,49,144,4,125,8,1,0,6,337
821260108,83,176,12,113,3,0,1,6,394
821260109,95,98,7,40,1,0,0,9,250
821260110,77,130,16,50,2,0,0,5,280
821260111,15,12,1,24,0,0,0,1,53
821260112,12,14,4,57,4,0,0,2,93
821260113,12,19,1,26,4,0,0,2,64
821260114,76,89,10,53,3,0,0,0,231
821260201,79,54,39,215,1,1,0,3,392
821260202,33,54,16,216,11,0,0,1,331
821260203,1,1,0,20,0,0,0,1,23
821260204,15,6,1,57,0,0,0,1,80
821260205,0,9,0,38,1,0,0,2,50
821260206,49,50,7,114,5,0,0,0,225
821260207,64,82,11,224,16,0,0,3,400
821260208,105,99,42,223,12,0,1,8,490
821260209,130,78,48,102,4,0,0,0,362
821260210,138,94,20,205,11,0,0,4,472
821260211,0,12,0,16,0,0,0,8,36
821260212,17,7,2,27,6,0,0,2,61
821260213,3,7,2,51,2,0,0,1,66
821260214,9,0,0,29,0,0,0,0,38
821260215,7,17,2,71,2,0,0,0,99
821260216,2,3,0,39,0,0,0,0,44
821260217,51,95,21,214,6,0,0,0,387
821260301,21,26,5,31,1,0,0,0,84
821260302,99,140,69,49,3,0,1,5,366
821260303,85,132,102,30,0,0,0,0,349
821260304,59,100,41,155,2,0,0,6,363
821260305,6,32,4,83,4,2,0,0,131
821260306,14,11,40,25,0,0,0,1,91
821260307,146,89,32,117,2,0,0,4,390
821260308,18,31,0,131,2,1,0,2,185
821260309,107,147,4,92,3,0,0,3,356
821260310,93,76,21,59,8,0,0,2,259
821260311,170,108,35,64,2,0,0,5,384
821260312,146,65,17,31,2,0,0,0,261
821260313,83,75,22,267,10,1,0,0,458
821260314,90,94,21,127,7,2,0,3,344
821260315,118,99,30,29,1,0,0,3,280
821260316,95,80,8,10,0,0,0,1,194
821260317,112,126,39,183,3,0,0,2,465
821260318,74,97,26,36,2,0,0,7,242
821260319,59,69,24,196,8,0,0,2,358
821260401,103,111,26,198,9,0,0,0,447
821260402,21,17,2,33,0,0,0,1,74
821260403,14,22,0,26,1,0,0,1,64
821260404,164,101,33,124,2,0,0,1,425
821260405,101,134,2,102,4,0,0,2,345
821260406,139,146,37,71,5,0,0,1,399
821260407,23,31,8,139,3,1,0,0,205
821260408,94,84,30,83,0,0,0,3,294
821260409,124,150,39,183,15,0,0,6,517
821260410,109,81,36,50,1,0,0,1,278
821260411,154,103,51,175,8,0,0,2,493
821260501,89,83,30,16,1,0,0,3,222
821260502,121,106,7,65,4,0,2,0,305
821260503,147,103,29,97,2,1,1,4,384
821260504,196,59,25,37,2,0,0,1,320
821260505,174,88,19,31,6,0,0,4,322
821260506,134,112,12,296,8,1,0,3,566
821260507,156,86,21,47,1,1,0,0,312
821260508,124,105,10,52,5,0,0,1,297
821260509,77,109,18,124,3,0,0,4,335
821260510,115,121,41,46,9,1,0,0,333
821260511,136,117,92,53,1,1,0,2,402
821260512,116,86,35,145,3,1,0,10,396
821260513,93,71,54,45,0,0,0,5,268
821260514,75,98,4,95,6,0,0,12,290
821260515,26,30,60,190,6,0,0,0,312
821260516,111,147,43,62,6,1,0,0,370
821260517,37,27,24,319,3,1,0,0,411
821330101,0,1,0,21,0,0,0,0,22
821330102,0,5,0,34,0,0,2,0,41
821330103,0,0,0,11,0,0,0,0,11
821330104,0,1,0,21,1,0,1,0,24
821330105,0,0,0,13,4,0,0,1,18
821330106,0,0,0,3,0,0,0,0,3
821330107,0,1,0,61,0,0,0,3,65
821330108,0,0,0,24,0,0,0,0,24
821330109,0,0,0,3,0,0,0,0,3
821330110,0,0,0,0,0,0,0,0,0
821330201,2,1,1,279,1,0,4,1,289
821330202,0,0,0,19,0,0,7,0,26
821330203,0,0,0,6,0,0,0,0,6
821330204,0,6,1,146,0,0,2,0,155
821330205,0,0,0,4,0,0,0,0,4
821330206,1,0,0,80,0,0,4,0,85
821330207,1,0,1,28,0,0,7,0,37
821330208,0,0,0,4,0,0,1,0,5
821330209,1,0,0,93,0,0,0,1,95
821330210,0,0,0,5,0,0,0,0,5
821330211,0,0,0,44,1,1,5,0,51
821330212,2,2,4,412,1,3,4,1,429
821330213,1,4,1,258,1,1,0,0,266
821330214,0,0,1,39,0,0,0,0,40
821330215,0,1,3,42,1,0,4,0,51
821330216,0,1,0,25,0,0,0,0,26
821330217,0,0,0,15,1,0,2,0,18
821330218,0,0,2,22,2,0,3,0,29
821330219,1,3,0,254,2,3,1,0,264
821330220,0,0,0,3,0,0,0,0,3
821330301,0,0,1,4,1,0,1,1,8
821330302,0,0,0,0,0,0,0,0,0
821330303,0,0,0,57,1,0,1,0,59
821330304,0,0,1,11,0,0,0,1,13
821330305,0,0,0,12,0,0,0,0,12
821330306,0,0,0,1,0,0,0,0,1
821330307,2,0,1,29,4,1,1,1,39
821330308,4,1,0,52,2,0,1,1,61
821330309,0,0,0,15,0,0,0,0,15
821330310,0,0,0,42,1,0,0,0,43
821330311,1,4,0,111,5,0,1,0,122
821330312,0,1,0,75,0,0,0,0,76
821330313,2,3,1,482,6,4,4,2,504
821330314,0,1,0,62,1,0,2,0,66
821330315,0,0,0,22,0,0,0,0,22
821330316,0,0,0,16,1,0,0,0,17
821330317,1,0,0,15,3,1,0,0,20
821330318,0,2,0,40,1,0,1,0,44
821330401,12,9,1,336,8,11,3,3,383
821330402,1,40,7,272,11,4,1,1,337
821330403,8,30,0,204,1,0,1,0,244
821330404,11,43,7,300,9,3,0,2,375
821330405,43,81,12,208,5,0,0,0,349
821330406,8,12,6,261,4,3,1,2,297
821330407,23,45,4,162,2,0,0,1,237
821330408,14,25,8,118,0,0,0,0,165
821330409,13,21,4,250,2,1,1,0,292
821330410,11,41,3,348,6,0,0,1,410
821330411,11,33,17,184,2,0,1,0,248
821330412,24,40,9,275,4,2,0,0,354
821330413,5,18,4,267,4,3,6,0,307
821330414,15,16,3,218,8,3,2,0,265
821330415,18,19,2,464,4,15,2,5,529
821330416,1,2,1,265,2,6,1,3,281
821330417,5,13,3,350,3,0,0,0,374
821330501,0,0,0,41,0,0,0,0,41
821330502,0,1,0,19,1,0,0,1,22
821330503,0,1,0,8,0,0,0,0,9
821330504,1,2,0,97,3,2,1,3,109
821330505,0,0,1,54,4,2,4,0,65
821330506,0,0,0,1,1,0,0,0,2
821330507,0,0,0,4,0,0,0,0,4
821330508,0,0,0,6,0,1,0,0,7
821330509,0,0,3,48,1,3,4,0,59
821330510,0,0,0,12,1,3,0,0,16
821330511,0,7,1,59,1,0,6,0,74
821330512,0,0,0,19,2,0,0,0,21
821330513,0,0,0,8,0,0,0,0,8
821330514,1,0,0,32,4,2,0,0,39
821330515,0,0,0,20,0,0,2,0,22
821330516,0,0,0,11,0,0,1,0,12
821330517,0,4,1,107,3,1,2,3,121
821330518,0,2,3,47,2,0,0,0,54
821330519,0,0,0,0,0,0,0,0,0
821330520,0,0,1,14,0,0,0,0,15
821330521,0,0,0,0,0,0,0,0,0
821330522,0,0,0,41,0,0,0,0,41
821330523,0,0,0,26,0,0,0,0,26
821330524,0,0,0,33,0,0,0,1,34
821330525,3,3,0,30,2,3,0,0,41
821330526,0,0,0,13,0,0,0,0,13
821330527,0,0,0,17,0,1,1,0,19
821330528,0,1,0,50,2,1,0,0,54
821330529,3,0,0,5,0,2,0,0,10
821330530,0,0,0,14,0,1,0,0,15
821330531,0,0,0,13,0,0,0,0,13
821330532,0,0,0,11,0,1,0,0,12
821330533,5,4,2,285,36,3,3,3,341
821330534,1,1,0,226,12,3,3,5,251
821330601,0,0,0,8,0,0,1,3,12
821330602,4,1,1,30,0,0,38,0,74
821330603,0,2,2,95,4,1,3,3,110
821330604,7,42,43,436,8,0,1,1,538
821330605,7,10,5,389,3,2,3,0,419
821330606,0,0,0,10,0,0,0,0,10
821330607,0,0,0,5,1,0,0,0,6
821330608,2,0,0,94,1,0,2,2,101
821330609,0,0,0,8,1,0,0,1,10
821330610,0,0,1,18,1,0,1,0,21
821330611,0,0,1,7,0,0,0,0,8
821330612,0,0,0,11,0,0,0,0,11
821330613,0,0,1,15,0,0,0,0,16
821330614,0,0,0,40,0,0,0,0,40
821330615,0,0,0,8,0,0,0,0,8
821330616,0,0,0,6,0,0,0,0,6
821330617,1,6,3,250,8,5,13,8,294
821330618,8,14,0,268,13,1,0,1,305
821330619,9,52,13,528,8,0,0,0,610
821330620,14,5,1,469,6,5,7,3,510
821330621,2,65,15,203,3,1,0,0,289
821330622,0,0,0,18,0,1,1,0,20
821330623,1,1,0,20,0,0,0,1,23
821330624,0,0,0,15,0,0,0,1,16
821330625,1,0,1,6,1,0,0,0,9
821330626,0,0,0,17,1,0,0,0,18
821330627,0,2,0,12,0,0,0,0,14
821330628,0,0,0,8,0,0,0,1,9
821330629,7,15,6,440,4,3,0,0,475
821330630,3,18,6,236,3,0,0,0,266
821330631,5,9,5,248,5,0,2,0,274
860070101,1,3,0,5,0,1,28,0,38
860070102,2,11,4,31,1,0,35,1,85
860070103,3,11,3,80,4,1,36,8,146
860070104,0,2,1,11,4,0,89,0,107
860070105,50,79,5,43,13,0,3,3,196
860070106,66,103,30,111,44,2,3,12,371
860070107,88,56,36,137,37,2,4,1,361
860070108,33,91,37,86,29,0,3,2,281
860070201,1,1,0,3,1,0,3,0,9
860070202,1,1,0,7,1,0,17,1,28
860070203,1,3,0,29,8,0,3,1,45
860070204,0,0,0,6,0,0,0,0,6
860070205,2,2,0,3,0,0,0,0,7
860070206,45,74,21,142,23,0,2,0,307
860070301,0,1,0,7,0,0,0,0,8
860070302,0,3,0,17,0,0,2,1,23
860070303,3,4,1,24,0,1,0,0,33
860070304,0,2,1,19,4,0,10,0,36
860140101,8,2,1,113,3,0,115,10,252
860140102,6,3,0,2,1,0,59,3,74
860140103,1,1,0,25,0,0,72,5,104
860140201,3,0,1,23,2,2,28,4,63
860140202,10,3,1,54,3,0,87,3,161
860140203,3,0,0,3,0,0,37,0,43
860140301,4,0,1,13,1,1,31,8,59
860140302,0,3,0,1,0,1,5,0,10
860140401,1,1,0,6,0,0,12,0,20
860140402,4,4,0,34,0,0,12,3,57
860140501,0,1,0,17,1,0,20,0,39
860140502,11,34,0,177,7,5,19,53,306
860140503,6,88,0,123,11,1,16,1,246
860140504,19,90,0,111,19,1,6,3,249
860140601,1,0,0,15,2,0,4,0,22
860140602,1,6,1,28,3,0,20,0,59
860140603,22,22,1,60,6,1,16,1,129
860140701,1,0,0,0,0,0,0,2,3
860140702,41,5,3,34,14,0,158,35,290
860140703,154,64,6,65,22,1,7,16,335
860140704,140,49,5,84,41,0,40,13,372
860140705,126,71,17,47,21,3,16,7,308
860140706,163,93,13,34,15,3,24,5,350
860140801,4,0,1,3,1,1,55,0,65
860140802,0,1,1,12,0,0,26,3,43
860140901,21,14,3,57,26,0,40,7,168
860140902,3,1,2,5,0,0,70,8,89
860140903,3,1,0,26,3,0,31,0,64
860210101,1,4,0,5,0,0,21,0,31
860210102,2,5,0,19,1,0,30,1,58
860210103,5,30,1,72,5,2,30,2,147
860210104,7,22,1,38,2,2,50,4,126
860210105,0,4,0,13,1,0,17,2,37
860210201,16,59,1,199,25,2,68,7,377
860210202,8,40,2,151,19,1,79,11,311
860210203,0,4,0,11,0,0,18,5,38
860210204,8,31,0,49,11,1,78,7,185
860210205,1,8,0,23,1,0,36,8,77
860210206,9,28,0,109,3,0,5,1,155
860210207,32,118,4,73,19,0,3,0,249
860210208,93,120,2,32,17,0,2,3,269
860210209,43,105,0,85,19,0,2,2,256
860210301,1,8,0,5,1,0,36,1,52
860210302,4,12,0,21,1,0,17,0,55
860210303,3,1,0,8,0,0,5,1,18
860210304,1,3,0,12,1,1,24,1,43
860210305,0,0,0,2,0,1,7,0,10
860210306,2,5,0,4,2,1,9,3,26
860280101,0,1,0,12,0,0,81,1,95
860280102,0,0,0,28,1,3,63,13,108
860280103,1,0,0,12,0,0,48,9,70
860280104,2,0,2,1,4,1,64,0,74
860280201,0,0,0,7,1,0,45,0,53
860280202,0,0,0,1,1,0,32,0,34
860280203,1,2,0,3,4,0,94,0,104
860280204,1,3,0,9,3,0,43,1,60
860280205,0,4,0,4,0,0,71,3,82
860280206,19,41,2,41,18,1,58,4,184
860280207,50,120,11,48,4,0,68,3,304
860280301,2,2,0,25,2,0,142,8,181
860280302,8,9,1,56,10,0,58,2,144
860280303,1,4,0,9,3,1,67,3,88
860280304,42,82,16,70,39,0,8,4,261
860280305,31,58,6,55,49,0,2,10,211
860280401,1,6,0,28,5,0,51,6,97
860280402,2,0,0,26,3,0,21,6,58
860280403,7,18,2,59,5,0,93,6,190
860280404,10,7,0,48,11,5,32,13,126
860280405,4,8,0,29,3,0,70,2,116
860280406,4,10,0,54,13,3,160,0,244
860280407,36,74,5,97,7,1,13,12,245
860280408,94,64,18,153,67,1,16,6,419
860280409,94,155,14,75,34,1,2,3,378
860280410,20,60,3,130,14,0,19,3,249
860280501,3,1,0,46,7,0,81,8,146
860280502,2,3,0,24,10,1,85,11,136
860280503,2,5,0,22,0,0,69,2,100
860280504,77,77,5,121,27,2,17,14,340
860350101,1,1,0,12,20,0,31,2,67
860350102,0,0,0,37,3,0,38,0,78
860350201,2,5,0,15,1,0,29,1,53
860350202,3,2,1,8,1,0,13,0,28
860350203,6,15,2,69,3,0,51,6,152
860350301,2,0,0,12,0,2,19,5,40
860350302,0,0,0,4,0,0,18,1,23
860350303,1,1,0,8,2,0,29,8,49
860350401,9,13,0,63,7,0,52,0,144
860350402,8,18,5,26,9,4,54,4,128
860350501,1,2,2,41,0,2,106,2,156
860350502,2,2,3,36,1,0,67,12,123
860350503,0,2,0,17,1,0,44,3,67
860350601,10,30,0,88,10,1,157,8,304
860350602,15,89,0,40,7,2,29,16,198
860350701,12,57,4,19,1,0,5,1,99
860350702,14,17,3,41,6,1,35,4,121
860350703,16,18,1,46,2,1,22,0,106
860350704,64,99,1,107,4,2,14,6,297
860350705,8,12,0,29,9,0,13,1,72
860350706,6,33,4,34,4,0,15,0,96
860350707,50,98,2,99,3,1,0,2,255
860350801,15,14,0,28,1,0,35,2,95
860350802,3,18,0,17,6,1,26,2,73
860350803,17,49,2,62,7,1,72,5,215
860350804,115,89,4,79,8,0,1,0,296
860350805,142,132,10,84,10,0,8,3,389
860350806,63,74,10,107,12,1,1,4,272
860350807,101,171,10,99,47,4,22,0,454
860350808,85,112,11,41,10,0,5,5,269
860350809,54,148,13,64,11,2,4,1,297
860350810,99,151,143,40,11,0,4,5,453
860350901,5,14,5,34,1,0,91,4,154
860350902,7,12,4,29,2,0,37,0,91
860351001,34,102,7,84,35,9,126,4,401
860351002,11,50,6,29,9,1,88,0,194
860351003,10,8,0,6,1,0,27,0,52
860351004,15,55,1,34,13,0,57,14,189
860351005,28,26,5,29,1,1,28,1,119
860351101,101,107,62,50,5,1,1,1,328
860351102,30,36,2,65,4,1,52,8,198
860351103,15,15,1,15,1,2,10,0,59
860351104,16,24,0,14,3,0,13,0,70
860351105,3,21,2,6,2,0,3,2,39
860351106,13,33,100,4,2,0,18,6,176
860351107,106,201,7,100,32,5,66,1,518
860351108,92,117,266,1,0,0,0,0,476
860351109,76,190,123,12,3,0,10,70,484
860351110,0,0,0,1,0,0,0,0,1
860351111,21,18,57,0,0,0,0,0,96
860351112,40,14,265,1,0,0,0,0,320
860351113,18,69,312,0,0,0,0,2,401
860351114,52,62,112,57,2,4,8,27,324
860351201,26,35,0,23,1,1,9,1,96
860351202,32,75,3,35,1,3,13,5,167
860351203,30,88,6,22,14,0,35,9,204
860351204,9,39,5,33,2,1,38,10,137
860351205,59,229,9,76,6,5,20,12,416
860351206,34,105,35,34,2,1,3,18,232
860351207,131,172,31,43,6,0,2,39,424
860351208,213,19,43,1,0,0,0,0,276
860351209,97,154,11,0,0,0,0,16,278
860351210,120,147,9,2,0,0,0,1,279
860351211,212,56,3,0,1,0,0,2,274
860351213,87,137,10,66,5,1,4,5,315
860351214,136,41,135,0,0,0,0,70,382
860351215,118,123,13,9,2,0,4,4,273
860351216,36,130,43,4,1,1,0,1,216
860351217,40,87,79,7,0,0,0,46,259
860351218,113,48,20,0,0,0,0,0,181
860351219,58,239,45,94,22,1,7,7,473
860351220,126,133,3,9,1,0,2,3,277
860351221,5,24,2,4,0,0,0,1,36
860351301,89,107,146,1,0,0,5,29,377
860351302,81,199,15,31,6,2,4,1,339
860351303,82,206,18,118,6,0,3,9,442
860351304,92,115,5,10,3,0,0,0,225
860351305,26,108,39,7,1,0,0,3,184
860351306,83,117,25,10,0,0,0,4,239
860351307,35,194,16,152,20,5,0,3,425
860351308,183,182,12,57,9,2,0,8,453
860351309,35,122,0,76,23,0,1,0,257
860351310,42,177,6,23,3,0,0,7,258
860351311,65,103,104,1,0,0,0,9,282
860351312,78,97,113,2,0,0,0,3,293
860351313,121,48,64,11,2,0,0,53,299
860351314,88,108,46,31,4,4,2,22,305
860351315,90,156,17,54,7,1,5,7,337
860351316,30,178,12,110,12,2,4,1,349
860351317,37,167,16,14,1,0,0,5,240
860351318,120,121,3,39,9,2,0,2,296
860351319,35,89,227,4,5,0,0,26,386
860351401,94,282,5,93,8,1,10,1,494
860351402,58,131,7,70,13,5,0,0,284
860351403,140,166,30,56,43,0,0,6,441
860351404,106,126,3,68,5,2,0,2,312
860351405,56,162,5,129,9,0,2,3,366
860351406,23,214,7,17,3,0,0,9,273
860351407,29,84,1,75,35,0,6,2,232
860351408,98,102,3,96,6,0,0,0,305
860351409,84,164,21,13,4,0,0,3,289
860351410,95,134,15,7,0,2,0,6,259
860351411,83,130,18,8,0,0,0,3,242
860351412,42,241,25,3,3,1,0,7,322
860351413,89,152,9,6,0,0,0,4,260
860351414,119,238,5,35,12,0,0,11,420
860351415,83,148,6,23,0,1,1,3,265
860351416,37,156,3,32,5,1,3,0,237
860351501,89,136,14,15,3,0,0,1,258
860351502,101,149,13,18,2,1,0,1,285
860351503,75,128,13,20,10,0,0,4,250
860351504,29,329,15,10,1,1,1,3,389
860351505,45,146,38,11,10,0,0,7,257
860351506,102,190,17,48,6,4,1,2,370
860351507,91,125,48,13,5,1,0,4,287
860351508,29,109,7,13,0,0,0,2,160
860351509,59,161,20,15,5,0,0,2,262
860351510,57,231,23,32,8,0,2,11,364
860351511,73,207,30,27,3,0,0,10,350
860351512,42,95,8,63,7,0,1,0,216
860351513,67,133,30,53,14,1,2,0,300
860351514,94,146,13,21,4,2,3,1,284
860351515,135,145,16,19,0,1,0,4,320
860351516,55,198,12,49,3,1,8,5,331
860351517,35,144,3,59,1,0,3,10,255
860351601,68,87,23,3,2,0,0,6,189
860351602,87,120,15,8,0,0,0,2,232
860351603,65,174,34,16,0,0,0,2,291
860351604,90,269,20,19,1,1,0,1,401
860351605,104,137,13,6,1,0,0,4,265
860351606,46,113,10,18,4,0,0,0,191
860351607,136,174,18,4,0,0,0,3,335
860351608,64,156,21,11,2,0,0,5,259
860351609,158,194,16,31,7,1,0,15,422
860351610,124,164,85,20,2,0,0,5,400
860351611,33,145,8,64,7,0,0,8,265
860351612,83,228,12,92,4,1,8,7,435
860351613,73,116,48,39,1,1,0,2,280
860420101,1,2,3,38,2,0,29,8,83
860420102,0,0,0,14,0,0,1,1,16
860420103,1,1,0,18,1,0,0,0,21
860420201,0,0,0,9,0,0,2,0,11
860420202,0,94,0,159,2,0,2,0,257
860420203,0,1,0,14,0,0,0,0,15
860420204,0,2,0,8,0,0,1,0,11
860420205,50,51,1,125,4,0,0,2,233
860420206,32,61,49,277,20,0,0,0,439
860420207,45,54,2,246,33,1,4,6,391
860420208,40,79,21,197,5,0,0,0,342
860420209,25,93,11,190,26,0,0,1,346
860420301,10,10,0,88,2,2,0,2,114
860420302,1,3,0,9,0,1,0,0,14
860420303,1,9,1,12,2,1,0,2,28
860420304,1,2,0,12,0,0,2,0,17
860420305,22,42,0,46,23,1,0,1,135
860490101,6,23,0,37,5,0,123,4,198
860490102,6,18,2,42,6,2,76,13,165
860490103,0,2,0,5,1,0,58,0,66
860490201,48,123,5,90,3,0,75,2,346
860490202,99,297,14,66,9,4,17,3,509
860490301,1,3,0,3,1,0,3,0,11
860490302,3,4,0,4,1,0,0,0,12
860490303,174,130,72,14,0,0,2,5,397
860490304,158,92,26,4,1,0,2,0,283
860490305,112,136,82,8,0,0,0,10,348
860490306,55,157,120,10,3,0,0,7,352
860490307,37,176,41,32,6,3,1,0,296
860490308,22,146,4,74,2,1,2,1,252
860490309,44,164,4,47,5,2,2,3,271
860490310,43,99,4,62,7,1,4,14,234
860490311,41,125,7,76,13,0,38,0,300
860490312,41,55,30,72,8,0,2,1,209
860490313,4,73,52,5,0,0,0,14,148
860490314,64,243,61,20,1,0,0,13,402
860490401,2,2,0,0,0,0,79,0,83
860490402,0,4,0,7,2,0,120,2,135
860490403,6,10,0,3,3,0,18,0,40
860490404,6,8,0,4,1,0,17,0,36
860490501,161,277,15,126,16,7,38,21,661
860490502,199,170,2,115,15,1,25,10,537
860490503,37,163,7,63,4,1,6,0,281
860490504,90,141,65,14,0,0,5,0,315
860490505,40,80,50,22,2,0,1,0,195
860490506,62,165,32,52,2,0,2,1,316
860490507,33,115,23,38,8,0,0,10,227
860490508,100,130,68,3,0,0,0,13,314
860490509,98,161,37,46,3,0,0,4,349
860490510,1,37,1,6,72,0,0,0,117
860490511,29,191,7,1,2,0,0,0,230
860490512,93,92,82,1,4,0,0,15,287
860490513,68,99,61,0,0,0,0,21,249
860490514,16,245,82,42,2,0,0,19,406
860490515,127,135,37,0,0,0,0,4,303
860490516,211,131,18,0,0,0,0,14,374
860490517,34,143,36,10,0,0,0,0,223
860490518,64,174,69,2,0,1,0,0,310
860490519,112,155,101,0,0,0,0,4,372
860490520,56,148,26,28,2,0,11,2,273
860490521,30,111,45,1,0,0,0,0,187
860490522,50,183,83,5,0,0,0,1,322
860490523,18,4,96,1,1,0,0,0,120
860490601,2,4,0,19,2,0,67,1,95
860490602,3,0,0,8,2,0,49,2,64
860490801,71,193,17,31,3,0,0,6,321
860490802,24,145,7,49,8,0,1,1,235
860490803,48,98,25,10,0,0,0,1,182
860490804,40,123,3,9,3,0,0,3,181
860490805,42,141,13,1,0,0,0,6,203
860490806,21,119,7,1,1,0,0,2,151
860490807,31,131,25,10,0,0,0,0,197
860490808,32,131,6,10,0,0,0,4,183
860490809,46,176,5,8,2,0,0,19,256
860490810,138,116,61,0,0,0,0,7,322
860490811,83,87,8,8,1,1,0,1,189
860490812,53,310,20,16,2,1,0,3,405
860490813,85,151,13,8,2,1,0,10,270
860490814,28,98,4,73,2,0,0,1,206
860490815,25,197,5,8,2,1,0,0,238
860490816,21,164,2,24,2,0,0,0,213
860490817,25,327,2,12,4,2,0,17,389
860490818,58,126,2,17,0,0,0,2,205
860490819,70,141,7,7,0,0,0,8,233
860490901,66,91,8,99,14,6,0,1,285
860490902,87,111,4,10,4,0,0,2,218
860490903,62,133,25,10,0,0,0,3,233
860490904,95,137,23,11,3,0,0,3,272
860490905,91,110,9,14,0,0,0,3,227
860490906,81,136,5,11,1,0,0,2,236
860490907,58,100,10,2,0,0,0,2,172
860490908,54,132,12,5,0,0,0,2,205
860490909,111,152,3,13,0,0,0,0,279
860490910,46,64,3,3,1,0,0,0,117
860490911,38,99,2,2,0,0,0,0,141
860490912,107,51,4,3,0,0,0,0,165
860490913,79,119,5,5,1,0,0,0,209
860490914,106,96,5,2,0,0,0,1,210
860490915,83,149,18,9,3,0,0,0,262
860490916,86,127,10,12,1,0,0,4,240
860490917,61,161,12,26,1,0,0,4,265
860490918,77,194,17,8,0,0,0,6,302
860490919,187,58,6,0,8,0,0,0,259
860490920,23,119,1,1,0,0,0,1,145
860490921,61,118,4,4,1,0,0,1,189
860490922,53,107,2,6,1,0,0,0,169
860491001,57,249,14,56,6,0,4,0,386
860491002,27,85,1,120,5,0,18,0,256
860491003,81,252,6,148,11,3,4,6,511
860491004,23,162,0,79,7,2,0,7,280
860491005,62,183,26,4,2,0,0,9,286
860491006,44,201,0,130,7,2,0,5,389
860491007,81,235,5,14,2,0,0,3,340
860491008,25,169,10,68,4,0,1,6,283
860491009,57,208,22,3,0,0,0,1,291
860491010,79,120,8,1,0,0,0,6,214
860491011,62,122,29,1,0,0,0,4,218
860491012,59,220,24,0,0,0,0,1,304
860491013,57,111,6,2,0,0,0,0,176
860491014,79,111,11,2,0,0,0,1,204
860491015,84,162,18,2,2,0,0,0,268
860491016,67,197,16,8,0,1,0,2,291
860491017,49,278,16,27,15,0,0,0,385
860491018,63,197,10,28,5,0,0,9,312
860491019,64,206,22,9,9,1,1,2,314
860491020,99,162,5,4,2,1,0,3,276
860491101,81,222,20,38,1,0,0,4,366
860491102,59,198,22,6,2,0,0,4,291
860491103,57,234,9,60,5,0,2,0,367
860491104,38,119,21,35,3,0,0,2,218
860491105,31,65,3,140,2,0,0,0,241
860491106,90,189,14,31,8,1,1,20,354
860491107,49,124,62,5,2,0,0,3,245
860491108,211,106,0,0,0,0,0,0,317
860491109,60,165,120,14,1,0,0,3,363
860491110,90,116,59,4,1,0,0,1,271
860491111,108,176,44,8,0,0,1,0,337
860491112,71,274,24,6,0,0,0,2,377
860491113,107,241,8,14,1,0,0,1,372
860491114,161,173,12,1,2,0,0,2,351
860491115,132,144,24,9,1,0,0,12,322
860491201,77,136,3,3,1,0,0,0,220
860491202,84,110,43,5,0,0,1,1,244
860491203,47,189,24,2,0,0,0,0,262
860491204,67,165,13,7,1,0,0,3,256
860491205,26,159,16,8,2,0,1,0,212
860491206,94,176,18,4,1,0,0,1,294
860491207,21,116,3,58,1,0,0,33,232
860491208,179,62,6,45,0,0,0,11,303
860491209,95,113,1,23,0,0,0,0,232
860491210,31,97,6,175,10,0,0,0,319
860491211,115,42,6,3,1,0,0,12,179
860491212,126,38,6,0,0,0,0,7,177
860491213,30,89,3,130,4,0,0,2,258
860491214,86,133,12,6,4,0,0,0,241
860491215,37,139,3,68,9,0,0,2,258
860491216,27,107,10,141,1,0,0,0,286
860491217,21,107,2,118,17,0,0,0,265
860491218,44,64,3,101,2,0,0,6,220
860491219,96,77,5,43,0,0,0,6,227
860491220,26,150,4,34,1,1,0,0,216
860491301,81,187,9,10,1,0,0,0,288
860491302,65,131,7,10,0,0,0,0,213
860491303,65,163,9,4,0,0,0,7,248
860491304,97,192,14,4,2,0,0,0,309
860491305,55,235,17,7,3,0,0,1,318
860491306,132,148,25,5,0,0,0,3,313
860491307,33,134,20,51,7,0,0,8,253
860491308,77,130,12,6,2,0,0,0,227
860491309,54,301,19,8,1,0,0,0,383
860491310,96,179,5,7,0,0,0,1,288
860491311,96,161,3,12,1,0,0,1,274
860491312,80,104,14,14,0,0,0,0,212
860491313,50,77,4,4,0,0,0,0,135
860491314,59,120,3,1,1,0,0,2,186
860491401,69,95,18,3,1,0,0,1,187
860491402,69,177,21,14,3,0,0,1,285
860491403,101,206,14,10,4,0,0,1,336
860491404,61,163,14,3,7,0,0,0,248
860491405,140,118,13,2,1,0,0,1,275
860491406,54,192,10,19,2,1,0,3,281
860491407,64,132,4,11,0,0,0,1,212
860491408,20,156,3,10,5,0,0,0,194
860491409,28,115,19,6,0,0,0,0,168
860491410,36,228,11,3,2,0,0,1,281
860491411,63,170,19,2,2,0,0,1,257
860491412,130,172,20,7,1,2,0,7,339
860491413,68,128,29,41,0,0,0,0,266
860491414,19,114,1,61,2,0,0,1,198
860491415,30,168,13,79,0,0,0,3,293
860491501,73,189,14,8,3,0,0,0,287
860491502,67,145,4,10,2,1,0,0,229
860491503,104,224,17,0,2,0,0,2,349
860491504,60,108,50,45,0,0,0,3,266
860491505,19,70,55,52,1,0,0,2,199
860491506,109,172,23,31,2,1,2,8,348
860491507,63,131,8,24,2,0,0,3,231
860491508,113,278,26,22,7,2,1,8,457
860491509,95,182,21,7,0,0,0,2,307
860491510,65,175,21,6,3,0,1,1,272
860491511,66,139,4,31,1,0,0,5,246
860491512,66,212,6,12,6,0,0,2,304
860491513,107,48,25,2,0,0,0,4,186
860491514,86,206,16,64,10,4,0,4,390
860491515,62,124,12,6,2,1,0,1,208
860491601,117,210,10,24,4,0,1,3,369
860491602,66,243,19,28,3,0,1,3,363
860491603,97,174,8,6,9,1,0,2,297
860491604,65,246,13,16,1,0,1,7,349
860491605,74,236,9,18,3,1,1,1,343
860491606,75,167,5,11,9,0,1,1,269
860491607,65,194,4,57,4,0,3,1,328
860491608,38,45,196,1,0,0,0,0,280
860491609,6,18,244,0,0,0,0,0,268
860491610,45,201,7,45,6,0,3,1,308
860491611,85,145,15,0,0,0,0,0,245
860491612,88,63,141,1,0,0,0,2,295
860491613,143,171,9,1,0,0,0,12,336
860491614,40,100,0,76,4,0,5,2,227
860491615,59,208,8,40,4,1,1,9,330
860491616,46,123,2,48,6,3,9,1,238
860491701,36,121,3,10,3,0,0,4,177
860491702,40,155,10,7,0,0,1,0,213
860491703,39,198,12,3,3,1,0,3,259
860491704,33,204,8,55,4,1,0,1,306
860491705,43,212,13,8,0,1,0,2,279
860491706,47,190,9,23,3,0,0,10,282
860491707,59,184,5,26,14,5,3,7,303
860491708,40,145,4,20,3,2,1,13,228
860491709,77,203,33,24,3,0,1,13,354
860491710,43,180,6,86,5,5,0,2,327
860491711,50,209,12,30,2,0,0,1,304
860491712,156,252,16,20,4,1,0,0,449
860491713,71,82,8,123,3,0,0,7,294
860491714,17,73,11,193,8,0,0,0,302
860491715,99,145,11,0,0,0,0,58,313
860491716,48,194,4,11,5,0,0,12,274
860491717,28,182,32,14,13,0,0,30,299
860491718,41,196,11,25,1,0,0,10,284
860491801,54,150,0,70,5,0,12,2,293
860491802,54,172,86,47,4,1,4,1,369
860491803,59,182,13,27,6,0,1,7,295
860491804,98,134,77,21,2,0,0,10,342
860491805,86,130,131,1,0,0,0,0,348
860491806,100,89,44,3,0,0,0,2,238
860491807,120,77,72,5,0,0,0,28,302
860491808,86,143,29,1,0,0,0,18,277
860491809,115,70,129,10,0,1,8,1,334
860491810,88,135,33,1,0,0,0,37,294
860491811,94,57,23,33,1,0,0,4,212
860491812,5,48,9,19,0,0,0,2,83
860491813,25,59,114,33,1,0,0,1,233
860491814,106,72,33,0,1,0,0,2,214
860491815,117,113,47,0,0,0,0,24,301
860491816,111,32,120,0,1,0,0,34,298
860491817,138,84,64,0,0,0,0,3,289
860491901,1,8,244,0,0,0,1,0,254
860491902,4,94,269,58,0,0,0,2,427
860491903,5,13,414,0,1,0,0,0,433
860491904,6,196,158,2,0,0,0,0,362
860491905,4,139,222,0,0,0,1,0,366
860491906,9,111,292,0,1,0,0,2,415
860491907,24,16,156,100,4,0,0,0,300
860491908,8,93,277,1,0,0,0,0,379
860491909,44,89,158,1,0,0,0,0,292
860491910,7,16,48,1,3,0,0,0,75
860491911,9,88,182,2,0,0,0,22,303
860491912,12,93,191,3,1,0,0,27,327
860491913,15,33,119,19,0,0,0,0,186
860491914,2,51,280,2,0,0,0,0,335
860491915,8,34,152,2,0,0,0,0,196
860491916,52,162,25,55,3,0,7,3,307
860560101,4,0,0,27,13,1,132,6,183
860560102,3,1,0,62,3,3,313,18,403
860560103,4,5,1,52,0,1,153,19,235
860560104,13,14,0,230,19,3,80,43,402
860560201,0,1,0,13,0,0,39,0,53
860560202,25,14,0,34,0,0,68,6,147
860560203,11,2,2,18,13,2,124,7,179
860560204,0,1,0,24,10,9,48,5,97
860560205,2,0,0,39,1,2,69,0,113
860560206,8,0,0,8,4,0,40,0,60
860560301,2,0,0,8,8,0,38,14,70
860560302,6,0,0,16,6,1,29,6,64
860560303,31,15,15,9,15,0,48,8,141
860560304,15,0,0,18,5,2,63,14,117
860560305,5,2,2,18,9,1,28,7,72
860560306,278,28,11,25,27,2,5,17,393
860560307,170,130,38,10,6,0,8,3,365
860560308,166,39,1,77,6,0,9,7,305
860560309,139,14,5,9,44,0,3,16,230
860560310,97,79,9,19,5,0,3,1,213
860560311,139,50,7,33,10,3,0,12,254
860560312,232,148,44,36,20,0,1,10,491
860560313,91,51,9,31,15,0,0,2,199
860560314,138,12,6,9,17,3,13,19,217
860560315,161,59,4,14,8,2,9,15,272
860560401,2,4,0,7,4,1,41,6,65
860560402,26,1,1,35,10,0,44,4,121
860560403,18,1,2,21,14,0,23,5,84
860560404,71,39,6,17,6,1,8,12,160
860560405,208,52,0,43,19,2,16,7,347
860560501,29,13,8,183,65,0,81,27,406
860560502,56,57,4,97,10,0,25,11,260
860560503,89,35,5,70,9,0,35,12,255
860560504,77,31,4,90,2,0,58,5,267
860560505,65,86,20,71,10,1,18,11,282
860630101,0,6,0,3,0,0,3,0,12
860630102,4,25,0,44,11,0,61,5,150
860630103,9,29,0,63,3,1,74,3,182
860630104,5,15,1,12,0,0,68,3,104
860630105,2,13,0,11,4,0,8,2,40
860630106,36,120,6,22,8,0,7,3,202
860630201,6,53,4,16,7,0,29,8,123
860630202,1,3,0,1,0,0,57,0,62
860630203,2,2,0,4,1,0,65,2,76
860630204,1,1,0,1,0,0,23,1,27
860630205,10,126,2,42,17,1,81,16,295
860630301,6,33,7,7,1,3,43,3,103
860630302,3,2,0,4,0,0,30,1,40
860630303,27,156,9,28,21,3,22,7,273
860630401,0,6,0,3,0,0,20,0,29
860630402,0,15,0,15,0,1,12,0,43
860630403,4,73,2,58,9,0,13,3,162
860630501,1,1,0,0,0,0,62,6,70
860630502,0,2,0,2,2,0,26,2,34
860630601,12,132,3,37,1,2,4,1,192
860630602,48,212,12,13,1,1,1,0,288
860630603,9,66,75,4,0,0,0,1,155
860630604,19,135,1,40,5,1,0,2,203
860630605,52,211,70,0,0,0,0,2,335
860630606,43,153,18,16,0,0,1,0,231
860630607,34,141,31,2,0,0,0,1,209
860630608,23,203,10,0,0,0,0,1,237
860630609,56,167,34,19,1,0,1,2,280
860630610,63,196,13,28,2,0,1,3,306
860630611,47,188,3,17,5,2,3,5,270
860630612,51,197,5,8,2,0,0,1,264
860630613,17,185,3,30,6,4,2,5,252
860630614,65,179,6,21,4,0,1,3,279
860630615,47,156,9,12,1,0,0,0,225
860630701,0,0,0,0,0,0,0,0,0
860630702,0,0,0,0,0,0,0,0,0
860630703,0,0,0,0,0,0,0,0,0
860630801,19,112,0,173,29,0,2,2,337
860630802,5,128,12,91,17,0,0,0,253
860630803,35,104,10,19,3,0,0,4,175
860630804,25,167,9,14,3,0,0,7,225
860630805,51,101,3,45,4,0,0,3,207
860630806,85,142,21,9,1,0,0,3,261
860630807,22,198,53,0,0,0,0,0,273
860630808,26,156,7,18,5,1,1,2,216
860630809,26,105,8,14,1,0,0,3,157
860630810,83,190,21,17,0,0,0,2,313
860630811,59,178,2,22,12,0,6,6,285
860630812,15,119,1,35,4,0,2,2,178
860630813,35,224,4,28,5,0,1,7,304
860630814,31,132,8,21,2,0,1,2,197
860630815,18,230,5,46,11,1,18,2,331
860700101,2,2,1,9,0,1,85,18,118
860700102,2,3,0,8,0,0,93,31,137
860700103,0,3,1,11,1,0,139,5,160
860700104,5,2,1,23,2,0,101,28,162
860700201,25,27,1,44,13,1,148,10,269
860700202,20,21,2,39,17,0,330,18,447
860700203,53,87,10,17,0,0,17,10,194
860700301,0,0,0,6,0,0,31,6,43
860700302,5,0,0,10,1,0,132,4,152
860700401,79,50,10,55,13,5,427,17,656
860700402,16,15,1,17,0,1,225,16,291
860700403,5,10,1,5,0,0,167,3,191
860700501,3,4,0,2,0,0,117,2,128
860700502,8,7,1,11,3,0,109,0,139
860700503,11,20,0,6,0,0,177,22,236
860700504,1,0,0,0,0,0,38,0,39
860700505,10,7,1,14,3,0,105,1,141
860700601,3,7,0,7,0,1,70,1,89
860700602,2,3,0,6,3,0,68,4,86
860700603,88,130,35,39,35,0,64,15,406
860770101,22,45,2,37,8,2,192,10,318
860770102,4,6,1,12,0,0,176,7,206
860770103,17,59,36,25,2,0,76,32,247
860770201,3,9,0,7,0,0,92,4,115
860770202,38,62,4,172,21,5,167,21,490
860770203,8,12,0,33,3,0,126,29,211
860770204,5,3,1,8,0,0,83,2,102
860770205,74,140,8,123,7,2,18,2,374
860770206,26,89,1,86,30,1,11,4,248
860770207,31,93,3,77,6,0,12,5,227
860770301,9,15,0,99,2,0,107,6,238
860770302,26,30,3,94,13,1,31,7,205
860770303,4,5,1,43,1,0,4,1,59
860770401,2,2,0,2,5,0,31,0,42
860770402,5,7,2,18,3,0,112,3,150
860770403,4,2,0,75,9,0,59,3,152
860770404,1,1,1,9,3,0,30,1,46
860770405,21,31,1,48,31,4,70,18,224
860770501,28,96,2,44,5,0,30,13,218
860770502,35,180,32,57,1,0,14,8,327
860770503,53,98,1,20,7,0,6,8,193
860770504,25,79,0,73,7,0,8,2,194
860770505,69,129,57,27,8,1,14,12,317
860770506,67,69,7,61,6,1,11,11,233
860770507,48,65,6,45,11,1,1,5,182
860770508,100,156,17,32,7,0,5,6,323
860770509,88,61,5,25,3,0,0,5,187
860770510,70,57,13,26,2,0,2,3,173
860770511,38,77,9,66,8,0,5,2,205
860770512,32,92,28,42,9,0,3,12,218
860770601,56,81,2,22,0,0,5,11,177
860770602,33,142,14,17,1,0,0,3,210
860770603,75,101,14,26,0,0,0,1,217
860770604,88,78,11,30,3,0,0,4,214
860770605,61,115,3,26,1,0,0,9,215
860770606,50,89,5,28,1,0,0,2,175
860770607,56,43,4,38,1,3,6,11,162
860770608,97,130,1,89,9,0,10,15,351
860770609,81,108,2,8,0,0,0,15,214
860770610,27,68,4,111,18,1,13,4,246
860770611,47,93,1,74,5,0,7,6,233
860770612,34,109,4,42,14,0,8,24,235
860840101,1,2,0,9,0,0,13,1,26
860840102,1,6,0,72,1,0,47,1,128
860840103,0,1,0,8,0,0,17,0,26
860840201,1,15,1,27,2,0,74,0,120
860840202,0,0,2,2,1,0,41,1,47
860840301,24,22,1,52,8,0,77,16,200
860840302,0,11,1,7,1,0,28,2,50
860840303,1,14,1,11,4,0,53,3,87
860840304,10,32,1,8,1,1,26,3,82
860840305,15,28,0,21,10,0,10,5,89
860840401,1,1,3,35,8,0,8,0,56
860840402,0,0,0,4,0,0,18,0,22
860840403,1,1,0,9,2,0,3,11,27
860840404,0,2,1,8,1,0,1,10,23
860840405,3,21,3,55,2,0,5,0,89
860840406,16,80,7,90,4,0,0,1,198
860840407,3,41,7,183,16,1,2,1,254
860840408,28,69,11,107,8,0,0,0,223
860840409,13,63,30,89,8,0,0,0,203
860910101,0,0,0,118,4,1,8,0,131
860910102,0,2,0,32,4,0,3,1,42
860910103,3,1,0,109,2,0,16,0,131
860910104,0,0,0,71,0,0,12,1,84
860910105,5,6,0,285,6,2,40,1,345
860910106,0,4,1,165,7,1,14,0,192
860910107,4,5,0,91,2,0,5,2,109
860910108,0,12,0,1,0,0,0,0,13
860910109,8,86,7,234,14,0,2,0,351
860910201,1,1,1,58,2,0,1,0,64
860910202,0,1,0,17,0,0,2,0,20
860910203,3,0,1,60,4,0,8,1,77
860910204,0,1,0,5,0,0,0,1,7
860910301,1,0,0,12,0,0,30,0,43
860910302,0,1,0,12,0,0,14,0,27
860910401,1,7,1,28,0,0,3,0,40
860910402,0,3,0,15,2,0,48,1,69
860910403,5,45,17,57,7,0,15,0,146
860910404,2,29,0,132,5,0,8,4,180
860910405,1,5,0,187,3,0,6,0,202
860910406,19,92,2,255,7,1,22,2,400
860910407,6,21,3,92,5,0,53,4,184
860910408,0,0,0,12,0,0,34,0,46
860910409,2,9,0,19,2,0,0,0,32
860910410,38,108,32,127,20,0,9,2,336
860910411,35,60,1,198,18,0,0,3,315
860980101,9,6,0,21,0,0,29,6,71
860980102,1,9,0,0,0,0,6,1,17
860980103,8,2,0,12,1,0,98,1,122
860980104,3,9,0,2,0,0,19,1,34
860980105,0,2,1,3,1,0,22,4,33
860980106,2,1,0,5,0,0,22,0,30
860980107,0,1,0,3,0,0,7,0,11
860980108,89,148,6,71,18,0,29,12,373
860980109,187,136,0,51,102,0,0,0,476
860980110,91,96,10,85,24,0,19,1,326
860980111,50,118,17,43,13,0,20,6,267
860980112,25,54,2,79,11,1,15,1,188
860980201,8,9,1,22,3,0,72,11,126
860980202,0,0,0,5,0,0,7,0,12
860980203,3,0,0,3,0,0,34,0,40
860980204,3,7,0,3,0,0,20,7,40
860980205,23,106,0,31,10,7,74,1,252
860980301,8,16,0,16,5,0,21,1,67
860980302,2,7,0,8,1,0,21,5,44
860980303,3,1,0,0,3,0,5,0,12
860980304,0,3,0,5,0,0,1,10,19
860980305,28,73,3,97,19,0,161,11,392
860980401,48,9,6,80,12,0,53,13,221
860980402,2,12,0,36,1,0,91,2,144
860980403,2,1,0,73,8,0,79,2,165
860980501,1,0,0,12,1,1,33,15,63
860980502,12,10,1,21,9,0,146,3,202
860980503,12,14,0,132,8,2,90,20,278
860980601,1,1,0,4,2,1,19,0,28
860980602,0,3,0,5,0,0,44,1,53
860980603,0,0,0,2,0,0,13,0,15
860980701,4,2,0,3,0,0,5,19,33
860980702,1,1,0,5,2,0,9,0,18
860980703,1,3,1,2,0,0,1,0,8
861050101,75,85,4,101,11,1,222,22,521
861050102,17,3,0,0,0,0,36,2,58
861050201,60,93,116,34,10,0,8,3,324
861050202,3,13,0,13,1,0,14,0,44
861050203,19,35,0,133,16,4,160,22,389
861050204,49,81,2,117,10,0,128,20,407
861050205,96,132,16,31,17,0,2,2,296
861050206,78,132,6,51,15,0,0,1,283
861050207,89,206,15,9,17,1,0,5,342
861050208,98,141,13,26,11,0,1,4,294
861050209,105,163,8,47,15,0,1,0,339
861050210,155,144,18,21,7,1,0,1,347
861050211,67,137,8,43,7,0,1,2,265
861050212,107,129,26,10,4,0,2,4,282
861050301,35,60,3,53,1,4,153,26,335
861050302,5,19,0,12,0,0,97,29,162
861050303,0,0,0,7,0,0,25,62,94
861120101,11,3,0,3,0,0,19,0,36
861120102,3,0,1,5,0,0,60,0,69
861120103,10,0,0,5,8,0,21,0,44
861120104,2,0,0,0,0,0,33,1,36
861120105,6,1,0,3,1,0,36,0,47
861120201,3,2,1,20,0,0,46,1,73
861120202,0,2,0,7,1,0,15,0,25
861120203,29,38,9,35,15,0,33,5,164
861120302,0,5,0,7,1,0,29,0,42
861190101,7,19,0,42,19,3,303,2,395
861190102,40,57,2,155,21,3,154,27,459
861190103,39,89,11,127,18,0,50,6,340
861190104,83,134,17,156,16,5,30,9,450
861190201,3,21,0,37,1,0,43,3,108
861190202,0,0,0,15,0,0,18,0,33
861190203,5,11,3,28,1,0,14,18,80
861190301,3,3,1,96,4,2,25,7,141
861190302,1,5,0,23,15,1,26,4,75
861190303,4,7,1,58,0,0,35,10,115
861190304,0,0,1,14,0,0,21,0,36
861190401,7,10,1,43,7,0,53,8,129
861190402,2,2,0,12,0,0,5,1,22
861190403,3,1,1,14,0,0,24,0,43
861190404,8,32,1,156,14,2,101,15,329
861190405,5,7,13,73,8,0,23,1,130
861190406,54,179,6,210,23,0,13,4,489
861190407,52,131,14,75,7,1,7,9,296
861190408,47,245,7,79,16,0,3,1,398
861190409,98,107,20,152,28,0,1,0,406
861190410,33,98,5,229,19,0,18,11,413
861190411,15,76,13,131,7,0,17,2,261
861190412,24,90,2,163,74,0,4,3,360
861190413,19,126,29,245,14,2,41,20,496
861190414,44,104,4,175,34,0,10,8,379
861190415,46,19,34,111,2,0,14,3,229
861190501,12,10,0,28,2,1,242,21,316
861190502,7,13,0,24,0,0,294,42,380
861190503,1,8,0,5,0,0,126,19,159
861260101,0,9,1,2,2,0,31,1,46
861260102,1,1,0,1,0,0,4,0,7
861260201,20,63,1,21,9,0,69,0,183
861260202,2,27,0,2,4,0,4,0,39
861260203,9,96,0,8,3,0,5,0,121
861260204,2,50,0,17,16,0,6,0,91
861260301,19,63,7,76,9,0,28,7,209
861260302,3,39,2,25,9,3,8,0,89
861260303,7,25,1,44,1,0,13,2,93
861260304,0,6,2,5,1,0,18,0,32
861260305,2,23,5,2,1,2,23,0,58
861260306,4,10,3,5,0,0,7,1,30
861260307,11,208,40,29,13,0,3,3,307
861260308,27,203,15,40,14,0,15,13,327
861260309,47,306,43,14,8,0,1,0,419
861260310,33,413,5,29,9,1,0,4,494
861260311,66,199,13,12,8,0,4,2,304
861260312,43,259,7,8,8,0,0,2,327
861260313,17,237,14,9,7,0,0,0,284
861260401,4,35,2,2,6,0,21,17,87
861260402,2,61,3,10,4,0,2,0,82
861260403,9,78,2,18,8,0,11,0,126
861260404,0,15,0,7,1,0,4,2,29
861330101,1,10,3,49,4,0,1,0,68
861330102,0,1,0,53,1,0,36,2,93
861330103,1,25,2,128,4,0,2,1,163
861330201,1,1,1,28,2,0,104,13,150
861330202,0,1,0,22,1,1,27,16,68
861330203,3,5,1,226,8,1,3,1,248
861330204,0,3,0,182,4,0,1,2,192
861330205,51,109,9,182,3,0,0,1,355
861330301,0,1,2,103,8,1,15,24,154
861330302,1,1,2,33,2,1,44,1,85
861330303,0,4,0,93,7,1,32,1,138
861330304,0,1,0,26,0,0,3,0,30
861330305,0,0,0,41,1,0,3,1,46
861330401,0,0,0,57,1,0,0,0,58
861330402,0,1,0,42,1,0,0,0,44
861330403,8,49,1,285,4,0,1,0,348
861330404,0,4,0,306,7,2,0,0,319
861330405,0,1,0,48,1,0,3,0,53
861330406,0,2,3,136,12,1,3,0,157
861330407,24,91,0,74,5,0,0,1,195
861330408,27,54,1,125,3,1,0,4,215
861330409,78,78,4,48,0,0,0,0,208
861330410,25,133,12,325,10,5,2,1,513
861330501,0,2,0,14,0,0,0,0,16
861330502,0,2,0,19,0,1,1,0,23
861330503,14,1,0,17,0,0,9,0,41
861330504,4,34,0,65,9,0,1,1,114
861330505,9,24,0,276,4,3,0,2,318
861330601,0,5,0,69,1,0,0,1,76
861330602,0,1,0,23,2,0,25,5,56
861330603,1,1,0,51,0,0,15,5,73
861330701,1,8,2,196,2,0,21,1,231
861330702,6,5,0,95,7,2,21,3,139
861330801,0,0,1,38,2,0,24,5,70
861330802,1,4,1,67,13,1,145,7,239
861400101,9,26,0,4,5,1,60,4,109
861400102,1,25,0,2,1,0,13,5,47
861400103,3,43,1,24,12,8,103,0,194
861400104,2,2,2,16,9,0,35,3,69
861400105,1,36,10,55,13,0,28,1,144
861400201,8,31,9,35,2,1,18,9,113
861400202,3,19,1,17,11,1,24,2,78
861400203,0,13,1,5,2,1,43,2,67
861400204,13,15,1,4,3,0,91,0,127
861400205,31,113,22,14,15,0,2,3,200
861400206,26,223,16,48,20,0,4,2,339
861400207,20,148,9,30,24,0,2,1,234
861400208,19,156,4,18,6,0,1,2,206
861400209,26,116,21,70,39,1,4,0,277
861400210,29,158,16,18,15,0,0,5,241
861400301,7,17,0,24,4,0,95,1,148
861400302,3,11,0,5,3,0,49,0,71
861400303,8,14,0,7,2,0,111,1,143
861470101,3,5,0,122,0,0,10,3,143
861470102,28,54,0,205,4,4,11,1,307
861470103,2,67,7,264,10,1,13,1,365
861470104,1,10,1,118,3,1,25,0,159
861470201,4,16,3,118,1,0,43,9,194
861470202,8,56,0,292,4,1,19,3,383
861470301,55,336,78,361,14,1,2,4,851
861470302,7,74,2,66,6,2,6,1,164
861470401,24,160,13,349,14,4,1,2,567
861470402,6,43,11,58,2,0,2,1,123
861470403,23,114,1,34,4,1,0,0,177
861470501,2,19,0,146,6,1,9,1,184
861470502,14,92,0,124,7,2,37,5,281
861470503,4,3,0,63,1,0,49,0,120
861470504,26,81,0,18,1,0,0,0,126
861470601,9,22,1,97,7,0,7,5,148
861470602,2,20,0,30,1,0,70,4,127
861470603,1,39,1,30,3,1,44,15,134
861470701,1,14,0,18,0,1,8,0,42
861470702,2,10,0,32,3,0,21,10,78
861470703,22,71,6,119,3,0,3,8,232
861470704,17,65,0,102,7,2,30,14,237
861470705,6,52,0,33,3,1,16,0,111
861470706,50,66,2,40,2,0,2,2,164
861470801,66,164,73,34,3,0,0,3,343
861470802,41,151,5,109,5,0,1,1,313
861470803,54,219,17,4,2,0,0,1,297
861470804,48,128,10,4,1,0,0,3,194
861470805,52,130,12,7,0,0,0,2,203
861470806,47,198,8,9,2,1,0,2,267
861470807,59,240,3,49,1,3,3,2,360
861470808,46,234,4,33,12,1,0,8,338
861470809,82,151,0,16,1,0,0,3,253
861470810,26,119,22,21,1,1,0,1,191
861470811,81,147,12,52,4,0,1,9,306
861470812,73,137,17,27,4,2,0,0,260
861470813,22,131,5,66,1,0,0,4,229
861470814,121,86,36,65,3,0,0,0,311
861470815,34,81,3,2,1,0,0,0,121
861470816,52,142,5,7,0,0,0,0,206
861470817,28,112,3,21,3,0,0,1,168
861470901,50,93,35,49,0,1,0,2,230
861470902,58,224,3,65,2,0,0,7,359
861470903,48,147,20,17,3,0,0,2,237
861470904,31,133,0,38,3,1,0,3,209
861470905,22,192,2,36,1,3,1,2,259
861470906,42,133,6,6,3,0,0,0,190
861470907,22,33,5,2,0,0,0,2,64
861470908,22,122,6,4,0,0,0,0,154
861470909,51,163,2,15,2,1,0,2,236
861470910,24,123,4,4,0,0,0,0,155
861470911,33,30,16,3,0,0,0,0,82
861470912,28,153,3,19,3,3,0,0,209
861470913,17,146,2,7,0,0,0,0,172
861470914,45,107,0,64,3,0,0,9,228
861470915,48,129,10,12,0,0,0,0,199
861470916,12,169,0,49,1,1,2,0,234
861470917,17,180,4,6,2,0,0,3,212
861470918,17,113,2,25,2,0,0,0,159
861470919,5,177,1,18,0,0,0,1,202
861540101,6,10,0,13,2,0,0,0,31
861540102,11,14,1,43,7,0,0,0,76
861540103,1,3,0,10,0,0,0,0,14
861540104,5,15,1,23,1,0,0,0,45
861540105,0,10,0,19,1,0,0,1,31
861540106,79,119,58,35,4,0,0,2,297
861540107,65,82,27,164,12,0,0,2,352
861540108,62,86,25,54,2,0,0,1,230
861540201,0,11,0,14,3,0,1,0,29
861540202,2,8,0,49,1,0,0,0,60
861540203,28,26,4,89,3,0,0,0,150
861540204,0,3,0,1,0,0,6,0,10
861540301,0,0,0,10,0,0,16,0,26
861540302,11,11,2,26,2,0,1,1,54
861540303,19,11,0,29,4,0,0,0,63
861610101,13,34,2,76,3,1,22,3,154
861610102,25,40,6,71,14,1,58,15,230
861610103,22,28,0,39,23,2,26,4,144
861610104,11,18,3,52,13,1,18,3,119
861610105,55,121,9,96,10,2,15,6,314
861610106,40,54,6,72,18,2,25,5,222
861610107,62,104,6,37,6,0,0,19,234
861610108,37,143,26,51,20,0,0,0,277
861610109,83,159,42,31,13,0,0,6,334
861610110,121,102,8,85,22,1,6,0,345
861610111,52,82,10,109,19,2,5,4,283
861610112,43,68,24,96,39,1,9,4,284
861610201,2,13,0,25,1,1,37,8,87
861610202,7,6,4,10,0,1,12,2,42
861610203,50,127,23,29,15,1,56,3,304
861610204,9,13,0,161,6,4,23,2,218
861610205,50,72,9,6,0,0,10,16,163
861610206,26,67,2,102,6,0,12,7,222
861610301,36,111,2,86,23,2,106,5,371
861610302,21,61,2,105,22,3,79,14,307
861610303,7,10,1,9,0,0,18,0,45
861610304,5,18,6,26,5,1,16,5,82
861610305,24,59,3,79,32,0,63,2,262
861610306,25,48,1,40,19,2,7,10,152
861610307,9,9,0,19,3,0,2,0,42
861610308,125,205,22,91,15,1,1,9,469
861610309,43,125,16,46,19,0,1,5,255
861610310,91,50,19,77,5,0,0,1,243
861610311,52,91,25,24,2,0,2,10,206
861610312,87,111,24,30,11,0,0,1,264
861610313,39,83,36,25,4,0,3,3,193
861610314,64,126,23,10,4,2,0,0,229
861610315,36,88,1,90,19,2,6,0,242
861610316,71,118,4,100,16,5,6,9,329
861610317,74,68,16,42,11,0,5,6,222
861610318,45,110,145,17,4,0,2,0,323
861610319,48,117,6,40,15,0,6,3,235
861610401,8,23,1,23,10,0,8,0,73
861610402,14,21,1,39,8,1,8,5,97
861610403,18,25,3,49,16,1,6,1,119
861610404,70,53,0,49,9,0,18,5,204
861610405,10,40,1,40,10,0,19,0,120
861610406,29,32,3,27,7,0,28,1,127
861610407,8,5,0,26,0,0,12,3,54
861610408,2,10,0,18,2,0,15,1,48
861610409,98,103,12,78,9,0,0,3,303
861610410,100,144,6,55,9,0,2,4,320
861610411,57,85,31,19,5,0,1,3,201
861610412,24,112,1,127,40,0,2,2,308
861610413,57,71,1,45,12,0,2,0,188
861680101,4,4,2,14,5,0,82,1,112
861680102,2,15,0,11,0,0,81,0,109
861680103,5,9,0,21,3,1,107,6,152
861680104,4,15,1,19,2,0,46,0,87
861680105,10,95,2,12,21,0,5,4,149
861680201,2,19,1,10,3,0,122,8,165
861680202,4,4,6,21,2,0,161,7,205
861680203,1,28,2,22,3,0,84,2,142
861680204,8,16,0,13,4,0,80,12,133
861680205,14,123,4,10,9,0,35,0,195
861680206,20,294,5,26,21,0,5,5,376
861680207,35,165,10,26,50,0,15,4,305
861680301,2,18,1,13,3,2,168,17,224
861680302,1,3,0,7,5,1,120,43,180
861680303,0,1,0,9,2,0,53,0,65
861680304,3,0,0,14,0,0,90,12,119
861750101,13,69,3,104,21,1,108,4,323
861750102,1,2,2,8,1,0,47,2,63
861750103,2,9,0,18,8,1,71,11,120
861750201,7,9,3,16,2,1,41,2,81
861750202,0,1,0,5,1,1,65,0,73
861750203,0,0,0,8,0,0,118,0,126
861750204,74,66,9,74,14,1,19,9,266
861750301,8,34,2,55,8,0,76,7,190
861750302,5,1,0,4,2,0,31,11,54
861750303,2,2,2,19,2,0,128,11,166
861750304,28,28,1,41,8,0,127,2,235
861750305,3,5,0,41,6,0,104,2,161
861750306,72,51,1,25,20,0,4,3,176
861750307,56,67,8,56,23,0,11,6,227
861820101,0,0,0,0,0,0,13,1,14
861820102,1,7,0,3,3,0,18,2,34
861820103,1,21,0,19,3,0,40,1,85
861820201,1,4,0,6,1,0,45,0,57
861820202,0,1,0,0,0,0,6,1,8
861820203,2,3,0,10,6,3,51,1,76
861820204,2,4,0,9,5,0,21,0,41
861820205,33,58,4,105,50,0,9,4,263
861820206,33,72,2,132,54,0,41,9,343
861820301,0,2,0,0,1,1,69,0,73
861820302,0,12,0,8,0,0,38,5,63
861890101,85,113,1,58,28,0,19,5,309
861890102,7,38,4,26,11,0,29,2,117
861890103,74,88,7,53,21,0,12,2,257
861890201,36,78,5,42,17,0,72,8,258
861890202,5,34,3,10,3,0,85,21,161
861890203,1,0,1,1,0,0,6,0,9
861890301,2,10,1,26,1,0,124,0,164
861890302,57,46,3,69,25,7,65,6,278
861890303,97,52,9,60,14,0,32,2,266
900070101,0,0,0,14,0,0,0,0,14
900070102,0,3,3,12,1,0,0,0,19
900070103,0,1,1,38,0,0,0,0,40
900070104,2,1,2,79,0,1,0,0,85
900070105,2,5,0,75,0,1,0,0,83
900070201,0,0,2,29,0,0,0,0,31
900070202,0,0,2,24,0,0,0,0,26
900070203,0,1,0,18,1,0,1,0,21
900070204,2,2,1,111,2,0,11,4,133
900070205,1,10,5,128,2,0,2,2,150
900070206,0,1,0,69,0,0,8,0,78
900070301,0,0,0,28,0,1,0,0,29
900070302,0,0,2,15,0,0,0,0,17
900070303,0,0,0,18,0,0,0,0,18
900070304,0,0,0,17,0,0,1,0,18
900070305,0,4,0,26,0,1,0,1,32
900070306,0,3,1,112,1,1,0,2,120
900070401,1,4,1,63,0,0,1,0,70
900070402,0,1,1,58,1,0,0,1,62
900070403,1,2,0,123,0,0,0,0,126
900070404,2,4,3,69,0,0,0,0,78
900070405,5,8,2,217,0,0,3,0,235
900070406,0,1,0,11,0,1,0,0,13
900070407,1,4,1,85,1,0,1,0,93
900070408,7,36,4,290,9,0,1,2,349
900070409,8,36,0,250,5,0,1,0,300
900070410,1,6,1,310,1,1,0,11,331
900070501,0,10,0,51,2,0,10,0,73
900070502,0,3,0,44,0,0,5,0,52
900070503,1,3,1,71,1,0,11,0,88
900070504,0,0,1,51,0,0,15,0,67
900070505,2,6,0,76,0,1,12,0,97
900070506,1,2,0,79,2,0,1,2,87
900070507,0,5,0,57,2,0,7,0,71
900070508,3,9,4,61,1,0,9,0,87
900070509,4,30,2,77,0,0,0,0,113
900070601,3,7,4,110,2,0,0,0,126
900070602,2,12,0,77,0,0,0,0,91
900070603,0,7,2,30,0,0,2,0,41
900070604,2,13,3,117,1,0,0,0,136
900070605,0,2,0,70,1,0,0,0,73
900070606,3,1,2,115,1,0,0,0,122
900070607,1,7,1,168,0,0,6,1,184
900070608,0,7,6,61,0,0,0,0,74
900070609,1,8,6,108,0,3,2,3,131
900070610,2,15,1,91,0,0,1,0,110
900070611,2,20,3,225,8,0,0,0,258
900070701,0,2,4,105,1,0,0,0,112
900070702,1,23,5,75,0,0,0,0,104
900070703,0,7,2,125,2,0,0,1,137
900070704,1,5,1,138,1,0,1,0,147
900070705,0,1,6,50,0,0,0,0,57
900070706,0,2,1,11,0,0,2,0,16
900070707,0,4,4,48,1,0,2,0,59
900070708,0,5,0,64,0,0,0,0,69
900070709,1,9,2,49,1,0,1,0,63
900070710,5,19,5,320,10,1,0,0,360
900070711,5,7,6,111,2,0,0,0,131
900070712,17,62,4,328,3,3,0,0,417
900070801,0,4,0,102,1,0,0,0,107
900070802,0,2,0,27,0,0,0,0,29
900070803,1,4,1,77,3,0,0,0,86
900070804,0,3,1,30,0,3,0,0,37
900070805,0,12,8,162,3,0,0,1,186
900070806,2,3,2,57,0,0,0,6,70
900070807,6,7,2,270,10,0,0,0,295
900070808,1,14,9,147,8,0,0,4,183
900070809,0,5,5,48,6,0,0,0,64
900070901,0,1,0,21,1,0,0,0,23
900070902,0,0,3,80,1,0,0,0,84
900070903,15,6,3,126,0,0,0,0,150
900070904,1,0,5,190,2,1,1,2,202
900070905,0,2,2,50,0,0,1,0,55
900071001,1,4,0,141,19,0,1,0,166
900071002,0,1,0,51,0,0,2,0,54
900071003,1,4,3,56,0,0,1,0,65
900071004,1,7,2,39,0,1,0,0,50
900071005,6,18,6,182,3,1,0,1,217
900071006,0,4,0,41,0,0,0,0,45
900071007,3,45,22,222,16,3,4,0,315
900140101,2,3,2,107,3,2,3,0,122
900140102,4,8,5,247,6,1,0,2,273
900140103,2,25,3,372,11,5,0,1,419
900140104,5,24,1,132,12,3,0,3,180
900140105,9,31,6,154,1,0,0,1,202
900140106,3,21,0,132,4,0,0,1,161
900140107,1,16,2,244,8,1,0,1,273
900140108,15,49,2,150,3,0,0,0,219
900140109,25,165,37,252,6,1,0,1,487
900140110,6,66,3,296,3,0,0,2,376
900140111,0,3,0,160,0,1,3,2,169
900140112,15,153,56,396,3,0,0,2,625
900140113,31,137,7,229,11,1,1,3,420
900140114,22,122,8,317,5,0,1,2,477
900140115,12,40,0,367,6,0,0,7,432
900140116,20,99,11,330,4,1,0,1,466
900140117,1,3,2,203,3,0,0,0,212
900140118,23,9,0,261,3,0,0,0,296
900140119,8,23,1,228,2,0,0,0,262
900140120,1,75,11,148,0,0,0,2,237
900140121,65,154,5,161,6,0,0,24,415
900140122,12,53,2,372,1,0,1,1,442
900140123,9,111,5,200,7,0,0,0,332
900140124,17,119,17,127,6,0,0,1,287
900140125,6,36,3,220,8,0,0,1,274
900140126,8,172,7,348,10,1,0,3,549
900140127,16,116,8,294,0,0,0,0,434
900140128,15,105,3,136,2,1,0,0,262
900140129,10,56,3,245,0,0,0,0,314
900140130,11,15,1,477,8,0,0,2,514
900140131,18,62,3,339,7,1,0,4,434
900140201,0,1,4,54,2,0,0,0,61
900140202,0,0,10,122,0,0,0,0,132
900140203,0,1,0,29,3,0,0,0,33
900140204,0,4,4,132,4,1,1,1,147
900140205,0,1,6,173,4,0,0,0,184
900140206,0,2,2,37,0,0,0,0,41
900140207,1,42,8,296,6,0,0,0,353
900140208,11,46,30,260,11,2,2,1,363
900140209,5,10,4,203,6,0,0,0,228
900140210,3,9,24,210,3,0,0,0,249
900140211,1,5,7,237,1,0,0,3,254
900140301,0,1,3,222,2,0,0,1,229
900140302,3,1,1,46,0,0,2,0,53
900140303,0,1,0,26,0,0,1,1,29
900140304,0,3,1,56,1,0,4,1,66
900140401,0,2,2,32,0,0,0,0,36
900140402,0,4,1,49,0,1,1,1,57
900140403,1,2,7,195,6,1,1,1,214
900140404,3,15,6,207,14,0,0,2,247
900140501,0,1,0,19,0,0,10,2,32
900140502,0,5,0,67,2,0,27,0,101
900140503,2,2,3,90,0,1,34,2,134
900140504,0,0,0,40,0,0,33,0,73
900140505,0,0,2,45,1,0,21,1,70
900140506,0,1,5,63,1,0,21,0,91
900140601,1,2,2,113,1,0,11,1,131
900140602,0,0,0,13,0,0,1,0,14
900140603,0,0,1,5,0,0,0,0,6
900140604,0,3,5,10,2,0,2,0,22
900140605,0,0,2,4,0,0,0,0,6
900140606,1,0,1,122,0,0,11,0,135
900140607,1,1,4,42,1,0,0,0,49
900140608,4,9,9,149,0,0,0,3,174
900140609,9,42,9,227,1,0,0,1,289
900140610,13,22,21,297,9,2,2,1,367
900140611,2,18,13,218,2,1,10,3,267
900140612,2,4,16,271,2,1,6,0,302
900140613,0,6,5,286,2,1,25,1,326
900140614,2,20,6,204,5,0,7,2,246
900140701,1,24,8,85,0,0,0,0,118
900140702,0,0,0,10,0,0,0,0,10
900140703,5,37,26,140,4,0,2,0,214
900140704,3,27,8,141,5,0,17,8,209
900140705,2,0,4,41,0,1,8,0,56
900140706,5,5,4,124,2,0,9,2,151
900140707,1,2,1,30,0,0,0,1,35
900140708,1,32,13,137,10,0,29,1,223
900140709,0,3,2,41,1,0,17,0,64
900140710,1,44,26,269,2,0,8,6,356
900140711,3,11,3,249,1,1,24,1,293
900140712,8,24,43,194,4,0,4,1,278
900140713,5,27,22,318,24,3,38,2,439
900140714,3,26,6,234,3,0,16,7,295
900140801,0,5,3,54,2,0,11,2,77
900140802,3,5,1,39,3,0,11,0,62
900140803,0,7,11,46,2,0,32,0,98
900140804,0,1,3,40,1,0,8,0,53
900140805,5,27,8,116,5,0,8,0,169
900140806,1,8,0,33,6,2,17,0,67
900140901,11,46,3,159,7,1,3,1,231
900140902,5,35,2,91,1,0,1,0,135
900140903,1,18,9,110,2,0,11,1,152
900140904,1,9,1,61,2,0,1,0,75
900140905,3,12,0,121,2,0,3,2,143
900140906,4,27,5,92,0,0,2,0,130
900141001,2,24,6,120,1,1,3,1,158
900141002,1,14,10,89,0,0,0,0,114
900141003,4,15,5,142,1,0,3,4,174
900141101,0,3,0,64,1,0,0,0,68
900141102,5,37,5,238,1,0,0,0,286
900141103,0,2,3,37,3,0,0,1,46
900141104,2,10,5,146,0,0,4,1,168
900141105,4,0,3,347,3,0,0,0,357
900141106,3,44,5,337,2,0,0,0,391
900141201,11,53,1,192,3,0,0,2,262
900141202,4,24,7,146,2,0,0,1,184
900141203,1,8,0,58,0,0,0,0,67
900141204,6,57,2,367,8,8,4,0,452
900141205,3,8,1,321,3,1,1,0,338
900141206,7,8,0,232,3,1,0,0,251
900141207,7,35,4,264,3,0,0,0,313
900141208,12,49,5,182,2,1,0,0,251
900141209,20,123,11,177,3,0,1,2,337
900141210,3,160,17,253,0,1,0,3,437
900141211,1,15,8,264,11,0,0,0,299
900141212,10,79,16,159,1,0,0,0,265
900141213,9,152,4,166,2,0,0,0,333
900141214,6,108,6,212,5,1,0,0,338
900141215,3,79,5,125,0,0,0,0,212
900141216,27,112,8,83,0,1,0,1,232
900141217,4,93,3,250,2,2,0,0,354
900141218,12,55,22,182,2,0,0,0,273
900141219,13,84,8,221,2,0,0,0,328
900141220,0,11,2,12,0,1,1,0,27
900141221,2,15,6,111,19,1,2,3,159
900141222,8,66,5,349,3,0,1,0,432
900141223,3,101,24,191,3,0,0,0,322
900141224,0,0,0,201,0,0,0,1,202
900141225,4,10,3,186,1,0,0,1,205
900141301,4,236,3,100,3,0,0,0,346
900141302,6,125,10,138,1,0,0,0,280
900141303,30,155,23,184,2,0,0,6,400
900141304,12,111,3,55,0,0,0,0,181
900141305,3,44,15,175,2,0,0,0,239
900141306,17,180,7,230,19,3,1,2,459
900141307,7,42,1,245,2,0,0,0,297
900141308,15,73,5,140,6,0,0,4,243
900141309,12,104,3,126,3,0,0,1,249
900141310,9,139,2,331,2,0,0,0,483
900141311,1,30,0,342,1,0,0,3,377
900141312,16,179,9,201,3,0,0,0,408
900141313,2,14,0,229,14,0,0,0,259
900141314,0,3,0,192,8,0,0,0,203
900141401,0,1,1,5,0,0,0,0,7
900141402,0,0,0,8,0,0,0,0,8
900141403,0,3,1,26,0,1,0,0,31
900141404,0,0,15,31,0,0,0,1,47
900141405,4,25,47,199,3,1,0,6,285
900141406,1,15,20,220,5,0,0,6,267
900141407,4,29,14,277,3,0,0,1,328
900141408,24,83,29,362,4,0,0,4,506
900141409,7,50,18,311,4,1,0,2,393
900141410,5,12,12,233,2,0,1,2,267
900141501,2,16,9,229,4,0,3,0,263
900141502,2,8,18,191,17,0,10,1,247
900141503,0,1,1,27,0,0,0,0,29
900141504,4,31,12,390,4,0,2,2,445
900141505,0,2,1,76,0,0,0,0,79
900141506,6,126,10,235,9,0,0,0,386
900141507,33,67,42,285,36,1,0,0,464
900141601,6,6,3,165,3,0,0,0,183
900141602,49,211,25,92,17,1,0,0,395
900141603,15,106,20,99,0,0,0,1,241
900141604,15,109,13,65,2,0,0,2,206
900141605,20,154,5,108,3,0,0,1,291
900141606,13,105,1,109,0,0,1,0,229
900141607,9,147,0,94,3,0,0,0,253
900141608,52,133,11,75,0,1,0,0,272
900141609,23,133,11,91,2,0,0,1,261
900141610,21,46,6,127,0,1,0,1,202
900141611,18,116,5,91,6,0,0,0,236
900141612,11,129,1,68,0,0,0,4,213
900141613,21,122,13,228,6,0,0,0,390
900141614,9,57,4,229,2,0,0,0,301
900141615,3,80,27,231,10,1,0,0,352
900141616,20,65,39,375,21,0,0,4,524
900141617,5,112,1,137,3,0,0,0,258
900141618,6,81,5,234,3,1,0,0,330
900210101,0,0,0,2,0,0,0,0,2
900210102,0,1,0,99,4,0,0,0,104
900210103,0,0,0,0,0,0,0,0,0
900210104,9,10,4,281,3,2,1,1,311
900210105,0,1,3,133,5,2,0,2,146
900210106,0,8,2,120,0,0,0,0,130
900210107,1,1,0,57,2,1,0,0,62
900210108,1,3,0,170,0,1,2,0,177
900210109,1,2,3,216,8,2,1,1,234
900210110,2,3,0,158,5,0,1,0,169
900210111,0,2,1,104,11,0,0,0,118
900210201,0,2,0,56,2,2,0,0,62
900210202,0,7,0,66,1,0,5,1,80
900210203,0,1,0,104,2,1,0,0,108
900210204,5,7,2,170,3,2,0,3,192
900210205,4,46,7,425,6,0,1,0,489
900210206,2,2,0,179,3,2,0,0,188
900210207,0,4,6,152,2,1,2,5,172
900210208,6,11,3,106,3,1,0,0,130
900210209,0,2,1,132,7,3,3,0,148
900210301,1,4,5,99,6,3,0,0,118
900210302,1,3,1,123,4,0,0,0,132
900210303,0,3,3,135,2,0,3,0,146
900210304,5,8,1,105,1,0,1,0,121
900210401,0,2,3,94,6,3,2,0,110
900210402,0,0,2,47,0,0,2,0,51
900210403,2,3,1,125,0,2,1,2,136
900210404,0,3,2,60,2,0,0,0,67
900210405,0,0,3,20,1,0,0,0,24
900210406,2,16,3,144,9,2,4,0,180
900210407,2,4,5,263,4,4,0,1,283
900210408,8,15,10,170,3,1,0,3,210
900210409,7,19,3,292,6,1,0,0,328
900210410,10,29,7,189,2,0,0,1,238
900210411,2,16,17,227,4,2,3,1,272
900210501,0,2,3,143,1,0,0,0,149
900210502,6,11,3,266,3,1,1,2,293
900210503,0,12,6,166,3,0,1,1,189
900210504,1,1,1,134,1,3,5,0,146
900210505,0,0,3,17,0,0,1,0,21
900210506,0,14,2,189,3,0,0,2,210
900210507,1,20,5,320,2,0,0,1,349
900210601,0,0,0,25,1,0,0,0,26
900210602,15,13,1,463,11,0,0,7,510
900210603,8,38,2,311,4,1,0,5,369
900210604,1,79,3,278,17,0,0,0,378
900210605,80,122,4,140,3,0,0,2,351
900210606,29,195,4,106,1,0,0,0,335
900210607,5,20,1,277,2,2,0,1,308
900210608,33,134,17,206,1,1,1,1,394
900210609,6,3,0,159,3,0,0,0,171
900210610,16,79,31,266,6,0,0,2,400
900210611,12,136,18,147,1,0,0,3,317
900210612,11,106,77,101,3,0,0,0,298
900210613,40,77,38,63,0,0,0,0,218
900210614,35,72,81,168,4,0,0,0,360
900210615,3,39,6,196,3,0,0,0,247
900210616,19,36,81,126,4,0,0,0,266
900210617,4,6,3,88,82,0,0,0,183
900210618,1,30,6,227,4,0,0,0,268
900210619,5,26,4,164,9,0,0,0,208
900210620,1,18,15,129,2,0,0,1,166
900210701,1,50,50,322,5,0,0,1,429
900210702,4,58,20,270,8,1,0,0,361
900210703,1,58,0,168,1,0,0,0,228
900210704,3,44,5,131,6,1,0,1,191
900210705,0,32,1,169,4,3,0,3,212
900210706,28,131,17,198,5,0,1,1,381
900210707,13,95,14,160,2,0,0,17,301
900210708,26,64,6,87,2,0,0,0,185
900210709,2,36,1,246,8,5,0,0,298
900210710,16,67,4,242,2,14,0,1,346
900210711,10,70,1,58,11,0,0,8,158
900210712,11,78,14,125,7,0,0,2,237
900210713,0,57,3,104,20,0,0,0,184
900210714,34,65,4,160,3,1,0,0,267
900210715,8,21,4,71,167,1,0,1,273
900210716,5,46,1,132,85,3,0,0,272
900210717,0,13,0,288,5,0,0,0,306
900210718,1,3,11,205,2,4,0,0,226
900210719,2,8,0,393,35,1,0,0,439
900210720,14,28,0,240,4,2,0,0,288
900210721,0,11,0,210,0,1,0,0,222
900210722,2,3,0,279,2,0,0,0,286
900210723,2,33,2,181,2,0,0,5,225
900210724,20,87,152,24,1,0,0,0,284
900210725,1,7,1,401,2,4,0,1,417
900210726,12,1,1,260,6,0,0,0,280
900280101,13,57,7,284,13,1,0,0,375
900280102,14,39,3,283,11,0,0,0,350
900280103,22,56,13,287,4,0,0,0,382
900280104,17,63,10,218,5,2,2,0,317
900280105,20,61,5,217,5,0,0,2,310
900280106,17,38,8,158,9,0,0,1,231
900280107,5,45,7,208,1,0,0,0,266
900280108,14,37,7,275,1,0,0,0,334
900280109,14,36,4,163,4,0,0,0,221
900280110,6,39,12,153,3,0,0,1,214
900280111,11,81,9,230,7,0,1,2,341
900280112,40,271,12,104,5,2,0,1,435
900280113,1,10,3,196,53,2,0,0,265
900280201,0,0,0,1,0,0,9,0,10
900280202,0,2,1,41,0,0,0,0,44
900280203,0,1,0,58,0,0,0,0,59
900280204,1,3,11,28,0,0,0,0,43
900280205,3,5,4,100,0,0,1,1,114
900280206,11,24,7,472,8,1,0,1,524
900280207,6,3,4,235,3,0,0,0,251
900280208,3,5,43,153,1,1,0,0,206
900280301,0,0,0,5,0,0,0,0,5
900280302,2,3,1,67,3,0,0,0,76
900280303,0,0,2,31,0,0,0,0,33
900280304,1,2,3,107,0,0,0,0,113
900280305,6,15,7,208,4,2,0,1,243
900280306,8,26,3,164,8,2,1,0,212
900280307,1,11,4,249,2,3,0,0,270
900280308,0,0,3,5,0,0,0,0,8
900280309,1,10,0,61,0,0,0,0,72
900280310,2,7,5,81,0,0,0,0,95
900280311,3,3,1,54,0,0,0,0,61
900280312,2,22,2,78,2,0,0,0,106
900280313,0,0,1,1,0,0,0,0,2
900280314,0,0,0,20,0,0,0,0,20
900280315,0,0,1,2,0,0,0,0,3
900280316,2,10,0,224,3,0,0,0,239
900280317,2,15,4,255,11,0,0,0,287
900280318,6,22,47,285,9,1,0,0,370
900280319,4,15,22,273,2,0,0,0,316
900280320,5,4,0,180,6,0,0,1,196
900350101,1,7,1,200,1,12,7,1,230
900350102,2,0,0,26,0,3,2,0,33
900350103,0,2,1,25,2,1,0,1,32
900350104,0,0,0,8,0,0,0,0,8
900350105,1,0,0,18,0,2,0,0,21
900350106,0,1,2,35,1,0,0,0,39
900350107,1,0,0,21,0,0,0,1,23
900350108,0,1,0,10,0,0,0,0,11
900350109,0,0,1,36,1,1,2,2,43
900350110,0,0,0,54,0,9,1,0,64
900350111,0,7,6,109,3,19,9,1,154
900350112,2,3,2,129,2,10,6,0,154
900350113,4,47,10,256,1,4,1,1,324
900350114,2,15,3,259,3,2,0,1,285
900350201,0,0,1,18,0,0,5,0,24
900350202,0,0,0,14,0,1,5,0,20
900350203,0,0,0,9,0,0,1,0,10
900350204,0,3,0,29,3,0,4,1,40
900350205,1,5,1,67,1,0,5,1,81
900350206,2,0,0,84,3,0,8,0,97
900350207,0,0,0,63,0,2,0,6,71
900350208,0,1,1,30,2,5,10,0,49
900350209,1,9,9,12,3,1,1,1,37
900350210,0,0,0,4,0,1,0,0,5
900350211,0,0,0,5,0,0,1,0,6
900350212,9,21,6,189,3,1,2,2,233
900350213,3,18,7,318,5,1,2,5,359
900350214,3,8,4,165,3,2,0,2,187
900350301,2,4,0,71,0,0,1,2,80
900350302,0,0,0,38,1,0,0,0,39
900350303,0,2,0,29,0,0,0,0,31
900350304,0,1,0,36,0,0,1,2,40
900350305,0,0,0,40,1,0,11,0,52
900350306,0,0,0,9,3,0,0,0,12
900350307,1,0,1,44,1,0,3,0,50
900350308,0,0,0,12,0,0,0,0,12
900350309,0,0,0,23,0,0,0,0,23
900350310,0,1,0,92,1,1,1,1,97
900350311,1,1,0,41,0,2,1,1,47
900350312,4,19,5,303,11,1,2,13,358
900420101,29,81,14,185,2,2,2,2,317
900420102,21,30,3,277,17,2,1,1,352
900420103,15,58,5,105,1,0,0,0,184
900420104,20,64,7,85,4,0,0,2,182
900420105,6,93,6,136,0,1,0,0,242
900420106,7,42,15,101,87,1,0,0,253
900420107,25,35,1,212,58,0,0,0,331
900420108,28,154,12,149,2,3,1,1,350
900420109,7,53,11,81,2,0,0,1,155
900420110,17,52,2,118,2,1,0,0,192
900420111,3,23,1,127,0,0,0,0,154
900420112,5,74,23,108,5,1,0,1,217
900420113,7,12,2,256,3,0,0,0,280
900420114,118,124,38,22,0,0,0,0,302
900420115,15,35,111,119,1,1,0,0,282
900420116,2,47,4,169,2,0,0,1,225
900420201,3,4,1,124,3,3,2,2,142
900420202,0,2,3,47,3,2,3,0,60
900420203,1,0,0,38,1,6,1,0,47
900420204,0,3,0,41,2,2,0,0,48
900420205,0,1,0,58,1,1,0,0,61
900420206,0,1,0,44,0,2,0,0,47
900420207,0,3,0,52,0,1,1,0,57
900420208,3,4,1,144,7,10,1,0,170
900420209,0,12,2,233,3,11,15,0,276
900420210,0,4,0,103,10,14,2,1,134
900420211,10,14,4,243,7,16,2,6,302
900420212,3,18,8,444,11,19,1,2,506
900420213,0,3,1,88,4,7,5,0,108
900420214,4,5,1,213,8,4,2,2,239
900420215,3,2,1,127,1,1,1,4,140
900420216,0,7,1,138,1,0,0,1,148
900420217,1,1,0,146,2,4,0,0,154
900420301,0,4,0,40,0,4,1,0,49
900420302,2,12,1,178,1,5,0,0,199
900420303,0,1,1,68,1,0,2,0,73
900420304,1,2,0,59,4,1,0,2,69
900420305,0,3,1,75,2,1,14,0,96
900420306,5,37,5,237,5,1,1,0,291
900420401,1,0,0,17,0,0,3,0,21
900420402,2,1,0,75,13,3,2,3,99
900490101,1,3,1,131,1,2,1,0,140
900490102,1,8,1,209,1,7,2,0,229
900490201,9,10,4,105,5,9,2,5,149
900490202,0,3,1,12,0,1,0,0,17
900490203,6,9,2,257,18,6,0,5,303
900490204,0,6,1,322,11,26,1,1,368
900490205,0,2,0,61,1,5,0,1,70
900490301,1,23,5,169,8,10,1,0,217
900490302,1,3,0,69,1,5,0,0,79
900490401,6,11,5,93,3,2,1,0,121
900490402,3,7,1,149,3,3,0,0,166
900490403,0,3,0,130,3,5,0,0,141
900490404,1,1,0,27,0,0,0,0,29
900490501,3,9,1,258,6,6,1,0,284
900490502,1,6,1,111,0,5,0,0,124
900490503,0,2,1,8,0,1,0,0,12
900490504,0,1,1,25,1,2,0,0,30
900490505,0,1,0,7,0,0,0,0,8
900490506,1,5,3,74,0,1,0,1,85
900490507,0,1,0,39,1,0,0,0,41
900490508,8,61,14,143,2,3,0,1,232
900490509,17,65,12,289,3,4,0,0,390
900490510,11,40,6,242,6,4,1,0,310
900490511,15,37,5,284,10,6,0,0,357
900490512,0,8,0,192,3,4,0,0,207
900490601,0,0,0,0,0,0,2,0,2
900490602,1,10,1,131,2,3,1,0,149
900490603,1,3,3,45,0,1,1,0,54
900490701,0,1,0,0,0,0,0,0,1
900490702,0,5,3,115,4,0,1,2,130
900490703,6,24,6,116,9,0,0,1,162
900560101,0,1,2,25,0,0,1,0,29
900560102,0,4,2,27,0,0,0,1,34
900560103,2,31,5,224,12,0,0,0,274
900560201,1,0,0,47,0,0,2,0,50
900560202,0,0,0,1,0,0,0,0,1
900560203,18,8,16,131,3,0,2,0,178
900560301,3,31,17,195,2,0,0,0,248
900560302,26,27,26,225,2,1,0,1,308
900560303,5,9,50,159,0,0,0,0,223
900560304,3,2,40,113,4,0,0,0,162
900560305,13,22,9,315,6,0,1,1,367
900560306,14,76,122,140,2,1,0,0,355
900560307,18,32,9,152,2,0,0,2,215
900560308,33,74,42,166,3,0,0,0,318
900560309,6,44,21,211,4,1,0,1,288
900560310,6,34,15,241,2,2,1,4,305
900560311,12,52,19,340,6,0,0,0,429
900560312,28,35,12,292,1,0,0,0,368
900560401,2,2,19,57,1,1,4,13,99
900560402,9,9,13,185,7,2,0,2,227
900560403,3,1,6,92,13,0,0,0,115
900560404,0,0,0,33,0,0,1,1,35
900560405,1,1,3,18,0,1,3,0,27
900560406,1,10,0,64,1,0,6,1,83
900560407,0,4,1,19,0,0,0,1,25
900560408,2,6,0,143,1,0,0,1,153
900560501,6,13,0,48,1,0,6,0,74
900560502,4,51,8,168,3,0,7,0,241
900560503,1,24,2,84,1,1,4,1,118
900560504,6,33,4,142,6,0,4,0,195
900560505,2,14,1,61,1,0,1,0,80
900560601,0,2,5,35,0,0,1,0,43
900560602,2,15,2,97,15,0,4,7,142
900560603,12,15,4,117,9,2,33,1,193
900560604,1,0,0,26,0,0,7,1,35
900560605,0,7,2,35,1,0,0,0,45
900560606,0,16,1,72,3,0,8,0,100
900560607,0,5,5,46,0,0,7,1,64
900560701,0,4,2,82,1,0,13,0,102
900560702,7,41,25,230,9,0,7,3,322
900560703,1,2,4,18,2,0,9,0,36
900560704,6,3,2,120,1,1,8,0,141
900560705,0,10,1,54,0,1,19,2,87
900560706,0,2,0,81,0,0,20,0,103
900560801,0,4,0,52,1,0,1,1,59
900560802,1,0,0,30,0,0,2,0,33
900560803,0,3,2,112,0,0,0,0,117
900560804,0,7,0,88,3,0,2,1,101
900560805,0,19,3,180,6,0,12,1,221
900560901,1,13,1,49,2,1,4,0,71
900560902,0,0,0,4,0,0,0,0,4
900560903,11,49,2,64,3,1,1,1,132
900560904,3,27,2,114,1,0,2,0,149
900560905,1,0,1,17,2,0,2,0,23
900560906,0,4,0,46,0,0,12,1,63
900560907,8,50,1,50,0,0,1,0,110
900560908,0,0,1,88,0,0,18,0,107
900560909,0,2,0,42,1,1,2,0,48
900560910,0,1,0,26,0,1,7,0,35
900560911,0,0,0,33,2,1,4,2,42
900561001,0,2,0,115,2,0,25,1,145
900561002,0,1,0,13,0,0,2,0,16
900561003,2,0,0,158,0,0,22,0,182
900561004,1,1,0,105,0,0,9,1,117
900561005,0,1,1,99,2,0,6,0,109
900561101,0,0,1,4,0,0,0,0,5
900561102,0,1,2,4,0,0,0,2,9
900561103,1,0,1,26,0,0,3,2,33
900561104,3,4,6,75,1,3,2,2,96
900561105,0,6,1,76,0,0,5,0,88
900561106,1,2,1,54,1,0,8,0,67
900561107,1,3,4,189,8,1,5,0,211
900561108,4,28,3,245,6,2,4,1,293
900561201,0,7,3,71,2,0,3,0,86
900561202,1,16,6,64,0,0,6,2,95
900561203,4,45,3,132,0,0,1,0,185
900561204,4,18,0,122,3,2,15,1,165
900561205,7,25,9,79,1,0,4,0,125
900561206,0,20,0,100,2,0,4,0,126
900561207,7,16,6,115,0,2,5,2,153
900561208,0,3,0,27,0,0,3,0,33
900561209,0,24,1,61,2,0,1,0,89
900561210,0,5,0,18,1,0,9,0,33
900561211,0,9,7,91,2,0,7,1,117
900561212,1,11,4,73,3,0,3,1,96
900561213,20,31,1,227,6,0,0,0,285
900561301,0,5,4,128,2,0,1,0,140
900561302,1,9,1,72,1,1,4,0,89
900561303,0,0,3,37,1,0,0,0,41
900561304,1,4,2,179,10,1,4,1,202
900561305,10,46,7,211,5,0,4,6,289
900561306,0,4,1,31,0,0,0,0,36
900561401,0,10,2,55,1,1,2,1,72
900561402,2,11,1,60,7,1,3,0,85
900561403,0,25,2,118,2,0,7,0,154
900561404,12,48,13,267,6,0,5,0,351
900561405,1,5,4,73,21,0,3,2,109
900561406,2,64,3,145,2,2,8,1,227
900561407,56,72,9,159,5,0,0,0,301
900561408,4,32,7,163,48,1,1,0,256
900630101,4,10,4,225,3,0,0,7,253
900630102,11,7,13,275,5,0,0,3,314
900630103,11,6,1,225,4,1,0,0,248
900630104,1,7,3,319,3,1,0,0,334
900630105,5,16,3,353,5,1,0,0,383
900630106,40,110,6,115,1,1,0,2,275
900630107,9,30,4,111,6,1,0,0,161
900630108,8,54,3,319,3,0,0,0,387
900630109,15,60,1,204,7,4,0,1,292
900630110,18,144,5,217,3,0,0,0,387
900630111,31,97,8,263,5,0,0,0,404
900630112,18,90,6,167,3,0,0,0,284
900630113,19,49,4,229,4,0,0,2,307
900630114,11,62,1,255,3,0,2,1,335
900630201,0,0,0,41,0,0,1,0,42
900630202,0,0,0,86,1,3,1,0,91
900630203,1,0,0,17,0,0,0,0,18
900630204,0,0,1,27,1,0,0,0,29
900630205,0,0,1,16,1,0,0,0,18
900630206,0,14,4,177,3,1,0,2,201
900630207,2,2,2,116,1,0,0,0,123
900630208,0,0,0,5,0,0,0,0,5
900630209,0,1,3,11,0,0,0,0,15
900630210,0,1,0,23,0,0,0,2,26
900630211,2,2,1,33,0,0,0,0,38
900630212,4,1,11,324,4,1,0,0,345
900630213,20,17,22,208,1,0,0,0,268
900630214,1,32,94,42,0,0,0,0,169
900630215,26,12,8,284,1,0,0,1,332
900630216,8,5,4,247,1,0,0,2,267
900630217,22,27,5,217,3,0,0,1,275
900630218,6,38,4,241,5,1,0,1,296
900630219,3,25,5,244,5,0,0,1,283
900630301,15,5,1,536,14,5,1,1,578
900630302,19,23,6,424,17,1,1,4,495
900630303,8,16,4,120,2,1,0,0,151
900630304,0,2,3,31,1,0,0,0,37
900630305,9,42,0,444,3,0,0,1,499
900630401,0,0,0,8,0,0,0,0,8
900630402,5,0,0,15,0,0,0,0,20
900630403,2,9,12,112,5,3,0,0,143
900630404,1,2,18,317,2,3,5,0,348
900630405,0,2,0,50,1,0,0,0,53
900630406,1,2,2,76,0,0,0,0,81
900630407,0,0,0,26,1,0,0,0,27
900630408,6,35,50,53,1,0,0,0,145
900630409,0,0,0,1,0,0,0,0,1
900630410,0,0,21,34,1,1,0,0,57
900630411,0,2,4,119,0,2,0,1,128
900630412,0,2,3,126,3,1,0,1,136
900630413,21,27,7,354,3,9,0,1,422
900630414,2,6,0,201,3,0,0,1,213
900630415,0,4,1,81,121,0,0,0,207
900630416,0,0,0,66,0,0,0,1,67
900630417,7,32,3,170,4,0,0,0,216
900630418,5,17,3,231,6,0,0,0,262
900630419,7,13,6,328,2,0,0,0,356
900630420,1,14,4,189,3,1,0,0,212
900630501,51,62,3,200,2,0,0,0,318
900630502,24,179,0,10,0,0,0,0,213
900630503,33,89,24,227,13,2,0,1,389
900630504,27,64,18,178,1,0,0,0,288
900630505,14,142,14,149,12,0,0,5,336
900630506,16,87,20,207,6,0,0,5,341
900630507,16,44,7,307,6,0,0,1,381
900630508,9,17,1,237,5,0,0,2,271
900630509,9,46,7,368,5,2,0,4,441
900630510,2,6,2,338,8,4,0,0,360
900630511,29,38,5,220,2,3,0,2,299
900630512,33,93,53,137,3,1,0,1,321
900630513,15,20,47,248,5,0,0,1,336
900700101,1,2,1,105,0,0,0,0,109
900700102,7,15,1,84,2,0,0,0,109
900700201,0,0,0,17,2,2,1,0,22
900700202,0,2,0,67,1,0,0,0,70
900700203,1,3,0,95,11,0,0,1,111
900700204,3,10,9,186,17,0,0,0,225
900700205,12,21,1,258,60,0,0,0,352
900700206,8,20,9,266,10,3,0,0,316
900700207,19,4,0,160,0,0,0,0,183
900700208,8,13,7,207,4,0,0,0,239
900700301,10,28,1,320,10,4,1,1,375
900700302,0,2,4,29,0,0,0,0,35
900700303,0,3,1,25,3,0,0,1,33
900700304,0,2,2,25,0,0,1,1,31
900700305,0,0,2,43,2,0,1,0,48
900700306,24,26,1,146,3,0,0,1,201
900700307,14,32,5,196,6,2,0,1,256
900700401,0,3,1,55,7,0,0,0,66
900700402,1,4,0,76,0,1,0,2,84
900700403,5,7,5,270,7,6,0,5,305
900700404,1,10,2,163,5,1,0,0,182
900700405,1,1,2,115,1,0,1,0,121
900700406,0,0,0,161,6,2,4,0,173
900700407,0,0,0,65,0,1,1,0,67
900700408,0,1,3,43,0,0,1,0,48
900700409,2,7,9,190,2,0,1,0,211
900700410,0,0,3,43,0,0,0,0,46
900700411,0,3,2,68,2,0,1,0,76
900700412,12,30,4,212,8,2,0,2,270
900700413,4,24,18,266,15,1,0,1,329
900700414,4,15,1,201,1,0,0,4,226
900700501,0,1,0,141,0,0,0,0,142
900700502,0,0,5,152,1,1,1,1,161
900700601,2,0,1,0,0,0,0,0,3
900700602,8,2,4,269,1,0,1,0,285
900700603,14,21,13,163,0,0,0,1,212
900700604,4,12,1,244,2,0,0,1,264
900700605,4,17,2,162,7,3,0,2,197
900700606,6,24,5,200,2,2,0,1,240
900700607,7,3,1,235,7,1,0,0,254
900700701,0,0,0,91,0,1,0,0,92
900700702,5,13,0,26,1,0,0,1,46
900700703,0,0,0,1,0,1,1,0,3
900700801,0,2,1,34,0,0,0,0,37
900700802,0,0,0,11,0,0,0,0,11
900700803,0,7,2,73,3,0,0,2,87
900700804,0,3,0,144,1,1,0,3,152
900700805,2,8,7,147,9,0,0,1,174
900700806,3,13,6,178,23,0,0,0,223
900700807,20,49,9,339,19,1,2,1,440
900700808,0,8,5,157,3,0,0,0,173
900700901,0,0,0,0,0,0,0,0,0
900700902,0,4,12,46,0,0,2,0,64
900700903,2,24,4,267,1,0,0,0,298
900700904,0,3,1,57,7,0,1,1,70
900701001,0,1,0,0,2,0,0,0,3
900701002,3,2,0,80,1,0,0,0,86
900701003,3,0,0,76,2,0,0,1,82
900701101,0,0,2,74,0,0,0,0,76
900701102,0,3,0,105,0,0,0,0,108
900701201,0,0,0,2,0,0,1,0,3
900701202,2,0,3,57,0,3,0,1,66
900701203,0,7,4,103,0,0,0,0,114
900701204,1,11,1,166,3,1,0,0,183
900701301,3,17,3,237,97,1,0,1,359
900701302,1,8,0,115,3,0,0,0,127
900701303,5,20,1,175,3,0,1,12,217
900701304,3,21,26,282,4,0,0,0,336
900701401,9,44,4,120,8,0,0,1,186
900701402,9,38,5,163,4,1,2,8,230
900701403,7,48,7,108,0,0,0,4,174
900701404,14,67,8,129,4,0,0,0,222
900701405,15,95,7,206,6,0,1,3,333
900701406,8,58,4,253,2,12,0,3,340
900701407,3,61,7,114,0,0,0,2,187
900701408,13,40,8,106,1,0,0,0,168
900701409,29,109,9,272,3,1,0,1,424
900701410,30,52,7,219,4,0,0,0,312
900701411,18,70,10,120,0,1,0,0,219
900701412,10,46,6,170,0,0,0,0,232
900701413,3,62,5,87,0,0,0,0,157
900701414,42,47,0,132,3,0,0,2,226
900701415,12,63,3,250,23,4,0,2,357
900701416,14,56,12,164,5,0,0,1,252
900701417,68,162,0,173,1,0,1,8,413
900701418,6,49,4,283,19,0,0,1,362
900701419,20,101,73,144,4,3,0,1,346
900701420,11,64,0,215,0,0,0,1,291
900701421,4,58,1,142,1,0,0,0,206
900770101,20,26,4,273,3,4,1,0,331
900770102,10,31,6,276,2,1,1,1,328
900770103,29,98,10,183,5,2,0,1,328
900770104,13,41,5,340,12,9,3,0,423
900770105,9,31,5,353,8,5,0,1,412
900770106,10,98,44,176,2,1,1,0,332
900770107,16,71,2,142,12,1,0,0,244
900770108,38,60,8,130,7,0,0,0,243
900770109,31,82,17,121,1,0,0,1,253
900770110,49,110,10,146,3,3,0,1,322
900770111,27,89,32,91,6,0,0,1,246
900770112,13,53,7,154,4,0,0,0,231
900770113,10,38,0,185,1,1,0,2,237
900770114,25,90,17,23,0,0,0,1,156
900770115,26,176,0,147,3,2,0,1,355
900770116,14,80,4,219,2,1,0,1,321
900770117,8,93,13,161,3,0,0,0,278
900770118,17,60,5,105,1,0,0,0,188
900770119,3,64,4,181,6,1,0,3,262
900770120,8,27,4,248,3,6,2,1,299
900770121,3,41,5,246,3,6,1,2,307
900770122,11,50,6,164,1,0,0,0,232
900770123,12,57,91,59,1,1,0,1,222
900770124,9,120,45,63,0,0,0,0,237
900770201,1,1,0,59,0,0,1,0,62
900770202,2,10,59,198,3,7,8,0,287
900770203,1,8,0,201,3,6,3,0,222
900770204,0,1,2,42,23,1,0,0,69
900770205,0,0,0,6,5,0,0,0,11
900770206,1,3,0,46,1,0,0,0,51
900770207,0,0,0,60,0,0,1,0,61
900770208,0,0,0,3,0,0,2,0,5
900770209,6,22,32,222,25,0,0,1,308
900770210,1,5,0,342,7,13,4,0,372
900770211,8,40,30,173,1,0,0,0,252
900770212,12,0,0,109,1,0,0,0,122
900770213,3,13,2,251,0,0,0,1,270
900770214,3,13,1,139,1,1,1,0,159
900770301,0,11,2,88,0,2,0,0,103
900770302,2,8,3,130,0,2,0,0,145
900770401,0,0,0,2,0,0,0,0,2
900770402,0,0,2,5,1,0,0,0,8
900770403,0,6,5,196,1,0,0,0,208
900770404,23,2,1,247,8,1,3,1,286
900770405,5,5,3,172,6,12,4,0,207
900770406,2,6,3,129,0,1,3,0,144
900770407,9,19,9,230,6,0,1,4,278
900770408,0,1,0,69,0,0,1,1,72
900770409,1,6,6,127,2,0,0,0,142
900770410,1,5,3,86,1,1,0,0,97
900770411,0,7,5,125,4,2,1,0,144
900770412,0,0,2,71,0,1,0,0,74
900770413,0,11,1,151,4,1,0,3,171
900770414,15,41,29,267,15,0,0,4,371
900770415,4,22,5,211,4,1,0,0,247
900770416,0,5,2,120,1,1,0,0,129
900770417,2,14,20,263,1,0,0,1,301
900770418,1,2,1,141,2,3,0,0,150
900770419,1,1,5,164,3,0,1,1,176
900770501,1,4,1,158,2,0,2,1,169
900770601,0,7,5,183,3,2,2,0,202
900770602,1,3,2,193,0,0,1,0,200
900770603,0,0,0,55,0,0,1,0,56
900770604,0,3,2,47,2,1,0,0,55
900770605,1,9,0,164,1,3,1,1,180
900770606,9,27,7,285,8,1,1,2,340
900770607,4,28,6,351,1,1,0,2,393
900840101,1,0,0,183,3,0,0,0,187
900840102,6,79,2,126,5,1,0,0,219
900840103,16,99,17,212,3,0,0,3,350
900840104,6,127,0,206,1,0,0,3,343
900840105,2,1,0,305,1,0,0,0,309
900840106,0,17,0,346,0,0,28,1,392
900840107,1,78,0,272,5,0,0,1,357
900840108,6,37,49,223,1,0,0,5,321
900840109,4,174,3,62,3,0,0,1,247
900840110,0,37,4,172,58,0,0,0,271
900840111,4,224,0,19,0,0,0,7,254
900840112,36,171,1,127,6,0,0,1,342
900840113,12,91,152,117,2,1,0,4,379
900840114,29,145,1,85,35,0,0,2,297
900840115,22,189,0,64,1,0,0,0,276
900840116,6,56,8,183,1,0,1,2,257
900840117,8,76,3,103,1,0,0,5,196
900840118,43,92,15,12,0,0,0,0,162
900840119,17,154,13,8,0,0,0,1,193
900840120,45,149,21,5,1,0,0,0,221
900840121,33,132,2,47,1,0,0,0,215
900840122,10,68,79,46,3,1,0,0,207
900840123,35,177,29,179,4,0,0,1,425
900840124,25,119,55,143,3,0,0,1,346
900840125,14,56,27,170,1,0,0,0,268
900840126,13,69,14,276,3,0,1,0,376
900840201,0,23,1,140,0,1,0,0,165
900840202,1,25,3,272,3,0,0,0,304
900840203,0,9,0,253,2,0,0,11,275
900840204,7,62,9,111,2,0,0,0,191
900840205,24,150,2,320,0,0,0,1,497
900840206,20,129,5,116,0,0,0,0,270
900840207,6,100,4,73,0,0,0,0,183
900840208,114,125,1,135,3,0,0,2,380
900840209,132,112,0,34,0,0,0,0,278
900840210,12,189,67,48,0,0,0,0,316
900840211,64,93,19,10,0,0,0,0,186
900840212,20,224,39,108,6,0,0,6,403
900840213,12,126,14,67,2,0,0,0,221
900840214,19,109,13,113,3,0,0,1,258
900840215,34,106,12,44,1,0,0,0,197
900840216,20,120,20,36,3,0,0,0,199
900840217,21,138,20,47,2,0,0,1,229
900840218,6,103,51,65,2,0,0,1,228
900840219,33,108,14,121,5,0,0,0,281
900840220,31,144,6,30,0,0,0,0,211
900840221,6,121,3,261,15,0,0,0,406
900840222,6,66,0,251,0,1,0,0,324
900840223,3,30,11,159,2,0,0,0,205
900840301,9,46,0,390,6,0,0,4,455
900840302,10,25,4,362,5,0,0,3,409
900840303,12,122,7,216,5,0,0,0,362
900840304,9,88,4,250,6,0,0,1,358
900840305,8,94,0,166,3,0,0,1,272
900840306,11,147,0,179,12,0,0,1,350
900840307,44,137,2,144,1,0,0,6,334
900840308,16,127,5,136,7,0,0,2,293
900840309,5,96,1,112,2,0,0,1,217
900840310,20,162,5,145,6,1,0,1,340
900840311,10,84,2,94,5,0,0,1,196
900840312,6,53,3,136,1,2,0,0,201
900840313,34,165,33,34,0,0,0,0,266
900840314,19,52,23,64,2,0,0,0,160
900840315,20,74,27,46,1,0,0,0,168
900840401,10,105,2,271,7,0,0,2,397
900840402,24,63,95,165,2,0,0,0,349
900840403,4,74,96,131,0,0,0,0,305
900840404,26,109,34,160,5,0,0,0,334
900840405,20,112,2,147,4,1,0,2,288
900840406,23,91,6,162,2,1,0,1,286
900840407,9,68,0,187,12,0,0,0,276
900840408,1,6,2,90,2,0,0,0,101
900840409,5,8,0,226,5,0,0,0,244
900840410,1,14,0,227,5,0,0,0,247
900840411,6,82,7,100,3,1,0,1,200
900840412,10,103,3,97,3,1,0,2,219
900840413,2,22,0,215,9,0,0,0,248
900840414,1,7,0,193,3,0,0,1,205
900840415,0,26,0,417,4,1,0,0,448
900840416,4,9,2,358,5,3,0,2,383
900840501,67,100,5,157,4,0,0,0,333
900840502,11,86,12,93,3,0,0,3,208
900840503,14,128,8,130,6,0,0,0,286
900840504,44,76,1,63,1,0,0,0,185
900840505,7,91,16,76,1,2,0,2,195
900840506,8,100,6,194,2,0,0,0,310
900840507,8,23,0,192,2,0,0,3,228
900840508,1,19,0,161,2,1,0,0,184
900840509,4,52,3,99,5,0,0,0,163
900840510,35,79,5,52,4,0,1,1,177
900840511,5,131,1,26,1,0,0,0,164
900840512,4,99,3,110,2,0,0,0,218
900840513,8,139,7,120,2,1,0,8,285
900840601,3,50,5,92,2,0,0,3,155
900840602,7,193,10,178,0,0,0,3,391
900840603,26,73,9,142,1,0,0,0,251
900840604,14,110,12,145,2,4,1,6,294
900840605,8,164,7,171,2,0,0,0,352
900840606,9,99,6,136,6,0,0,1,257
900840607,17,118,11,109,0,0,0,0,255
900840608,8,71,8,209,5,0,0,0,301
900840609,2,45,2,157,1,2,1,0,210
900840610,5,87,11,101,3,0,0,0,207
900840611,6,80,10,104,6,0,0,0,206
900840612,8,48,1,72,0,0,0,0,129
900840613,12,84,6,50,4,0,0,4,160
900840614,28,74,2,51,3,0,0,0,158
900840701,27,87,7,195,3,0,0,1,320
900840702,12,75,6,57,4,0,0,1,155
900840703,26,189,10,58,1,0,0,1,285
900840704,24,206,12,118,2,0,0,2,364
900840705,13,81,79,80,0,0,0,0,253
900840706,17,167,4,160,6,0,0,3,357
900840707,20,156,6,116,5,0,0,1,304
900840708,11,170,9,188,8,0,0,1,387
900840709,19,153,20,99,9,1,0,3,304
900840710,5,80,15,83,4,0,0,1,188
900840711,18,102,11,92,1,0,0,0,224
900840712,16,185,0,77,1,0,0,1,280
900840713,14,97,12,56,5,0,0,2,186
900840714,10,124,10,68,3,0,0,2,217
900840801,14,64,2,124,2,1,0,1,208
900840802,5,80,1,102,6,0,0,0,194
900840803,22,62,5,241,10,0,0,0,340
900840804,2,16,0,220,1,2,0,0,241
900840805,9,72,4,401,2,0,0,0,488
900840806,18,113,6,135,1,0,0,0,273
900840807,7,140,6,101,3,0,0,2,259
900840808,3,106,4,213,0,1,0,2,329
900840809,12,80,4,124,5,1,0,0,226
900840810,18,124,4,108,0,0,0,0,254
900840811,18,145,15,116,4,0,0,0,298
900840812,14,142,8,177,8,1,0,1,351
900840813,12,82,4,165,4,0,0,4,271
900840814,2,89,0,421,5,0,0,1,518
900840815,3,81,2,138,2,2,0,0,228
900840816,4,151,2,164,6,2,0,0,329
900840817,32,81,4,82,7,0,0,7,213
900840818,9,78,9,82,1,0,0,0,179
900840819,37,71,1,223,1,0,0,0,333
900840820,4,40,2,221,3,4,0,0,274
900840901,4,76,4,107,2,0,0,0,193
900840902,34,140,14,99,2,1,0,0,290
900840903,21,114,7,72,3,0,0,0,217
900840904,5,120,6,78,1,0,0,0,210
900840905,16,104,5,122,4,0,0,1,252
900840906,8,56,1,109,4,0,0,0,178
900840907,9,53,1,132,6,0,0,0,201
900840908,7,85,10,97,1,0,0,0,200
900840909,15,60,2,88,4,1,0,0,170
900840910,36,85,9,68,2,0,0,0,200
900840911,12,140,14,124,2,0,0,0,292
900840912,6,82,3,54,0,0,0,0,145
900840913,10,76,6,60,6,0,0,0,158
900840914,7,141,10,103,2,0,0,0,263
900840915,8,122,13,160,2,0,1,0,306
900841001,9,99,1,183,5,2,0,0,299
900841002,5,8,1,481,7,0,0,0,502
900841003,1,17,0,215,4,3,0,0,240
900841004,1,4,1,353,3,0,0,0,362
900841005,16,92,1,251,3,0,0,0,363
900841006,15,60,0,206,15,1,1,0,298
900841007,25,64,1,79,3,1,0,0,173
900841008,21,79,1,268,8,1,0,1,379
900841009,5,64,0,215,0,1,0,0,285
900841010,7,35,5,375,12,2,0,2,438
900841011,11,67,62,193,14,0,0,3,350
900841012,21,64,5,132,3,2,0,4,231
900841013,3,94,0,176,3,0,0,0,276
900841014,6,64,3,130,4,0,0,0,207
900841015,7,75,4,92,2,0,0,0,180
900841016,18,223,9,14,0,0,0,0,264
900841017,44,83,23,68,0,0,0,3,221
900841018,57,162,14,28,3,0,0,1,265
900841019,11,37,2,107,0,0,0,0,157
900841020,17,121,77,64,24,0,0,0,303
900841021,24,41,18,10,1,0,0,0,94
900841022,18,147,28,61,2,0,0,1,257
900841023,28,191,14,163,5,0,0,1,402
900841024,10,145,10,181,5,0,0,1,352
900841025,1,9,0,66,8,2,0,0,86
900841101,11,139,4,74,1,0,0,0,229
900841102,78,125,3,70,6,0,0,0,282
900841103,24,136,2,49,0,0,0,1,212
900841104,47,94,4,53,0,0,0,0,198
900841105,1,98,2,172,3,0,0,1,277
900841106,6,30,0,281,4,3,0,1,325
900841107,2,14,1,288,6,4,1,3,319
900841108,7,43,0,239,6,1,0,1,297
900841109,4,38,1,271,6,1,0,0,321
900841110,8,103,28,88,0,1,0,0,228
900841111,20,87,24,185,1,0,0,1,318
900841112,40,168,1,36,1,0,0,2,248
900841113,12,103,5,121,1,0,0,1,243
900841201,64,169,0,35,0,0,0,0,268
900841202,43,188,2,35,0,0,0,1,269
900841203,90,160,7,44,3,0,0,1,305
900841204,39,200,5,8,0,0,0,3,255
900841205,85,88,0,16,0,0,0,0,189
900841206,11,130,1,27,0,0,0,0,169
900841207,63,192,0,2,0,0,0,0,257
900841208,84,226,0,46,0,0,0,1,357
900841209,48,292,1,15,0,0,0,1,357
900841210,43,163,2,76,4,1,0,4,293
900841211,47,187,3,27,1,0,0,1,266
900841212,53,237,7,51,1,0,0,0,349
900841213,16,161,0,29,3,1,0,7,217
900841214,37,215,2,14,0,0,0,15,283
900841215,24,122,7,19,0,0,0,0,172
900841216,45,329,2,14,3,0,0,4,397
900841217,9,186,2,36,1,0,0,1,235
900841218,27,153,1,21,1,0,0,0,203
900841219,115,195,4,34,12,1,0,12,373
900841220,19,252,2,23,1,0,0,2,299
900841221,102,135,1,55,0,0,0,1,294
900841222,61,99,1,8,0,0,0,1,170
900841223,92,123,4,2,0,0,0,14,235
900841224,2,97,0,4,2,0,0,0,105
900841225,24,254,3,9,0,0,0,0,290
900841226,48,167,5,75,1,0,1,12,309
900841301,65,70,2,75,4,0,0,0,216
900841302,19,103,1,110,3,0,0,1,237
900841303,5,101,15,55,0,0,0,1,177
900841304,62,129,2,7,1,0,0,19,220
900841305,46,179,9,53,3,0,0,2,292
900841306,46,228,1,29,1,0,0,26,331
900841307,8,68,5,33,0,0,0,6,120
900841308,47,164,3,24,0,0,0,2,240
900841309,68,202,21,19,0,0,0,0,310
900841310,76,136,1,39,3,0,0,3,258
900841311,20,86,1,35,4,0,0,0,146
900841312,103,135,2,99,0,0,0,0,339
900841313,17,82,0,5,0,0,0,1,105
900841314,69,137,7,17,0,0,0,1,231
900841315,63,89,0,8,0,0,0,16,176
900841316,84,109,0,9,0,0,0,0,202
900841317,48,105,16,60,12,0,0,1,242
900841318,2,154,6,144,5,1,0,1,313
900841401,22,127,10,173,4,0,0,1,337
900841402,20,139,4,101,0,0,0,3,267
900841403,30,74,5,73,7,0,0,1,190
900841404,23,168,5,171,3,0,0,1,371
900841405,21,131,9,183,4,0,0,0,348
900841406,19,122,15,124,4,1,0,2,287
900841407,21,160,13,112,2,0,2,1,311
900841408,46,84,12,114,9,0,0,2,267
900841409,14,115,8,73,4,0,0,1,215
900841410,26,95,8,100,1,0,0,4,234
900841411,23,123,16,116,3,0,1,0,282
900841412,26,171,8,109,1,0,0,0,315
900841413,20,128,4,112,6,0,0,0,270
900841414,23,76,5,160,2,0,0,1,267
900841501,12,77,1,166,6,0,0,3,265
900841502,40,116,25,167,2,1,0,0,351
900841503,10,101,7,107,0,2,0,0,227
900841504,30,166,35,112,3,1,0,13,360
900841505,13,161,15,113,9,0,0,0,311
900841506,44,118,14,149,2,0,0,1,328
900841507,9,59,5,55,5,0,0,0,133
900841508,27,65,2,48,1,0,0,11,154
900841509,43,155,28,142,2,0,0,3,373
900841510,14,141,26,118,6,0,0,0,305
900841511,12,100,18,41,0,0,0,0,171
900841512,9,64,11,80,2,1,0,0,167
900841513,4,136,5,46,1,0,0,0,192
900841601,34,43,70,138,3,0,0,9,297
900841602,34,114,59,38,1,1,0,1,248
900841603,17,123,48,118,3,0,0,1,310
900841604,60,190,54,135,5,0,0,1,445
900841605,40,124,10,161,1,0,0,1,337
900841606,26,85,33,66,1,0,0,0,211
900841607,25,194,70,99,0,0,0,0,388
900841608,36,124,28,148,2,0,0,0,338
900841609,46,90,14,108,0,0,0,5,263
900841610,36,88,28,61,1,1,0,2,217
900841611,13,151,42,145,1,0,0,0,352
900841612,7,117,7,64,18,0,0,0,213
900841613,23,66,24,71,0,0,0,2,186
900841614,21,84,72,74,1,0,0,1,253
900841615,55,52,130,131,6,0,0,0,374
900841616,26,92,59,82,6,0,0,0,265
900841617,4,13,1,256,2,1,0,0,277
900841618,14,56,6,237,9,0,0,1,323
900841619,22,95,8,147,3,1,0,0,276
900841620,13,155,2,147,0,0,0,0,317
900841621,17,63,4,154,28,1,0,1,268
900841622,23,18,2,121,0,0,1,0,165
900841701,17,151,8,115,1,0,0,0,292
900841702,17,146,6,164,14,1,0,0,348
900841703,21,160,2,125,3,0,0,0,311
900841704,36,126,13,137,2,0,0,1,315
900841705,51,99,57,74,2,0,0,0,283
900841706,31,114,9,122,4,0,0,0,280
900841707,25,75,1,85,1,0,0,0,187
900841708,15,220,7,119,6,0,0,4,371
900841709,13,139,6,195,2,0,0,5,360
900841710,7,57,2,60,2,0,0,0,128
900841711,20,71,1,132,1,0,0,0,225
900841712,10,164,4,117,1,0,0,1,297
900841801,33,248,15,146,4,0,0,1,447
900841802,51,121,7,105,3,0,0,0,287
900841803,16,77,9,62,2,0,0,1,167
900841804,4,71,13,47,2,0,0,7,144
900841805,30,157,5,117,9,0,0,16,334
900841806,57,150,9,130,11,0,0,0,357
900841807,25,140,20,142,5,0,0,0,332
900841808,29,211,14,166,4,0,0,0,424
900841809,31,134,11,136,4,0,0,2,318
900841810,30,68,5,114,0,0,0,0,217
900841811,29,149,7,121,7,1,0,7,321
900841812,7,168,23,72,2,1,0,0,273
900841901,6,150,4,69,0,0,0,4,233
900841902,61,137,5,77,2,0,0,3,285
900841903,49,194,4,33,2,0,0,10,292
900841904,11,138,2,31,1,1,0,0,184
900841905,34,65,3,79,4,0,0,0,185
900841906,10,130,2,32,0,0,0,0,174
900841907,25,128,7,136,0,0,0,0,296
900841908,10,96,6,79,2,0,0,0,193
900841909,28,263,9,49,3,0,0,4,356
900841910,16,151,4,89,3,0,0,0,263
900841911,54,191,3,108,5,0,0,3,364
900841912,40,79,1,80,4,0,0,2,206
900841913,36,103,3,64,3,0,0,0,209
900841914,45,76,11,52,8,0,0,1,193
900841915,42,52,13,51,6,0,0,0,164
900841916,45,229,3,19,0,0,0,0,296
900841917,27,111,0,18,4,0,0,0,160
900841918,27,114,4,28,0,0,0,0,173
900841919,80,191,7,97,3,0,0,2,380
900842001,26,131,0,24,1,2,0,0,184
900842002,47,140,5,15,0,0,0,0,207
900842003,19,164,1,0,1,0,0,0,185
900842004,14,118,0,2,2,0,0,0,136
900842005,26,164,2,6,0,0,0,0,198
900842006,31,123,5,28,4,0,0,0,191
900842007,87,214,0,28,1,0,0,3,333
900842008,46,146,2,12,1,0,0,0,207
900842009,48,154,4,40,0,0,0,0,246
900842010,76,130,4,26,13,0,0,0,249
900842011,42,91,0,44,0,0,0,1,178
900842012,36,188,1,23,1,0,0,19,268
900842013,28,137,4,31,2,0,0,3,205
900842014,22,108,2,52,2,0,0,1,187
900842015,68,194,2,26,0,0,0,1,291
900842016,11,160,2,58,2,0,0,0,233
900842017,18,179,6,25,0,0,0,3,231
900842018,81,192,4,92,2,0,0,4,375
900842019,26,173,9,94,0,1,0,0,303
900842101,15,124,3,26,1,0,0,0,169
900842102,44,165,7,110,2,0,0,1,329
900842103,39,92,0,34,0,0,0,0,165
900842104,12,138,1,71,2,0,0,0,224
900842105,15,57,6,81,0,0,0,0,159
900842106,29,111,12,145,2,0,0,0,299
900842107,50,173,15,123,3,0,0,2,366
900842108,37,101,8,68,9,0,0,0,223
900842109,37,141,3,69,3,0,0,0,253
900842110,33,152,15,115,3,0,0,5,323
900842111,0,21,0,151,3,1,1,0,177
900842112,28,83,34,68,21,0,0,1,235
900842113,24,132,8,208,5,0,0,7,384
900842114,12,54,1,371,12,0,0,0,450
900842115,2,31,2,196,3,0,0,0,234
900842116,8,94,10,48,5,0,0,1,166
900842117,19,94,1,55,0,0,0,0,169
900842118,3,59,0,154,0,1,0,0,217
900842119,15,85,2,287,4,0,0,0,393
900842120,80,131,2,33,0,0,0,1,247
900842121,20,110,6,70,2,0,0,1,209
900842122,14,95,5,77,2,0,0,3,196
900842123,0,0,0,0,0,0,0,0,0
900842201,7,82,1,307,2,0,0,3,402
900842202,12,66,1,285,4,1,0,0,369
900842203,6,36,2,182,2,0,0,1,229
900842204,2,40,1,153,1,0,0,3,200
900842205,1,4,0,207,7,1,0,0,220
900842206,5,42,2,280,2,0,0,2,333
900842207,5,59,1,413,1,2,0,0,481
900842208,4,36,0,226,0,0,0,0,266
900842209,5,143,3,105,1,0,1,2,260
900842210,7,106,3,171,3,0,0,2,292
900842211,1,95,1,126,2,0,0,3,228
900842212,2,12,0,168,11,1,0,0,194
900842213,3,105,0,198,2,0,0,2,310
900842214,32,78,0,264,3,6,0,8,391
900842215,5,35,2,379,3,0,0,3,427
900842216,9,70,0,248,2,0,0,0,329
900842217,3,6,2,372,2,3,0,1,389
900842218,1,5,1,157,0,0,0,0,164
900842219,7,8,0,323,3,0,0,0,341
900842220,1,41,2,271,7,1,2,1,326
900842221,1,7,0,299,5,1,0,0,313
900842222,0,9,0,122,1,0,0,1,133
900842223,2,2,0,215,0,0,0,3,222
900842301,21,95,10,87,2,0,3,2,220
900842302,16,104,8,89,1,0,0,2,220
900842303,13,80,4,62,0,0,0,0,159
900842304,32,135,4,150,5,0,0,2,328
900842305,35,152,7,107,5,0,0,0,306
900842306,75,119,4,180,9,2,0,2,391
900842307,7,112,5,94,0,10,0,15,243
900842308,17,105,5,112,2,0,0,1,242
900842309,24,109,6,175,2,0,0,1,317
900842310,8,164,3,157,1,0,0,3,336
900842311,9,135,8,201,5,0,0,2,360
900842312,35,132,6,86,4,0,0,1,264
900842313,9,96,6,88,2,0,0,0,201
900842314,12,89,3,120,4,0,0,0,228
900842401,10,106,1,131,6,0,0,1,255
900842402,16,149,5,165,2,1,0,0,338
900842403,16,188,11,159,8,2,0,1,385
900842404,29,152,5,197,6,1,0,1,391
900842405,14,114,5,115,2,1,0,0,251
900842406,37,155,15,135,0,0,1,1,344
900842407,10,76,2,76,0,0,0,2,166
900842408,13,55,5,309,11,1,0,0,394
900842409,20,128,10,184,3,1,1,3,350
900842410,26,185,5,103,2,0,0,4,325
900842411,7,93,4,112,1,0,0,0,217
900842412,14,118,5,148,7,1,0,5,298
900842413,19,105,2,133,5,0,1,5,270
900842414,9,81,2,181,6,0,0,4,283
900842415,10,112,4,345,10,0,0,1,482
900842416,26,127,7,314,4,6,0,1,485
900842417,23,61,2,124,0,0,0,5,215
900842418,25,63,4,204,1,0,0,1,298
900842419,14,66,0,113,5,1,0,0,199
900842420,15,89,2,148,4,0,0,3,261
900842501,10,5,3,392,8,0,0,9,427
900842502,2,3,0,153,5,0,0,0,163
900842503,9,7,2,312,2,0,0,1,333
900842504,4,11,2,256,1,0,0,2,276
900842505,14,137,117,81,0,1,0,2,352
900842506,19,33,2,122,3,0,1,0,180
900842507,44,67,0,281,3,1,0,11,407
900842508,6,95,3,279,3,1,0,0,387
900842509,12,73,1,169,0,1,0,2,258
900842510,41,96,0,126,0,0,0,1,264
900842511,5,70,2,401,2,0,0,0,480
900842512,24,61,5,293,4,0,0,0,387
900842513,12,217,2,166,4,0,0,2,403
900842514,21,131,4,168,2,1,0,2,329
900842515,15,122,9,114,0,0,0,2,262
900842516,21,94,1,86,1,1,0,3,207
900842517,9,53,1,207,3,1,0,1,275
900842518,9,109,0,165,2,2,0,1,288
900842519,40,47,0,125,34,3,0,2,251
900842601,6,123,1,273,9,0,0,0,412
900842602,2,39,0,181,1,0,0,1,224
900842603,9,64,0,136,0,0,0,0,209
900842604,10,94,2,229,4,0,0,1,340
900842605,3,47,0,269,5,1,0,0,325
900842606,3,62,2,193,3,0,0,0,263
900842607,33,84,1,157,5,0,0,0,280
900842608,49,175,0,21,0,0,0,0,245
900842609,11,53,0,149,1,0,0,0,214
900842610,4,30,1,197,6,3,0,0,241
900842611,28,99,6,143,6,0,0,0,282
900842612,9,37,5,191,4,2,0,0,248
900842613,4,47,1,140,4,1,0,1,198
900842614,3,28,0,283,5,1,0,0,320
900842615,2,18,1,355,10,2,0,0,388
900842616,6,51,2,293,2,2,0,0,356
900842701,12,109,19,112,2,0,0,1,255
900842702,29,141,7,275,2,1,0,0,455
900842703,6,120,3,146,6,0,0,2,283
900842704,20,131,10,146,15,0,0,1,323
900842705,17,142,3,181,4,1,0,0,348
900842706,40,133,5,197,4,0,0,4,383
900842707,6,24,0,331,2,0,0,1,364
900842708,9,61,6,233,30,0,0,1,340
900842709,13,73,0,274,8,0,0,1,369
900842710,10,123,2,243,2,0,1,1,382
900842711,7,53,0,224,0,0,0,2,286
900842712,10,41,1,158,5,0,0,1,216
900842713,35,164,35,13,1,0,0,0,248
900842714,64,224,71,30,4,1,0,2,396
900842801,6,98,4,306,1,1,0,0,416
900842802,24,132,3,147,3,0,0,0,309
900842803,17,103,0,332,10,2,0,2,466
900842804,0,1,0,260,3,3,2,0,269
900842805,5,8,0,277,2,0,1,2,295
900842806,6,18,1,263,4,2,0,0,294
900842807,2,2,0,269,1,0,0,1,275
900842808,0,3,0,260,4,5,1,2,275
900842809,14,76,2,150,0,0,0,0,242
900842810,24,121,1,113,6,0,0,6,271
900842811,7,80,0,219,5,1,0,2,314
900842812,7,40,0,312,3,2,0,5,369
900842813,2,23,1,242,2,0,1,0,271
900842814,14,26,2,149,4,5,0,0,200
900842815,2,46,1,283,2,0,0,0,334
900842816,3,17,0,264,3,1,0,1,289
900842817,2,13,0,265,2,0,0,3,285
900842818,2,1,0,269,6,0,0,0,278
900842819,7,1,2,231,4,0,0,28,273
900842820,35,5,1,191,0,0,0,0,232
900842821,1,12,2,200,5,1,0,0,221
900842822,7,67,2,253,7,1,0,0,337
900842823,8,87,2,207,2,0,0,2,308
900842824,5,6,0,377,0,0,0,29,417
900842901,14,76,4,314,1,1,0,2,412
900842902,4,68,1,313,3,2,0,6,397
900842903,1,2,0,267,5,0,0,1,276
900842904,5,40,2,221,9,1,0,0,278
900842905,3,41,0,187,4,0,0,0,235
900842906,2,44,1,205,2,0,0,0,254
900842907,18,23,0,206,8,0,1,0,256
900842908,3,26,4,398,6,0,0,0,437
900842909,3,26,0,304,2,0,0,0,335
900842910,1,18,2,228,0,0,0,0,249
900842911,6,22,1,349,0,0,0,0,378
900842912,1,10,0,174,10,0,0,5,200
900842913,27,70,2,257,3,0,0,1,360
900842914,11,26,0,566,21,1,0,1,626
900842915,1,9,0,279,0,1,0,3,293
900842916,0,3,0,195,4,0,0,0,202
900843001,1,11,0,291,17,0,0,0,320
900843002,7,34,2,262,3,0,0,1,309
900843003,11,69,2,265,3,0,1,6,357
900843004,21,8,2,191,7,0,0,2,231
900843005,5,52,0,188,7,0,0,0,252
900843006,0,98,1,88,18,0,0,0,205
900843007,1,54,0,290,1,0,0,0,346
900843008,1,50,0,210,3,1,0,1,266
900843009,8,6,1,279,4,0,0,1,299
900843010,3,29,1,235,1,0,0,2,271
900843011,12,38,1,309,2,0,0,0,362
900843012,2,31,1,335,5,0,1,0,375
900843013,7,16,2,367,7,1,0,2,402
900843014,4,12,1,307,1,0,0,4,329
900843015,36,11,0,380,8,0,0,0,435
900843016,2,0,0,344,1,0,0,2,349
900843017,12,1,0,180,3,1,0,1,198
900843018,20,47,2,396,4,2,0,2,473
900843019,0,0,0,112,5,0,0,0,117
900910101,8,99,11,306,22,0,0,1,447
900910102,15,65,14,280,7,1,3,1,386
900910103,22,60,7,267,16,4,0,1,377
900910104,37,103,22,215,4,3,0,1,385
900910105,23,77,11,178,3,0,0,1,293
900910106,14,40,69,120,5,0,0,1,249
900910201,3,12,2,140,3,0,0,1,161
900910202,1,3,2,70,7,0,3,1,87
900910203,1,4,6,124,2,5,1,1,144
900910204,7,13,29,164,1,1,0,1,216
900910205,2,6,11,87,6,0,0,0,112
900910206,0,4,4,80,0,0,0,0,88
900910207,2,14,2,141,3,3,2,1,168
900910208,5,2,5,134,3,0,3,0,152
900910209,0,0,0,116,3,3,4,0,126
900910301,0,4,1,69,0,0,1,1,76
900910302,1,4,7,148,1,8,1,0,170
900910303,0,3,3,129,3,2,2,0,142
900910304,1,1,3,156,1,1,4,0,167
900910305,2,0,4,137,4,0,5,0,152
900910306,0,3,7,135,1,2,11,0,159
900910307,1,0,1,81,0,0,23,0,106
900910308,0,0,0,32,1,1,12,0,46
900910401,1,0,1,32,1,2,2,1,40
900910402,0,1,10,80,3,1,2,0,97
900910403,0,0,1,110,4,0,3,0,118
900910404,3,5,0,69,0,2,8,0,87
900910405,1,19,0,99,0,0,0,1,120
900910406,0,2,1,42,2,0,1,0,48
900910501,1,7,2,136,0,2,6,0,154
900910502,0,1,3,103,0,2,1,2,112
900910503,6,1,8,102,1,0,3,1,122
900910504,0,1,0,30,0,0,6,0,37
900910601,0,0,0,22,0,0,4,0,26
900910602,1,6,0,98,5,1,21,0,132
900910603,1,0,0,54,2,1,17,0,75
900910604,0,0,0,34,0,0,8,0,42
900910605,1,0,0,20,1,0,3,0,25
900910606,0,1,3,25,0,0,1,0,30
900910607,5,9,3,87,11,0,2,0,117
900910701,1,0,3,162,2,0,26,1,195
900910702,2,4,1,170,4,0,4,1,186
900910703,2,0,0,53,0,0,3,0,58
900910704,0,4,6,70,0,0,0,0,80
900910801,1,0,0,20,1,0,9,3,34
900910802,0,0,1,20,0,0,1,1,23
900910803,0,2,0,52,1,0,16,0,71
900910804,1,1,0,83,0,0,6,4,95
900910805,0,0,0,54,0,2,0,0,56
900910806,0,0,0,39,4,1,5,0,49
900910807,0,0,6,5,0,0,5,1,17
900910808,5,4,1,94,1,5,18,4,132
900910809,1,13,4,195,1,1,8,1,224
900910901,0,4,3,48,4,0,1,0,60
900910902,0,5,1,59,1,0,10,0,76
900910903,0,2,5,63,1,0,5,0,76
900910904,0,1,1,22,0,0,2,0,26
900911001,0,2,2,60,0,1,2,0,67
900911002,0,2,9,30,1,0,3,0,45
900911003,1,3,0,106,0,0,5,1,116
900911004,0,4,0,28,3,0,2,0,37
900911101,0,0,1,44,2,0,9,0,56
900911102,1,1,1,22,1,0,0,0,26
900911103,0,1,1,44,3,0,5,0,54
900911104,0,4,0,48,0,0,3,0,55
900911201,0,0,0,89,2,1,9,1,102
900911202,0,0,2,37,1,0,15,0,55
900911203,0,1,0,7,0,0,5,0,13
900980101,1,3,0,14,1,0,97,15,131
900980102,0,2,0,3,0,1,51,0,57
900980103,0,0,0,0,0,0,22,1,23
900980104,2,3,0,10,0,0,61,0,76
900980105,1,1,0,5,0,0,56,5,68
900980106,4,15,11,55,3,0,84,6,178
900980107,0,0,0,3,0,0,9,0,12
900980108,0,0,0,0,0,0,0,0,0
900980201,0,0,0,1,0,1,9,1,12
900980202,0,0,0,0,0,0,4,0,4
900980203,0,0,0,8,0,0,6,0,14
900980301,0,0,0,1,0,0,9,1,11
900980302,1,0,0,0,0,0,6,0,7
900980303,0,1,0,4,0,0,7,0,12
900980304,4,13,0,30,0,0,40,3,90
900980305,1,0,0,10,0,0,16,3,30
900980306,0,0,0,0,0,0,0,0,0
900980307,0,0,0,1,0,0,4,0,5
900980308,4,13,1,72,3,3,124,5,225
900980309,5,5,3,27,2,0,62,5,109
900980310,3,28,2,74,0,0,72,8,187
900980311,6,26,6,64,3,0,54,20,179
900980401,1,2,0,170,2,1,2,3,181
900980402,2,1,1,223,4,0,11,3,245
900980403,0,0,0,6,0,0,4,0,10
900980404,0,0,0,2,0,0,3,0,5
900980405,0,3,0,128,3,1,7,0,142
900980406,2,10,0,152,1,0,4,2,171
900980407,0,5,1,70,2,1,1,0,80
900980408,2,7,0,184,2,0,2,1,198
900980409,1,4,1,104,1,1,0,0,112
900980410,3,20,0,63,3,1,0,1,91
900980411,0,27,2,45,0,0,0,0,74
900980412,2,20,1,126,0,1,0,1,151
900980413,0,3,1,87,3,0,0,1,95
900980414,0,4,1,146,2,0,0,2,155
900980415,6,12,1,235,5,0,4,2,265
900980416,4,12,6,172,3,0,2,4,203
900980417,1,2,0,88,3,0,0,0,94
900980418,3,18,3,84,1,0,0,0,109
900980419,0,5,1,17,1,0,0,0,24
900980420,1,8,1,122,3,0,0,2,137
901050101,0,0,0,3,0,0,17,2,22
901050102,0,0,0,2,0,0,16,0,18
901050103,0,0,0,14,1,0,16,1,32
901050104,0,0,0,3,3,0,7,0,13
901050201,0,0,0,27,0,0,4,0,31
901050202,0,0,0,7,0,0,4,0,11
901050203,0,1,2,52,3,0,0,0,58
901050204,0,1,1,144,4,0,0,0,150
901050205,0,2,0,166,4,1,5,0,178
901050206,0,0,4,76,1,0,0,0,81
901050207,0,1,0,47,0,0,0,0,48
901050208,0,1,0,170,6,1,2,1,181
901050301,0,1,2,9,0,0,0,0,12
901050302,0,1,4,118,1,0,0,1,125
901050401,2,4,5,89,1,0,1,0,102
901050402,0,4,11,188,4,0,0,0,207
901050501,0,1,0,144,1,0,0,0,146
901050502,1,0,0,26,0,0,0,0,27
901050503,0,17,5,198,2,1,0,0,223
901050504,6,29,8,409,2,1,0,2,457
901050505,1,21,4,140,1,2,1,3,173
901050506,38,161,47,49,2,0,0,0,297
901050601,6,5,3,167,7,0,0,0,188
901050602,4,15,3,223,2,0,0,1,248
901050603,1,32,4,310,3,0,0,29,379
901050604,50,3,0,270,2,0,0,0,325
901050605,2,4,3,305,2,0,0,1,317
901050606,0,5,0,224,0,0,0,1,230
901050607,1,23,1,141,0,0,0,0,166
901050608,1,22,0,109,0,0,0,0,132
901050609,10,59,0,192,0,0,0,0,261
901050610,17,34,2,174,2,1,0,0,230
901050611,5,50,1,240,3,0,0,0,299
901050612,4,4,0,263,4,0,0,0,275
901050613,1,4,1,220,0,0,0,0,226
901050614,1,51,0,66,0,0,0,0,118
901050615,18,115,0,102,1,0,0,0,236
901050616,6,74,3,121,1,0,0,0,205
901050617,3,66,1,141,0,0,0,1,212
901050618,7,58,1,166,5,2,0,1,240
901050619,4,78,2,134,3,0,0,0,221
901050620,0,95,0,212,3,0,0,0,310
901050621,3,16,0,403,5,0,0,0,427
901050622,1,0,0,121,0,1,0,0,123
901050623,15,134,18,259,0,0,0,0,426
901050624,0,5,0,105,0,1,0,0,111
901050625,20,45,1,154,0,0,0,0,220
901050701,7,19,9,469,5,0,0,2,511
901050702,7,24,1,209,6,4,1,0,252
901050703,13,47,4,86,5,0,0,0,155
901050704,5,13,0,253,5,0,0,2,278
901050705,33,104,2,71,4,0,0,1,215
901050706,21,108,1,152,4,0,0,0,286
901050707,1,3,0,136,1,0,0,3,144
901050708,6,1,0,210,38,0,0,0,255
901050709,1,14,3,234,19,2,0,0,273
901050710,2,1,0,201,1,0,0,2,207
901050711,4,9,0,368,3,1,0,0,385
901050712,39,155,200,11,1,0,0,1,407
901050713,0,8,0,233,2,0,0,0,243
901050714,5,2,0,242,3,1,0,1,254
901050715,0,19,62,61,6,0,0,5,153
901050716,0,0,0,0,0,0,0,0,0
901050717,0,0,0,3,0,0,0,0,3
901050718,3,1,0,21,0,0,0,0,25
901050801,1,10,1,58,2,0,0,0,72
901050802,9,76,6,321,2,0,0,0,414
901050803,12,48,11,263,4,0,1,1,340
901050804,7,29,5,304,3,0,0,0,348
901050805,1,18,6,333,5,0,0,0,363
901050806,2,26,2,211,3,0,0,0,244
901050807,7,55,12,236,2,0,0,1,313
901050808,26,84,3,356,5,1,1,1,477
901050809,2,15,3,285,1,0,0,0,306
901050810,58,73,3,133,25,0,0,0,292
901050811,4,79,132,39,79,0,0,0,333
901050812,90,270,2,9,2,0,0,1,374
901050813,17,76,8,250,9,0,0,1,361
901050814,9,78,12,225,1,0,0,0,325
901050815,17,14,1,183,3,0,0,1,219
901050816,2,40,4,191,3,0,0,1,241
901050817,9,35,3,200,3,1,1,0,252
901050901,0,0,0,15,0,0,0,0,15
901050902,9,91,61,133,6,1,0,2,303
901050903,6,45,9,380,29,5,1,2,477
901050904,14,66,1,280,5,0,0,1,367
901050905,6,28,9,269,10,0,0,1,323
901050906,10,117,16,238,7,0,0,6,394
901050907,9,100,13,175,8,0,0,1,306
901050908,15,86,11,159,8,0,0,1,280
901050909,52,61,6,139,12,0,2,4,276
901050910,7,54,4,74,5,0,0,3,147
901050911,19,67,2,91,7,0,0,0,186
901050912,19,73,16,231,8,0,0,0,347
901050913,5,41,21,241,45,0,1,2,356
901050914,21,92,6,210,8,0,0,2,339
901050915,17,90,10,157,3,0,0,0,277
901050916,1,0,2,220,5,0,0,1,229
901050917,3,9,0,153,1,0,0,0,166
901051001,14,193,1,132,0,0,0,0,340
901051002,2,30,1,180,4,0,0,1,218
901051003,4,32,1,250,10,0,0,0,297
901051004,8,63,3,332,4,0,1,1,412
901051005,6,61,37,330,2,2,0,2,440
901051006,1,38,0,277,4,0,0,0,320
901051007,26,81,16,154,10,0,0,3,290
901051008,7,12,0,90,0,0,0,1,110
901051009,3,14,0,385,2,0,0,12,416
901051010,3,28,2,285,4,1,1,0,324
901051011,1,59,2,188,3,0,0,0,253
901051012,3,60,4,174,4,0,0,0,245
901051013,42,138,0,81,0,0,0,1,262
901051014,0,3,0,1,0,0,0,0,4
901051015,4,19,0,290,5,0,1,1,320
901051016,2,34,1,225,5,0,0,3,270
901051017,13,116,11,285,3,0,0,2,430
901051018,17,85,114,187,2,0,2,1,408
901051019,3,22,1,168,0,0,0,1,195
901051020,13,30,0,121,2,1,0,0,167
901051021,6,120,8,190,4,0,0,2,330
901051022,1,56,0,214,1,0,0,1,273
901051023,6,104,2,175,10,1,0,4,302
901051024,6,14,0,294,6,0,0,1,321
901120101,0,1,0,1,2,4,0,3,11
901120102,0,0,0,34,0,0,6,1,41
901120103,1,1,1,36,1,0,1,0,41
901120104,0,0,0,21,0,0,3,0,24
901120105,0,1,0,26,1,0,30,1,59
901120106,0,0,0,12,0,1,8,0,21
901120107,0,0,0,11,1,1,2,1,16
901120108,0,2,0,49,1,0,3,0,55
901120109,1,10,2,106,4,1,0,0,124
901120110,0,14,1,113,13,1,0,0,142
901120111,4,29,12,99,8,0,0,0,152
901120112,1,6,4,67,2,1,0,1,82
901120113,2,9,7,72,2,0,0,1,93
901120114,1,6,4,100,0,0,1,0,112
901120115,1,4,2,110,26,0,0,0,143
901120116,0,3,13,65,1,1,0,2,85
901120201,1,0,0,25,0,0,1,0,27
901120202,0,0,3,14,2,0,0,0,19
901120203,1,11,1,73,2,1,3,0,92
901120204,0,2,2,59,1,1,2,1,68
901120205,1,28,5,203,5,1,3,1,247
901120206,0,4,3,47,1,0,2,0,57
901120207,0,2,0,29,2,0,1,0,34
901120208,0,0,2,16,1,0,1,0,20
901120209,0,3,12,42,0,0,1,0,58
901120210,0,9,2,301,5,1,6,2,326
901120211,0,0,0,3,0,0,2,0,5
901120212,0,1,3,18,0,0,1,0,23
901120213,12,112,18,263,10,1,0,0,416
901120214,19,91,7,169,10,0,0,3,299
901120215,2,43,6,108,3,0,0,0,162
901120216,11,23,11,209,3,0,0,0,257
901120301,0,0,0,56,2,0,4,0,62
901120302,0,9,0,216,1,0,2,0,228
901120303,0,4,6,108,3,1,1,0,123
901120304,0,5,4,19,0,0,0,0,28
901120305,1,4,0,33,0,0,0,0,38
901120306,0,0,0,12,0,0,24,0,36
901120307,0,2,0,117,5,0,23,0,147
901120308,1,11,2,78,24,0,0,0,116
901120401,0,1,1,20,0,0,2,0,24
901120402,2,1,0,39,1,0,0,2,45
901120403,3,4,0,77,3,0,0,1,88
901120404,1,1,3,186,3,1,0,0,195
901190101,0,0,0,14,0,0,1,0,15
901190102,0,0,0,4,0,0,0,0,4
901190103,0,3,0,42,1,0,0,0,46
901190201,9,21,43,213,5,0,0,1,292
901190202,6,5,1,181,5,1,0,1,200
901190203,9,41,0,158,2,1,0,0,211
901190204,16,11,8,284,4,0,0,0,323
901190205,2,30,5,180,5,0,0,1,223
901190206,19,59,1,279,8,0,0,3,369
901190207,22,30,4,104,3,2,0,2,167
901190208,5,33,4,199,6,1,0,1,249
901190209,5,28,14,216,5,0,0,1,269
901190210,2,76,52,67,1,1,0,0,199
901190211,7,62,52,183,4,1,0,0,309
901190212,13,60,3,73,2,2,0,4,157
901190213,18,65,1,153,2,1,0,1,241
901190214,14,1,0,172,1,0,0,0,188
901190215,11,122,88,38,0,0,0,0,259
901190216,1,30,189,3,0,0,0,0,223
901190217,12,39,0,209,5,0,0,1,266
901190301,0,0,0,1,0,0,0,0,1
901190302,17,16,6,143,7,0,1,0,190
901190303,7,7,42,93,0,0,0,0,149
901190304,0,11,0,227,3,2,0,0,243
901190305,11,58,19,104,0,0,0,1,193
901190306,1,51,0,213,15,0,0,0,280
901190307,0,4,1,256,1,0,0,0,262
901190308,1,12,41,133,7,0,0,0,194
901190309,1,78,27,133,0,0,0,0,239
901190310,8,43,24,132,3,0,0,0,210
901190311,5,23,2,146,3,0,0,0,179
901190312,7,33,60,70,3,0,0,0,173
901190313,20,77,55,192,10,0,0,1,355
901190314,6,39,40,163,4,0,1,1,254
901190315,5,11,36,182,2,3,0,0,239
901190316,4,27,7,197,3,0,0,0,238
901190317,13,46,50,327,7,0,0,0,443
901190318,6,17,23,138,2,0,0,0,186
901190319,3,7,0,257,4,0,0,0,271
901190401,3,8,0,190,3,1,0,1,206
901190402,5,62,6,219,4,1,0,1,298
901190403,12,67,2,239,6,0,1,6,333
901190404,2,90,10,244,5,1,0,1,353
901190405,2,34,1,278,4,0,0,1,320
901190406,20,6,3,334,2,0,0,1,366
901190407,13,47,10,348,4,0,0,1,423
901190408,2,69,10,252,3,0,0,0,336
901190409,9,40,43,342,3,0,0,3,440
901190410,34,28,155,41,0,1,0,0,259
901190411,7,33,82,127,7,0,0,1,257
901190412,0,28,63,99,0,0,0,8,198
901190413,11,57,67,73,1,0,0,1,210
901190414,12,56,95,48,0,0,0,0,211
901190415,6,42,44,42,0,0,0,1,135
901190416,3,49,8,59,0,0,0,0,119
901190417,20,112,83,81,2,0,0,0,298
901190418,14,40,88,51,2,0,0,0,195
901190419,16,44,179,92,0,1,0,0,332
901190420,2,50,68,143,3,2,0,2,270
901190421,13,44,60,62,1,0,0,1,181
901190501,0,2,0,5,0,0,0,0,7
901190502,3,65,17,149,0,0,0,1,235
901190503,5,29,30,197,4,0,0,1,266
901190504,15,29,84,89,3,0,0,2,222
901190505,38,39,66,70,0,0,0,1,214
901190506,8,56,56,51,3,0,0,2,176
901190507,12,128,118,112,4,0,0,4,378
901190508,21,106,64,171,7,0,0,0,369
901190509,23,68,75,150,2,0,0,0,318
901190510,6,30,49,167,0,0,0,0,252
901190511,108,9,10,51,0,0,0,0,178
901190512,3,48,53,266,4,0,0,1,375
901190513,7,59,36,284,13,1,0,2,402
901190514,6,39,32,243,1,0,0,1,322
901190515,2,10,53,214,0,0,0,2,281
901190516,0,32,14,267,2,1,0,0,316
940070101,0,2,0,5,0,0,0,1,8
940070201,0,0,0,12,0,0,0,0,12
940070301,0,0,0,16,0,0,0,0,16
940070401,0,0,0,17,0,0,0,0,17
940070501,0,0,0,7,0,0,0,1,8
940070502,1,0,1,141,4,2,0,1,150
940070503,3,0,1,280,2,7,1,0,294
940070504,2,2,2,217,2,1,0,2,228
940070505,1,0,0,179,3,3,1,1,188
940070601,0,0,0,31,0,0,0,0,31
940070701,0,0,0,26,2,0,0,0,28
940070801,0,0,0,14,0,0,0,0,14
940071001,38,3,1,355,3,0,0,7,407
940071002,0,0,0,117,2,0,0,0,119
940071003,49,2,1,299,2,0,0,2,355
940071004,12,86,1,204,30,0,0,1,334
940071005,7,12,0,269,10,0,0,5,303
940071006,6,3,1,323,2,0,0,1,336
940071007,10,117,0,197,9,0,0,4,337
940071008,2,101,0,123,36,0,0,17,279
940071009,1,33,3,251,4,0,0,0,292
940071010,4,35,0,245,2,0,0,1,287
940071011,7,0,0,297,7,1,1,13,326
940071012,5,31,0,240,3,0,0,0,279
940071013,6,42,0,223,11,2,0,6,290
940071101,10,5,7,277,5,0,0,4,308
940071102,9,12,2,275,7,1,0,2,308
940071103,4,2,3,329,3,0,3,4,348
940071104,16,47,3,384,3,0,0,0,453
940071105,3,2,10,281,2,0,0,0,298
940071106,7,4,4,270,11,0,0,7,303
940071107,7,11,3,181,4,3,0,1,210
940071108,17,12,0,134,3,3,0,1,170
940071109,21,1,3,236,11,2,0,6,280
940071110,2,5,1,212,2,2,0,7,231
940071111,22,6,0,274,3,4,0,4,313
940071112,3,4,3,317,1,0,0,1,329
940071113,16,10,1,318,6,1,2,4,358
940071201,24,7,0,203,10,0,0,5,249
940071202,8,3,1,260,0,1,0,1,274
940071203,7,14,1,161,12,0,0,2,197
940071204,3,3,2,320,5,0,0,6,339
940071205,25,84,0,226,1,0,0,0,336
940071206,4,0,0,323,14,0,0,1,342
940071207,0,0,1,289,3,1,0,2,296
940071208,1,177,3,123,2,0,0,1,307
940071209,6,2,0,306,13,0,1,8,336
940071210,6,5,2,287,11,2,0,8,321
940071211,6,5,2,202,8,1,0,8,232
940071212,15,11,3,271,11,6,0,10,327
940071213,12,6,1,270,13,2,1,7,312
940071301,9,5,1,278,11,1,1,8,314
940071302,11,4,1,324,2,1,0,0,343
940071303,12,7,0,314,2,0,0,3,338
940071304,3,3,0,306,5,0,0,1,318
940071305,2,1,0,333,5,0,0,7,348
940071306,3,0,0,101,2,0,0,0,106
940071307,30,3,4,291,10,0,1,13,352
940071308,7,1,2,225,4,0,0,6,245
940071309,2,0,0,264,0,0,0,1,267
940071310,9,0,0,177,1,3,0,5,195
940071311,3,2,1,292,10,0,1,2,311
940071312,6,6,0,277,3,0,0,1,293
940071313,10,2,1,302,4,0,0,1,320
940071314,3,5,1,178,11,0,0,0,198
940071401,9,1,1,297,1,0,0,2,311
940071402,3,1,1,355,9,1,0,6,376
940071403,6,1,0,328,7,4,0,6,352
940071404,1,3,0,280,5,1,0,3,293
940071405,7,5,0,288,41,1,1,2,345
940071406,1,0,3,260,2,0,1,4,271
940071407,17,5,2,311,7,0,0,4,346
940071408,7,12,0,281,5,0,0,7,312
940071409,4,6,0,321,2,0,0,5,338
940071410,0,4,0,276,5,0,0,3,288
940071411,1,2,0,286,1,1,0,0,291
940071412,2,1,1,336,4,5,2,7,358
940071413,1,0,0,241,6,3,0,7,258
940071414,4,0,0,253,9,6,0,13,285
940071415,3,0,0,217,7,0,0,0,227
940071416,2,0,0,82,5,0,0,7,96
940140101,0,0,0,4,0,0,0,1,5
940140102,1,0,0,51,0,1,0,0,53
940140103,0,0,0,41,0,0,0,0,41
940140201,0,0,0,0,0,0,0,0,0
940140202,0,0,0,5,0,0,0,0,5
940140301,0,0,0,1,0,0,0,0,1
940140302,0,0,0,14,0,0,0,0,14
940140401,3,4,0,134,2,0,1,4,148
940140402,5,1,0,230,4,3,0,1,244
940140403,0,2,0,128,5,2,0,0,137
940140404,0,0,0,92,4,2,0,4,102
940140405,2,5,0,143,0,0,0,1,151
940140406,9,3,4,200,5,0,0,1,222
940140407,2,7,0,274,5,0,1,5,294
940140408,0,10,1,125,0,0,0,0,136
940140409,5,25,1,279,3,1,0,5,319
940140410,4,6,6,208,3,0,0,1,228
940140411,1,5,1,232,5,3,0,8,255
940140412,11,4,0,255,2,1,0,1,274
940140413,2,7,3,309,3,0,1,1,326
940140414,2,7,2,333,10,2,0,6,362
940140415,2,13,0,255,7,10,0,9,296
940140416,2,6,0,306,4,0,0,0,318
940140501,1,1,0,213,3,0,1,1,220
940140502,7,11,1,263,4,0,1,0,287
940140503,8,3,0,278,4,2,0,5,300
940140504,0,2,0,100,1,0,0,0,103
940140505,4,7,3,218,18,5,0,15,270
940140506,2,36,2,125,2,0,0,1,168
940140507,2,17,1,158,2,2,0,0,182
940140508,33,2,0,220,10,4,0,8,277
940140509,16,10,0,362,4,0,0,6,398
940140510,1,4,4,223,5,0,1,2,240
940140511,1,1,0,207,2,0,0,3,214
940140601,0,10,0,198,0,0,0,2,210
940140602,10,10,3,345,1,0,0,2,371
940140603,2,13,0,276,4,1,1,2,299
940140604,1,34,0,245,0,0,0,2,282
940140605,23,8,1,333,5,1,0,2,373
940140606,0,2,1,276,3,0,0,2,284
940140607,8,21,1,258,8,2,0,2,300
940140608,0,8,0,283,1,0,1,0,293
940140609,3,8,2,314,3,0,0,3,333
940140610,4,12,1,324,3,0,2,3,349
940140611,2,2,2,326,7,2,1,5,347
940140612,4,0,0,299,1,6,0,2,312
940140701,1,0,0,164,3,1,0,3,172
940140702,10,7,0,248,3,1,0,3,272
940140703,2,3,1,302,4,0,4,4,320
940140704,2,5,0,282,3,0,0,3,295
940140705,10,0,27,265,1,1,0,2,306
940140706,1,1,0,133,7,0,0,0,142
940140707,11,2,0,302,3,0,1,0,319
940140708,0,4,1,237,5,1,0,0,248
940140709,2,42,0,84,2,0,0,0,130
940140710,0,53,0,49,1,0,0,4,107
940140711,2,10,2,333,16,3,0,4,370
940140712,0,10,0,321,5,0,0,7,343
940140713,2,4,0,292,5,0,0,4,307
940140714,19,7,1,326,4,1,0,33,391
940140801,1,0,37,29,1,0,0,0,68
940140802,24,6,4,174,4,0,0,0,212
940140803,1,0,5,71,12,0,0,0,89
940140804,5,1,1,207,1,0,0,5,220
940140805,1,2,1,265,2,1,0,1,273
940140806,5,28,1,322,4,1,0,5,366
940140807,4,9,1,231,12,2,0,9,268
940140808,4,5,1,336,7,7,0,8,368
940140809,12,9,2,212,3,1,0,9,248
940140810,2,3,1,425,5,1,0,2,439
940140811,0,5,0,294,6,3,0,1,309
940140812,0,1,0,291,1,0,0,1,294
940140813,1,4,0,305,1,0,2,6,319
940210101,0,0,0,0,0,0,0,0,0
940280101,0,2,0,0,0,0,0,6,8
