radio,1 A red pública (cloaca),2 A cámara séptica y pozo ciego,3 Sólo a pozo ciego,"4 A hoyo, excavación en la tierra, etc.",TOTAL
020010101,60,3,1,1,65
020010201,124,2,8,0,134
020010202,111,9,6,0,126
020010203,87,9,3,0,99
020010204,155,5,2,0,162
020010205,89,1,0,0,90
020010206,198,3,2,0,203
020010207,124,4,1,0,129
020010208,133,3,3,0,139
020010209,144,3,0,0,147
020010210,84,0,2,0,86
020010211,188,3,0,0,191
020010212,332,3,1,0,336
020010213,141,1,1,0,143
020010214,241,12,1,0,254
020010215,258,7,2,0,267
020010216,404,9,3,1,417
020010217,199,17,4,0,220
020010218,141,4,0,0,145
020010219,177,14,1,0,192
020010301,124,20,32,1,177
020010302,127,15,12,1,155
020010303,134,23,26,3,186
020010304,109,7,11,0,127
020010305,320,41,16,1,378
020010306,321,3,4,1,329
020010307,137,4,2,0,143
020010308,240,4,1,2,247
020010309,343,14,10,0,367
020010310,238,5,5,0,248
020010311,242,9,3,0,254
020010312,154,6,1,5,166
020010313,114,1,2,0,117
020010314,119,11,10,2,142
020010315,274,8,4,0,286
020010316,229,11,3,2,245
020010317,149,12,13,5,179
020010318,207,5,11,0,223
020010319,298,16,10,0,324
020010320,51,10,48,0,109
020010321,95,3,1,0,99
020010322,87,24,81,0,192
020010323,172,18,53,4,247
020010401,661,2,0,0,663
020010402,615,0,0,0,615
020010403,467,2,0,0,469
020010404,602,1,0,0,603
020010405,384,0,0,0,384
020010406,484,1,0,0,485
020010407,546,1,2,0,549
020010408,451,0,0,0,451
020010501,257,0,0,0,257
020010502,240,0,0,0,240
020010503,405,0,0,0,405
020010504,490,0,0,0,490
020010505,242,0,0,0,242
020010506,364,1,0,0,365
020010507,269,1,0,0,270
020010601,311,15,0,0,326
020010602,210,0,0,0,210
020010603,424,2,0,0,426
020010604,397,0,0,0,397
020010605,169,0,0,0,169
020010606,249,2,0,0,251
020010607,226,1,0,0,227
020010608,296,0,0,0,296
020010609,419,0,0,0,419
020010610,193,0,0,0,193
020010701,264,0,0,0,264
020010702,117,0,0,0,117
020010703,126,0,0,0,126
020010704,277,0,0,0,277
020010705,146,0,0,1,147
020010706,80,0,0,0,80
020010707,249,0,0,0,249
020010708,239,1,0,0,240
020010709,183,0,0,0,183
020010710,231,0,1,0,232
020010711,140,0,0,0,140
020010712,175,0,0,0,175
020010713,64,0,0,0,64
020010801,187,0,0,0,187
020010802,566,1,0,0,567
020010803,446,0,1,0,447
020010804,295,0,0,0,295
020010805,210,3,1,0,214
020010806,572,0,0,0,572
020010807,561,0,0,0,561
020010808,185,3,0,0,188
020010809,257,0,0,0,257
020010810,186,0,0,0,186
020010901,161,0,0,0,161
020010902,192,0,0,0,192
020010903,178,0,5,0,183
020010904,133,1,0,0,134
020010905,191,1,0,0,192
020010906,172,3,0,0,175
020010907,283,5,0,0,288
020010908,149,0,0,0,149
020010909,237,0,0,0,237
020010910,106,1,1,0,108
020010911,116,0,0,0,116
020010912,76,0,0,0,76
020010913,200,1,0,0,201
020010914,147,1,0,0,148
020010915,105,0,0,0,105
020010916,333,4,0,0,337
020010917,207,0,0,0,207
020010918,169,0,0,0,169
020010919,61,0,0,0,61
020011001,120,0,0,0,120
020011002,278,0,0,0,278
020011003,507,1,0,0,508
020011004,222,0,0,0,222
020011005,230,0,0,0,230
020011006,255,0,0,0,255
020011007,158,0,0,0,158
020011008,152,1,0,0,153
020011009,157,0,1,0,158
020011010,296,0,0,0,296
020011011,351,0,0,0,351
020011012,291,0,0,0,291
020011013,328,0,0,0,328
020011014,111,0,0,0,111
020011101,211,0,0,0,211
020011102,284,0,0,0,284
020011103,198,0,0,0,198
020011104,325,0,0,0,325
020011105,248,2,0,0,250
020011106,208,1,0,0,209
020011107,295,1,0,0,296
020011108,352,1,0,0,353
020011109,219,0,0,0,219
020011110,272,0,0,0,272
020011111,126,0,0,0,126
020011112,406,0,0,1,407
020011113,291,0,0,0,291
020011114,288,0,1,0,289
020011201,112,0,0,0,112
020011202,129,0,0,0,129
020011203,292,1,0,0,293
020011204,193,2,0,0,195
020011205,275,0,0,0,275
020011206,197,1,0,0,198
020011207,322,0,0,0,322
020011208,126,0,0,0,126
020011209,336,0,0,0,336
020011210,101,0,0,0,101
020011211,133,0,0,0,133
020011212,74,0,0,0,74
020011301,163,0,0,0,163
020011302,60,0,0,0,60
020011303,20,0,0,0,20
020011304,136,0,0,0,136
020011305,154,0,0,0,154
020011306,100,0,0,0,100
020011307,241,0,0,0,241
020011308,154,0,0,0,154
020011309,155,0,0,0,155
020011310,235,0,0,0,235
020011311,142,0,0,0,142
020011312,138,0,0,0,138
020011313,93,10,0,0,103
020011314,85,66,452,22,625
020011315,0,0,0,0,0
020011401,188,7,1,0,196
020011402,224,2,0,0,226
020011403,195,0,0,0,195
020011404,39,0,0,0,39
020011405,211,3,0,0,214
020011406,263,0,0,0,263
020011407,215,0,0,0,215
020011408,194,0,1,0,195
020011409,246,0,0,0,246
020011410,220,0,0,0,220
020011411,229,1,0,0,230
020011412,217,0,0,0,217
020011501,162,0,0,0,162
020011502,247,0,1,0,248
020011503,200,0,0,0,200
020011504,335,0,0,0,335
020011505,173,2,0,0,175
020011506,277,4,0,0,281
020011507,270,0,0,0,270
020011508,306,4,0,0,310
020011509,320,3,0,0,323
020011510,290,1,0,0,291
020011511,281,0,0,0,281
020011601,161,0,0,0,161
020011602,163,1,0,0,164
020011603,409,4,0,0,413
020011604,345,0,0,0,345
020011605,208,0,0,0,208
020011606,225,3,0,0,228
020011607,447,17,0,0,464
020011608,220,0,0,0,220
020011609,160,0,0,0,160
020011610,291,0,0,0,291
020011611,200,0,0,0,200
020011612,137,2,0,0,139
020011701,387,2,0,0,389
020011702,295,4,0,0,299
020011703,310,0,0,0,310
020011704,287,0,0,0,287
020011705,256,0,0,0,256
020011706,366,0,0,0,366
020011707,321,0,0,0,321
020011708,267,0,0,0,267
020011709,235,2,0,0,237
020011710,279,0,0,0,279
020011711,218,0,0,0,218
020011801,442,0,0,0,442
020011802,355,2,0,0,357
020011803,288,3,0,0,291
020011804,336,0,0,0,336
020011805,274,0,0,0,274
020011806,484,2,2,0,488
020011807,309,0,0,0,309
020011808,296,2,0,0,298
020011809,286,0,0,0,286
020011901,395,4,0,0,399
020011902,498,0,0,0,498
020011903,145,0,0,0,145
020011904,302,1,0,0,303
020011905,270,0,1,0,271
020011906,181,0,0,0,181
020011907,315,2,0,0,317
020011908,154,0,0,0,154
020011909,223,0,0,0,223
020012001,255,0,1,0,256
020012002,298,0,0,0,298
020012003,233,5,0,0,238
020012004,329,0,0,0,329
020012005,351,1,0,0,352
020012006,335,1,0,0,336
020012007,207,0,0,0,207
020012008,213,0,0,1,214
020012009,243,0,1,0,244
020012010,283,1,0,0,284
020012101,233,1,0,0,234
020012102,265,0,0,0,265
020012103,155,2,0,0,157
020012104,467,1,0,0,468
020012105,249,1,0,0,250
020012106,262,2,0,0,264
020012107,317,1,0,0,318
020012108,236,1,0,0,237
020012109,328,0,0,0,328
020012110,365,3,0,0,368
020012201,260,0,0,0,260
020012202,419,0,0,0,419
020012203,370,1,0,0,371
020012204,201,3,3,0,207
020012205,186,0,0,0,186
020012206,249,0,0,0,249
020012207,236,14,0,0,250
020012208,273,0,0,0,273
020012209,326,18,2,0,346
020012210,572,5,1,1,579
020012301,272,0,0,0,272
020012302,217,1,0,0,218
020012303,356,0,0,0,356
020012304,130,0,0,0,130
020012305,213,5,0,0,218
020012306,214,0,0,0,214
020012307,257,1,0,0,258
020012308,265,0,0,0,265
020012309,388,0,0,0,388
020012310,148,2,0,0,150
020012401,113,0,0,0,113
020012402,145,0,0,0,145
020012403,192,6,0,0,198
020012404,158,1,0,0,159
020012405,168,0,0,0,168
020012406,365,0,0,0,365
020012407,259,1,1,0,261
020012408,184,0,0,0,184
020012501,172,1,0,0,173
020012502,177,2,0,0,179
020012503,221,0,0,0,221
020012504,429,1,0,0,430
020012505,226,0,0,0,226
020012506,349,2,0,0,351
020012507,193,0,0,0,193
020012508,321,0,0,0,321
020012509,201,4,1,0,206
020012510,227,0,0,0,227
020012511,252,0,0,0,252
020012601,241,2,0,0,243
020012602,319,0,0,0,319
020012603,216,1,0,0,217
020012604,243,1,0,0,244
020012605,300,0,0,0,300
020012606,212,1,0,1,214
020012607,141,0,0,1,142
020012608,213,0,0,0,213
020012609,314,2,0,0,316
020012701,232,2,0,0,234
020012702,265,0,0,0,265
020012703,272,12,1,0,285
020012704,312,6,0,0,318
020012705,268,2,0,0,270
020012706,280,11,0,0,291
020012707,259,5,1,0,265
020012708,253,0,0,0,253
020012709,306,0,0,1,307
020012710,231,0,0,0,231
020012801,196,0,0,0,196
020012802,268,2,0,0,270
020012803,241,0,0,0,241
020012804,277,0,0,0,277
020012805,353,1,0,0,354
020012806,265,4,0,0,269
020012807,285,2,0,0,287
020012808,109,0,0,0,109
020012809,242,0,1,0,243
020012810,324,1,0,0,325
020012811,182,0,0,0,182
020012812,204,4,0,0,208
020012813,221,1,1,0,223
020012901,402,0,0,0,402
020012902,220,1,0,0,221
020012903,270,1,1,0,272
020012904,269,0,0,0,269
020012905,290,3,0,0,293
020012906,309,6,0,0,315
020012907,300,1,0,0,301
020012908,257,2,0,0,259
020012909,372,1,0,0,373
020020101,16,4,1,0,21
020020102,38,41,47,2,128
020020201,236,13,3,0,252
020020202,362,0,0,0,362
020020203,229,0,0,0,229
020020204,204,1,0,0,205
020020205,259,0,0,0,259
020020206,195,2,0,0,197
020020207,141,0,0,0,141
020020208,280,2,0,0,282
020020301,399,0,0,0,399
020020302,411,0,0,0,411
020020303,100,0,0,0,100
020020304,188,0,0,0,188
020020305,291,2,0,0,293
020020306,257,0,0,0,257
020020307,353,0,0,0,353
020020308,234,0,0,0,234
020020401,313,0,0,0,313
020020402,109,0,0,0,109
020020403,72,0,0,0,72
020020404,195,0,0,0,195
020020405,284,0,0,0,284
020020406,211,0,0,0,211
020020407,235,0,0,0,235
020020408,424,0,0,0,424
020020409,331,0,0,0,331
020020410,429,1,0,0,430
020020501,254,2,0,0,256
020020502,308,3,0,0,311
020020503,255,0,0,0,255
020020504,226,0,0,0,226
020020505,324,0,0,0,324
020020506,327,0,0,0,327
020020507,313,0,0,0,313
020020508,327,1,0,0,328
020020509,271,0,0,0,271
020020601,175,0,0,0,175
020020602,572,0,0,0,572
020020603,226,0,0,0,226
020020604,333,0,0,0,333
020020605,183,0,0,0,183
020020606,319,1,0,0,320
020020607,174,1,0,0,175
020020608,213,0,0,0,213
020020609,271,0,0,0,271
020020610,228,0,0,0,228
020020701,573,0,0,0,573
020020702,493,0,0,0,493
020020703,359,1,0,0,360
020020704,267,0,0,0,267
020020705,244,0,0,0,244
020020706,271,0,0,0,271
020020707,409,0,0,0,409
020020708,170,0,2,0,172
020020709,278,0,0,0,278
020020801,347,0,0,0,347
020020802,306,0,0,0,306
020020803,457,0,0,0,457
020020804,477,0,0,0,477
020020805,412,1,0,0,413
020020806,623,1,1,0,625
020020807,704,2,0,0,706
020020808,357,0,0,0,357
020020901,399,0,0,0,399
020020902,218,0,0,0,218
020020903,451,0,0,0,451
020020904,461,0,0,0,461
020020905,488,0,0,0,488
020020906,441,0,0,0,441
020020907,472,0,0,0,472
020020908,648,1,0,0,649
020020909,548,0,0,0,548
020021001,516,1,1,0,518
020021002,366,0,0,0,366
020021003,209,0,0,0,209
020021004,344,0,0,0,344
020021005,425,1,0,0,426
020021006,321,0,0,0,321
020021007,482,1,0,0,483
020021008,443,0,0,0,443
020021009,299,0,0,0,299
020021101,620,1,0,0,621
020021102,241,0,0,0,241
020021103,670,1,1,0,672
020021104,645,0,0,0,645
020021105,168,1,0,0,169
020021106,305,0,0,0,305
020021201,435,0,0,0,435
020021202,395,7,0,0,402
020021203,455,1,0,0,456
020021204,703,0,0,0,703
020021205,615,0,0,0,615
020021206,498,0,0,0,498
020021301,593,2,0,0,595
020021302,415,2,0,0,417
020021303,516,0,0,0,516
020021304,555,0,0,0,555
020021305,647,0,0,0,647
020021306,380,0,0,0,380
020021307,629,0,0,0,629
020021401,248,0,0,0,248
020021402,305,0,0,1,306
020021403,174,1,0,0,175
020021404,369,0,0,0,369
020021405,497,1,0,0,498
020021406,529,0,0,0,529
020021407,331,0,1,0,332
020021408,378,2,0,0,380
020021409,604,0,0,0,604
020021410,537,0,0,0,537
020021501,266,0,0,0,266
020021502,388,0,0,0,388
020021503,630,0,0,0,630
020021504,310,0,0,0,310
020021505,267,0,0,0,267
020021506,286,0,0,0,286
020021507,367,0,0,0,367
020021508,338,0,0,0,338
020021601,321,0,0,0,321
020021602,306,0,0,0,306
020021603,304,1,0,0,305
020021604,284,0,0,0,284
020021605,383,0,0,0,383
020021606,318,0,0,0,318
020021607,359,0,0,0,359
020021608,194,1,0,0,195
020021701,568,3,0,0,571
020021702,382,0,0,0,382
020021703,450,2,0,0,452
020021704,167,0,0,0,167
020021705,288,2,0,0,290
020021706,451,1,0,0,452
020021707,577,0,0,0,577
020021708,478,2,0,0,480
020021709,366,0,0,0,366
020021801,458,0,0,0,458
020021802,538,0,0,0,538
020021803,397,0,0,0,397
020021804,265,1,0,0,266
020021805,250,0,0,0,250
020021806,366,1,0,0,367
020021807,276,1,0,0,277
020021808,335,0,0,0,335
020021901,393,0,0,0,393
020021902,306,0,0,0,306
020021903,305,0,0,0,305
020021904,499,0,0,0,499
020021905,360,1,0,0,361
020021906,424,0,0,0,424
020021907,321,0,0,0,321
020021908,376,1,0,0,377
020022001,456,0,1,0,457
020022002,446,1,0,0,447
020022003,368,2,0,0,370
020022004,385,1,0,0,386
020022005,250,1,0,0,251
020022006,354,0,0,0,354
020022007,247,0,0,0,247
020022008,301,0,0,0,301
020022101,461,1,0,0,462
020022102,442,0,0,0,442
020022103,369,0,0,0,369
020022104,529,1,0,0,530
020022105,506,2,0,0,508
020022106,481,0,0,0,481
020022201,367,0,0,1,368
020022202,281,0,0,0,281
020022203,205,0,0,0,205
020022204,483,0,0,0,483
020022205,528,0,0,0,528
020022206,556,1,0,0,557
020022301,435,0,0,0,435
020022302,512,0,0,0,512
020022303,441,0,0,0,441
020022304,380,1,0,0,381
020022305,295,0,0,0,295
020022306,203,0,0,0,203
020022307,237,0,0,0,237
020022308,187,0,0,0,187
020022309,463,0,0,0,463
020022401,450,0,0,0,450
020022402,377,0,0,0,377
020022403,335,0,0,0,335
020022404,452,0,0,0,452
020022405,506,0,0,0,506
020022406,466,2,0,0,468
020022501,312,0,0,0,312
020022502,349,0,0,0,349
020022503,177,0,0,0,177
020022504,425,2,0,0,427
020022505,468,0,0,0,468
020022506,355,0,0,0,355
020022507,386,0,0,0,386
020022508,523,0,0,0,523
020022509,411,0,0,0,411
020022510,299,0,0,0,299
020022511,501,0,0,0,501
020030101,486,2,0,0,488
020030102,416,2,0,0,418
020030103,467,0,0,0,467
020030104,248,0,0,0,248
020030105,370,3,0,0,373
020030106,262,0,0,0,262
020030107,317,0,0,0,317
020030108,140,1,0,0,141
020030109,226,1,0,0,227
020030110,170,1,0,0,171
020030111,222,0,0,0,222
020030201,323,0,0,0,323
020030202,332,1,0,0,333
020030203,335,1,0,0,336
020030204,286,2,0,0,288
020030205,369,0,0,0,369
020030206,366,1,0,0,367
020030207,420,0,0,0,420
020030208,354,0,0,0,354
020030209,310,0,0,0,310
020030210,193,0,0,0,193
020030211,257,0,0,0,257
020030212,365,0,0,0,365
020030301,475,1,0,0,476
020030302,373,0,0,0,373
020030303,259,1,0,0,260
020030304,213,0,0,0,213
020030305,245,0,0,0,245
020030306,302,0,0,0,302
020030307,295,12,0,0,307
020030308,263,0,0,0,263
020030309,159,0,0,0,159
020030310,388,0,0,0,388
020030311,305,0,0,0,305
020030401,353,0,0,0,353
020030402,215,0,0,0,215
020030403,279,0,0,0,279
020030404,326,0,0,0,326
020030405,287,0,0,0,287
020030406,308,0,0,0,308
020030407,270,0,0,0,270
020030408,267,0,0,0,267
020030501,373,0,0,0,373
020030502,291,0,0,0,291
020030503,468,1,0,0,469
020030504,262,0,0,0,262
020030505,328,0,0,0,328
020030506,215,0,0,0,215
020030507,368,0,0,0,368
020030601,354,0,0,0,354
020030602,174,1,0,0,175
020030603,312,0,0,0,312
020030604,317,0,0,0,317
020030605,328,1,0,0,329
020030606,255,0,0,0,255
020030607,312,0,0,0,312
020030701,135,0,1,0,136
020030702,415,0,0,0,415
020030703,449,0,0,0,449
020030704,368,1,0,0,369
020030705,265,0,0,0,265
020030706,282,0,0,0,282
020030707,503,0,0,0,503
020030708,159,0,0,0,159
020030709,404,0,0,0,404
020030801,320,1,0,0,321
020030802,212,0,0,0,212
020030803,341,0,0,0,341
020030804,217,0,0,0,217
020030805,216,0,0,0,216
020030806,203,0,0,0,203
020030807,125,0,0,0,125
020030808,205,0,0,0,205
020030809,302,0,0,0,302
020030810,256,0,0,0,256
020030901,386,2,0,0,388
020030902,205,1,0,0,206
020030903,342,0,0,0,342
020030904,406,1,7,0,414
020030905,222,0,0,0,222
020030906,195,1,0,0,196
020030907,274,4,0,0,278
020030908,309,0,3,0,312
020030909,370,0,0,0,370
020030910,291,0,0,0,291
020031001,377,0,0,0,377
020031002,322,1,0,0,323
020031003,257,0,0,0,257
020031004,298,0,0,0,298
020031005,202,0,0,0,202
020031006,390,0,0,0,390
020031007,335,0,0,0,335
020031008,274,0,0,0,274
020031101,367,0,0,0,367
020031102,454,0,0,0,454
020031103,369,0,1,0,370
020031104,384,1,0,0,385
020031105,299,2,0,0,301
020031106,415,0,0,0,415
020031107,437,0,0,0,437
020031108,283,0,1,0,284
020031201,348,0,0,0,348
020031202,407,0,0,0,407
020031203,309,0,1,0,310
020031204,238,0,0,0,238
020031205,491,0,0,0,491
020031206,50,1,0,0,51
020031207,448,0,0,0,448
020031208,291,0,0,0,291
020031209,214,0,0,0,214
020031210,327,0,0,0,327
020031301,304,1,0,0,305
020031302,355,1,0,0,356
020031303,389,0,0,0,389
020031304,208,0,0,0,208
020031305,328,1,0,0,329
020031306,318,3,0,0,321
020031307,251,0,0,0,251
020031308,224,0,0,0,224
020031309,368,0,0,0,368
020031310,288,0,0,0,288
020031311,267,0,0,0,267
020031401,314,0,0,0,314
020031402,411,0,1,0,412
020031403,452,2,0,0,454
020031404,297,0,2,0,299
020031405,340,4,0,0,344
020031406,500,2,0,0,502
020031407,259,0,0,0,259
020031408,316,0,0,0,316
020031409,43,0,0,0,43
020031410,313,0,0,0,313
020031501,281,1,0,0,282
020031502,399,0,0,0,399
020031503,267,4,0,0,271
020031504,333,1,0,0,334
020031505,379,1,1,0,381
020031506,333,2,0,0,335
020031507,600,0,0,0,600
020031508,614,0,2,1,617
020031509,116,0,0,0,116
020031601,374,0,0,0,374
020031602,470,0,0,0,470
020031603,386,2,0,0,388
020031604,178,0,0,0,178
020031605,258,0,0,0,258
020031606,269,5,0,0,274
020031607,294,1,0,0,295
020031608,336,1,0,0,337
020031609,499,0,0,0,499
020031701,267,0,0,0,267
020031702,304,2,0,0,306
020031703,208,0,0,0,208
020031704,332,0,0,0,332
020031705,308,0,0,0,308
020031706,322,0,2,0,324
020031707,344,0,0,0,344
020031708,363,3,1,0,367
020031709,258,1,0,0,259
020031801,247,5,4,0,256
020031802,299,3,0,0,302
020031803,187,1,1,0,189
020031804,377,0,0,0,377
020031805,171,0,0,0,171
020031806,248,4,0,0,252
020031807,275,0,0,0,275
020031808,254,0,0,0,254
020031809,392,2,0,0,394
020031810,207,0,0,0,207
020031811,239,5,0,0,244
020031901,513,2,0,0,515
020031902,138,0,0,0,138
020031903,310,0,0,0,310
020031904,283,12,0,0,295
020031905,344,0,0,0,344
020031906,333,2,0,0,335
020031907,402,0,0,0,402
020031908,486,0,0,0,486
020031909,304,0,0,0,304
020031910,219,3,0,0,222
020032001,302,0,0,0,302
020032002,431,2,0,0,433
020032003,312,2,0,0,314
020032004,266,24,0,0,290
020032005,219,0,0,0,219
020032006,185,2,0,0,187
020032007,346,1,0,0,347
020032008,351,0,0,0,351
020032009,457,1,0,0,458
020032010,287,0,0,0,287
020032011,239,0,0,0,239
020032101,367,9,0,0,376
020032102,395,0,0,0,395
020032103,308,0,0,0,308
020032104,328,2,0,0,330
020032105,219,0,0,0,219
020032106,384,3,0,0,387
020032107,199,0,0,0,199
020032108,313,1,0,0,314
020032109,186,2,0,0,188
020032110,410,5,0,0,415
020032201,339,2,0,0,341
020032202,280,0,0,0,280
020032203,170,0,0,0,170
020032204,245,0,0,0,245
020032205,358,1,0,0,359
020032206,285,3,0,0,288
020032207,302,0,0,0,302
020032208,356,4,0,0,360
020032209,364,2,1,0,367
020032301,330,0,0,0,330
020032302,347,0,0,0,347
020032303,367,0,0,0,367
020032304,188,0,0,0,188
020032305,291,0,0,0,291
020032306,242,0,0,0,242
020032307,272,2,0,0,274
020032308,330,6,0,0,336
020032309,339,0,0,0,339
020032310,383,13,0,0,396
020032401,301,1,0,0,302
020032402,327,0,0,0,327
020032403,275,0,1,0,276
020032404,309,2,0,0,311
020032405,224,1,0,0,225
020032406,374,0,1,0,375
020032407,295,2,0,0,297
020032408,319,1,0,0,320
020032409,181,1,0,0,182
020032501,507,0,0,0,507
020032502,294,0,0,0,294
020032503,204,0,0,0,204
020032504,272,0,0,0,272
020032505,293,1,1,0,295
020032506,324,3,1,0,328
020032507,222,2,0,0,224
020032508,711,3,0,0,714
020032509,318,1,0,0,319
020032601,386,2,0,0,388
020032602,436,0,0,0,436
020032603,300,5,0,0,305
020032604,227,0,0,0,227
020032605,339,2,0,0,341
020032606,244,1,0,0,245
020032607,307,4,0,0,311
020032608,244,2,0,0,246
020032609,292,0,0,0,292
020032701,386,1,0,0,387
020032702,330,0,0,0,330
020032703,355,0,0,0,355
020032704,312,0,1,0,313
020032705,315,1,1,0,317
020032706,302,3,1,0,306
020032707,364,2,1,0,367
020040101,247,0,0,0,247
020040102,251,4,0,0,255
020040103,212,2,1,0,215
020040104,231,0,2,0,233
020040105,223,6,2,0,231
020040106,199,4,0,0,203
020040107,163,3,1,0,167
020040108,222,0,0,0,222
020040109,223,1,0,0,224
020040110,140,2,15,0,157
020040111,192,8,0,0,200
020040112,178,2,3,0,183
020040113,131,1,4,0,136
020040114,209,7,20,0,236
020040201,269,3,1,0,273
020040202,272,7,0,0,279
020040203,371,11,1,0,383
020040204,265,1,7,0,273
020040205,224,6,1,0,231
020040206,256,1,0,0,257
020040207,298,6,2,0,306
020040208,185,4,0,0,189
020040209,204,4,1,0,209
020040210,305,4,3,0,312
020040301,340,2,0,0,342
020040302,290,2,1,0,293
020040303,218,3,0,0,221
020040304,288,0,2,0,290
020040305,359,1,1,0,361
020040306,294,2,0,0,296
020040307,222,1,0,0,223
020040308,274,0,0,0,274
020040309,181,2,0,0,183
020040310,289,3,0,0,292
020040311,298,1,0,0,299
020040312,336,1,0,0,337
020040313,164,7,8,0,179
020040401,232,4,0,0,236
020040402,294,1,0,0,295
020040403,316,4,0,0,320
020040404,322,7,1,0,330
020040405,361,5,0,0,366
020040406,283,3,0,0,286
020040407,324,1,0,0,325
020040408,288,0,0,0,288
020040409,285,0,0,0,285
020040410,255,8,0,0,263
020040411,325,9,1,0,335
020040501,366,3,0,0,369
020040502,259,1,0,0,260
020040503,330,1,0,0,331
020040504,269,2,0,0,271
020040505,202,1,0,0,203
020040506,349,0,0,0,349
020040507,250,1,0,0,251
020040508,244,3,0,0,247
020040509,618,3,1,0,622
020040510,390,3,0,0,393
020040511,327,12,0,0,339
020040601,420,1,0,0,421
020040602,319,0,0,0,319
020040603,280,5,0,0,285
020040604,318,1,1,0,320
020040605,275,0,0,0,275
020040606,375,0,0,0,375
020040607,305,5,0,0,310
020040608,316,1,0,0,317
020040609,272,2,0,0,274
020040610,215,0,0,0,215
020040611,246,0,0,0,246
020040701,302,2,0,0,304
020040702,290,0,0,0,290
020040703,300,0,0,0,300
020040704,790,5,0,0,795
020040705,291,6,0,0,297
020040706,286,1,0,0,287
020040707,313,1,0,0,314
020040708,283,2,0,0,285
020040709,263,0,0,1,264
020040710,283,4,0,0,287
020040711,205,5,0,0,210
020040712,258,0,0,0,258
020040801,301,3,0,0,304
020040802,302,8,0,0,310
020040803,240,0,0,0,240
020040804,291,1,0,0,292
020040805,267,1,0,0,268
020040806,267,4,0,0,271
020040807,801,13,0,0,814
020040808,97,0,0,0,97
020040809,345,2,1,0,348
020040810,230,7,1,0,238
020040811,270,5,0,0,275
020040901,412,25,3,20,460
020040902,241,1,6,4,252
020040903,181,3,1,0,185
020040904,173,2,0,0,175
020040905,186,3,0,0,189
020040906,244,13,0,0,257
020040907,226,8,0,0,234
020041001,22,1,0,0,23
020041002,545,25,43,5,618
020041003,356,48,94,1,499
020041004,108,4,6,0,118
020041005,459,19,19,0,497
020041006,280,14,8,1,303
020041007,212,20,21,2,255
020041008,300,48,131,4,483
020041009,571,23,17,2,613
020041101,287,2,1,0,290
020041102,324,3,0,0,327
020041103,275,7,0,0,282
020041104,242,8,0,0,250
020041105,185,0,0,0,185
020041106,308,10,2,0,320
020041107,270,13,1,40,324
020041108,312,1,0,0,313
020041109,162,55,10,37,264
020041201,208,1,0,0,209
020041202,208,1,0,0,209
020041203,294,4,0,0,298
020041204,369,2,0,0,371
020041205,223,8,0,0,231
020041206,244,2,0,0,246
020041207,154,2,0,0,156
020041208,176,0,0,0,176
020041209,312,0,0,0,312
020041210,282,2,0,0,284
020041211,260,0,0,0,260
020041212,222,1,0,0,223
020041301,357,0,0,0,357
020041302,240,0,0,0,240
020041303,246,1,0,0,247
020041304,226,0,0,0,226
020041305,391,0,0,0,391
020041306,204,0,0,0,204
020041307,399,1,0,0,400
020041308,149,0,0,0,149
020041309,168,2,0,0,170
020041310,202,0,0,0,202
020041311,447,1,0,0,448
020041401,263,1,0,0,264
020041402,257,2,0,0,259
020041403,249,5,1,0,255
020041404,493,2,0,0,495
020041405,302,0,0,0,302
020041406,208,0,0,0,208
020041407,289,0,0,0,289
020041408,391,19,0,0,410
020041409,262,0,0,0,262
020041501,259,0,0,0,259
020041502,624,0,0,0,624
020041503,483,0,0,0,483
020041504,297,0,0,0,297
020041505,218,1,0,0,219
020041506,236,1,0,0,237
020041507,273,0,0,0,273
020041508,270,0,0,0,270
020041509,253,0,0,0,253
020041510,186,1,0,0,187
020041601,259,0,0,0,259
020041602,927,2,0,0,929
020041603,438,0,0,0,438
020041604,262,1,1,0,264
020041605,412,0,0,0,412
020041606,225,0,0,0,225
020041607,155,0,0,0,155
020041608,210,1,0,0,211
020041609,426,0,2,0,428
020041610,274,0,0,0,274
020041701,221,0,0,0,221
020041702,240,0,0,0,240
020041703,214,3,0,0,217
020041704,296,0,0,0,296
020041705,328,0,0,0,328
020041706,280,0,0,0,280
020041707,251,4,0,0,255
020041708,347,3,1,0,351
020041709,337,0,0,0,337
020041710,274,2,0,0,276
020041801,20,4,0,17,41
020041901,233,17,0,1,251
020041902,255,4,0,0,259
020041903,315,2,0,0,317
020041904,326,10,3,0,339
020041905,283,2,0,0,285
020041906,315,14,0,0,329
020041907,217,2,1,0,220
020041908,424,15,6,0,445
020041909,314,4,4,1,323
020041910,258,3,0,0,261
020042001,308,11,1,0,320
020042002,253,3,0,0,256
020042003,261,7,3,0,271
020042004,192,2,1,0,195
020042005,195,4,2,0,201
020042006,286,6,2,0,294
020042007,279,10,1,0,290
020042008,226,9,3,0,238
020042009,266,10,2,1,279
020042010,337,17,2,0,356
020042011,310,4,2,0,316
020042012,468,2,0,0,470
020042101,212,12,2,0,226
020042102,219,12,2,0,233
020042103,207,0,0,0,207
020042104,201,9,2,0,212
020042105,237,1,0,0,238
020042106,262,1,1,0,264
020042107,262,6,4,0,272
020042108,268,10,2,0,280
020042109,212,10,2,0,224
020042110,175,6,0,1,182
020042111,264,10,4,0,278
020042112,173,3,8,0,184
020042201,257,0,0,0,257
020042202,272,0,0,0,272
020042203,350,1,0,0,351
020042204,495,0,0,0,495
020042205,275,5,0,0,280
020042206,254,0,1,0,255
020042207,397,1,3,0,401
020042208,352,7,2,0,361
020042209,258,1,0,0,259
020042210,225,4,0,0,229
020042211,286,4,0,0,290
020042212,216,1,0,0,217
020042301,263,7,2,0,272
020042302,282,5,0,0,287
020042303,231,5,0,0,236
020042304,256,9,0,0,265
020042305,212,15,0,0,227
020042306,298,6,0,0,304
020042307,226,4,1,1,232
020042308,285,0,0,0,285
020042309,142,4,4,0,150
020042310,249,4,0,0,253
020042311,205,1,0,0,206
020042312,189,11,6,20,226
020042401,374,20,8,0,402
020042402,496,18,9,0,523
020042403,336,25,10,0,371
020042404,485,20,12,1,518
020042405,321,15,51,5,392
020042406,257,50,39,26,372
020042501,358,93,217,4,672
020042502,537,22,33,9,601
020042503,994,25,36,8,1063
020042504,477,35,43,2,557
020042601,233,11,1,0,245
020042602,273,7,0,0,280
020042603,320,13,2,0,335
020050101,251,2,0,0,253
020050102,410,0,1,0,411
020050103,359,0,2,0,361
020050104,313,0,0,0,313
020050105,472,0,0,0,472
020050106,203,0,0,0,203
020050107,302,0,0,0,302
020050108,322,1,0,0,323
020050109,348,0,1,0,349
020050110,312,0,0,0,312
020050201,333,2,0,0,335
020050202,270,0,0,0,270
020050203,324,1,0,0,325
020050204,460,1,0,0,461
020050205,222,0,0,0,222
020050206,255,3,0,0,258
020050207,233,0,0,0,233
020050208,433,0,0,0,433
020050209,336,0,0,0,336
020050210,262,2,0,0,264
020050211,394,0,0,0,394
020050301,319,0,0,0,319
020050302,441,2,0,0,443
020050303,177,0,0,0,177
020050304,233,2,0,0,235
020050305,336,0,0,0,336
020050306,303,0,0,0,303
020050307,293,4,0,0,297
020050308,163,0,0,0,163
020050309,290,1,0,0,291
020050310,239,2,0,0,241
020050311,386,0,0,0,386
020050401,417,3,0,0,420
020050402,345,2,0,0,347
020050403,317,1,0,0,318
020050404,338,0,0,0,338
020050405,330,1,0,0,331
020050406,478,0,0,0,478
020050407,251,2,0,0,253
020050408,510,6,0,0,516
020050409,323,0,0,0,323
020050501,347,1,0,0,348
020050502,591,1,0,0,592
020050503,370,0,0,0,370
020050504,288,0,0,0,288
020050505,243,1,0,0,244
020050506,315,0,0,0,315
020050507,422,0,0,0,422
020050508,324,0,0,0,324
020050601,304,0,0,0,304
020050602,437,0,0,0,437
020050603,438,0,0,0,438
020050604,659,0,0,0,659
020050605,558,0,0,0,558
020050606,404,3,0,0,407
020050607,417,1,0,0,418
020050608,384,0,0,0,384
020050701,529,0,0,0,529
020050702,214,0,0,0,214
020050703,275,1,0,0,276
020050704,604,1,0,0,605
020050705,618,0,0,0,618
020050706,266,1,0,0,267
020050707,192,3,1,0,196
020050708,393,1,0,0,394
020050801,522,4,0,0,526
020050802,320,0,0,0,320
020050803,504,0,0,0,504
020050804,449,3,0,0,452
020050805,175,0,0,0,175
020050806,394,0,0,0,394
020050807,397,1,0,1,399
020050808,339,4,0,0,343
020050809,333,0,0,0,333
020050901,472,0,0,0,472
020050902,287,0,0,0,287
020050903,268,0,0,0,268
020050904,232,0,0,0,232
020050905,260,0,0,0,260
020050906,245,0,0,0,245
020050907,220,0,0,0,220
020050908,450,2,0,0,452
020050909,431,0,0,1,432
020050910,338,3,0,0,341
020051001,532,0,0,0,532
020051002,547,0,0,0,547
020051003,151,0,1,0,152
020051004,250,4,0,0,254
020051005,269,0,0,0,269
020051006,308,1,0,0,309
020051007,547,0,1,0,548
020051008,303,4,0,0,307
020051009,341,0,0,0,341
020051010,255,0,1,0,256
020051101,523,0,1,0,524
020051102,387,2,0,0,389
020051103,281,0,0,0,281
020051104,330,1,0,0,331
020051105,318,1,0,0,319
020051106,314,0,0,0,314
020051107,465,1,0,0,466
020051108,321,0,0,0,321
020051109,458,0,0,0,458
020051110,353,0,0,0,353
020051201,289,0,0,1,290
020051202,834,3,0,0,837
020051203,423,1,0,0,424
020051204,328,0,0,0,328
020051205,198,0,0,0,198
020051206,768,1,0,0,769
020051207,336,0,0,0,336
020051301,396,0,0,0,396
020051302,317,0,0,0,317
020051303,365,0,0,0,365
020051304,315,1,0,0,316
020051305,330,2,0,0,332
020051306,373,2,0,0,375
020051307,314,0,0,0,314
020051308,421,0,0,0,421
020051309,422,0,0,0,422
020051401,272,1,1,0,274
020051402,325,1,0,0,326
020051403,538,1,0,0,539
020051404,421,0,0,0,421
020051405,781,1,0,0,782
020051406,526,0,0,0,526
020051407,168,0,0,0,168
020051408,274,1,0,0,275
020051409,425,0,0,0,425
020051501,497,2,0,0,499
020051502,530,0,0,0,530
020051503,264,1,0,0,265
020051504,568,0,0,0,568
020051505,453,1,0,0,454
020051506,329,1,0,0,330
020051507,309,3,1,0,313
020051508,308,2,0,0,310
020051509,168,0,0,0,168
020051601,401,3,0,0,404
020051602,280,0,0,0,280
020051603,214,0,0,0,214
020051604,382,2,0,0,384
020051605,376,0,0,0,376
020051606,309,0,0,0,309
020051607,239,0,0,0,239
020051608,376,0,0,0,376
020051609,390,1,0,0,391
020051610,369,0,0,0,369
020051611,424,0,0,0,424
020051701,290,0,0,0,290
020051702,348,1,0,0,349
020051703,317,0,0,0,317
020051704,298,0,0,0,298
020051705,306,3,0,0,309
020051706,338,3,0,0,341
020051707,329,0,0,0,329
020051708,385,0,0,0,385
020051709,252,0,1,0,253
020051710,280,0,0,0,280
020051711,427,1,0,0,428
020051801,422,1,0,0,423
020051802,365,3,0,1,369
020051803,343,0,0,0,343
020051804,276,0,0,0,276
020051805,309,26,1,0,336
020051806,239,2,1,0,242
020051807,309,0,0,0,309
020051808,147,1,0,0,148
020051809,264,2,1,0,267
020051810,344,0,0,0,344
020051811,315,0,0,0,315
020051901,344,0,0,0,344
020051902,281,1,0,0,282
020051903,402,5,0,0,407
020051904,397,0,0,0,397
020051905,330,4,0,0,334
020051906,330,0,0,0,330
020051907,198,1,0,0,199
020051908,429,0,0,0,429
020051909,294,0,0,0,294
020051910,363,1,0,0,364
020051911,435,2,0,0,437
020052001,302,1,0,0,303
020052002,410,0,0,0,410
020052003,371,11,2,0,384
020052004,309,3,0,0,312
020052005,328,4,0,0,332
020052006,285,0,0,0,285
020052007,307,8,0,0,315
020052008,316,1,0,0,317
020052009,322,3,0,0,325
020052010,368,4,0,0,372
020052011,300,1,0,0,301
020052012,286,10,0,0,296
020052101,378,0,0,0,378
020052102,343,0,0,0,343
020052103,209,0,0,0,209
020052104,367,0,1,0,368
020052105,266,0,0,0,266
020052106,337,0,0,0,337
020052107,255,2,0,0,257
020052108,238,7,0,0,245
020052109,224,3,0,0,227
020052110,251,2,0,0,253
020052111,243,2,0,0,245
020052201,260,0,0,0,260
020052202,292,0,0,0,292
020052203,255,0,1,0,256
020052204,358,4,0,0,362
020052205,271,5,0,1,277
020052206,332,0,0,0,332
020052207,723,0,0,1,724
020052208,240,5,0,0,245
020052209,276,2,0,0,278
020052210,293,2,0,0,295
020052211,317,3,0,0,320
020052212,325,1,0,0,326
020052213,210,0,0,0,210
020060101,242,0,0,0,242
020060102,345,0,0,0,345
020060103,347,0,0,0,347
020060104,272,0,0,0,272
020060105,429,0,0,0,429
020060106,345,3,0,0,348
020060107,258,2,0,0,260
020060108,298,0,0,0,298
020060109,227,0,0,0,227
020060110,145,0,0,0,145
020060111,253,0,0,0,253
020060112,290,2,0,0,292
020060201,387,0,0,0,387
020060202,334,0,0,0,334
020060203,242,0,0,0,242
020060204,247,0,0,0,247
020060205,225,1,0,0,226
020060206,342,0,0,0,342
020060207,346,0,0,0,346
020060208,368,0,0,0,368
020060209,252,0,0,0,252
020060210,333,1,0,0,334
020060211,508,0,0,0,508
020060301,366,1,0,0,367
020060302,276,0,1,0,277
020060303,346,3,0,0,349
020060304,243,0,0,0,243
020060305,258,2,0,0,260
020060306,352,4,0,0,356
020060307,369,1,0,0,370
020060308,302,2,0,0,304
020060309,451,0,0,0,451
020060310,393,0,0,0,393
020060401,199,9,0,0,208
020060402,227,0,0,0,227
020060403,339,0,0,0,339
020060404,319,0,0,0,319
020060405,282,5,0,0,287
020060406,319,3,0,0,322
020060407,238,4,0,0,242
020060408,368,1,1,0,370
020060409,322,0,0,0,322
020060410,339,0,0,0,339
020060411,345,0,0,0,345
020060501,383,0,0,0,383
020060502,453,0,0,0,453
020060503,372,0,0,0,372
020060504,293,0,0,0,293
020060505,390,1,0,0,391
020060506,303,1,0,0,304
020060507,334,0,0,0,334
020060508,205,0,0,0,205
020060509,237,0,0,0,237
020060510,406,1,0,0,407
020060511,416,0,0,0,416
020060512,156,1,0,0,157
020060601,546,0,0,0,546
020060602,791,0,0,0,791
020060603,508,0,0,0,508
020060604,226,0,0,0,226
020060605,200,0,0,0,200
020060606,331,0,0,0,331
020060607,350,0,0,0,350
020060608,407,0,0,0,407
020060609,356,0,0,0,356
020060701,280,0,0,0,280
020060702,343,0,0,0,343
020060703,276,0,0,0,276
020060704,354,0,12,0,366
020060705,358,0,0,0,358
020060706,255,4,0,0,259
020060707,399,0,0,0,399
020060708,307,0,0,0,307
020060709,320,0,0,0,320
020060710,325,0,1,0,326
020060711,293,0,0,0,293
020060712,286,0,0,0,286
020060713,235,1,0,0,236
020060801,355,0,0,0,355
020060802,455,1,0,0,456
020060803,260,0,0,0,260
020060804,300,0,0,0,300
020060805,246,2,0,0,248
020060806,533,0,0,0,533
020060807,310,9,0,0,319
020060808,508,1,0,0,509
020060809,266,0,0,0,266
020060810,334,0,0,0,334
020060901,294,3,0,0,297
020060902,260,0,0,0,260
020060903,283,10,0,0,293
020060904,430,0,0,0,430
020060905,169,1,0,0,170
020060906,381,0,0,0,381
020060907,227,0,0,0,227
020060908,196,0,0,0,196
020060909,362,0,0,0,362
020060910,324,0,0,0,324
020061001,303,0,0,0,303
020061002,286,2,0,0,288
020061003,383,0,0,0,383
020061004,337,0,0,0,337
020061005,458,3,0,0,461
020061006,455,0,0,0,455
020061007,335,0,0,0,335
020061008,568,0,0,0,568
020061009,246,0,0,0,246
020061010,463,0,0,0,463
020061101,428,1,0,0,429
020061102,240,2,0,0,242
020061103,346,1,0,0,347
020061104,343,0,0,0,343
020061105,249,0,0,0,249
020061106,309,0,0,0,309
020061107,354,2,1,0,357
020061108,369,0,0,0,369
020061109,288,0,0,0,288
020061110,239,0,0,0,239
020061201,256,0,0,0,256
020061202,224,3,0,0,227
020061203,286,2,0,0,288
020061204,193,0,0,0,193
020061205,384,0,0,0,384
020061206,241,0,0,0,241
020061207,348,1,0,0,349
020061208,301,1,0,0,302
020061209,362,0,0,0,362
020061210,236,0,0,0,236
020061211,370,2,0,0,372
020061212,208,0,0,0,208
020061301,307,0,0,0,307
020061302,586,0,0,0,586
020061303,301,1,0,0,302
020061304,497,0,0,0,497
020061305,347,0,0,0,347
020061306,267,0,0,0,267
020061307,366,3,0,0,369
020061308,493,4,0,0,497
020061309,424,0,0,0,424
020061401,381,0,1,0,382
020061402,249,1,0,0,250
020061403,383,1,0,0,384
020061404,530,1,0,0,531
020061405,407,0,0,0,407
020061406,470,2,0,0,472
020061407,237,0,0,0,237
020061408,218,0,0,0,218
020061409,308,1,0,0,309
020061410,392,0,0,0,392
020061501,284,0,0,0,284
020061502,769,0,1,0,770
020061503,358,0,0,0,358
020061504,269,0,1,0,270
020061505,318,2,0,0,320
020061506,278,4,0,0,282
020061507,335,0,0,0,335
020061508,441,3,1,0,445
020061509,227,0,0,0,227
020061510,304,1,0,0,305
020061601,282,0,0,0,282
020061602,284,0,0,0,284
020061603,388,3,2,0,393
020061604,310,0,0,0,310
020061605,393,0,0,0,393
020061606,414,1,0,0,415
020061607,388,0,0,0,388
020061608,560,0,0,0,560
020061609,417,1,0,0,418
020061610,459,0,0,0,459
020061611,389,1,0,0,390
020061701,416,0,0,0,416
020061702,418,1,0,0,419
020061703,309,0,0,0,309
020061704,358,0,0,0,358
020061705,839,0,0,0,839
020061706,507,0,0,0,507
020061707,277,0,0,0,277
020061801,262,1,0,0,263
020061802,253,3,0,0,256
020061803,313,0,0,0,313
020061804,309,0,0,0,309
020061805,389,0,0,0,389
020061806,454,0,0,0,454
020061807,525,1,0,0,526
020061808,511,1,0,0,512
020061809,395,0,0,0,395
020061901,384,0,0,0,384
020061902,639,2,0,0,641
020061903,601,0,0,0,601
020061904,453,0,0,0,453
020061905,305,0,0,0,305
020061906,436,2,1,0,439
020061907,444,0,0,0,444
020061908,427,2,0,0,429
020062001,213,1,0,0,214
020062002,258,0,0,0,258
020062003,445,2,0,0,447
020062004,256,0,0,0,256
020062005,384,0,0,0,384
020062006,379,1,0,0,380
020062007,254,0,0,0,254
020062008,482,1,0,0,483
020062009,317,0,0,0,317
020062010,385,0,0,0,385
020062101,292,0,0,0,292
020062102,441,0,0,0,441
020062103,453,1,0,0,454
020062104,261,1,0,0,262
020062105,330,0,0,0,330
020062106,231,0,0,0,231
020062107,376,1,1,0,378
020062108,455,0,0,0,455
020062109,293,0,1,0,294
020062110,365,2,1,0,368
020062111,386,1,0,0,387
020070101,220,3,0,0,223
020070102,305,0,1,0,306
020070103,313,0,2,0,315
020070104,254,1,0,0,255
020070105,172,0,0,0,172
020070106,266,3,0,0,269
020070107,184,1,0,0,185
020070108,319,0,0,0,319
020070109,254,1,0,0,255
020070110,415,2,0,0,417
020070201,287,2,0,0,289
020070202,370,0,0,0,370
020070203,297,0,0,0,297
020070204,640,8,0,0,648
020070205,329,2,0,0,331
020070206,392,3,1,0,396
020070207,225,19,0,0,244
020070208,293,3,0,0,296
020070209,393,1,0,0,394
020070301,295,6,0,0,301
020070302,369,1,0,0,370
020070303,474,0,0,0,474
020070304,392,2,0,0,394
020070305,309,0,0,0,309
020070306,332,3,1,0,336
020070307,444,2,2,0,448
020070308,300,1,0,0,301
020070309,270,1,0,0,271
020070310,423,0,0,0,423
020070401,534,0,0,0,534
020070402,334,0,0,0,334
020070403,446,1,0,0,447
020070404,559,0,1,0,560
020070405,395,2,0,0,397
020070406,431,5,0,0,436
020070407,470,0,0,0,470
020070408,395,0,0,0,395
020070409,222,0,0,0,222
020070410,365,0,0,0,365
020070501,341,0,0,0,341
020070502,243,0,0,0,243
020070503,328,0,0,0,328
020070504,457,0,0,0,457
020070505,462,0,0,0,462
020070506,269,0,0,0,269
020070507,267,2,0,0,269
020070508,345,0,0,0,345
020070509,458,0,0,0,458
020070601,371,1,0,0,372
020070602,299,0,0,0,299
020070603,243,0,0,0,243
020070604,305,0,0,0,305
020070605,353,1,0,0,354
020070606,391,1,0,2,394
020070607,379,0,0,0,379
020070608,185,0,0,0,185
020070609,288,1,0,0,289
020070701,243,0,0,0,243
020070702,203,1,0,0,204
020070703,409,0,0,0,409
020070704,266,0,0,0,266
020070705,263,1,0,0,264
020070706,362,2,1,0,365
020070707,244,4,0,0,248
020070708,220,0,0,0,220
020070709,383,0,1,0,384
020070710,355,0,0,0,355
020070711,282,0,0,0,282
020070801,326,0,0,0,326
020070802,354,0,0,0,354
020070803,247,0,0,0,247
020070804,356,2,0,0,358
020070805,392,0,0,0,392
020070806,360,1,0,0,361
020070807,319,0,0,0,319
020070808,363,5,0,0,368
020070901,258,1,0,0,259
020070902,273,2,0,0,275
020070903,226,0,0,0,226
020070904,415,0,0,0,415
020070905,196,1,0,0,197
020070906,335,0,0,0,335
020070907,328,1,0,0,329
020070908,395,2,0,0,397
020070909,274,0,0,0,274
020070910,293,0,0,0,293
020070911,258,3,1,0,262
020071001,303,0,0,0,303
020071002,182,3,0,0,185
020071003,251,3,0,0,254
020071004,294,0,1,0,295
020071005,239,0,0,0,239
020071006,339,0,0,0,339
020071007,323,2,0,0,325
020071008,423,5,0,0,428
020071009,302,5,0,0,307
020071010,329,0,0,0,329
020071101,313,2,0,0,315
020071102,401,0,1,0,402
020071103,367,0,0,0,367
020071104,376,4,0,0,380
020071105,224,2,0,0,226
020071106,265,1,0,0,266
020071107,495,1,0,0,496
020071108,433,2,0,0,435
020071109,366,0,0,0,366
020071110,248,1,0,0,249
020071201,419,3,0,0,422
020071202,216,0,0,0,216
020071203,278,0,0,0,278
020071204,318,1,0,0,319
020071205,296,1,0,0,297
020071206,302,0,0,0,302
020071207,217,1,0,0,218
020071208,209,4,0,0,213
020071209,287,3,0,0,290
020071301,304,0,0,0,304
020071302,292,1,1,0,294
020071303,408,7,0,0,415
020071304,215,0,0,0,215
020071305,326,1,0,0,327
020071306,264,1,0,0,265
020071307,200,2,0,0,202
020071308,193,1,0,0,194
020071309,166,0,0,0,166
020071310,190,1,1,0,192
020071311,253,0,0,0,253
020071312,222,0,0,0,222
020071313,195,1,0,0,196
020071314,220,0,0,0,220
020071315,185,0,0,0,185
020071401,312,1,0,0,313
020071402,298,0,0,0,298
020071403,257,0,0,0,257
020071404,258,0,0,0,258
020071405,295,0,0,0,295
020071406,378,1,0,0,379
020071407,272,0,0,0,272
020071408,300,0,0,0,300
020071409,284,5,0,0,289
020071410,227,2,0,0,229
020071411,322,0,0,0,322
020071412,337,2,0,0,339
020071413,250,1,0,0,251
020071501,220,3,2,0,225
020071502,357,1,2,0,360
020071503,313,2,0,0,315
020071504,227,0,0,0,227
020071505,231,2,0,0,233
020071506,334,0,0,0,334
020071507,285,0,0,0,285
020071508,291,2,0,0,293
020071509,396,1,0,0,397
020071510,315,6,5,0,326
020071511,364,0,1,0,365
020071601,246,2,0,0,248
020071602,251,2,0,0,253
020071603,262,2,0,0,264
020071604,226,10,1,0,237
020071605,273,1,0,0,274
020071606,344,1,1,0,346
020071607,313,2,3,0,318
020071608,349,2,0,0,351
020071609,331,3,1,0,335
020071701,429,5,3,0,437
020071702,430,46,16,2,494
020071703,381,10,4,0,395
020071704,455,9,8,1,473
020071705,257,8,1,0,266
020071706,331,18,17,1,367
020071707,703,23,6,0,732
020071708,322,4,0,0,326
020071709,602,7,0,1,610
020071710,470,16,3,0,489
020071711,185,1,0,1,187
020071801,355,38,0,0,393
020071802,113,11,0,0,124
020071803,262,11,0,1,274
020071804,242,2,2,0,246
020071805,284,5,0,0,289
020071806,425,21,23,0,469
020071807,285,0,0,0,285
020071808,244,2,0,0,246
020071809,317,18,4,1,340
020071810,367,38,8,0,413
020071811,331,21,34,2,388
020071901,199,7,59,0,265
020071902,490,0,0,0,490
020071903,351,11,1,0,363
020071904,444,7,0,0,451
020071905,378,9,2,0,389
020071906,434,3,1,0,438
020072001,372,8,0,0,380
020072002,189,0,0,0,189
020072003,256,2,1,0,259
020072004,187,3,0,0,190
020072005,276,2,0,0,278
020072006,277,6,0,0,283
020072007,272,1,0,0,273
020072008,434,0,0,0,434
020072009,300,0,1,0,301
020072010,337,4,1,0,342
020072011,357,3,2,0,362
020072012,216,4,0,0,220
020072013,562,13,0,0,575
020072101,421,1,1,0,423
020072102,466,0,0,0,466
020072103,418,4,0,0,422
020072104,237,3,0,0,240
020072105,250,0,0,0,250
020072106,423,0,0,0,423
020072107,303,0,0,0,303
020072108,175,0,0,0,175
020072109,304,3,0,0,307
020072110,375,1,0,0,376
020072111,339,0,0,0,339
020072112,300,3,0,0,303
020072201,296,1,0,0,297
020072202,356,0,0,0,356
020072203,359,1,0,0,360
020072204,377,1,0,0,378
020072205,386,0,0,0,386
020072206,362,1,0,0,363
020072207,220,1,0,0,221
020072208,235,0,0,0,235
020072209,223,1,0,0,224
020072210,268,0,0,0,268
020072211,285,0,0,0,285
020072212,256,0,0,0,256
020072213,289,0,0,0,289
020072301,300,3,0,0,303
020072302,381,0,0,0,381
020072303,312,0,0,0,312
020072304,270,2,0,0,272
020072305,289,0,1,0,290
020072306,274,1,0,0,275
020072307,313,0,0,0,313
020072308,304,3,0,0,307
020072309,288,0,0,0,288
020072401,343,2,0,0,345
020072402,317,1,0,0,318
020072403,319,2,0,0,321
020072404,379,0,0,0,379
020072405,343,1,0,0,344
020072406,369,1,0,0,370
020072407,287,2,0,0,289
020072408,327,4,0,0,331
020072409,341,0,0,0,341
020072410,316,5,1,0,322
020072411,371,0,0,0,371
020080101,315,7,5,1,328
020080102,337,40,123,1,501
020080103,336,5,3,0,344
020080104,361,40,70,0,471
020080105,430,11,3,0,444
020080106,525,24,72,0,621
020080107,317,36,99,0,452
020080108,341,7,6,0,354
020080109,660,68,60,0,788
020080110,393,14,15,0,422
020080111,154,6,12,2,174
020080112,746,43,205,0,994
020080201,384,3,0,0,387
020080202,168,0,0,0,168
020080203,161,0,0,0,161
020080204,244,5,0,0,249
020080205,171,2,0,0,173
020080206,242,7,0,0,249
020080207,403,1,0,0,404
020080208,306,1,0,0,307
020080209,271,0,0,0,271
020080210,185,2,1,0,188
020080301,332,0,2,0,334
020080302,253,2,1,0,256
020080303,182,5,0,0,187
020080304,199,7,0,0,206
020080305,230,2,6,0,238
020080306,139,3,2,0,144
020080307,237,3,2,0,242
020080308,369,25,97,0,491
020080309,540,11,8,0,559
020080310,443,19,5,0,467
020080401,278,6,2,0,286
020080402,179,4,0,0,183
020080403,211,3,4,0,218
020080404,196,1,1,0,198
020080405,326,2,4,0,332
020080406,345,1,4,0,350
020080407,270,5,3,0,278
020080408,265,10,3,0,278
020080409,256,1,1,0,258
020080410,303,2,1,0,306
020080411,251,0,0,0,251
020080501,266,5,0,0,271
020080502,255,3,5,0,263
020080503,267,3,0,0,270
020080504,280,2,8,1,291
020080505,194,5,1,0,200
020080506,270,7,4,0,281
020080507,336,0,0,0,336
020080508,254,0,0,0,254
020080509,298,0,0,0,298
020080510,411,0,0,0,411
020080511,318,1,0,0,319
020080601,302,0,0,0,302
020080602,394,2,0,0,396
020080603,402,0,0,0,402
020080604,227,4,2,0,233
020080605,312,4,1,0,317
020080606,281,2,6,0,289
020080607,185,3,2,0,190
020080608,235,3,0,0,238
020080609,283,1,0,0,284
020080610,211,2,6,0,219
020080611,192,7,2,0,201
020080701,345,7,2,0,354
020080702,434,12,13,2,461
020080703,437,22,25,0,484
020080704,361,24,37,0,422
020080705,478,19,8,2,507
020080706,371,7,6,3,387
020080707,588,25,9,0,622
020080708,397,19,7,0,423
020080709,721,34,38,1,794
020080710,280,3,0,0,283
020080711,380,11,15,0,406
020080712,375,10,5,0,390
020080713,376,6,3,0,385
020080714,499,42,11,1,553
020080801,272,5,2,0,279
020080802,307,1,1,0,309
020080803,231,2,2,0,235
020080804,294,0,6,0,300
020080805,232,3,0,0,235
020080806,313,6,2,0,321
020080807,307,1,0,0,308
020080808,206,0,0,0,206
020080809,227,4,0,0,231
020080810,283,6,0,0,289
020080811,318,1,0,0,319
020080901,265,2,3,0,270
020080902,292,4,1,0,297
020080903,349,1,2,0,352
020080904,184,0,2,0,186
020080905,375,0,0,0,375
020080906,294,0,0,0,294
020080907,257,2,1,0,260
020080908,255,3,0,0,258
020080909,313,0,2,0,315
020081001,278,0,0,0,278
020081002,232,1,0,0,233
020081003,380,0,0,0,380
020081004,719,0,0,0,719
020081005,841,0,0,0,841
020081006,575,3,0,0,578
020081007,543,0,0,0,543
020081008,320,0,0,0,320
020081101,907,3,0,0,910
020081102,714,3,1,0,718
020081103,1056,1,0,0,1057
020081104,641,2,0,0,643
020081105,445,4,0,0,449
020081201,292,4,5,1,302
020081202,352,1,3,0,356
020081203,324,3,2,0,329
020081204,280,15,5,0,300
020081205,336,4,1,0,341
020081206,246,1,2,0,249
020081207,270,4,1,0,275
020081301,3,5,1,0,9
020081302,110,5,1,0,116
020081303,294,9,7,0,310
020081304,322,8,2,0,332
020081305,311,2,1,0,314
020081306,211,2,7,0,220
020081307,241,4,5,0,250
020081308,271,9,16,0,296
020081401,460,1,0,0,461
020081402,366,8,0,0,374
020081403,481,30,2,0,513
020081404,568,61,83,3,715
020081405,361,1,18,1,381
020081406,243,5,2,0,250
020081407,281,10,6,0,297
020081408,243,3,4,0,250
020081409,327,3,4,1,335
020081410,292,7,9,0,308
020081501,629,25,39,11,704
020081502,481,70,47,51,649
020081503,637,5,3,0,645
020081504,217,3,4,0,224
020081505,854,8,5,0,867
020081506,217,6,6,0,229
020081507,248,9,0,0,257
020081508,323,4,10,0,337
020081509,501,7,8,1,517
020081510,364,5,6,0,375
020081601,298,1,0,0,299
020081602,182,0,0,0,182
020081603,288,0,0,0,288
020081604,264,2,0,0,266
020081605,294,0,0,0,294
020081606,267,0,0,0,267
020081607,275,1,0,0,276
020081608,234,1,0,0,235
020081609,280,0,0,0,280
020081610,255,0,0,0,255
020081701,223,0,0,0,223
020081702,221,0,0,0,221
020081703,326,1,0,0,327
020081704,290,0,0,0,290
020081705,173,0,0,0,173
020090101,206,0,0,0,206
020090102,184,0,0,0,184
020090103,260,1,0,0,261
020090104,266,3,0,0,269
020090105,294,0,0,0,294
020090106,288,1,1,0,290
020090107,252,2,2,0,256
020090108,263,0,1,0,264
020090109,338,6,0,0,344
020090201,347,2,0,0,349
020090202,300,1,0,0,301
020090203,330,0,0,0,330
020090204,414,0,0,0,414
020090205,425,3,0,0,428
020090206,255,0,0,0,255
020090207,300,0,0,0,300
020090208,244,1,0,0,245
020090209,357,1,0,0,358
020090210,303,2,0,0,305
020090211,341,0,0,0,341
020090212,221,2,0,0,223
020090301,260,3,0,0,263
020090302,254,1,0,0,255
020090303,239,0,0,0,239
020090304,241,1,0,0,242
020090305,271,0,0,0,271
020090306,298,0,0,0,298
020090307,315,1,0,0,316
020090308,278,1,0,0,279
020090309,257,0,0,0,257
020090310,283,0,0,0,283
020090311,293,1,0,0,294
020090312,213,0,0,0,213
020090313,309,4,0,0,313
020090401,360,1,0,0,361
020090402,318,7,0,0,325
020090403,340,2,0,0,342
020090404,329,0,0,0,329
020090405,349,6,0,0,355
020090406,251,0,0,0,251
020090407,268,1,2,0,271
020090408,269,1,0,0,270
020090409,255,0,1,0,256
020090410,289,0,0,0,289
020090411,319,2,0,0,321
020090501,310,0,0,0,310
020090502,319,1,2,0,322
020090503,260,0,1,0,261
020090504,301,1,1,0,303
020090505,382,1,1,0,384
020090506,315,0,0,0,315
020090507,314,0,0,0,314
020090508,290,1,1,0,292
020090509,276,0,0,0,276
020090510,314,4,0,0,318
020090511,315,2,0,0,317
020090601,406,1,0,0,407
020090602,258,1,0,0,259
020090603,362,5,6,0,373
020090604,315,1,0,0,316
020090605,411,1,0,0,412
020090606,247,10,0,0,257
020090607,344,0,0,0,344
020090608,274,5,0,0,279
020090609,373,0,0,0,373
020090610,341,4,0,0,345
020090611,303,3,1,0,307
020090612,285,0,0,0,285
020090701,269,0,0,0,269
020090702,300,0,0,0,300
020090703,219,1,0,0,220
020090704,242,0,0,0,242
020090705,257,0,0,0,257
020090706,307,1,0,0,308
020090707,232,0,0,0,232
020090708,273,0,0,0,273
020090709,312,1,0,0,313
020090710,211,7,1,0,219
020090711,274,4,0,0,278
020090712,315,0,0,0,315
020090713,310,2,3,0,315
020090714,294,3,0,0,297
020090801,284,2,1,0,287
020090802,293,1,0,0,294
020090803,286,5,0,0,291
020090804,284,0,2,0,286
020090805,327,2,0,0,329
020090806,343,4,1,0,348
020090807,327,3,0,0,330
020090808,325,8,1,0,334
020090809,244,5,1,0,250
020090810,321,4,0,0,325
020090811,314,3,2,0,319
020090812,327,2,2,0,331
020090813,201,5,0,0,206
020090901,242,4,0,0,246
020090902,267,0,1,0,268
020090903,389,6,1,0,396
020090904,204,7,0,0,211
020090905,259,0,2,0,261
020090906,287,14,3,0,304
020090907,356,3,0,0,359
020090908,205,0,0,0,205
020090909,256,0,0,0,256
020090910,284,1,0,0,285
020090911,244,4,1,0,249
020090912,222,3,2,0,227
020090913,208,1,0,0,209
020090914,306,2,0,0,308
020091001,298,0,0,0,298
020091002,318,1,0,0,319
020091003,321,7,0,0,328
020091004,237,0,0,0,237
020091005,337,4,1,0,342
020091006,279,3,0,0,282
020091007,249,0,0,0,249
020091008,322,0,0,0,322
020091009,170,0,0,0,170
020091010,304,0,0,0,304
020091011,244,1,0,0,245
020091012,223,1,0,0,224
020091101,424,6,0,0,430
020091102,353,2,0,0,355
020091103,291,1,0,0,292
020091104,370,0,0,0,370
020091105,394,2,0,0,396
020091106,325,1,1,0,327
020091107,381,1,0,0,382
020091108,309,2,0,0,311
020091109,311,3,0,0,314
020091110,281,0,0,0,281
020091111,329,0,0,0,329
020091112,404,0,0,0,404
020091201,338,0,0,0,338
020091202,186,5,0,0,191
020091203,281,2,0,0,283
020091204,295,0,0,0,295
020091205,290,0,0,0,290
020091206,333,4,1,0,338
020091207,250,0,0,0,250
020091208,314,3,3,0,320
020091209,291,0,1,0,292
020091210,337,2,4,0,343
020091211,304,4,0,0,308
020091212,231,0,1,0,232
020091301,305,4,6,0,315
020091302,403,1,0,0,404
020091303,383,0,2,0,385
020091304,246,3,1,0,250
020091305,298,3,0,0,301
020091306,293,3,2,1,299
020091307,349,5,2,1,357
020091401,384,2,0,2,388
020091402,307,0,0,0,307
020091403,258,2,3,0,263
020091404,242,3,2,0,247
020091405,444,3,4,0,451
020091406,588,25,9,0,622
020091407,328,5,10,0,343
020091408,389,22,5,0,416
020091409,222,11,4,3,240
020091410,424,16,31,1,472
020091501,209,5,3,0,217
020091502,285,1,3,0,289
020091503,283,3,3,0,289
020091504,258,6,4,0,268
020091505,318,1,0,0,319
020091506,336,0,0,0,336
020091507,341,4,3,0,348
020091508,272,3,8,0,283
020091509,281,5,6,0,292
020091510,226,1,1,0,228
020091511,307,3,1,0,311
020091601,305,3,0,1,309
020091602,312,2,0,0,314
020091603,222,5,0,0,227
020091604,242,4,0,0,246
020091605,270,4,4,0,278
020091606,325,0,1,0,326
020091607,330,1,2,0,333
020091608,296,1,2,0,299
020091609,335,5,0,0,340
020091610,295,2,0,0,297
020091611,246,1,0,0,247
020091612,257,2,0,0,259
020091613,293,2,1,0,296
020100101,248,2,0,0,250
020100102,352,1,0,0,353
020100103,339,2,0,0,341
020100104,294,0,0,0,294
020100105,252,5,0,0,257
020100106,309,0,0,0,309
020100107,254,3,0,0,257
020100108,347,3,0,0,350
020100201,353,0,0,0,353
020100202,254,3,0,0,257
020100203,245,0,0,0,245
020100204,300,3,0,0,303
020100205,293,3,1,0,297
020100206,390,1,1,0,392
020100207,335,5,0,0,340
020100208,315,1,0,0,316
020100301,222,0,0,0,222
020100302,289,1,0,0,290
020100303,293,0,0,0,293
020100304,218,0,0,0,218
020100305,280,2,0,0,282
020100306,274,2,0,0,276
020100307,334,1,0,0,335
020100308,340,4,0,0,344
020100401,370,0,0,0,370
020100402,401,1,0,0,402
020100403,300,0,0,0,300
020100404,288,0,0,0,288
020100405,282,3,1,0,286
020100406,235,0,0,0,235
020100407,301,0,0,0,301
020100408,264,0,0,0,264
020100409,305,0,0,0,305
020100501,237,4,2,0,243
020100502,287,5,0,0,292
020100503,353,2,0,0,355
020100504,323,0,0,0,323
020100505,298,1,0,0,299
020100506,339,0,0,0,339
020100507,306,0,0,0,306
020100508,355,0,1,0,356
020100509,263,0,0,0,263
020100510,294,1,0,0,295
020100511,246,1,0,0,247
020100512,263,2,0,0,265
020100513,285,1,2,0,288
020100514,268,0,1,0,269
020100601,230,1,0,0,231
020100602,230,1,0,0,231
020100603,388,0,0,0,388
020100604,318,1,0,0,319
020100605,352,0,0,0,352
020100606,297,1,0,0,298
020100607,283,1,0,0,284
020100608,339,0,0,0,339
020100609,355,1,1,0,357
020100610,418,3,0,0,421
020100611,280,0,0,0,280
020100612,266,0,0,0,266
020100613,392,2,1,0,395
020100701,380,0,0,0,380
020100702,407,0,0,0,407
020100703,471,0,0,0,471
020100704,430,3,0,0,433
020100705,356,1,0,0,357
020100706,341,0,0,0,341
020100707,514,1,0,0,515
020100708,382,2,0,0,384
020100709,336,2,1,0,339
020100710,400,1,0,0,401
020100801,396,7,0,2,405
020100802,422,4,2,0,428
020100803,318,0,0,0,318
020100804,365,1,1,0,367
020100805,300,2,0,0,302
020100806,288,1,1,0,290
020100807,420,2,1,0,423
020100808,405,2,0,0,407
020100809,261,3,0,0,264
020100901,325,4,0,0,329
020100902,317,4,0,0,321
020100903,300,3,0,0,303
020100904,310,0,0,0,310
020100905,301,0,1,0,302
020100906,340,2,0,0,342
020100907,307,0,0,0,307
020100908,256,1,2,0,259
020100909,248,2,0,0,250
020100910,278,0,0,0,278
020101001,280,1,0,0,281
020101002,348,1,0,0,349
020101003,318,0,0,0,318
020101004,283,1,0,0,284
020101005,312,1,0,0,313
020101006,314,0,0,0,314
020101007,306,2,0,0,308
020101008,249,4,0,0,253
020101009,347,3,0,0,350
020101010,261,0,0,0,261
020101011,304,0,0,0,304
020101012,346,0,0,0,346
020101101,309,0,0,0,309
020101102,431,0,0,0,431
020101103,352,0,1,0,353
020101104,394,0,0,0,394
020101105,300,1,0,0,301
020101106,183,0,0,0,183
020101107,376,1,0,0,377
020101108,344,0,0,0,344
020101109,380,1,0,0,381
020101110,296,0,0,0,296
020101111,251,0,0,0,251
020101201,346,1,0,0,347
020101202,369,1,0,0,370
020101203,293,1,0,0,294
020101204,243,0,0,0,243
020101205,189,0,0,0,189
020101206,214,0,0,0,214
020101207,237,1,0,0,238
020101208,311,0,0,0,311
020101209,307,1,0,0,308
020101210,246,0,0,0,246
020101301,215,11,0,0,226
020101302,255,0,0,0,255
020101303,260,0,1,0,261
020101304,248,0,0,0,248
020101305,313,1,0,1,315
020101306,278,0,0,0,278
020101307,254,0,0,0,254
020101308,290,0,0,0,290
020101309,275,0,0,0,275
020101310,230,0,0,0,230
020101311,287,0,0,0,287
020101312,266,1,0,0,267
020101401,328,3,1,0,332
020101402,313,2,0,0,315
020101403,322,0,0,0,322
020101404,296,0,0,0,296
020101405,259,2,0,0,261
020101406,205,0,0,0,205
020101407,282,0,0,0,282
020101408,253,0,0,0,253
020101409,326,3,0,1,330
020101410,341,0,0,0,341
020101411,233,1,0,0,234
020101501,260,2,1,0,263
020101502,346,1,0,0,347
020101503,197,3,0,0,200
020101504,247,0,0,0,247
020101505,298,0,0,0,298
020101506,247,1,0,0,248
020101507,225,0,0,0,225
020101508,369,2,2,1,374
020101509,459,0,0,0,459
020101601,259,1,0,0,260
020101602,403,1,0,0,404
020101603,279,2,0,0,281
020101604,344,0,0,0,344
020101605,387,2,0,0,389
020101606,355,1,0,0,356
020101607,288,1,0,0,289
020101608,309,3,0,0,312
020101609,332,4,1,0,337
020101701,313,0,0,0,313
020101702,371,1,0,0,372
020101703,356,4,0,0,360
020101704,377,1,0,0,378
020101705,363,4,0,0,367
020101706,305,3,0,0,308
020101707,285,0,0,0,285
020101708,244,1,0,0,245
020101709,238,0,0,0,238
020101710,269,0,0,0,269
020101801,278,1,0,0,279
020101802,270,0,0,0,270
020101803,335,2,0,0,337
020101804,381,9,0,0,390
020101805,272,1,0,0,273
020101806,258,22,0,0,280
020101807,364,0,0,0,364
020101808,184,0,0,0,184
020101809,456,1,1,0,458
020101810,181,1,0,0,182
020101811,224,0,0,0,224
020101812,295,2,0,0,297
020101901,223,0,0,0,223
020101902,415,0,0,0,415
020101903,340,8,0,0,348
020101904,314,3,0,0,317
020101905,339,0,0,0,339
020101906,335,6,4,1,346
020101907,328,0,0,0,328
020101908,212,3,0,0,215
020101909,266,0,0,0,266
020101910,380,0,0,0,380
020101911,343,1,0,0,344
020101912,428,1,0,0,429
020110101,322,2,0,0,324
020110102,339,0,0,0,339
020110103,245,2,0,0,247
020110104,316,0,0,0,316
020110105,212,2,0,0,214
020110106,277,1,0,0,278
020110107,252,0,0,0,252
020110108,295,0,0,0,295
020110109,301,3,0,0,304
020110110,339,1,0,0,340
020110111,401,0,1,0,402
020110112,263,2,0,0,265
020110201,283,1,0,0,284
020110202,357,4,0,0,361
020110203,286,0,0,0,286
020110204,221,2,0,0,223
020110205,388,0,0,0,388
020110206,358,0,0,0,358
020110207,312,0,0,0,312
020110208,274,0,0,0,274
020110209,210,0,0,0,210
020110210,348,0,0,0,348
020110211,327,1,0,0,328
020110301,264,0,0,0,264
020110302,292,0,0,0,292
020110303,240,0,0,0,240
020110304,210,0,0,0,210
020110305,228,5,0,0,233
020110306,287,0,0,0,287
020110307,273,2,1,0,276
020110308,297,2,0,0,299
020110309,298,0,0,0,298
020110310,317,0,0,0,317
020110311,254,0,0,0,254
020110312,282,0,0,0,282
020110401,284,0,0,0,284
020110402,297,0,0,0,297
020110403,219,1,0,0,220
020110404,296,0,0,0,296
020110405,308,0,0,0,308
020110406,241,0,0,0,241
020110407,279,0,0,0,279
020110408,282,0,0,0,282
020110409,308,0,1,0,309
020110410,277,0,0,0,277
020110411,313,0,0,0,313
020110412,352,0,0,0,352
020110413,327,0,0,0,327
020110501,242,0,0,0,242
020110502,314,2,0,0,316
020110503,353,0,0,0,353
020110504,251,1,0,0,252
020110505,338,1,0,0,339
020110506,318,1,0,0,319
020110507,280,0,0,0,280
020110508,307,0,0,0,307
020110509,291,0,1,0,292
020110510,334,0,0,0,334
020110601,317,0,0,0,317
020110602,350,1,0,0,351
020110603,321,1,0,0,322
020110604,333,0,0,0,333
020110605,304,0,0,0,304
020110606,304,2,0,0,306
020110607,305,0,2,0,307
020110608,279,5,0,0,284
020110609,300,0,1,0,301
020110610,271,0,0,0,271
020110611,312,1,1,0,314
020110701,171,0,0,0,171
020110702,323,3,1,0,327
020110703,293,4,0,0,297
020110704,324,1,0,0,325
020110705,349,0,0,0,349
020110706,288,2,1,0,291
020110707,269,1,0,0,270
020110708,244,5,0,0,249
020110709,293,3,0,0,296
020110710,291,1,0,0,292
020110711,323,0,0,0,323
020110712,306,0,0,0,306
020110801,345,2,0,0,347
020110802,338,0,0,0,338
020110803,210,0,0,0,210
020110804,329,0,0,0,329
020110805,265,0,0,0,265
020110806,378,1,0,0,379
020110807,345,0,0,0,345
020110808,354,1,0,0,355
020110809,364,1,0,0,365
020110901,314,0,1,0,315
020110902,312,0,0,0,312
020110903,377,2,0,0,379
020110904,255,0,0,0,255
020110905,308,0,0,0,308
020110906,248,0,0,0,248
020110907,312,0,0,0,312
020110908,331,0,0,0,331
020110909,243,2,0,0,245
020110910,352,0,0,0,352
020110911,257,0,0,0,257
020110912,297,0,0,0,297
020111001,315,0,0,0,315
020111002,382,2,0,0,384
020111003,315,1,0,0,316
020111004,364,0,0,0,364
020111005,381,0,0,0,381
020111006,458,0,0,0,458
020111007,401,0,0,0,401
020111008,318,0,0,0,318
020111009,319,0,0,0,319
020111010,281,0,0,0,281
020111101,293,0,0,0,293
020111102,309,0,0,0,309
020111103,322,1,0,0,323
020111104,102,0,0,0,102
020111105,335,0,0,0,335
020111106,394,2,0,0,396
020111107,305,0,0,0,305
020111108,312,2,1,0,315
020111109,296,0,0,0,296
020111201,233,0,0,0,233
020111202,230,6,0,0,236
020111203,359,1,0,0,360
020111204,272,0,0,0,272
020111205,245,0,0,0,245
020111206,320,0,0,0,320
020111207,258,1,0,0,259
020111208,272,0,0,0,272
020111209,240,0,0,0,240
020111210,261,0,0,0,261
020111301,346,0,0,0,346
020111302,387,0,0,0,387
020111303,321,0,0,0,321
020111304,341,1,0,0,342
020111305,391,2,0,0,393
020111306,371,2,0,0,373
020111307,299,0,0,0,299
020111308,279,2,0,0,281
020111309,371,0,0,0,371
020111310,250,0,0,0,250
020111311,336,0,0,0,336
020111401,362,2,0,0,364
020111402,328,3,0,0,331
020111403,363,1,0,0,364
020111404,277,2,0,0,279
020111405,327,0,1,0,328
020111406,406,2,1,0,409
020111407,695,0,1,0,696
020111501,343,3,0,0,346
020111502,324,0,0,0,324
020111503,365,3,0,0,368
020111504,356,0,0,0,356
020111505,323,1,0,0,324
020111506,312,1,0,0,313
020111507,262,3,0,0,265
020111508,344,0,0,0,344
020111509,335,1,0,0,336
020111510,330,1,0,0,331
020111511,387,2,0,0,389
020111601,304,1,1,0,306
020111602,354,1,0,0,355
020111603,263,4,0,0,267
020111604,252,0,0,0,252
020111605,288,0,0,0,288
020111606,335,0,0,0,335
020111607,319,5,0,0,324
020111608,393,0,0,0,393
020111609,254,2,0,0,256
020111610,236,0,0,0,236
020111701,286,4,0,0,290
020111702,286,0,0,0,286
020111703,334,1,1,0,336
020111704,317,5,0,0,322
020111705,271,7,8,0,286
020111706,399,6,0,0,405
020111707,331,0,0,0,331
020111708,318,4,0,0,322
020111801,279,0,0,0,279
020111802,300,3,0,0,303
020111803,307,3,0,0,310
020111804,360,2,0,0,362
020111805,317,0,0,0,317
020111806,519,2,0,0,521
020111807,321,1,0,0,322
020111808,333,1,0,0,334
020111809,293,11,0,0,304
020111901,211,0,0,0,211
020111902,322,0,0,0,322
020111903,278,1,0,0,279
020111904,337,2,0,0,339
020111905,306,0,0,0,306
020111906,340,1,0,0,341
020111907,318,1,0,0,319
020111908,301,0,0,0,301
020111909,346,0,0,0,346
020112001,351,0,0,0,351
020112002,315,2,0,0,317
020112003,383,5,1,0,389
020112004,303,0,0,0,303
020112005,327,0,0,0,327
020112006,263,4,0,0,267
020112007,232,0,0,0,232
020112008,191,0,0,0,191
020112009,260,0,0,0,260
020112010,290,1,0,0,291
020112011,246,2,0,0,248
020112101,306,1,1,0,308
020112102,270,0,0,0,270
020112103,422,1,0,0,423
020112104,312,5,0,0,317
020112105,390,1,0,0,391
020112106,383,0,0,0,383
020112107,269,1,0,0,270
020112108,253,2,0,0,255
020112109,217,0,0,0,217
020112110,289,2,0,0,291
020112111,374,0,0,0,374
020112201,345,0,0,0,345
020112202,358,0,0,0,358
020112203,360,0,0,0,360
020112204,264,1,0,0,265
020112205,298,11,0,0,309
020112206,407,0,0,0,407
020112207,344,1,0,0,345
020112208,268,0,0,0,268
020112209,261,1,0,0,262
020112210,307,0,0,0,307
020112211,240,5,0,0,245
020120101,190,1,0,0,191
020120102,194,1,1,0,196
020120103,187,0,0,0,187
020120104,302,7,4,0,313
020120105,213,3,0,0,216
020120106,281,0,2,0,283
020120107,359,1,0,0,360
020120108,181,1,0,0,182
020120109,354,1,0,0,355
020120110,361,0,0,0,361
020120111,370,4,0,0,374
020120201,370,0,0,0,370
020120202,316,0,0,0,316
020120203,393,0,0,0,393
020120204,379,0,0,0,379
020120205,400,1,0,0,401
020120206,343,1,0,0,344
020120207,317,1,0,0,318
020120208,342,3,0,0,345
020120301,104,0,0,0,104
020120302,243,3,3,0,249
020120303,270,0,0,0,270
020120304,267,1,0,0,268
020120305,290,0,0,0,290
020120306,446,3,0,0,449
020120307,374,2,1,0,377
020120308,251,2,0,0,253
020120309,219,3,0,0,222
020120310,303,2,0,0,305
020120311,287,2,0,0,289
020120401,277,0,0,0,277
020120402,282,5,0,0,287
020120403,415,2,1,0,418
020120404,295,0,0,0,295
020120405,249,0,0,0,249
020120406,296,0,0,0,296
020120407,499,0,0,0,499
020120408,289,0,0,0,289
020120409,223,1,0,0,224
020120410,242,1,0,0,243
020120501,212,0,0,0,212
020120502,283,0,0,0,283
020120503,543,0,0,0,543
020120504,277,0,0,0,277
020120505,341,5,0,0,346
020120506,301,0,0,0,301
020120507,327,0,0,0,327
020120508,421,0,0,0,421
020120509,309,2,0,0,311
020120510,284,0,0,0,284
020120511,327,2,0,0,329
020120601,320,0,0,0,320
020120602,352,1,0,0,353
020120603,255,1,0,0,256
020120604,347,1,1,0,349
020120605,385,1,0,0,386
020120606,378,2,0,0,380
020120607,331,1,0,0,332
020120608,286,2,0,0,288
020120609,300,1,0,0,301
020120610,314,1,0,0,315
020120701,317,1,0,0,318
020120702,309,1,0,0,310
020120703,325,0,0,0,325
020120704,357,2,0,0,359
020120705,288,1,1,0,290
020120706,343,2,0,0,345
020120707,300,1,0,0,301
020120708,364,0,0,0,364
020120709,551,1,0,0,552
020120710,474,1,0,0,475
020120801,546,0,2,0,548
020120802,273,0,0,0,273
020120803,324,1,0,0,325
020120804,259,2,0,0,261
020120805,344,0,0,0,344
020120806,351,1,0,0,352
020120807,364,0,0,0,364
020120808,414,0,0,0,414
020120809,396,0,0,0,396
020120810,289,1,0,0,290
020120811,262,0,0,0,262
020120901,324,4,0,0,328
020120902,419,1,0,0,420
020120903,382,2,1,0,385
020120904,385,1,0,0,386
020120905,357,0,1,0,358
020120906,365,11,0,0,376
020120907,307,0,0,0,307
020121001,362,3,0,0,365
020121002,389,1,0,0,390
020121003,287,0,0,0,287
020121004,263,2,0,0,265
020121005,285,2,0,0,287
020121006,352,1,0,0,353
020121007,294,0,0,0,294
020121008,475,2,0,0,477
020121009,317,1,0,0,318
020121010,297,2,0,0,299
020121011,344,0,1,0,345
020121101,327,1,0,0,328
020121102,265,1,0,0,266
020121103,254,0,0,0,254
020121104,342,1,0,0,343
020121105,286,1,14,5,306
020121106,317,1,0,0,318
020121107,330,0,0,0,330
020121108,344,0,0,0,344
020121109,373,0,0,0,373
020121110,281,1,0,0,282
020121111,275,3,0,0,278
020121201,271,1,0,0,272
020121202,501,0,0,0,501
020121203,508,0,0,0,508
020121204,356,0,0,0,356
020121205,328,0,0,0,328
020121206,260,0,0,0,260
020121207,385,1,0,0,386
020121208,265,1,0,0,266
020121301,405,2,0,0,407
020121302,387,2,0,0,389
020121303,720,1,0,0,721
020121304,525,1,0,0,526
020121305,475,0,0,0,475
020121306,395,0,0,0,395
020121307,248,1,0,0,249
020121401,364,1,0,0,365
020121402,400,0,0,0,400
020121403,307,0,0,0,307
020121404,406,1,0,0,407
020121405,421,0,0,0,421
020121406,313,5,0,0,318
020121407,428,3,0,0,431
020121408,466,0,0,0,466
020121409,324,0,0,0,324
020121410,438,3,0,0,441
020121501,359,2,0,0,361
020121502,422,0,0,0,422
020121503,420,0,0,0,420
020121504,417,1,0,0,418
020121505,392,0,0,0,392
020121506,343,0,0,0,343
020121507,383,0,0,0,383
020121508,363,0,0,0,363
020121509,426,0,0,0,426
020121510,297,0,0,0,297
020121511,271,1,0,0,272
020121512,284,0,0,0,284
020121513,260,2,0,0,262
020121601,394,0,1,0,395
020121602,360,3,0,0,363
020121603,359,0,0,0,359
020121604,500,1,0,0,501
020121605,596,1,0,0,597
020121606,613,33,1,0,647
020121607,335,2,1,0,338
020121608,522,5,0,1,528
020121609,362,0,0,0,362
020121610,329,1,0,0,330
020121611,334,0,0,0,334
020121612,316,0,0,0,316
020121613,200,2,0,0,202
020121614,174,1,0,0,175
020121701,354,1,0,0,355
020121702,377,2,0,0,379
020121703,333,0,0,0,333
020121704,300,3,0,0,303
020121705,437,0,0,0,437
020121706,414,0,0,0,414
020121707,369,1,0,0,370
020121708,554,2,0,0,556
020121801,226,4,0,1,231
020121802,320,3,0,0,323
020121803,300,11,1,0,312
020121804,307,1,0,0,308
020121805,301,0,0,0,301
020121806,310,2,0,0,312
020121807,334,2,0,0,336
020121808,324,3,1,0,328
020121809,289,1,0,0,290
020121810,284,0,0,0,284
020121811,230,1,0,0,231
020121812,436,0,0,0,436
020121813,305,1,0,0,306
020121901,351,1,0,0,352
020121902,225,0,0,0,225
020121903,282,1,0,0,283
020121904,365,2,0,0,367
020121905,404,1,0,1,406
020121906,354,2,0,0,356
020121907,344,2,0,0,346
020121908,333,1,0,0,334
020121909,316,0,0,0,316
020121910,355,5,0,0,360
020121911,370,0,1,0,371
020121912,305,1,0,0,306
020121913,283,3,0,0,286
020122001,315,2,0,0,317
020122002,559,0,0,0,559
020122003,411,0,0,0,411
020122004,391,0,0,0,391
020122005,382,0,0,0,382
020122006,406,1,0,0,407
020122007,341,0,0,0,341
020122008,351,14,0,0,365
020122101,467,0,0,0,467
020122102,434,1,0,0,435
020122103,357,3,0,0,360
020122104,421,0,0,0,421
020122105,297,0,0,0,297
020122106,323,1,1,0,325
020122107,337,3,0,0,340
020122108,315,3,0,0,318
020122109,284,2,0,0,286
020122110,256,2,0,0,258
020122201,289,4,1,0,294
020122202,360,1,0,0,361
020122203,297,0,2,0,299
020122204,299,0,0,0,299
020122205,434,0,1,0,435
020122206,448,0,0,0,448
020122207,457,2,0,0,459
020122208,363,0,0,0,363
020122209,365,0,0,0,365
020122210,368,1,0,0,369
020122211,369,2,0,0,371
020130101,296,0,0,0,296
020130102,343,0,0,0,343
020130103,258,0,0,0,258
020130104,366,1,0,0,367
020130105,417,0,0,0,417
020130106,384,1,0,0,385
020130107,185,0,0,0,185
020130108,234,0,0,0,234
020130109,216,0,0,0,216
020130110,314,0,0,0,314
020130111,300,0,0,0,300
020130112,246,0,0,0,246
020130113,245,0,0,0,245
020130114,256,0,0,0,256
020130201,540,3,0,0,543
020130202,358,0,0,0,358
020130203,259,0,0,0,259
020130204,239,0,0,0,239
020130205,330,0,0,0,330
020130206,466,3,0,0,469
020130207,300,0,0,0,300
020130208,252,1,0,0,253
020130209,396,0,0,0,396
020130210,456,1,0,0,457
020130211,291,2,0,0,293
020130301,377,0,0,0,377
020130302,268,2,0,0,270
020130303,352,0,0,0,352
020130304,431,1,0,0,432
020130305,312,0,0,0,312
020130306,271,0,0,0,271
020130307,290,0,0,0,290
020130308,278,0,0,0,278
020130309,351,3,0,0,354
020130310,447,0,0,0,447
020130401,291,0,0,0,291
020130402,346,4,0,0,350
020130403,290,0,0,0,290
020130404,428,2,0,0,430
020130405,363,0,0,0,363
020130406,400,0,0,0,400
020130407,296,0,0,0,296
020130408,265,0,0,0,265
020130409,339,2,0,0,341
020130410,236,0,0,0,236
020130411,345,0,0,0,345
020130412,612,1,0,0,613
020130413,315,0,1,0,316
020130414,326,1,0,0,327
020130501,344,0,0,0,344
020130502,403,0,0,0,403
020130503,529,0,0,0,529
020130504,478,0,0,0,478
020130505,352,3,4,0,359
020130506,436,1,0,0,437
020130507,327,0,0,0,327
020130508,416,1,0,0,417
020130601,282,1,0,0,283
020130602,425,0,0,0,425
020130603,368,0,0,0,368
020130604,419,0,0,0,419
020130605,451,0,0,0,451
020130606,368,0,0,0,368
020130607,424,1,0,0,425
020130608,339,0,0,0,339
020130701,271,0,0,0,271
020130702,221,0,0,0,221
020130703,457,0,0,0,457
020130704,344,0,0,0,344
020130705,476,0,0,0,476
020130706,381,0,0,0,381
020130707,346,0,0,0,346
020130708,308,1,0,0,309
020130709,373,0,0,0,373
020130801,314,0,0,0,314
020130802,275,0,0,0,275
020130803,411,0,0,0,411
020130804,387,0,0,1,388
020130805,451,0,0,0,451
020130806,295,0,0,0,295
020130807,364,0,0,0,364
020130808,436,0,0,0,436
020130809,326,0,0,0,326
020130810,292,0,0,0,292
020130901,287,0,0,0,287
020130902,300,1,0,0,301
020130903,247,0,0,0,247
020130904,293,0,0,0,293
020130905,488,0,0,0,488
020130906,320,0,0,0,320
020130907,296,0,0,0,296
020130908,344,0,0,0,344
020130909,362,1,0,0,363
020130910,239,0,0,0,239
020131001,415,0,0,0,415
020131002,404,0,0,0,404
020131003,427,0,0,0,427
020131004,416,1,0,0,417
020131005,252,0,0,0,252
020131006,361,1,0,0,362
020131007,321,0,0,0,321
020131008,432,0,0,0,432
020131009,324,1,0,0,325
020131010,424,0,0,0,424
020131011,314,0,0,0,314
020131101,167,0,0,4,171
020131102,240,1,0,0,241
020131103,204,3,0,0,207
020131104,228,1,0,0,229
020131105,222,0,0,0,222
020131106,407,1,0,0,408
020131107,282,2,0,0,284
020131201,277,0,0,0,277
020131202,320,0,0,0,320
020131203,237,0,0,0,237
020131204,352,0,0,0,352
020131205,214,3,0,0,217
020131206,239,0,0,0,239
020131207,341,0,0,0,341
020131208,281,1,0,0,282
020131209,383,1,0,0,384
020131210,248,0,1,0,249
020131301,376,0,0,0,376
020131302,155,0,0,0,155
020131303,322,0,0,0,322
020131304,390,2,0,0,392
020131305,411,0,0,0,411
020131306,131,0,0,0,131
020131307,305,0,0,0,305
020131308,249,0,0,0,249
020131309,287,0,0,0,287
020131310,358,0,0,0,358
020131311,215,0,0,0,215
020131312,327,0,0,0,327
020131313,556,0,0,0,556
020131314,347,1,0,0,348
020131401,341,0,0,0,341
020131402,162,0,0,0,162
020131403,366,1,0,0,367
020131404,291,0,0,0,291
020131405,226,2,0,0,228
020131406,359,0,0,0,359
020131407,165,0,0,0,165
020131408,254,0,0,0,254
020131409,238,0,0,0,238
020131410,298,0,0,0,298
020131411,284,0,0,0,284
020131501,349,1,0,0,350
020131502,360,0,0,0,360
020131503,349,0,0,0,349
020131504,197,2,0,0,199
020131505,390,1,0,0,391
020131506,281,0,0,0,281
020131507,383,0,0,0,383
020131508,372,0,0,0,372
020131509,416,0,0,0,416
020131510,328,2,0,0,330
020131511,358,0,0,0,358
020131512,328,0,0,0,328
020131601,392,0,0,0,392
020131602,429,1,0,0,430
020131603,252,0,0,0,252
020131604,368,0,0,0,368
020131605,252,0,0,0,252
020131606,183,0,0,0,183
020131607,369,0,0,0,369
020131608,352,0,0,0,352
020131609,380,0,0,0,380
020131610,391,0,0,0,391
020131611,380,1,0,0,381
020131612,345,2,0,0,347
020131613,223,0,0,0,223
020131701,473,3,0,0,476
020131702,472,0,0,0,472
020131703,389,0,0,0,389
020131704,247,0,0,0,247
020131705,345,0,0,0,345
020131706,360,0,0,0,360
020131707,385,0,0,1,386
020131708,316,0,0,0,316
020131709,402,1,0,0,403
020131710,398,0,0,0,398
020131711,247,0,0,0,247
020131801,333,1,0,0,334
020131802,407,0,0,0,407
020131803,397,0,0,0,397
020131804,294,0,0,0,294
020131805,282,0,0,0,282
020131806,302,0,0,0,302
020131807,383,0,0,0,383
020131808,280,0,0,0,280
020131809,170,0,0,0,170
020131810,273,0,0,0,273
020131901,338,1,0,0,339
020131902,396,1,0,0,397
020131903,294,0,0,0,294
020131904,225,2,0,0,227
020131905,356,0,0,0,356
020131906,215,0,0,0,215
020131907,242,1,0,0,243
020131908,329,0,0,0,329
020131909,331,1,0,0,332
020131910,312,0,0,0,312
020131911,193,0,0,0,193
020131912,268,0,0,0,268
020132001,301,0,0,0,301
020132002,394,0,0,0,394
020132003,175,0,0,0,175
020132004,316,0,0,0,316
020132005,312,0,0,0,312
020132006,427,1,0,0,428
020132007,372,0,0,0,372
020132008,386,0,0,0,386
020132009,258,0,0,0,258
020132010,272,0,0,0,272
020132011,261,0,0,0,261
020132012,277,0,0,0,277
020132101,244,0,0,0,244
020132102,149,0,0,0,149
020132103,233,0,0,0,233
020132104,319,0,0,0,319
020132105,291,0,0,0,291
020132106,312,0,0,0,312
020132107,449,1,0,0,450
020132108,345,0,0,0,345
020132109,359,1,0,0,360
020132110,342,0,0,0,342
020132201,250,0,0,0,250
020132202,221,0,0,0,221
020132203,222,0,0,0,222
020132204,327,0,0,0,327
020132205,394,0,0,0,394
020132206,391,0,0,0,391
020132207,455,0,0,0,455
020132208,375,0,0,0,375
020132209,219,1,0,0,220
020132301,544,0,0,0,544
020132302,269,0,0,0,269
020132303,537,0,0,0,537
020132304,293,1,0,0,294
020132305,236,0,0,0,236
020132306,367,0,0,0,367
020132307,257,0,0,0,257
020132308,502,2,0,0,504
020132309,426,2,0,0,428
020132310,243,0,0,0,243
020132311,424,0,0,0,424
020132401,198,0,0,0,198
020132402,252,0,0,0,252
020132403,282,0,0,0,282
020132404,364,0,0,0,364
020132405,285,1,0,0,286
020132406,316,2,0,0,318
020132407,367,0,0,0,367
020132408,338,0,0,0,338
020132409,350,1,0,0,351
020132410,281,2,0,0,283
020132501,262,0,0,0,262
020132502,279,0,0,0,279
020132503,373,19,0,0,392
020132504,268,1,0,0,269
020132505,220,1,0,0,221
020132506,274,0,0,0,274
020132507,503,0,0,0,503
020132508,363,1,0,0,364
020132601,291,2,0,0,293
020132602,322,2,0,0,324
020132603,287,1,0,0,288
020132604,402,1,0,0,403
020132605,316,0,0,0,316
020132606,264,1,0,0,265
020132607,189,0,0,0,189
020132608,213,0,1,0,214
020132609,198,4,0,0,202
020132610,436,0,0,0,436
020132611,277,0,0,0,277
020132701,175,0,0,0,175
020132702,399,0,0,0,399
020132703,440,0,0,0,440
020132704,387,0,0,0,387
020132705,311,0,0,0,311
020132706,526,3,0,0,529
020132707,495,0,1,0,496
020132708,367,1,0,0,368
020132709,407,0,0,0,407
020132801,263,0,0,0,263
020132802,212,1,0,0,213
020132803,317,1,0,0,318
020132804,187,3,0,0,190
020132805,215,2,0,0,217
020132806,356,0,0,0,356
020132807,329,0,0,0,329
020132808,451,0,0,0,451
020132809,393,0,0,0,393
020132810,273,0,0,0,273
020132901,274,0,0,0,274
020132902,281,0,0,0,281
020132903,242,2,0,0,244
020132904,381,1,0,0,382
020132905,276,0,0,0,276
020132906,329,1,0,0,330
020132907,354,1,0,0,355
020132908,420,0,0,0,420
020132909,208,0,0,0,208
020132910,258,0,0,0,258
020132911,324,3,0,0,327
020140101,210,0,0,0,210
020140102,246,1,1,0,248
020140103,400,0,0,0,400
020140104,362,0,0,0,362
020140105,582,1,0,0,583
020140106,446,0,0,0,446
020140107,367,0,0,0,367
020140108,299,0,0,0,299
020140109,398,0,0,0,398
020140110,461,1,0,0,462
020140201,503,0,1,0,504
020140202,271,0,0,0,271
020140203,349,0,0,0,349
020140204,320,0,0,0,320
020140205,338,2,0,0,340
020140206,268,0,0,0,268
020140207,317,0,0,0,317
020140208,402,0,0,0,402
020140209,380,0,0,0,380
020140210,474,0,0,0,474
020140301,757,1,0,0,758
020140302,225,0,0,0,225
020140303,222,3,1,0,226
020140304,297,0,0,0,297
020140305,382,2,0,0,384
020140306,164,0,0,0,164
020140307,297,0,0,0,297
020140308,430,0,0,0,430
020140309,456,0,0,0,456
020140310,308,0,0,0,308
020140311,346,1,0,0,347
020140312,304,1,0,0,305
020140401,411,2,0,0,413
020140402,220,0,0,0,220
020140403,217,1,0,0,218
020140404,293,0,0,0,293
020140405,374,0,0,0,374
020140406,454,0,0,0,454
020140407,432,0,0,0,432
020140408,481,1,0,0,482
020140409,431,2,0,0,433
020140410,692,5,0,0,697
020140501,353,3,0,1,357
020140502,370,0,0,0,370
020140503,409,1,2,0,412
020140504,282,1,0,0,283
020140505,506,1,0,0,507
020140506,276,1,0,0,277
020140507,236,0,0,0,236
020140508,187,0,3,0,190
020140509,501,1,0,0,502
020140510,546,0,0,0,546
020140601,511,0,0,0,511
020140602,391,0,0,0,391
020140603,380,0,0,0,380
020140604,361,0,0,0,361
020140605,379,2,0,0,381
020140606,511,0,0,0,511
020140607,359,0,0,0,359
020140608,253,0,0,0,253
020140609,401,1,0,0,402
020140610,213,0,0,0,213
020140701,375,0,0,0,375
020140702,411,0,0,0,411
020140703,287,1,0,0,288
020140704,400,1,1,0,402
020140705,249,3,0,0,252
020140706,300,0,0,0,300
020140707,237,3,0,0,240
020140708,239,0,0,0,239
020140709,274,0,1,0,275
020140801,366,0,0,0,366
020140802,290,0,0,0,290
020140803,169,0,0,0,169
020140804,245,0,0,0,245
020140805,480,1,1,0,482
020140806,468,0,0,0,468
020140807,301,0,0,0,301
020140808,306,0,0,0,306
020140809,476,0,0,0,476
020140901,490,1,0,0,491
020140902,302,1,0,0,303
020140903,523,1,0,0,524
020140904,537,0,0,0,537
020140905,198,0,0,0,198
020140906,295,1,0,0,296
020140907,264,0,0,0,264
020140908,391,0,0,0,391
020140909,360,3,0,0,363
020140910,462,0,0,0,462
020140911,395,0,0,0,395
020140912,418,0,0,0,418
020140913,348,0,0,0,348
020141001,6,0,0,0,6
020141101,284,0,0,0,284
020141102,465,2,0,0,467
020141103,236,1,0,0,237
020141104,279,0,0,0,279
020141105,378,1,0,0,379
020141106,352,0,0,0,352
020141107,266,1,0,0,267
020141108,528,1,0,0,529
020141109,411,1,0,0,412
020141110,208,0,0,0,208
020141111,316,0,0,0,316
020141112,359,2,0,0,361
020141113,399,0,0,0,399
020141114,229,2,0,0,231
020141201,229,1,0,0,230
020141202,357,1,1,0,359
020141203,325,2,2,0,329
020141204,344,0,0,0,344
020141205,379,0,1,0,380
020141206,264,0,0,0,264
020141207,145,0,0,0,145
020141208,188,0,0,0,188
020141209,322,0,0,0,322
020141210,352,0,0,0,352
020141211,271,3,0,0,274
020141301,240,3,24,0,267
020141302,282,5,1,1,289
020141303,403,3,0,0,406
020141304,238,0,0,0,238
020141305,301,0,0,0,301
020141306,278,0,0,0,278
020141307,147,0,0,0,147
020141308,269,5,0,0,274
020141309,335,2,0,0,337
020141310,294,0,0,0,294
020141311,258,1,1,0,260
020141312,247,0,0,0,247
020141401,460,0,0,0,460
020141402,290,0,0,0,290
020141403,358,0,0,0,358
020141404,194,0,0,0,194
020141405,197,0,0,0,197
020141406,202,0,0,0,202
020141407,210,0,0,0,210
020141408,462,0,0,0,462
020141409,482,0,0,0,482
020141410,349,0,0,0,349
020141411,411,0,0,0,411
020141501,319,0,0,0,319
020141502,344,2,0,0,346
020141503,347,3,0,0,350
020141504,373,1,0,0,374
020141505,443,0,0,0,443
020141506,425,0,0,0,425
020141507,348,0,0,0,348
020141508,882,3,1,0,886
020141601,591,0,0,0,591
020141602,331,0,0,0,331
020141603,524,0,0,0,524
020141604,397,0,0,0,397
020141605,373,1,0,0,374
020141606,122,0,0,0,122
020141607,323,0,0,0,323
020141701,352,0,0,0,352
020141702,390,0,0,0,390
020141703,338,0,0,0,338
020141704,208,0,0,0,208
020141705,328,0,0,0,328
020141706,273,0,0,0,273
020141707,316,0,0,0,316
020141708,623,0,0,0,623
020141801,355,0,0,0,355
020141802,312,2,0,0,314
020141803,474,2,0,0,476
020141804,391,0,0,0,391
020141805,464,1,0,0,465
020141806,353,1,0,0,354
020141807,282,0,0,0,282
020141808,487,2,0,0,489
020141901,276,0,0,0,276
020141902,528,1,0,0,529
020141903,546,0,0,0,546
020141904,627,0,0,0,627
020141905,652,0,0,0,652
020142001,604,0,0,0,604
020142002,661,0,0,0,661
020142003,469,1,0,0,470
020142004,374,0,0,0,374
020142005,370,1,0,0,371
020142006,275,0,0,0,275
020142007,168,0,0,0,168
020142101,392,2,0,0,394
020142102,301,0,0,0,301
020142103,145,0,0,0,145
020142104,253,1,0,0,254
020142105,156,2,0,0,158
020142106,245,1,0,0,246
020142107,308,1,0,0,309
020142108,322,1,0,0,323
020142109,263,3,0,0,266
020142110,242,0,0,0,242
020142111,278,5,1,0,284
020142201,366,1,1,0,368
020142202,402,3,0,0,405
020142203,233,0,0,0,233
020142204,240,0,0,0,240
020142205,399,0,0,0,399
020142206,415,0,0,0,415
020142207,319,3,0,0,322
020142208,338,1,0,0,339
020142209,500,0,0,0,500
020142210,330,5,0,0,335
020142301,280,1,0,0,281
020142302,218,0,0,0,218
020142303,242,1,0,0,243
020142304,368,0,0,0,368
020142305,515,1,0,0,516
020142306,212,0,0,0,212
020142307,337,0,0,0,337
020142308,452,3,0,0,455
020142309,492,0,0,0,492
020142310,376,2,0,0,378
020142311,462,0,0,0,462
020142401,293,8,0,0,301
020142402,231,0,1,0,232
020142403,269,0,0,0,269
020142404,208,2,0,0,210
020142405,436,0,0,0,436
020142406,343,0,0,0,343
020142407,330,1,0,0,331
020142408,267,0,0,0,267
020142409,347,1,0,0,348
020142501,382,1,0,0,383
020142502,216,0,0,0,216
020142503,353,0,0,0,353
020142504,285,0,0,0,285
020142505,239,0,0,0,239
020142506,277,0,0,0,277
020142507,370,0,0,0,370
020142508,354,1,0,0,355
020142509,404,0,0,0,404
020142601,525,1,0,0,526
020142602,356,0,0,0,356
020142603,184,0,0,0,184
020142604,850,0,0,0,850
020142605,457,1,0,0,458
020142606,384,3,0,0,387
020142607,531,1,0,0,532
020142701,615,0,0,0,615
020142702,544,0,0,0,544
020142703,283,0,0,0,283
020142704,396,0,0,0,396
020142705,487,0,0,0,487
020142706,212,0,0,0,212
020142707,216,0,0,0,216
020142801,299,0,0,0,299
020142802,265,0,1,0,266
020142803,288,0,0,0,288
020142804,314,0,0,0,314
020142805,221,7,0,0,228
020142806,413,0,0,0,413
020142807,371,3,0,0,374
020142808,302,0,0,0,302
020142809,263,0,0,0,263
020142810,381,0,0,0,381
020142811,392,0,0,0,392
020142812,269,1,0,0,270
020142901,276,1,0,0,277
020142902,274,0,0,0,274
020142903,270,0,0,0,270
020142904,358,0,0,0,358
020142905,278,0,1,0,279
020142906,446,1,0,0,447
020142907,378,0,1,0,379
020142908,266,1,0,0,267
020142909,317,18,0,0,335
020142910,366,0,0,0,366
020142911,281,0,0,0,281
020143001,325,1,0,0,326
020143002,429,0,0,0,429
020143003,406,0,0,0,406
020143004,305,0,0,0,305
020143005,378,0,0,0,378
020143006,233,0,0,0,233
020143007,204,0,0,0,204
020143008,672,0,0,0,672
020143009,578,0,1,0,579
020143101,216,1,0,0,217
020143102,326,0,0,0,326
020143103,279,0,0,0,279
020143104,249,1,0,0,250
020143105,250,0,1,0,251
020143106,406,0,0,0,406
020143107,315,0,0,0,315
020143108,268,1,0,0,269
020143109,225,0,0,0,225
020143110,194,1,0,0,195
020143111,214,0,0,0,214
020143112,259,0,0,0,259
020150101,416,0,0,0,416
020150102,341,3,0,0,344
020150103,267,1,0,0,268
020150104,234,2,0,1,237
020150105,267,0,1,0,268
020150106,257,0,0,0,257
020150107,290,0,0,0,290
020150108,276,0,0,0,276
020150109,341,1,0,0,342
020150110,310,2,0,0,312
020150111,219,1,0,0,220
020150112,268,12,3,0,283
020150201,279,1,0,0,280
020150202,300,0,0,0,300
020150203,292,0,0,0,292
020150204,206,2,0,0,208
020150205,208,0,0,0,208
020150206,264,4,0,0,268
020150207,276,2,1,0,279
020150208,235,0,0,0,235
020150209,211,1,0,0,212
020150210,229,4,0,0,233
020150301,289,0,0,0,289
020150302,399,0,0,0,399
020150303,380,1,0,0,381
020150304,263,0,3,0,266
020150305,238,3,0,0,241
020150306,271,1,0,0,272
020150307,251,0,0,0,251
020150308,328,1,0,0,329
020150309,348,1,0,0,349
020150310,340,0,0,0,340
020150311,333,7,0,0,340
020150312,403,5,0,0,408
020150313,290,0,0,0,290
020150401,336,1,0,0,337
020150402,254,1,0,0,255
020150403,401,0,0,0,401
020150404,205,1,0,0,206
020150405,230,0,0,0,230
020150406,270,0,0,0,270
020150407,304,1,0,0,305
020150408,293,1,0,0,294
020150409,256,0,0,0,256
020150410,255,2,0,0,257
020150411,296,0,0,0,296
020150412,341,3,0,0,344
020150413,326,1,1,0,328
020150414,299,1,1,0,301
020150501,302,1,0,0,303
020150502,358,0,0,0,358
020150503,278,0,0,0,278
020150504,231,2,0,0,233
020150505,299,0,0,0,299
020150506,269,13,0,0,282
020150507,280,0,1,0,281
020150508,332,1,0,0,333
020150509,258,0,0,0,258
020150510,223,1,0,0,224
020150511,269,2,1,2,274
020150512,269,3,0,0,272
020150513,289,0,0,0,289
020150514,261,0,0,0,261
020150601,291,0,0,0,291
020150602,285,0,0,0,285
020150603,286,0,0,0,286
020150604,249,1,0,0,250
020150605,189,3,0,0,192
020150606,183,0,0,0,183
020150607,253,2,0,0,255
020150701,299,0,0,0,299
020150702,242,1,0,0,243
020150703,221,9,0,0,230
020150704,210,6,0,0,216
020150705,290,3,0,0,293
020150706,171,9,73,4,257
020150707,348,3,0,0,351
020150708,324,4,0,0,328
020150709,283,0,0,0,283
020150710,377,2,0,0,379
020150711,324,4,1,0,329
020150712,346,2,0,0,348
020150801,333,2,1,0,336
020150802,223,3,0,0,226
020150803,371,2,0,0,373
020150804,330,0,0,0,330
020150805,281,3,0,0,284
020150806,258,1,0,0,259
020150807,354,3,0,0,357
020150808,321,1,0,0,322
020150809,427,5,0,0,432
020150810,381,1,0,0,382
020150901,228,0,0,0,228
020150902,208,0,0,0,208
020150903,230,0,0,0,230
020150904,252,0,1,0,253
020150905,248,1,0,0,249
020150906,212,0,0,1,213
020150907,261,3,0,0,264
020150908,555,39,98,1,693
020151001,345,1,0,0,346
020151002,340,1,0,0,341
020151003,407,2,0,0,409
020151004,335,2,0,0,337
020151005,275,1,0,0,276
020151006,212,3,0,0,215
020151007,401,1,0,0,402
020151008,318,0,0,0,318
020151009,296,1,0,0,297
020151010,231,3,0,0,234
020151011,250,2,0,0,252
020151012,337,0,0,0,337
020151013,336,2,1,0,339
020151101,286,1,0,0,287
020151102,354,3,0,1,358
020151103,302,0,0,0,302
020151104,307,0,0,0,307
020151105,239,6,0,0,245
020151106,262,4,0,0,266
020151107,254,4,0,0,258
020151108,270,4,0,2,276
020151109,381,1,0,0,382
020151110,266,2,0,0,268
020151111,529,2,0,0,531
020151112,376,0,0,0,376
020151113,360,3,0,0,363
020151201,272,0,1,1,274
020151202,279,1,0,0,280
020151203,307,2,0,0,309
020151204,323,1,0,0,324
020151205,332,0,0,0,332
020151206,304,2,0,0,306
020151207,234,0,1,0,235
020151208,373,0,0,0,373
020151209,245,0,0,0,245
020151301,298,5,0,0,303
020151302,236,4,0,0,240
020151303,297,1,0,0,298
020151304,260,2,0,0,262
020151305,212,0,0,0,212
020151306,235,0,0,0,235
020151307,291,0,0,0,291
020151308,194,0,0,0,194
020151309,426,1,0,0,427
020151310,296,1,0,0,297
020151401,362,1,0,1,364
020151402,381,5,0,0,386
020151403,302,0,0,0,302
020151404,284,0,0,0,284
020151405,419,2,0,0,421
020151406,286,0,0,0,286
020151407,390,0,0,0,390
020151408,318,6,0,0,324
020151409,347,0,0,0,347
020151410,271,0,0,0,271
020151411,373,2,0,0,375
020151501,274,0,0,0,274
020151502,232,3,0,0,235
020151503,401,0,0,0,401
020151504,351,1,0,0,352
020151505,296,0,0,0,296
020151506,307,4,0,0,311
020151507,324,9,0,0,333
020151508,254,6,0,0,260
020151509,429,1,0,0,430
020151510,402,4,0,0,406
020151601,344,1,0,0,345
020151602,327,0,0,0,327
020151603,363,0,0,0,363
020151604,293,0,0,0,293
020151605,275,1,0,0,276
020151606,308,0,0,0,308
020151607,314,0,1,0,315
020151608,353,0,1,0,354
020151609,306,0,0,0,306
020151610,337,0,0,0,337
020151611,307,0,0,0,307
020151701,322,1,0,0,323
020151702,270,0,1,0,271
020151703,368,0,0,0,368
020151704,407,1,1,0,409
020151705,348,1,0,0,349
020151706,307,0,0,0,307
020151707,333,0,0,0,333
020151708,270,0,0,0,270
020151709,265,1,0,0,266
020151710,342,0,0,0,342
020151711,356,0,0,0,356
020151712,301,1,0,0,302
020151801,257,0,0,0,257
020151802,213,0,0,0,213
020151803,308,0,0,0,308
020151804,209,0,0,0,209
020151805,215,0,0,0,215
020151806,210,0,0,0,210
020151807,290,26,0,0,316
020151808,217,1,0,0,218
020151809,222,0,0,0,222
020151810,240,0,0,0,240
020151811,294,0,0,0,294
020151812,243,1,0,0,244
020151813,254,0,0,0,254
020151901,229,0,0,0,229
020151902,335,0,0,0,335
020151903,307,0,0,0,307
020151904,343,0,0,0,343
020151905,383,0,0,0,383
020151906,335,2,0,0,337
020151907,374,0,0,0,374
020151908,294,0,0,0,294
020151909,286,0,0,0,286
020151910,412,0,0,0,412
020151911,383,0,0,0,383
020152001,346,1,0,0,347
020152002,365,0,0,0,365
020152003,346,0,0,0,346
020152004,278,0,0,0,278
020152005,271,1,0,0,272
020152006,321,0,0,0,321
020152007,289,0,0,0,289
020152008,267,1,0,0,268
020152009,224,0,0,0,224
020152010,318,0,0,0,318
020152011,343,1,0,0,344
020152012,342,0,0,0,342
020152101,318,2,0,0,320
020152102,373,1,0,0,374
020152103,292,0,0,0,292
020152104,342,1,0,0,343
020152105,201,0,0,0,201
020152106,417,0,0,0,417
020152107,175,0,0,0,175
020152108,261,0,0,0,261
020152109,392,0,0,0,392
020152110,260,0,0,0,260
020152111,331,0,0,0,331
020152112,216,1,0,0,217
020152113,389,0,0,0,389
060280101,7,150,180,0,337
060280102,4,92,178,2,276
060280103,9,117,189,1,316
060280104,84,168,34,9,295
060280105,88,99,2,11,200
060280106,6,157,95,1,259
060280107,9,197,111,2,319
060280108,12,201,203,1,417
060280109,12,248,204,1,465
060280110,4,162,63,0,229
060280111,6,282,104,0,392
060280112,3,168,129,0,300
060280113,3,132,138,0,273
060280114,0,173,110,1,284
060280115,2,212,208,0,422
060280201,9,102,270,41,422
060280202,3,106,242,0,351
060280203,18,176,226,1,421
060280204,4,140,258,2,404
060280205,6,120,144,2,272
060280206,0,68,255,3,326
060280207,1,130,168,0,299
060280208,3,127,174,0,304
060280301,16,247,188,2,453
060280302,2,136,263,1,402
060280303,18,142,291,4,455
060280304,9,28,159,3,199
060280305,4,50,301,12,367
060280306,1,23,161,1,186
060280307,7,68,247,1,323
060280308,10,242,256,2,510
060280309,4,137,131,0,272
060280310,5,162,141,0,308
060280311,3,73,167,0,243
060280312,5,113,138,1,257
060280401,21,117,301,4,443
060280402,5,93,240,3,341
060280403,28,79,246,1,354
060280404,3,72,230,1,306
060280405,7,80,216,9,312
060280406,28,56,237,17,338
060280407,8,153,217,6,384
060280408,2,148,209,9,368
060280409,8,80,322,3,413
060280410,2,170,168,6,346
060280411,11,166,179,1,357
060280412,8,217,236,4,465
060280501,0,15,6,0,21
060280502,0,17,8,0,25
060280503,0,6,5,0,11
060280504,1,177,116,0,294
060280505,0,18,5,0,23
060280506,0,108,83,0,191
060280507,1,40,56,1,98
060280508,0,11,63,0,74
060280509,0,20,37,0,57
060280510,5,25,29,0,59
060280511,2,122,191,0,315
060280512,0,23,13,0,36
060280513,0,145,203,0,348
060280601,0,273,109,0,382
060280602,1,399,259,3,662
060280603,3,261,146,1,411
060280604,5,602,498,2,1107
060280605,0,294,188,0,482
060280606,5,301,209,2,517
060280607,5,187,178,0,370
060280608,0,96,114,0,210
060280609,282,51,1,0,334
060280610,7,567,399,2,975
060280611,0,86,156,1,243
060280612,0,112,125,4,241
060280613,223,21,0,0,244
060280614,5,390,328,3,726
060280615,16,443,516,3,978
060280701,5,224,336,4,569
060280702,7,235,284,4,530
060280703,2,275,271,2,550
060280704,2,265,145,1,413
060280705,0,247,146,1,394
060280706,3,309,129,1,442
060280707,3,368,275,1,647
060280708,1,202,90,3,296
060280709,5,189,153,1,348
060280710,0,255,85,1,341
060280711,9,257,151,3,420
060280801,1,33,41,0,75
060280802,0,42,31,0,73
060280803,0,9,10,0,19
060280804,0,27,32,0,59
060280805,3,144,158,4,309
060280806,3,212,52,0,267
060280807,2,127,127,0,256
060280808,8,168,155,0,331
060280809,0,13,18,0,31
060280810,25,310,147,2,484
060280811,5,366,89,0,460
060280812,1,251,107,0,359
060280813,6,268,102,1,377
060280901,20,228,195,2,445
060280902,5,147,186,1,339
060280903,5,167,101,0,273
060280904,7,224,273,3,507
060280905,119,145,35,0,299
060280906,5,281,109,0,395
060280907,3,128,176,2,309
060280908,10,176,162,4,352
060280909,118,209,155,0,482
060281001,8,144,85,1,238
060281002,6,119,103,0,228
060281003,17,218,130,0,365
060281004,3,132,103,0,238
060281005,15,164,99,0,278
060281006,17,160,101,1,279
060281007,14,106,222,2,344
060281008,10,270,154,0,434
060281009,7,139,126,0,272
060281010,0,156,142,2,300
060281011,12,143,142,2,299
060281012,8,159,141,0,308
060281013,6,243,253,3,505
060281014,135,110,96,0,341
060281015,248,16,15,0,279
060281016,281,15,11,0,307
060281017,186,47,11,0,244
060281101,262,14,17,0,293
060281102,266,6,10,0,282
060281103,253,6,16,0,275
060281104,210,12,3,0,225
060281105,220,6,4,0,230
060281106,206,7,2,0,215
060281107,197,11,0,0,208
060281108,127,4,0,0,131
060281109,280,153,39,0,472
060281110,104,228,141,0,473
060281111,39,263,208,11,521
060281112,4,199,48,0,251
060281113,2,166,59,0,227
060281201,370,6,5,0,381
060281202,329,6,0,0,335
060281203,391,12,5,0,408
060281204,302,9,10,0,321
060281205,292,18,4,0,314
060281206,190,0,0,0,190
060281207,273,0,0,0,273
060281208,313,4,1,0,318
060281209,275,40,19,0,334
060281210,46,262,120,1,429
060281211,27,282,63,0,372
060281301,10,296,125,0,431
060281302,1,183,50,0,234
060281303,8,142,80,0,230
060281304,7,285,165,1,458
060281305,8,196,114,0,318
060281306,1,162,140,1,304
060281307,5,150,87,1,243
060281308,5,81,236,0,322
060281309,7,188,141,0,336
060281310,5,298,87,0,390
060281311,16,194,152,0,362
060281312,1,198,89,0,288
060281313,20,110,88,0,218
060281401,4,215,185,0,404
060281402,4,171,97,0,272
060281403,1,203,259,3,466
060281404,0,266,152,1,419
060281405,0,265,100,1,366
060281406,2,316,141,0,459
060281407,3,285,144,0,432
060281408,5,195,100,2,302
060281409,1,163,99,1,264
060281410,1,196,99,0,296
060281501,4,123,111,2,240
060281502,6,189,55,0,250
060281503,2,180,90,2,274
060281504,2,158,95,6,261
060281505,3,148,139,0,290
060281506,2,185,67,0,254
060281507,2,302,138,0,442
060281508,2,153,71,1,227
060281509,4,458,80,0,542
060281510,3,181,160,0,344
060281511,0,144,72,0,216
060281512,5,184,91,1,281
060281601,269,5,0,0,274
060281602,361,1,0,0,362
060281603,559,0,0,0,559
060281604,306,3,0,0,309
060281605,322,1,0,0,323
060281606,440,0,1,0,441
060281607,234,0,0,0,234
060281608,277,0,0,0,277
060281701,243,0,3,0,246
060281702,316,0,1,0,317
060281703,186,0,0,0,186
060281704,244,0,2,0,246
060281705,249,5,1,0,255
060281706,455,1,0,0,456
060281707,300,0,0,0,300
060281708,387,1,1,0,389
060281709,288,0,0,0,288
060281801,411,4,8,0,423
060281802,295,0,6,0,301
060281803,10,250,167,1,428
060281804,1,110,110,1,222
060281805,12,159,64,1,236
060281806,1,310,135,2,448
060281807,0,122,162,2,286
060281808,39,162,227,1,429
060281809,84,111,90,0,285
060281810,3,173,108,1,285
060281811,221,3,13,0,237
060281901,364,0,0,0,364
060281902,332,1,0,0,333
060281903,375,0,1,1,377
060281904,223,62,81,0,366
060281905,1,40,119,2,162
060281906,0,30,47,1,78
060281907,0,38,133,9,180
060281908,148,112,90,2,352
060281909,399,8,0,0,407
060281910,217,32,4,0,253
060281911,3,203,139,2,347
060281912,2,189,95,0,286
060281913,0,39,135,2,176
060282001,2,286,107,0,395
060282002,272,44,14,0,330
060282003,0,115,67,0,182
060282004,0,211,243,4,458
060282005,0,163,231,5,399
060282006,90,144,142,2,378
060282007,1,121,157,4,283
060282008,0,178,124,2,304
060282009,0,118,159,0,277
060282010,2,109,191,7,309
060282011,0,114,134,3,251
060282012,0,62,113,5,180
060282013,1,147,233,5,386
060282014,1,224,116,2,343
060282015,0,179,177,4,360
060282101,0,196,17,0,213
060282102,2,163,81,0,246
060282103,6,233,126,1,366
060282104,2,184,57,0,243
060282105,1,208,74,0,283
060282106,0,173,39,0,212
060282107,1,235,68,1,305
060282108,0,221,78,1,300
060282109,0,187,130,0,317
060282110,0,143,98,0,241
060282111,3,224,95,0,322
060282112,0,195,90,1,286
060282113,0,207,46,0,253
060282201,8,74,63,0,145
060282202,7,233,51,0,291
060282203,7,210,119,0,336
060282204,6,131,122,0,259
060282205,4,258,162,0,424
060282206,18,185,194,3,400
060282207,2,107,71,1,181
060282208,31,86,140,0,257
060282209,7,286,88,1,382
060282210,20,352,116,0,488
060282211,2,137,141,1,281
060282212,1,165,75,1,242
060282213,0,160,104,1,265
060282214,5,117,124,0,246
060282215,5,143,66,2,216
060282216,7,310,221,1,539
060282217,2,155,45,2,204
060282218,0,186,46,1,233
060282301,8,273,167,0,448
060282302,31,233,187,0,451
060282303,1,163,96,3,263
060282304,13,280,86,0,379
060282305,3,215,22,0,240
060282306,9,249,60,0,318
060282307,14,206,112,0,332
060282308,8,130,75,0,213
060282309,3,197,84,0,284
060282310,5,152,111,0,268
060282311,5,197,59,0,261
060282312,3,178,32,0,213
060282313,2,147,53,0,202
060282401,120,141,128,0,389
060282402,31,229,151,0,411
060282403,5,223,63,0,291
060282404,393,2,2,0,397
060282405,409,36,7,1,453
060282406,77,196,60,0,333
060282407,105,208,68,0,381
060282408,7,246,71,0,324
060282409,15,249,77,0,341
060282501,232,26,3,0,261
060282502,326,2,1,0,329
060282503,189,0,0,0,189
060282504,183,0,0,0,183
060282505,356,0,0,0,356
060282506,373,1,0,0,374
060282507,217,1,0,0,218
060282508,199,0,0,0,199
060282509,191,2,4,0,197
060282510,272,49,52,0,373
060282511,382,12,4,1,399
060282512,275,8,3,0,286
060282513,304,3,0,0,307
060282601,155,1,1,0,157
060282602,125,0,1,0,126
060282603,131,101,51,0,283
060282604,235,5,1,0,241
060282605,222,2,0,0,224
060282606,90,75,55,0,220
060282607,33,45,76,0,154
060282608,169,1,1,0,171
060282609,280,0,0,0,280
060282610,45,39,75,2,161
060282611,79,39,30,0,148
060282612,42,48,33,0,123
060282701,10,162,38,0,210
060282702,9,157,119,2,287
060282703,15,139,209,0,363
060282704,3,194,119,0,316
060282705,6,176,65,0,247
060282706,5,73,255,1,334
060282707,3,76,61,1,141
060282708,1,306,127,1,435
060282709,79,29,33,0,141
060282710,69,60,28,0,157
060282711,4,196,38,0,238
060282712,5,206,94,0,305
060282713,2,284,57,1,344
060282801,11,195,146,1,353
060282802,31,153,82,0,266
060282803,10,222,133,0,365
060282804,2,164,109,3,278
060282805,3,236,180,2,421
060282806,4,248,265,0,517
060282807,7,290,71,0,368
060282808,3,182,64,0,249
060282809,1,154,175,0,330
060282810,2,137,167,0,306
060282811,47,101,32,0,180
060282901,1,209,111,2,323
060282902,1,181,44,1,227
060282903,0,226,66,0,292
060282904,2,221,64,0,287
060282905,1,147,101,0,249
060282906,0,149,71,2,222
060282907,0,184,108,4,296
060282908,0,155,117,2,274
060282909,0,207,88,2,297
060282910,2,144,85,9,240
060282911,0,177,118,0,295
060282912,2,146,140,2,290
060282913,0,187,78,3,268
060283001,6,168,83,0,257
060283002,4,159,67,0,230
060283003,35,96,89,3,223
060283004,20,140,159,1,320
060283005,17,139,123,1,280
060283006,4,188,83,2,277
060283007,1,179,163,1,344
060283008,19,149,305,3,476
060283009,3,150,161,1,315
060283010,1,202,154,10,367
060283011,1,108,169,3,281
060283012,1,142,97,1,241
060283013,19,145,69,0,233
060283014,2,166,132,3,303
060283015,1,152,134,3,290
060283016,5,138,138,1,282
060283017,0,5,4,2,11
060283101,3,223,62,0,288
060283102,7,160,85,1,253
060283103,5,223,60,0,288
060283104,0,164,29,0,193
060283105,2,176,79,0,257
060283106,2,353,52,0,407
060283107,0,203,157,5,365
060283108,0,142,70,0,212
060283109,3,153,113,0,269
060283110,1,306,105,0,412
060283111,3,300,55,0,358
060283112,2,245,51,1,299
060283201,76,107,64,0,247
060283202,229,30,0,0,259
060283203,117,152,50,0,319
060283204,3,222,71,0,296
060283205,1,184,40,0,225
060283206,0,172,66,0,238
060283207,2,221,84,0,307
060283208,1,252,130,0,383
060283209,3,325,123,0,451
060283301,62,177,293,33,565
060283302,15,318,92,0,425
060283303,107,94,18,0,219
060283304,64,174,31,0,269
060283305,158,94,26,10,288
060283306,0,0,0,1,1
060283307,0,210,180,1,391
060283308,69,194,136,2,401
060283309,2,300,71,0,373
060283310,3,264,29,1,297
060283311,0,301,52,0,353
060283312,3,248,98,2,351
060283313,0,256,129,0,385
060283314,0,179,270,5,454
060283401,0,181,92,1,274
060283402,0,292,96,0,388
060283403,2,310,100,0,412
060283404,4,237,117,1,359
060283405,1,211,55,0,267
060283406,0,303,69,1,373
060283407,0,203,19,0,222
060283408,0,314,21,0,335
060283409,0,333,59,0,392
060283410,3,293,59,0,355
060283411,2,271,19,0,292
060283412,30,276,61,0,367
060283501,12,205,155,5,377
060283502,2,154,190,0,346
060283503,1,203,133,2,339
060283504,0,221,87,0,308
060283505,1,235,198,5,439
060283506,31,248,79,1,359
060283507,90,180,157,2,429
060283508,3,220,82,0,305
060283509,0,216,189,0,405
060283601,0,106,93,0,199
060283602,91,91,4,0,186
060283603,116,152,9,3,280
060283604,3,372,62,0,437
060283605,134,151,129,1,415
060283606,0,180,214,2,396
060283607,1,367,66,1,435
060283608,0,260,24,0,284
060283609,0,123,140,1,264
060283610,0,240,67,1,308
060283611,0,192,95,1,288
060283612,0,70,262,9,341
060283613,0,20,126,54,200
060283614,0,202,204,3,409
060283615,0,277,155,2,434
060283701,2,298,52,0,352
060283702,2,188,80,0,270
060283703,1,158,117,0,276
060283704,2,234,76,0,312
060283705,3,275,77,3,358
060283706,1,182,168,1,352
060283707,0,159,77,0,236
060283708,0,171,77,3,251
060283709,0,205,71,0,276
060283710,0,195,152,2,349
060283711,3,269,94,1,367
060283712,8,263,114,2,387
060283713,0,144,118,1,263
060283714,3,111,174,0,288
060283801,0,201,295,2,498
060283802,0,197,144,0,341
060283803,0,211,127,1,339
060283804,0,313,120,0,433
060283805,2,324,66,0,392
060283806,0,235,33,0,268
060283807,0,178,48,0,226
060283808,6,277,101,1,385
060283809,2,190,88,0,280
060283810,0,198,78,0,276
060283811,1,215,50,0,266
060283812,0,205,93,2,300
060283901,0,152,151,1,304
060283902,0,201,160,2,363
060283903,0,160,120,0,280
060283904,0,157,181,0,338
060283905,0,164,112,1,277
060283906,75,44,122,1,242
060283907,0,53,204,3,260
060283908,0,134,130,0,264
060283909,0,264,179,1,444
060283910,4,306,132,3,445
060283911,0,131,259,4,394
060283912,3,251,150,2,406
060283913,1,238,241,1,481
060283914,0,145,77,2,224
060283915,0,180,87,0,267
060350101,101,129,394,54,678
060350102,362,22,25,0,409
060350103,184,27,27,0,238
060350104,187,7,5,1,200
060350105,146,1,1,0,148
060350106,206,3,12,1,222
060350107,234,0,8,1,243
060350108,145,12,7,0,164
060350109,122,9,11,0,142
060350110,250,22,8,0,280
060350111,207,8,19,1,235
060350201,12,55,206,12,285
060350202,22,56,186,4,268
060350203,16,64,189,12,281
060350301,18,125,158,1,302
060350302,47,108,181,0,336
060350303,60,122,101,0,283
060350304,357,0,0,0,357
060350305,252,0,0,0,252
060350306,363,0,0,0,363
060350307,315,0,0,0,315
060350308,291,0,0,0,291
060350309,180,0,0,0,180
060350310,223,0,0,0,223
060350311,332,0,1,0,333
060350312,235,0,0,0,235
060350313,17,126,191,0,334
060350314,270,6,1,0,277
060350315,306,13,11,0,330
060350401,68,126,203,0,397
060350402,24,149,99,1,273
060350403,59,187,72,0,318
060350404,88,108,159,1,356
060350405,106,134,116,0,356
060350406,276,27,39,0,342
060350407,279,21,46,1,347
060350408,184,43,19,0,246
060350409,358,33,40,0,431
060350410,180,42,26,0,248
060350411,374,35,20,0,429
060350412,255,9,6,0,270
060350413,308,11,8,0,327
060350414,254,4,0,0,258
060350415,250,1,2,0,253
060350501,16,88,86,1,191
060350502,429,18,18,0,465
060350503,288,3,0,0,291
060350504,44,146,181,1,372
060350505,68,287,423,7,785
060350506,23,210,201,1,435
060350507,78,213,142,1,434
060350508,303,24,14,0,341
060350509,283,22,14,0,319
060350510,262,11,22,0,295
060350511,253,5,10,0,268
060350512,236,24,11,0,271
060350601,230,47,58,0,335
060350602,301,43,40,0,384
060350603,296,16,25,0,337
060350604,246,10,11,0,267
060350605,286,13,17,0,316
060350606,227,54,38,0,319
060350607,151,21,35,0,207
060350608,292,3,8,0,303
060350609,311,2,1,1,315
060350610,258,2,3,0,263
060350611,153,33,24,5,215
060350612,260,25,14,0,299
060350701,153,20,50,1,224
060350702,312,18,13,1,344
060350703,222,13,26,0,261
060350704,184,51,32,0,267
060350705,189,38,55,0,282
060350706,257,63,39,0,359
060350707,142,37,20,0,199
060350708,89,18,9,0,116
060350709,87,16,21,0,124
060350710,96,19,23,0,138
060350711,134,27,20,0,181
060350712,74,13,10,0,97
060350801,259,5,6,2,272
060350802,174,0,0,0,174
060350803,336,1,0,0,337
060350804,306,15,0,0,321
060350805,106,3,1,0,110
060350806,214,10,4,0,228
060350807,187,10,6,0,203
060350808,168,32,12,0,212
060350809,196,24,29,0,249
060350810,107,26,46,0,179
060350811,179,30,24,0,233
060350812,1110,2,0,0,1112
060350813,179,59,87,3,328
060350814,158,27,35,0,220
060350815,329,89,61,0,479
060350901,164,29,10,0,203
060350902,130,14,0,0,144
060350903,145,6,4,2,157
060350904,392,34,209,11,646
060350905,161,34,15,16,226
060350906,109,38,35,0,182
060350907,142,45,45,9,241
060350908,182,27,55,29,293
060350909,135,12,35,2,184
060350910,318,23,39,5,385
060350911,213,63,23,11,310
060350912,168,13,3,0,184
060350913,251,28,11,2,292
060350914,229,5,20,0,254
060351001,180,10,44,1,235
060351002,905,0,0,0,905
060351003,275,6,9,0,290
060351004,274,12,3,0,289
060351005,188,5,2,0,195
060351006,301,3,0,0,304
060351007,342,1,2,0,345
060351008,230,0,0,0,230
060351009,140,0,0,0,140
060351010,299,0,0,0,299
060351011,245,3,0,0,248
060351012,278,4,0,0,282
060351101,150,21,7,1,179
060351102,253,1,1,0,255
060351103,156,1,0,0,157
060351104,311,6,1,0,318
060351105,383,91,64,0,538
060351106,349,1,0,0,350
060351107,98,2,0,0,100
060351108,361,0,0,0,361
060351109,274,1,0,0,275
060351110,350,0,0,0,350
060351201,248,1,1,0,250
060351202,325,4,1,0,330
060351203,166,0,0,0,166
060351204,146,0,0,0,146
060351205,235,12,12,0,259
060351206,227,0,0,0,227
060351207,159,1,0,0,160
060351208,338,3,0,0,341
060351209,106,0,0,0,106
060351210,395,1,0,0,396
060351211,327,1,0,0,328
060351212,218,0,0,0,218
060351301,295,4,6,0,305
060351302,333,4,1,0,338
060351303,273,14,0,0,287
060351304,299,1,1,0,301
060351305,219,14,10,0,243
060351306,160,49,26,0,235
060351307,133,31,55,0,219
060351308,227,7,11,0,245
060351309,182,6,4,0,192
060351310,237,3,3,0,243
060351401,260,1,0,0,261
060351402,216,8,1,0,225
060351403,300,12,23,0,335
060351404,300,2,0,0,302
060351405,245,0,1,0,246
060351406,224,0,1,0,225
060351407,172,1,1,0,174
060351408,269,0,21,0,290
060351409,285,0,0,0,285
060351410,329,1,1,0,331
060351411,146,4,0,0,150
060351412,210,6,0,0,216
060351413,205,3,2,0,210
060351501,184,5,13,0,202
060351502,312,0,0,0,312
060351503,339,1,0,0,340
060351504,264,8,5,0,277
060351505,243,4,5,0,252
060351506,390,47,39,1,477
060351507,140,106,45,0,291
060351508,28,244,51,0,323
060351509,15,145,100,1,261
060351510,146,53,41,0,240
060351511,225,26,12,0,263
060351512,199,22,16,2,239
060351601,88,59,40,0,187
060351602,83,153,97,0,333
060351603,49,143,96,0,288
060351604,19,78,38,1,136
060351605,8,92,163,0,263
060351606,41,104,122,0,267
060351607,23,122,61,0,206
060351608,54,124,174,2,354
060351609,16,120,188,1,325
060351610,17,136,178,0,331
060351611,12,139,93,0,244
060351701,195,41,58,0,294
060351702,228,24,10,0,262
060351703,138,60,100,0,298
060351704,160,82,81,0,323
060351705,72,189,88,2,351
060351706,8,164,92,0,264
060351707,19,138,142,0,299
060351708,17,131,140,0,288
060351709,11,88,173,1,273
060351710,33,147,169,0,349
060351711,58,84,90,0,232
060351801,222,43,20,1,286
060351802,59,124,126,0,309
060351803,51,92,121,0,264
060351804,43,100,125,0,268
060351805,19,114,144,0,277
060351806,54,135,132,0,321
060351807,213,19,16,0,248
060351808,115,67,47,0,229
060351809,15,115,176,0,306
060351810,14,118,122,0,254
060351811,13,169,136,1,319
060351901,131,99,62,0,292
060351902,124,82,125,2,333
060351903,203,67,55,0,325
060351904,118,125,29,0,272
060351905,296,11,14,0,321
060351906,254,41,24,0,319
060351907,26,86,176,1,289
060351908,65,93,115,0,273
060351909,224,40,30,0,294
060351910,324,18,40,0,382
060351911,188,41,109,0,338
060352001,319,31,15,0,365
060352002,391,0,0,0,391
060352003,433,3,2,0,438
060352004,179,21,19,0,219
060352005,253,22,27,1,303
060352006,238,29,18,0,285
060352007,273,39,42,0,354
060352008,290,35,18,0,343
060352009,281,20,11,0,312
060352010,249,31,33,0,313
060352011,225,33,21,1,280
060352101,369,24,11,0,404
060352102,359,7,25,0,391
060352103,197,5,3,0,205
060352104,197,5,2,0,204
060352105,184,0,0,0,184
060352106,177,2,0,0,179
060352107,207,5,0,0,212
060352108,275,3,2,0,280
060352109,236,5,7,0,248
060352110,297,2,0,0,299
060352201,125,27,249,0,401
060352202,255,6,0,0,261
060352203,200,0,0,0,200
060352204,170,1,0,0,171
060352205,201,0,0,0,201
060352206,272,2,1,0,275
060352207,272,2,0,0,274
060352208,213,0,2,0,215
060352209,223,0,4,0,227
060352210,248,5,7,0,260
060352211,184,1,1,0,186
060352212,45,2,2,0,49
060352301,140,9,16,0,165
060352302,162,5,6,0,173
060352303,247,7,1,0,255
060352304,129,0,2,0,131
060352305,343,21,16,0,380
060352306,267,30,63,0,360
060352307,272,13,29,0,314
060352308,202,7,1,1,211
060352309,240,18,22,0,280
060352310,297,17,11,0,325
060352311,266,32,22,0,320
060352312,202,23,119,0,344
060352401,299,23,9,0,331
060352402,207,49,57,0,313
060352403,282,21,100,0,403
060352404,246,38,61,0,345
060352405,217,17,14,0,248
060352406,272,14,20,1,307
060352407,255,35,24,0,314
060352408,193,61,94,0,348
060352409,43,139,164,1,347
060352410,122,137,86,0,345
060352411,76,94,185,2,357
060352501,5,72,114,0,191
060352502,34,175,56,0,265
060352503,145,160,137,0,442
060352504,232,18,24,0,274
060352505,254,44,40,0,338
060352506,209,48,73,0,330
060352507,159,65,74,0,298
060352508,254,17,35,0,306
060352509,261,31,20,0,312
060352510,359,73,119,0,551
060352511,382,2,0,0,384
060352601,324,20,58,0,402
060352602,382,11,12,1,406
060352603,207,1,0,0,208
060352604,86,3,1,0,90
060352605,570,22,0,0,592
060352606,222,1,0,0,223
060352607,269,6,2,0,277
060352608,26,61,138,2,227
060352609,58,54,169,1,282
060352610,31,124,303,0,458
060352611,29,121,271,0,421
060352612,16,81,128,1,226
060352613,17,58,123,7,205
060352614,23,42,186,1,252
060352615,22,113,188,2,325
060352701,14,6,43,0,63
060352702,13,155,89,0,257
060352703,85,81,102,8,276
060352704,429,36,124,5,594
060352705,86,54,100,0,240
060352706,89,109,267,0,465
060352707,116,38,198,9,361
060352708,16,23,88,0,127
060352709,32,115,152,0,299
060352710,59,110,111,0,280
060352711,40,85,323,1,449
060352712,42,120,243,3,408
060352713,18,71,139,0,228
060352714,233,1,63,0,297
060352801,46,220,88,0,354
060352802,52,191,91,0,334
060352803,30,131,134,2,297
060352804,36,127,109,0,272
060352805,42,123,134,0,299
060352806,34,140,146,0,320
060352807,49,148,64,0,261
060352808,34,163,141,0,338
060352901,153,44,25,0,222
060352902,34,186,82,0,302
060352903,60,201,82,0,343
060352904,42,100,125,0,267
060352905,141,77,36,0,254
060352906,73,116,73,1,263
060352907,69,111,83,0,263
060352908,40,140,61,0,241
060352909,28,130,61,0,219
060353001,240,43,63,0,346
060353002,276,12,17,0,305
060353003,218,53,29,0,300
060353004,263,51,38,0,352
060353005,195,49,18,0,262
060353006,260,25,47,0,332
060353007,274,45,21,0,340
060353008,271,57,25,0,353
060353009,130,113,41,0,284
060353010,241,39,19,0,299
060353101,130,18,8,0,156
060353102,141,10,10,0,161
060353103,260,7,4,0,271
060353104,396,1,4,0,401
060353105,214,72,84,1,371
060353106,118,44,43,0,205
060353107,115,19,16,0,150
060353108,32,161,58,0,251
060353109,27,151,40,0,218
060353201,348,3,1,0,352
060353202,208,25,23,0,256
060353203,288,21,15,0,324
060353204,286,6,9,0,301
060353205,241,1,2,0,244
060353206,273,24,7,0,304
060353207,294,20,29,0,343
060353208,239,38,8,0,285
060353301,295,21,4,0,320
060353302,303,8,0,0,311
060353303,392,12,0,1,405
060353304,284,3,2,0,289
060353305,180,2,0,0,182
060353306,290,1,0,0,291
060353307,291,3,1,0,295
060353308,250,0,4,0,254
060353401,255,6,1,0,262
060353402,226,9,2,0,237
060353403,219,0,0,0,219
060353404,245,11,2,0,258
060353405,240,4,0,0,244
060353406,327,8,5,0,340
060353407,241,1,0,0,242
060353408,233,14,4,0,251
060353409,237,8,6,0,251
060353501,254,24,54,0,332
060353502,274,12,2,0,288
060353503,261,8,3,0,272
060353504,239,4,3,0,246
060353505,265,33,163,0,461
060353506,245,1,4,0,250
060353507,231,8,2,0,241
060353508,241,3,2,0,246
060910101,11,49,343,2,405
060910102,79,66,265,4,414
060910103,221,2,2,0,225
060910104,250,4,0,0,254
060910105,227,5,0,0,232
060910106,218,3,1,0,222
060910107,355,11,22,2,390
060910108,327,2,1,0,330
060910109,373,15,58,0,446
060910110,227,21,22,1,271
060910201,310,22,43,0,375
060910202,258,0,7,0,265
060910203,210,0,2,0,212
060910204,326,0,0,0,326
060910205,266,3,0,0,269
060910206,199,1,2,0,202
060910207,223,1,0,0,224
060910208,366,4,1,0,371
060910209,374,21,20,1,416
060910301,399,0,0,0,399
060910302,409,4,1,0,414
060910303,219,2,0,0,221
060910304,279,3,12,0,294
060910305,225,4,7,0,236
060910306,384,17,15,0,416
060910307,365,16,17,0,398
060910308,218,15,8,0,241
060910309,383,3,9,0,395
060910310,398,4,0,0,402
060910311,301,0,0,0,301
060910312,156,0,0,0,156
060910313,220,0,0,0,220
060910401,147,41,171,3,362
060910402,195,33,110,1,339
060910403,338,22,69,0,429
060910404,289,29,128,1,447
060910405,399,29,31,0,459
060910406,175,54,149,1,379
060910407,211,43,117,0,371
060910408,199,3,19,0,221
060910409,329,33,139,0,501
060910410,341,28,141,0,510
060910411,189,55,170,2,416
060910412,294,37,57,1,389
060910501,215,48,181,3,447
060910502,280,42,51,0,373
060910503,275,53,108,1,437
060910504,231,6,8,0,245
060910505,309,62,35,0,406
060910506,200,37,10,0,247
060910507,200,33,54,0,287
060910508,135,23,60,0,218
060910509,98,20,27,6,151
060910510,0,8,15,1,24
060910601,214,21,100,0,335
060910602,240,41,36,0,317
060910603,190,38,24,0,252
060910604,191,34,36,0,261
060910605,190,24,18,0,232
060910606,175,31,98,0,304
060910607,153,111,126,1,391
060910608,2,108,334,3,447
060910609,4,84,295,1,384
060910610,3,107,246,1,357
060910611,6,91,210,1,308
060910701,346,8,20,0,374
060910702,305,11,4,0,320
060910703,220,15,6,0,241
060910704,244,15,40,0,299
060910705,177,36,54,0,267
060910706,160,44,81,0,285
060910707,280,57,82,1,420
060910708,137,51,156,2,346
060910709,181,36,86,0,303
060910710,188,92,94,0,374
060910801,250,7,8,0,265
060910802,204,2,7,0,213
060910803,227,10,8,0,245
060910804,276,13,8,0,297
060910805,216,11,11,0,238
060910806,275,11,7,0,293
060910807,389,10,31,0,430
060910808,422,17,14,0,453
060910809,378,8,12,0,398
060910810,337,18,16,0,371
060910901,224,1,2,0,227
060910902,398,0,3,0,401
060910903,406,7,3,0,416
060910904,410,3,5,0,418
060910905,209,0,1,0,210
060910906,348,2,7,0,357
060910907,436,3,2,0,441
060910908,218,2,0,0,220
060911001,349,4,0,0,353
060911002,203,0,1,0,204
060911003,418,19,8,0,445
060911004,241,0,1,0,242
060911005,435,8,7,0,450
060911006,399,7,22,1,429
060911007,294,11,5,0,310
060911008,261,2,13,0,276
060911009,289,1,0,0,290
060911010,498,12,23,0,533
060911011,365,18,31,1,415
060911101,437,5,7,0,449
060911102,448,3,2,0,453
060911103,204,1,1,0,206
060911104,223,0,1,0,224
060911105,321,2,3,0,326
060911106,333,2,4,0,339
060911107,395,5,3,0,403
060911108,405,14,4,0,423
060911109,411,9,6,0,426
060911201,342,9,9,0,360
060911202,409,18,23,0,450
060911203,266,37,15,0,318
060911204,312,25,36,0,373
060911205,270,17,42,0,329
060911206,365,9,54,0,428
060911207,207,16,50,0,273
060911208,432,10,24,0,466
060911301,298,25,11,1,335
060911302,309,6,9,0,324
060911303,256,14,28,0,298
060911304,304,13,31,2,350
060911305,353,14,40,1,408
060911306,339,7,11,0,357
060911307,282,8,4,1,295
060911308,254,26,23,0,303
060911309,408,15,42,0,465
060911310,352,19,33,0,404
060911311,200,13,44,0,257
060911312,180,21,68,0,269
060911401,315,37,106,0,458
060911402,320,22,31,5,378
060911403,252,4,15,0,271
060911404,299,8,12,1,320
060911405,161,24,172,1,358
060911406,218,24,86,1,329
060911407,353,23,17,0,393
060911408,349,8,23,0,380
060911409,226,15,19,0,260
060911410,449,12,19,0,480
060911411,412,11,12,0,435
060911412,286,5,12,0,303
060911413,227,15,24,0,266
060911501,234,10,2,0,246
060911502,223,11,13,0,247
060911503,292,3,3,0,298
060911504,438,4,4,0,446
060911505,287,7,4,0,298
060911506,252,10,39,0,301
060911507,236,2,6,0,244
060911508,249,6,30,0,285
060911509,234,3,0,0,237
060911510,273,2,2,0,277
060911511,313,3,52,0,368
060911512,265,3,12,0,280
060911513,238,2,5,0,245
060911601,330,13,31,0,374
060911602,432,4,0,0,436
060911603,146,44,60,2,252
060911604,388,11,6,0,405
060911605,408,11,13,0,432
060911606,219,14,21,1,255
060911607,173,1,0,0,174
060911608,224,27,19,0,270
060911609,174,36,39,1,250
060911610,254,15,7,1,277
060911611,334,63,113,0,510
060911612,155,19,59,1,234
060911613,370,17,37,0,424
060911614,329,19,19,0,367
060911701,234,16,24,0,274
060911702,371,23,28,0,422
060911703,404,17,43,0,464
060911704,218,7,30,0,255
060911705,242,36,64,0,342
060911706,240,48,64,0,352
060911707,206,42,112,0,360
060911708,141,15,79,0,235
060911709,285,38,41,0,364
060911710,268,26,65,0,359
060911711,318,11,23,0,352
060911712,320,22,16,0,358
060911713,169,22,54,0,245
060911714,215,40,172,1,428
060911801,184,18,21,0,223
060911802,10,161,68,2,241
060911803,436,47,61,0,544
060911804,377,14,19,0,410
060911805,232,46,98,2,378
060911806,75,114,188,2,379
060911807,98,94,213,1,406
060911808,276,35,25,2,338
060911809,188,56,12,0,256
060911810,54,40,127,0,221
060911811,97,158,218,2,475
060911812,9,150,245,1,405
060911901,214,4,3,0,221
060911902,409,12,16,0,437
060911903,255,4,58,24,341
060911904,348,6,16,0,370
060911905,205,1,2,0,208
060911906,184,5,7,0,196
060911907,229,4,2,0,235
060911908,357,7,9,0,373
060911909,214,8,4,0,226
060911910,271,12,16,0,299
060911911,251,7,19,0,277
060911912,356,31,15,0,402
060912001,246,32,52,2,332
060912002,268,52,46,1,367
060912003,95,29,29,0,153
060912004,216,0,0,0,216
060912005,4,80,301,18,403
060912006,225,1,0,0,226
060912007,259,61,36,0,356
060912008,209,6,0,0,215
060912009,75,71,81,1,228
060912010,8,99,199,0,306
060912011,129,177,63,1,370
060912012,7,99,120,0,226
060912013,7,63,149,2,221
060912101,12,74,170,3,259
060912102,309,3,0,0,312
060912103,8,86,170,1,265
060912104,262,0,0,0,262
060912105,247,1,0,0,248
060912106,4,30,197,0,231
060912107,11,90,232,3,336
060912108,14,111,114,0,239
060912109,289,2,0,0,291
060912110,314,1,1,0,316
060912111,4,113,227,1,345
060912112,18,184,206,4,412
060912113,6,104,180,0,290
060912114,17,127,202,1,347
060912115,5,172,98,2,277
060912116,4,128,162,2,296
060912117,16,163,252,0,431
060912201,263,36,57,0,356
060912202,271,30,14,0,315
060912203,309,39,20,0,368
060912204,292,32,14,0,338
060912205,260,4,0,0,264
060912206,55,140,207,1,403
060912207,18,91,191,0,300
060912208,4,109,148,1,262
060912209,7,67,144,0,218
060912210,41,185,234,4,464
060912211,2,138,4,0,144
060912212,78,43,3,0,124
060912213,241,11,2,0,254
060912214,107,41,27,0,175
060912215,3,204,197,0,404
060912216,7,198,201,0,406
060912217,183,19,0,7,209
060912301,6,92,166,0,264
060912302,7,130,159,1,297
060912303,7,120,89,0,216
060912304,9,256,126,0,391
060912305,11,137,73,0,221
060912306,13,188,182,0,383
060912307,3,159,57,0,219
060912308,5,137,87,0,229
060912309,1,93,45,0,139
060912310,6,235,204,0,445
060912311,5,125,175,1,306
060912312,4,57,127,0,188
060912313,1,63,98,1,163
060912314,0,60,12,0,72
060912315,0,62,133,4,199
060912316,0,52,59,1,112
060912317,4,57,64,0,125
060912318,0,22,35,0,57
060912319,1,53,30,0,84
060912401,0,78,115,1,194
060912402,4,125,87,0,216
060912403,1,122,141,3,267
060912404,2,114,250,4,370
060912405,1,46,201,7,255
060912406,1,118,160,1,280
060912407,1,92,59,1,153
060912408,5,69,59,1,134
060912409,0,77,27,0,104
060912410,232,7,2,0,241
060912411,205,26,19,0,250
060912412,8,38,125,0,171
060912413,1,50,123,7,181
062600101,14,108,306,2,430
062600102,18,135,195,1,349
062600103,16,78,166,1,261
062600104,16,43,166,3,228
062600105,0,6,222,13,241
062600106,20,157,317,5,499
062600107,8,176,156,1,341
062600108,22,224,190,1,437
062600109,4,150,204,7,365
062600110,7,213,223,7,450
062600111,1,35,231,5,272
062600112,13,122,262,7,404
062600113,1,83,170,10,264
062600114,6,166,166,4,342
062600115,4,159,135,0,298
062600116,3,104,208,2,317
062600117,8,236,208,0,452
062600118,1,114,61,0,176
062600119,11,183,204,3,401
062600201,4,213,335,15,567
062600202,14,259,222,0,495
062600203,3,206,255,3,467
062600204,2,140,239,0,381
062600205,13,141,299,2,455
062600206,1,118,201,0,320
062600207,12,131,263,1,407
062600208,7,41,34,0,82
062600209,8,279,149,0,436
062600210,12,160,211,1,384
062600211,8,235,125,0,368
062600212,5,156,177,2,340
062600213,4,165,161,1,331
062600214,6,183,160,6,355
062600215,2,181,222,2,407
062600216,2,251,103,0,356
062600301,183,78,377,12,650
062600302,14,90,139,1,244
062600303,21,65,239,0,325
062600304,17,105,371,18,511
062600305,4,193,180,4,381
062600306,2,124,158,0,284
062600307,3,215,152,0,370
062600308,6,159,153,1,319
062600309,21,60,134,0,215
062600310,463,3,5,0,471
062600311,429,3,0,0,432
062600312,518,1,0,0,519
062600313,459,3,0,0,462
062600314,3,150,98,1,252
062600315,5,189,92,0,286
062600316,11,291,77,0,379
062600317,3,216,147,0,366
062600318,2,243,97,0,342
062600319,4,187,126,2,319
062600401,2,152,121,0,275
062600402,0,197,162,1,360
062600403,7,208,109,2,326
062600404,126,114,85,0,325
062600405,43,183,83,0,309
062600406,2,223,105,0,330
062600407,1,176,105,0,282
062600408,2,242,119,0,363
062600409,147,88,74,0,309
062600410,60,97,77,0,234
062600411,10,150,85,0,245
062600412,2,251,51,4,308
062600501,7,118,186,4,315
062600502,1,176,141,1,319
062600503,0,152,78,1,231
062600504,2,206,153,3,364
062600505,3,213,143,3,362
062600506,9,110,286,6,411
062600507,0,194,120,3,317
062600508,2,139,43,1,185
062600509,0,251,123,0,374
062600510,0,174,115,1,290
062600511,2,192,190,2,386
062600512,2,135,167,1,305
062600513,5,202,176,6,389
062600514,2,192,148,1,343
062600515,1,234,118,0,353
062600516,6,166,65,0,237
062600517,9,209,63,0,281
062600601,4,271,122,0,397
062600602,34,190,70,1,295
062600603,8,264,51,1,324
062600604,9,302,120,0,431
062600605,8,283,107,1,399
062600606,9,162,47,1,219
062600607,0,190,56,0,246
062600608,3,186,57,0,246
062600609,20,190,36,0,246
062600610,128,48,15,0,191
062600611,102,126,10,0,238
062600612,294,33,18,0,345
062600613,136,176,29,0,341
062600614,9,265,79,0,353
062600615,1,262,40,0,303
062600616,4,340,46,0,390
062600701,105,326,55,0,486
062600702,173,171,12,0,356
062600703,129,256,32,0,417
062600704,67,230,22,0,319
062600705,2,158,91,2,253
062600706,1,245,83,0,329
062600707,6,294,47,0,347
062600708,2,160,88,0,250
062600709,4,205,84,1,294
062600710,0,334,98,0,432
062600711,2,251,69,0,322
062600712,257,41,7,0,305
062600713,326,4,1,0,331
062600801,0,209,108,1,318
062600802,20,272,136,0,428
062600803,0,102,206,2,310
062600804,3,216,191,5,415
062600805,0,95,158,21,274
062600806,1,184,123,0,308
062600807,1,131,125,2,259
062600808,1,208,154,2,365
062600809,0,253,90,1,344
062600810,2,157,89,0,248
062600811,28,150,198,11,387
062600812,347,33,20,0,400
062600813,188,182,64,0,434
062600814,2,160,125,1,288
062600901,291,23,23,0,337
062600902,275,37,13,0,325
062600903,393,49,50,1,493
062600904,398,23,27,1,449
062600905,245,34,18,0,297
062600906,0,78,21,0,99
062600907,0,263,151,0,414
062600908,4,253,174,1,432
062600909,63,142,41,0,246
062600910,0,223,141,0,364
062600911,1,260,167,1,429
062600912,0,183,123,0,306
062600913,3,206,189,1,399
062600914,1,241,70,0,312
062601001,56,155,110,2,323
062601002,57,140,77,0,274
062601003,1,294,69,0,364
062601004,9,223,70,0,302
062601005,45,90,11,0,146
062601006,1050,117,101,0,1268
062601007,245,45,77,2,369
062601008,260,52,23,0,335
062601009,178,39,14,5,236
062601010,26,150,75,1,252
062601011,4,213,103,5,325
062601012,92,109,86,0,287
062601013,1,184,210,1,396
062601014,0,118,130,1,249
062601015,46,45,39,2,132
062601101,129,1,0,0,130
062601102,195,0,0,0,195
062601103,364,0,2,0,366
062601104,326,8,2,0,336
062601105,61,197,34,0,292
062601106,42,106,41,0,189
062601107,1,358,58,0,417
062601108,2,280,50,0,332
062601109,3,322,28,0,353
062601110,0,305,81,1,387
062601201,306,2,0,0,308
062601202,187,0,0,0,187
062601203,169,1,0,0,170
062601204,298,4,1,0,303
062601205,99,260,47,0,406
062601206,101,220,30,0,351
062601207,1,167,45,0,213
062601208,178,125,11,0,314
062601209,20,198,54,2,274
062601210,1,154,47,0,202
062601211,1,222,58,0,281
062601212,2,193,138,1,334
062601301,38,160,55,0,253
062601302,425,34,17,0,476
062601303,70,238,52,0,360
062601304,68,200,81,0,349
062601305,77,241,111,0,429
062601306,319,16,9,0,344
062601307,331,27,12,0,370
062601308,278,25,53,0,356
062601309,33,238,56,0,327
062601310,122,64,23,0,209
062601311,268,1,0,0,269
062601312,167,4,0,0,171
062601313,223,5,0,0,228
062601314,218,0,0,0,218
062601401,34,215,140,0,389
062601402,18,177,100,0,295
062601403,34,212,41,0,287
062601404,22,146,46,0,214
062601405,172,142,55,0,369
062601406,385,53,14,1,453
062601407,2,204,74,1,281
062601408,4,243,101,0,348
062601409,6,269,102,0,377
062601410,6,231,160,0,397
062601411,3,255,83,0,341
062601412,11,200,37,0,248
062601413,4,174,105,0,283
062601501,10,208,207,2,427
062601502,1,242,91,0,334
062601503,5,118,76,0,199
062601504,2,168,84,0,254
062601505,7,177,158,0,342
062601506,4,159,142,1,306
062601507,1,114,171,0,286
062601508,2,131,124,1,258
062601509,4,164,183,2,353
062601510,15,155,265,5,440
062601511,2,215,222,1,440
062601512,9,182,98,0,289
062601513,11,241,84,0,336
062601514,2,118,112,0,232
062601515,8,109,161,1,279
062601516,177,64,59,2,302
062601517,29,241,202,2,474
062601518,6,204,226,2,438
062601519,3,208,112,1,324
062601601,1,326,77,1,405
062601602,2,169,141,0,312
062601603,12,217,160,0,389
062601604,2,152,150,0,304
062601605,3,206,155,0,364
062601606,6,194,175,1,376
062601607,1,136,220,4,361
062601608,0,41,81,1,123
062601609,0,131,187,8,326
062601610,1,148,130,0,279
062601611,0,105,173,2,280
062601612,0,190,146,2,338
062601613,3,162,139,2,306
062601614,4,257,191,3,455
062601615,0,240,205,2,447
062601616,21,193,142,1,357
062601617,27,283,97,1,408
062601701,4,122,343,10,479
062601702,0,8,13,0,21
062601703,5,158,389,85,637
062601704,0,159,93,3,255
062601705,25,22,10,1,58
062601706,280,87,80,2,449
062601707,52,4,1,0,57
062601708,203,1,2,0,206
062601709,71,6,0,0,77
062601710,96,9,2,0,107
062601711,83,1,1,0,85
062601712,103,4,1,0,108
062601713,633,10,0,0,643
062601714,4,38,9,0,51
062700101,159,11,11,0,181
062700102,185,0,0,0,185
062700103,114,24,6,0,144
062700104,0,126,196,4,326
062700105,169,0,0,0,169
062700106,6,142,17,2,167
062700201,71,215,197,4,487
062700202,6,132,105,2,245
062700203,11,179,88,1,279
062700204,208,43,34,0,285
062700205,266,28,14,0,308
062700206,275,114,74,0,463
062700207,130,209,62,0,401
062700208,1,287,182,1,471
062700209,1,247,197,2,447
062700210,3,280,114,1,398
062700211,2,273,145,6,426
062700212,4,253,148,1,406
062700213,0,86,156,1,243
062700214,0,174,82,0,256
062700215,0,119,144,6,269
062700216,1,185,134,2,322
062700217,1,280,90,1,372
062700301,22,143,65,0,230
062700302,103,78,83,0,264
062700303,36,211,175,1,423
062700304,15,246,233,0,494
062700305,307,89,46,2,444
062700306,277,50,44,0,371
062700307,203,38,17,0,258
062700308,227,113,52,0,392
062700309,13,264,132,0,409
062700310,1,222,152,3,378
062700311,24,278,49,0,351
062700312,342,85,26,0,453
062700313,222,33,2,0,257
062700314,248,45,10,0,303
062700315,214,33,4,0,251
062700316,224,17,20,0,261
062700401,91,57,23,0,171
062700402,154,72,43,0,269
062700403,340,23,7,0,370
062700404,202,119,76,1,398
062700405,3,204,181,2,390
062700406,170,228,77,0,475
062700407,298,32,9,0,339
062700408,156,19,4,0,179
062700409,390,32,10,0,432
062700410,172,131,52,1,356
062700411,52,238,174,0,464
062700412,296,49,21,1,367
062700413,89,189,82,0,360
062700414,1,217,107,0,325
062700501,0,236,56,1,293
062700502,130,70,48,0,248
062700503,12,118,139,1,270
062700504,1,258,189,3,451
062700505,0,226,146,0,372
062700506,21,254,75,5,355
062700507,2,308,69,0,379
062700508,7,247,137,2,393
062700509,1,4,6,0,11
062700510,4,283,120,3,410
062700511,1,159,55,0,215
062700512,73,89,64,1,227
062700601,0,194,92,2,288
062700602,14,127,44,0,185
062700603,6,90,15,0,111
062700604,1,113,31,0,145
062700605,3,225,123,2,353
062700606,7,210,206,8,431
062700607,1,232,176,5,414
062700608,6,231,168,3,408
062700609,0,215,133,6,354
062700610,4,175,335,13,527
062700611,4,134,253,4,395
062700612,0,91,26,0,117
062700613,0,100,7,0,107
062700614,3,156,73,2,234
062700615,16,73,101,1,191
062700616,1,134,188,1,324
062700617,2,134,325,11,472
062700701,0,99,154,3,256
062700702,0,125,84,2,211
062700703,3,166,146,3,318
062700704,2,136,52,1,191
062700705,11,208,111,2,332
062700706,2,106,93,1,202
062700707,2,360,65,0,427
062700708,1,228,17,0,246
062700709,1,145,74,0,220
062700710,0,157,48,0,205
062700711,0,228,132,0,360
062700712,1,245,194,0,440
062700713,0,137,129,2,268
062700714,5,180,138,2,325
062700715,7,166,100,1,274
062700716,0,140,210,3,353
062700717,1,156,206,6,369
062700718,0,213,288,3,504
062700719,16,116,286,6,424
062700801,4,48,21,0,73
062700802,2,35,6,0,43
062700803,6,57,12,0,75
062700804,0,12,7,0,19
062700805,0,41,4,0,45
062700806,6,17,9,0,32
062700807,0,47,23,0,70
062700808,2,240,131,5,378
062700809,0,98,148,6,252
062700810,0,107,122,6,235
062700811,9,255,65,0,329
062700812,6,8,14,0,28
062700813,13,14,36,0,63
062700814,0,70,40,0,110
062700815,0,70,78,1,149
062700816,0,94,89,0,183
062700817,0,37,0,0,37
062700901,10,324,303,6,643
062700902,2,227,138,3,370
062700903,0,144,126,1,271
062700904,2,262,31,0,295
062700905,2,149,139,4,294
062700906,1,199,155,1,356
062700907,6,176,63,0,245
062700908,3,145,53,1,202
062700909,3,227,139,7,376
062700910,7,206,139,0,352
062700911,9,185,52,0,246
062700912,1,195,78,0,274
062700913,1,186,91,12,290
062701001,13,313,42,1,369
062701002,2,314,252,6,574
062701003,3,305,316,0,624
062701004,10,330,124,2,466
062701005,3,275,87,0,365
062701006,5,203,160,1,369
062701007,0,243,126,1,370
062701008,2,162,130,3,297
062701009,4,216,139,1,360
062701010,13,138,168,7,326
062701101,348,26,26,2,402
062701102,0,6,5,0,11
062701103,0,7,11,0,18
062701104,3,70,37,1,111
062701105,1,5,7,0,13
062740101,337,18,14,0,369
062740102,390,5,2,0,397
062740103,224,1,2,0,227
062740104,206,3,6,0,215
062740105,420,41,24,0,485
062740106,271,3,4,0,278
062740107,243,8,1,1,253
062740108,167,3,3,0,173
062740109,230,23,6,0,259
062740110,222,24,17,1,264
062740111,45,144,98,0,287
062740112,16,72,155,2,245
062740113,26,209,214,2,451
062740114,155,25,61,0,241
062740115,483,24,14,0,521
062740201,405,5,2,0,412
062740202,305,20,45,1,371
062740203,324,32,42,0,398
062740204,273,8,4,0,285
062740205,304,16,10,0,330
062740206,462,11,15,0,488
062740207,286,10,14,0,310
062740208,80,109,99,0,288
062740209,235,13,16,0,264
062740210,167,22,101,2,292
062740211,406,12,14,0,432
062740212,302,15,8,0,325
062740213,302,8,10,0,320
062740214,385,11,7,0,403
062740215,370,21,6,1,398
062740301,30,134,211,0,375
062740302,11,142,134,0,287
062740303,8,122,95,0,225
062740304,15,232,197,0,444
062740305,8,158,225,1,392
062740306,3,125,80,0,208
062740307,5,268,173,2,448
062740308,7,138,150,0,295
062740309,8,109,146,0,263
062740310,8,214,169,0,391
062740311,5,128,210,0,343
062740312,34,113,231,0,378
062740313,57,122,185,2,366
062740314,20,63,245,0,328
062740315,8,120,134,2,264
062740316,5,123,170,1,299
062740401,16,155,182,1,354
062740402,12,178,205,0,395
062740403,15,129,210,1,355
062740404,9,154,183,2,348
062740405,7,101,198,3,309
062740406,7,117,134,0,258
062740407,10,89,157,0,256
062740408,32,110,94,0,236
062740409,184,94,105,1,384
062740410,184,49,95,0,328
062740411,37,136,100,0,273
062740412,33,73,338,10,454
062740413,11,94,197,3,305
062740414,10,41,233,7,291
062740415,19,144,169,1,333
062740416,12,73,195,3,283
062740417,11,56,216,6,289
062740501,9,160,100,0,269
062740502,15,126,121,0,262
062740503,14,85,161,1,261
062740504,10,114,212,0,336
062740505,11,36,182,1,230
062740506,9,79,122,1,211
062740507,7,96,189,3,295
062740508,24,159,212,0,395
062740509,14,146,104,1,265
062740510,8,150,155,0,313
062740511,8,128,219,0,355
062740512,14,186,154,0,354
062740513,21,59,211,1,292
062740514,19,172,169,1,361
062740515,15,116,213,2,346
062740516,16,129,155,0,300
062740601,26,194,174,2,396
062740602,13,141,150,1,305
062740603,8,77,194,0,279
062740604,2,194,91,1,288
062740605,16,177,194,0,387
062740606,15,172,199,1,387
062740607,9,84,150,2,245
062740608,4,124,112,0,240
062740609,5,130,109,1,245
062740610,1,161,113,0,275
062740611,0,94,162,2,258
062740612,14,135,123,0,272
062740613,11,77,109,1,198
062740614,11,62,173,2,248
062740615,24,117,191,1,333
062740616,1,74,125,5,205
062740617,5,176,83,0,264
062740618,4,77,132,1,214
062740619,2,78,112,3,195
062740620,7,121,224,0,352
062740701,2,102,82,1,187
062740702,0,117,132,0,249
062740703,4,92,193,0,289
062740704,4,40,232,3,279
062740705,10,88,211,2,311
062740706,6,152,204,2,364
062740707,9,125,215,1,350
062740708,5,133,248,9,395
062740709,3,141,180,3,327
062740710,7,66,217,2,292
062740711,2,62,169,1,234
062740712,1,105,154,2,262
062740713,4,81,242,5,332
062740801,3,66,119,0,188
062740802,114,37,115,0,266
062740803,222,30,10,0,262
062740804,254,3,0,0,257
062740805,240,3,0,0,243
062740806,188,1,0,0,189
062740807,365,11,0,0,376
062740808,63,99,82,6,250
062740809,1,72,156,3,232
062740810,1,36,243,1,281
062740811,2,92,133,6,233
062740812,1,53,166,4,224
062740813,7,50,320,7,384
062740814,6,142,164,2,314
062740815,3,112,182,1,298
062740816,6,100,169,1,276
062740817,0,84,154,0,238
062740818,4,134,146,10,294
062740819,3,129,173,5,310
062740820,5,141,180,3,329
062740901,6,67,240,5,318
062740902,0,79,209,4,292
062740903,0,102,188,5,295
062740904,5,109,161,4,279
062740905,0,63,174,6,243
062740906,1,107,292,6,406
062740907,8,72,135,1,216
062740908,8,76,121,0,205
062740909,173,5,26,0,204
062740910,257,50,30,0,337
062740911,5,36,172,3,216
062740912,0,43,192,4,239
062740913,1,79,144,0,224
062740914,3,59,166,6,234
062740915,5,136,251,1,393
062740916,0,106,126,4,236
062740917,8,145,135,1,289
062740918,8,88,174,4,274
062740919,1,89,242,4,336
062740920,3,120,220,1,344
062740921,2,179,151,1,333
062740922,3,149,112,2,266
062741001,7,90,230,1,328
062741002,17,53,207,2,279
062741003,7,221,154,4,386
062741004,3,104,150,1,258
062741005,3,87,139,0,229
062741006,8,55,150,2,215
062741007,4,86,231,1,322
062741008,2,163,171,0,336
062741009,18,110,91,1,220
062741010,2,90,161,2,255
062741011,0,72,111,7,190
062741012,2,95,174,18,289
062741013,0,48,102,1,151
062741014,0,53,152,12,217
062741015,0,94,149,12,255
062741101,278,5,2,1,286
062741102,325,5,2,0,332
062741103,280,4,3,2,289
062741104,289,4,9,0,302
062741105,313,54,62,0,429
062741106,114,179,294,1,588
062741107,1,121,193,0,315
062741108,3,119,180,1,303
062741109,4,211,295,0,510
062741110,24,208,283,0,515
062741111,0,73,178,13,264
062741112,2,96,185,1,284
062741113,3,115,150,4,272
062741114,2,111,177,1,291
062741115,1,160,140,0,301
062741116,2,74,194,1,271
062741117,2,141,241,0,384
062741118,6,131,151,1,289
062741201,430,11,13,1,455
062741202,214,9,2,0,225
062741203,291,4,12,0,307
062741204,183,0,2,0,185
062741205,205,2,1,0,208
062741206,211,5,4,0,220
062741207,229,3,0,0,232
062741208,405,15,17,0,437
062741209,365,16,11,0,392
062741210,308,9,5,0,322
062741211,205,77,80,0,362
062741212,87,88,208,0,383
062741213,5,91,124,2,222
062741214,3,114,119,4,240
062741215,14,62,265,2,343
062741216,29,127,165,0,321
062741217,307,8,11,0,326
062741301,370,10,7,0,387
062741302,192,3,2,0,197
062741303,223,9,5,0,237
062741304,226,0,13,0,239
062741305,143,44,47,0,234
062741306,262,5,31,0,298
062741307,230,17,23,0,270
062741308,207,3,20,0,230
062741309,9,109,154,5,277
062741310,7,128,104,1,240
062741311,222,13,36,0,271
062741312,370,10,1,0,381
062741313,176,1,0,0,177
062741314,187,3,0,0,190
062741315,231,1,0,0,232
062741316,269,1,1,0,271
062741317,423,8,5,0,436
062741401,390,13,13,0,416
062741402,359,3,0,0,362
062741403,220,0,0,0,220
062741404,293,2,2,0,297
062741405,374,1,1,0,376
062741406,203,2,0,0,205
062741407,241,0,0,0,241
062741408,312,1,0,0,313
062741409,367,2,1,0,370
062741410,291,0,2,0,293
062741411,361,2,0,0,363
062741501,18,83,196,17,314
062741502,16,79,217,2,314
062741503,4,86,168,0,258
062741504,19,195,216,1,431
062741505,27,119,76,1,223
062741506,12,171,52,0,235
062741507,11,134,148,0,293
062741508,7,121,148,0,276
062741509,10,127,123,0,260
062741510,25,140,240,0,405
062741511,7,70,161,0,238
062741512,41,65,134,0,240
062741513,22,79,197,0,298
062741514,156,39,63,0,258
062741515,223,18,9,0,250
062741516,82,157,101,0,340
062741517,66,95,175,0,336
062741518,366,18,33,0,417
062741601,4,52,309,1,366
062741602,5,47,326,0,378
062741603,2,117,220,5,344
062741604,120,110,195,2,427
062741605,226,20,16,1,263
062741606,175,78,73,0,326
062741607,3,105,134,0,242
062741608,4,116,163,0,283
062741609,7,127,93,1,228
062741610,9,99,194,4,306
062741611,3,110,110,0,223
062741612,9,88,189,2,288
062741613,10,156,208,0,374
062741614,2,84,200,0,286
062741701,218,5,4,0,227
062741702,229,9,3,0,241
062741703,6,212,71,0,289
062741704,4,170,141,0,315
062741705,7,141,141,0,289
062741706,6,104,197,2,309
062741707,178,7,56,0,241
062741708,209,18,8,0,235
062741709,206,38,75,1,320
062741710,7,127,187,0,321
062741711,24,93,103,3,223
062741712,26,109,116,2,253
062741713,271,53,24,0,348
062741714,383,4,3,0,390
062741801,6,238,196,0,440
062741802,0,117,145,2,264
062741803,0,111,145,2,258
062741804,58,42,132,0,232
062741805,77,56,104,0,237
062741806,236,74,78,0,388
062741807,294,10,36,0,340
062741808,222,2,1,0,225
062741809,182,9,102,1,294
062741810,63,16,240,1,320
062741811,1,32,339,15,387
062741812,0,45,135,4,184
062741813,5,39,242,4,290
062741814,3,84,145,1,233
062741815,0,79,143,0,222
062741816,35,128,220,6,389
062741817,21,159,181,0,361
062741818,14,142,279,0,435
062741901,10,172,116,2,300
062741902,42,166,180,3,391
062741903,2,101,179,0,282
062741904,7,217,175,2,401
062741905,1,141,313,1,456
062741906,2,165,227,2,396
062741907,1,111,278,2,392
062741908,3,87,118,0,208
062741909,1,51,158,8,218
062741910,6,109,329,0,444
062741911,11,102,328,4,445
062741912,10,107,257,8,382
062741913,1,40,222,6,269
062742001,4,129,271,0,404
062742002,12,106,257,0,375
062742003,6,185,146,2,339
062742004,14,213,355,3,585
062742005,6,125,333,5,469
062742006,92,75,235,0,402
062742007,5,130,330,1,466
062742008,7,133,174,2,316
062742009,2,158,147,0,307
062742010,4,115,168,4,291
062742011,3,103,198,0,304
062742012,6,161,153,0,320
062742013,4,92,265,2,363
062742014,0,6,55,0,61
062742015,0,4,6,0,10
062742016,5,41,215,4,265
062742101,149,37,24,0,210
062742102,189,16,22,0,227
062742103,204,98,105,2,409
062742104,7,117,230,1,355
062742105,207,40,120,0,367
062742106,388,11,3,0,402
062742107,403,4,0,0,407
062742108,368,16,8,0,392
062742109,1,97,154,0,252
062742110,3,113,139,2,257
062742111,1,125,114,2,242
062742112,28,42,158,1,229
062742113,1,155,205,1,362
062742114,1,174,138,1,314
062742115,12,159,248,3,422
062742116,3,121,115,3,242
062742117,70,117,198,1,386
062742118,9,93,245,2,349
062742119,4,126,183,0,313
062742120,6,94,126,0,226
062742121,5,108,109,0,222
062742122,3,116,130,0,249
062742123,9,108,176,2,295
062742201,1,49,166,7,223
062742202,3,75,162,3,243
062742203,5,163,248,3,419
062742204,6,113,127,0,246
062742205,2,82,164,0,248
062742206,7,119,172,3,301
062742207,0,19,27,1,47
062742208,1,55,33,3,92
062742209,0,44,96,1,141
062742210,0,92,213,1,306
062742211,1,78,280,5,364
062742212,1,80,140,7,228
063710101,29,103,190,3,325
063710102,9,147,129,0,285
063710103,18,194,156,20,388
063710104,32,123,79,0,234
063710105,4,38,122,22,186
063710106,4,46,82,17,149
063710107,5,16,45,30,96
063710108,14,19,36,33,102
063710109,36,110,163,6,315
063710110,49,190,214,22,475
063710111,0,7,11,1,19
063710201,15,194,186,3,398
063710202,6,236,149,0,391
063710203,14,207,204,1,426
063710204,29,152,192,4,377
063710205,33,159,314,2,508
063710206,10,204,117,0,331
063710207,5,176,75,0,256
063710208,4,155,127,0,286
063710209,20,218,158,0,396
063710210,8,276,129,0,413
063710211,1,139,119,0,259
063710212,8,166,89,1,264
063710301,7,341,70,0,418
063710302,100,130,35,0,265
063710303,13,82,81,0,176
063710304,252,128,121,0,501
063710305,189,60,112,0,361
063710306,319,21,9,0,349
063710307,213,84,37,2,336
063710308,13,264,122,1,400
063710309,10,184,96,0,290
063710310,30,153,53,0,236
063710311,89,198,62,0,349
063710312,28,58,29,0,115
063710313,66,110,27,0,203
063710314,180,42,8,0,230
063710315,313,30,17,0,360
063710401,452,14,8,0,474
063710402,347,25,12,0,384
063710403,218,14,14,0,246
063710404,197,6,4,0,207
063710405,326,25,5,0,356
063710406,382,29,17,0,428
063710407,354,19,10,0,383
063710408,196,8,5,0,209
063710501,309,9,13,0,331
063710502,348,5,7,0,360
063710503,178,6,2,0,186
063710504,234,5,6,0,245
063710505,260,1,2,0,263
063710506,367,6,4,0,377
063710507,258,4,3,0,265
063710508,190,1,3,0,194
063710509,381,11,2,0,394
063710510,369,6,6,0,381
063710601,221,12,0,0,233
063710602,254,5,0,0,259
063710603,289,8,2,1,300
063710604,228,5,1,0,234
063710605,246,4,0,0,250
063710606,283,13,5,0,301
063710607,293,2,5,1,301
063710608,186,12,43,0,241
063710609,114,36,205,0,355
063710610,181,39,204,0,424
063710611,188,65,164,1,418
063710612,320,4,0,0,324
063710701,268,12,3,0,283
063710702,396,52,12,1,461
063710703,318,12,2,0,332
063710704,301,32,14,0,347
063710705,276,3,3,0,282
063710706,410,10,2,2,424
063710707,359,69,85,2,515
063710708,72,62,90,0,224
063710709,383,12,3,0,398
063710710,206,15,1,0,222
063710711,177,35,16,0,228
063710712,307,2,8,0,317
063710713,270,4,2,0,276
063710801,339,26,61,0,426
063710802,365,3,2,0,370
063710803,304,6,0,0,310
063710804,304,1,0,0,305
063710805,294,4,3,0,301
063710806,368,14,20,0,402
063710807,268,7,1,0,276
063710808,355,1,3,0,359
063710809,359,5,1,0,365
063710810,330,7,3,0,340
063710811,319,5,2,0,326
063710812,329,6,17,1,353
063710901,384,6,1,0,391
063710902,386,7,5,0,398
063710903,254,3,1,0,258
063710904,207,6,3,0,216
063710905,304,9,4,0,317
063710906,495,3,4,0,502
063710907,301,4,2,0,307
063710908,367,3,0,0,370
063710909,370,10,9,0,389
063710910,374,4,0,0,378
063710911,182,7,1,0,190
063710912,225,5,3,0,233
063710913,234,4,0,0,238
063710914,337,5,3,0,345
063710915,190,4,4,0,198
063710916,205,16,2,0,223
063710917,322,6,4,0,332
063711001,300,0,1,0,301
063711002,367,2,3,0,372
063711003,350,2,0,0,352
063711004,218,2,0,0,220
063711005,220,5,3,0,228
063711006,358,3,0,0,361
063711007,444,6,2,0,452
063711008,298,3,0,0,301
063711009,299,7,3,0,309
063711010,348,4,5,0,357
063711011,293,0,0,0,293
063711012,47,21,38,1,107
063711013,399,10,5,0,414
063711014,298,4,2,0,304
063711015,338,1,0,0,339
063711016,191,1,0,0,192
063711101,265,5,4,0,274
063711102,233,2,1,0,236
063711103,313,0,2,0,315
063711104,325,0,0,0,325
063711105,278,2,0,0,280
063711106,228,2,1,0,231
063711107,356,0,0,0,356
063711108,244,0,1,0,245
063711109,181,0,0,0,181
063711110,394,5,1,0,400
063711201,373,5,6,0,384
063711202,292,3,0,0,295
063711203,221,0,1,0,222
063711204,370,3,5,0,378
063711205,227,0,0,0,227
063711206,194,1,1,0,196
063711207,307,11,3,0,321
063711208,406,23,3,0,432
063711209,272,1,0,0,273
063711210,297,0,0,0,297
063711301,303,25,7,0,335
063711302,296,17,5,0,318
063711303,383,17,10,0,410
063711304,328,13,8,0,349
063711305,287,16,18,0,321
063711306,315,37,16,0,368
063711307,102,139,152,0,393
063711308,98,163,68,0,329
063711309,265,109,53,0,427
063711310,345,18,33,0,396
063711311,312,8,9,0,329
063711312,362,10,1,0,373
063711401,22,189,166,14,391
063711402,0,222,65,1,288
063711403,3,89,100,0,192
063711404,4,28,203,2,237
063711405,5,46,143,1,195
063711406,4,31,317,3,355
063711407,18,12,130,12,172
063711408,7,22,149,53,231
063711409,7,26,184,16,233
063711410,6,66,173,1,246
063711411,12,185,79,0,276
063711412,4,201,76,0,281
063711413,7,188,73,0,268
063711414,19,48,140,62,269
063711501,4,38,26,0,68
063711502,17,62,131,1,211
063711503,28,100,225,6,359
063711504,5,80,55,0,140
063711505,104,136,376,0,616
063711506,1,7,409,4,421
063711507,3,21,162,1,187
063711508,0,12,139,0,151
063711509,4,93,93,2,192
063711510,2,62,56,1,121
063711511,24,219,136,0,379
063711512,11,132,143,0,286
063711513,0,103,145,0,248
063711514,0,195,91,0,286
063711601,21,22,137,14,194
063711602,45,44,78,17,184
063711603,29,43,90,5,167
063711604,41,46,227,3,317
063711605,12,10,74,15,111
063711606,4,113,57,5,179
063711607,6,179,65,0,250
063711608,13,246,80,0,339
063711609,21,278,60,10,369
063711610,9,198,48,2,257
063711611,6,109,169,0,284
063711612,11,69,44,0,124
063711613,23,127,194,0,344
063711614,9,52,199,0,260
063711701,209,119,32,0,360
063711702,81,195,53,0,329
063711703,36,210,77,0,323
063711704,37,135,148,0,320
063711705,22,228,35,0,285
063711706,14,168,151,0,333
063711707,33,238,34,0,305
063711708,86,154,62,0,302
063711709,120,125,33,0,278
063711710,178,179,54,0,411
063711711,154,121,71,0,346
063711712,21,114,122,0,257
063711713,14,173,181,0,368
063711714,24,233,82,1,340
063711801,20,265,114,0,399
063711802,99,80,65,0,244
063711803,348,24,9,0,381
063711804,230,103,37,0,370
063711805,26,219,95,0,340
063711806,14,194,160,1,369
063711807,20,215,136,0,371
063711808,6,175,94,0,275
063711809,6,213,59,0,278
063711810,7,119,110,0,236
063711811,8,252,174,0,434
063711812,5,132,90,0,227
063711813,9,227,192,1,429
063711814,4,325,129,0,458
063711815,9,260,177,0,446
063711901,208,1,1,0,210
063711902,323,0,0,0,323
063711903,308,1,0,0,309
063711904,307,1,0,0,308
063711905,325,4,1,0,330
063711906,229,8,3,0,240
063711907,286,67,17,0,370
063711908,335,4,0,0,339
063711909,384,9,1,0,394
063712001,159,139,74,0,372
063712002,35,154,181,1,371
063712003,6,129,156,1,292
063712004,60,191,144,1,396
063712005,6,205,75,0,286
063712006,370,4,0,0,374
063712007,326,58,21,0,405
063712008,222,2,1,0,225
063712101,305,5,2,0,312
063712102,367,1,0,0,368
063712103,235,13,3,0,251
063712104,173,2,1,0,176
063712105,416,3,2,0,421
063712106,118,0,1,0,119
063712107,269,0,5,0,274
063712108,367,2,6,0,375
063712109,332,3,1,0,336
063712110,308,8,7,0,323
063712111,389,10,3,0,402
063712112,196,2,2,0,200
063712113,282,5,5,0,292
063712114,285,5,1,0,291
063712115,313,22,0,0,335
063712201,294,8,12,0,314
063712202,234,15,9,0,258
063712203,269,5,2,0,276
063712204,328,0,0,0,328
063712205,211,0,0,0,211
063712206,187,0,3,0,190
063712207,325,4,4,0,333
063712208,227,1,2,0,230
063712209,188,0,0,0,188
063712210,189,0,0,0,189
063712211,134,0,0,0,134
063712212,206,2,0,0,208
063712213,210,1,2,0,213
063712214,238,3,0,0,241
063712301,288,9,0,0,297
063712302,385,11,18,0,414
063712303,149,1,0,0,150
063712304,217,3,0,0,220
063712305,227,3,0,0,230
063712306,252,8,0,0,260
063712307,270,4,0,0,274
063712308,287,5,4,0,296
063712309,270,1,0,0,271
063712310,195,4,1,0,200
063712311,247,0,6,0,253
063712312,227,1,5,0,233
063712313,240,6,3,0,249
063712314,304,4,5,0,313
063712315,404,16,12,0,432
063712316,405,12,9,0,426
063712317,275,2,1,0,278
063712401,354,5,12,0,371
063712402,216,7,4,0,227
063712403,396,8,4,0,408
063712404,175,0,1,0,176
063712405,162,12,19,0,193
063712406,211,6,5,0,222
063712407,232,1,2,0,235
063712408,204,9,4,0,217
063712501,262,6,3,0,271
063712502,290,4,2,0,296
063712503,192,6,1,0,199
063712504,278,14,4,0,296
063712505,330,2,7,0,339
063712506,295,3,1,0,299
063712507,321,5,1,0,327
063712508,291,0,0,0,291
063712601,358,11,2,0,371
063712602,228,4,1,0,233
063712603,317,2,2,0,321
063712604,325,4,5,0,334
063712605,205,18,0,0,223
063712606,314,4,2,0,320
063712607,242,5,4,0,251
063712608,242,2,1,0,245
063712701,232,10,2,0,244
063712702,329,3,6,0,338
063712703,431,8,73,2,514
063712704,357,13,8,1,379
063712705,293,5,6,1,305
063712706,174,5,0,0,179
063712707,193,3,1,0,197
063712708,212,2,1,0,215
063712801,7,9,152,0,168
063712802,45,1,1,0,47
063712803,30,0,2,0,32
063712804,42,38,24,0,104
063712805,66,0,1,0,67
063712806,276,3,5,0,284
063712807,82,1,0,0,83
063712808,312,6,3,0,321
063712901,303,1,3,0,307
063712902,199,0,0,0,199
063712903,197,4,3,0,204
063712904,310,10,6,0,326
063712905,293,75,36,0,404
063712906,171,5,2,0,178
063712907,459,30,8,0,497
063712908,615,20,17,1,653
063712909,322,32,1,0,355
063713001,24,169,99,0,292
063713002,47,254,90,1,392
063713003,12,208,118,0,338
063713004,4,234,12,0,250
063713005,5,175,117,0,297
063713006,8,171,115,0,294
063713007,4,141,69,0,214
063713008,178,37,41,0,256
063713009,127,63,43,0,233
063713010,8,20,94,1,123
063713011,24,139,135,0,298
063713101,20,193,113,2,328
063713102,0,162,52,1,215
063713103,21,229,143,3,396
063713104,2,154,14,0,170
063713105,30,142,127,1,300
063713106,68,99,285,0,452
063713107,34,184,66,1,285
063713108,76,182,45,0,303
063713201,59,7,0,0,66
063713202,8,198,231,1,438
063713203,12,212,152,0,376
063713204,3,174,174,0,351
063713205,13,166,138,1,318
063713206,5,146,249,0,400
063713207,3,151,135,0,289
063713208,19,116,260,0,395
063713209,11,94,133,0,238
063713210,17,162,258,1,438
063713211,15,223,164,0,402
063713212,9,221,136,0,366
063713213,8,184,174,1,367
063713214,6,135,313,0,454
063713215,19,93,173,1,286
063713301,142,33,86,0,261
063713302,216,38,153,1,408
063713303,105,174,112,23,414
063713304,8,137,161,0,306
063713305,16,246,162,0,424
063713306,12,291,112,0,415
063713307,4,207,104,0,315
063713308,5,187,65,0,257
063713309,14,221,114,0,349
063713310,3,93,103,0,199
063713401,11,160,80,0,251
063713402,12,272,103,0,387
063713403,2,115,42,0,159
063713404,10,154,77,0,241
063713405,185,118,145,4,452
063713406,7,136,141,0,284
063713407,27,200,103,0,330
063713408,9,234,105,0,348
063713409,21,104,122,0,247
063713501,7,257,107,2,373
063713502,5,128,88,0,221
063713503,18,158,76,0,252
063713504,8,154,72,0,234
063713505,3,177,63,0,243
063713506,30,219,118,1,368
063713507,8,17,9,0,34
063713508,31,10,12,1,54
063713509,20,7,12,0,39
063713510,82,64,142,1,289
063713511,198,58,140,4,400
063713512,4,212,72,0,288
063713513,12,211,105,0,328
063713514,8,155,61,0,224
063713601,9,142,441,1,593
063713602,9,142,182,0,333
063713603,20,192,182,0,394
063713604,6,296,228,5,535
063713605,22,157,117,0,296
063713606,5,162,129,0,296
063713607,10,209,142,1,362
063713608,7,211,126,0,344
063713609,9,368,115,0,492
063713610,8,296,48,0,352
063713611,15,303,93,0,411
063713701,6,44,221,5,276
063713702,8,59,273,7,347
063713703,3,35,152,2,192
063713704,2,27,111,0,140
063713705,3,54,113,5,175
063713706,3,67,116,1,187
063713707,11,209,212,2,434
063713708,29,154,447,2,632
063713709,16,261,219,0,496
063713710,15,91,309,21,436
063713711,2,123,256,8,389
063713712,4,87,259,1,351
063713713,7,263,170,0,440
063713714,9,255,106,0,370
063713715,6,317,79,0,402
063713716,11,322,143,0,476
064080101,10,291,70,0,371
064080102,30,243,15,0,288
064080103,60,250,41,0,351
064080104,150,219,25,0,394
064080105,5,280,81,0,366
064080106,90,104,23,0,217
064080107,183,201,14,0,398
064080108,30,288,99,0,417
064080109,14,357,70,0,441
064080110,1,184,29,0,214
064080111,12,448,115,1,576
064080112,2,341,70,0,413
064080113,1,343,65,0,409
064080114,11,13,10,0,34
064080115,7,95,5,0,107
064080116,0,174,21,0,195
064080117,100,186,19,0,305
064080201,3,225,82,0,310
064080202,53,227,83,0,363
064080203,35,295,55,1,386
064080204,17,288,79,1,385
064080205,38,144,61,0,243
064080206,18,282,31,0,331
064080207,31,270,124,1,426
064080208,3,302,167,5,477
064080209,0,400,100,0,500
064080210,4,347,88,0,439
064080211,1,252,79,0,332
064080301,0,6,78,12,96
064080302,1,56,40,1,98
064080303,16,233,122,1,372
064080304,29,198,76,0,303
064080305,42,183,67,0,292
064080306,88,176,48,0,312
064080307,2,388,105,2,497
064080308,5,415,176,3,599
064080309,0,229,96,0,325
064080310,3,188,30,0,221
064080401,2,200,169,0,371
064080402,1,354,237,2,594
064080403,0,166,90,1,257
064080404,2,329,160,0,491
064080405,1,272,72,0,345
064080406,19,195,60,1,275
064080407,0,243,124,0,367
064080408,6,451,105,0,562
064080409,0,296,109,3,408
064080410,22,469,86,0,577
064080411,0,251,64,0,315
064080412,2,259,95,0,356
064080501,1,137,115,0,253
064080502,1,212,93,2,308
064080503,1,231,90,1,323
064080504,0,231,69,0,300
064080505,10,79,40,5,134
064080506,2,166,61,0,229
064080507,0,202,66,0,268
064080508,0,209,69,1,279
064080509,0,202,99,0,301
064080510,5,184,41,0,230
064080511,14,232,23,0,269
064080512,0,164,75,0,239
064080601,8,396,25,0,429
064080602,3,158,16,0,177
064080603,12,315,25,0,352
064080604,16,250,8,0,274
064080605,6,333,33,0,372
064080606,2,84,17,0,103
064080607,2,312,29,0,343
064080608,1,254,27,0,282
064080609,2,316,23,0,341
064080701,118,173,41,0,332
064080702,66,100,90,5,261
064080703,53,82,76,49,260
064080704,194,146,80,0,420
064080705,261,72,18,0,351
064080706,211,77,35,0,323
064080707,1,83,10,0,94
064080708,24,267,46,0,337
064080709,46,117,55,0,218
064080710,16,163,72,3,254
064080801,6,212,98,2,318
064080802,6,188,119,3,316
064080803,4,149,52,0,205
064080804,4,174,27,0,205
064080805,1,195,42,0,238
064080806,5,205,86,2,298
064080807,2,194,44,0,240
064080808,4,285,45,0,334
064080809,7,182,64,0,253
064080810,6,202,123,0,331
064080811,9,255,86,1,351
064080812,2,174,22,0,198
064080813,6,137,96,9,248
064080814,5,340,104,0,449
064080901,13,320,50,2,385
064080902,7,177,35,2,221
064080903,0,224,57,0,281
064080904,9,200,52,0,261
064080905,12,292,47,0,351
064080906,9,311,42,0,362
064080907,3,315,113,0,431
064080908,0,337,37,0,374
064081001,0,302,22,0,324
064081002,1,250,46,0,297
064081003,1,351,82,1,435
064081004,0,324,42,0,366
064081005,0,336,104,0,440
064081006,0,231,76,0,307
064081007,5,302,105,0,412
064081008,0,194,46,0,240
064081101,4,219,47,0,270
064081102,18,237,76,0,331
064081103,321,21,0,0,342
064081104,2,277,47,0,326
064081105,8,350,118,1,477
064081106,111,182,27,0,320
064081107,0,57,25,0,82
064081108,1,260,67,1,329
064081109,0,54,14,0,68
064081110,2,126,51,0,179
064081111,0,62,12,0,74
064081201,148,346,155,4,653
064081202,242,6,0,1,249
064081203,15,212,80,1,308
064081204,15,254,67,3,339
064081205,14,358,110,0,482
064081206,2,472,130,0,604
064081207,2,286,75,0,363
064081208,5,374,90,1,470
064081209,5,250,41,1,297
064081301,0,387,62,0,449
064081302,1,179,102,0,282
064081303,3,229,76,1,309
064081304,10,188,89,0,287
064081305,9,200,51,0,260
064081306,31,284,63,0,378
064081307,5,253,93,1,352
064081308,2,226,69,0,297
064081309,3,149,114,0,266
064081310,45,231,88,1,365
064081311,6,231,121,1,359
064081312,4,227,108,0,339
064081313,87,113,23,0,223
064081401,15,313,76,0,404
064081402,11,268,116,0,395
064081403,5,333,57,1,396
064081404,6,330,104,0,440
064081405,7,128,51,1,187
064081406,81,146,15,1,243
064081407,68,126,53,0,247
064081408,105,79,50,0,234
064081409,40,145,75,0,260
064081410,5,208,56,0,269
064081411,28,248,23,0,299
064081412,50,221,40,1,312
064081413,212,74,42,0,328
064081501,71,281,52,0,404
064081502,68,238,133,0,439
064081503,7,34,9,0,50
064081504,48,186,78,19,331
064081505,460,23,9,0,492
064081506,102,3,1,0,106
064081507,271,1,1,0,273
064081508,148,66,18,0,232
064081509,103,215,28,1,347
064081510,162,42,7,0,211
064081511,258,11,0,0,269
064081512,140,0,0,0,140
064081513,230,74,42,0,346
064100101,0,269,122,0,391
064100102,0,273,88,1,362
064100103,0,297,78,0,375
064100104,2,373,66,1,442
064100105,1,188,64,0,253
064100106,0,190,41,0,231
064100107,18,189,20,0,227
064100108,2,364,50,1,417
064100109,3,200,57,0,260
064100110,189,131,17,0,337
064100111,49,549,195,4,797
064100112,2,248,93,0,343
064100113,0,133,50,0,183
064100201,0,219,70,0,289
064100202,4,261,31,0,296
064100203,0,186,40,0,226
064100204,0,52,9,0,61
064100205,3,233,156,0,392
064100206,1,74,10,0,85
064100207,0,188,54,0,242
064100208,1,317,115,0,433
064100209,1,309,34,0,344
064100210,2,242,42,0,286
064100301,0,326,57,0,383
064100302,0,276,65,4,345
064100303,1,229,21,0,251
064100304,1,259,77,0,337
064100305,3,255,102,1,361
064100306,0,175,111,4,290
064100307,0,207,68,0,275
064100308,0,228,52,0,280
064100309,0,330,91,0,421
064100310,0,261,39,0,300
064100311,0,188,54,2,244
064100312,1,123,30,0,154
064100401,2,288,89,1,380
064100402,1,272,60,0,333
064100403,0,340,64,0,404
064100404,1,229,23,0,253
064100405,1,194,35,0,230
064100406,1,323,37,1,362
064100407,0,224,25,1,250
064100408,2,223,65,0,290
064100409,14,352,99,0,465
064100410,2,211,31,1,245
064100411,0,200,28,1,229
064100412,2,291,72,0,365
064100413,0,224,53,4,281
064100414,23,259,77,8,367
064100415,0,50,36,0,86
064100416,3,113,65,0,181
064100501,0,178,68,0,246
064100502,0,235,58,0,293
064100503,0,308,102,1,411
064100504,1,185,62,0,248
064100505,1,220,62,0,283
064100506,33,131,51,0,215
064100507,20,124,51,0,195
064100508,2,265,87,2,356
064100509,4,280,93,2,379
064100510,0,276,87,2,365
064100511,1,180,93,0,274
064100512,4,188,117,0,309
064100513,1,279,108,0,388
064100514,1,174,93,1,269
064100515,9,195,256,3,463
064100601,0,206,138,3,347
064100602,0,194,134,0,328
064100603,2,335,41,0,378
064100604,3,294,59,0,356
064100605,3,268,49,0,320
064100606,0,270,36,0,306
064100607,0,153,174,0,327
064100608,5,333,100,0,438
064100609,3,226,57,0,286
064100610,0,235,42,0,277
064100611,2,140,78,0,220
064100612,0,353,82,0,435
064100613,1,333,103,0,437
064100614,0,345,45,0,390
064100615,1,308,13,0,322
064100701,2,208,11,0,221
064100702,4,161,30,0,195
064100703,1,283,29,0,313
064100704,0,397,39,0,436
064100705,0,333,45,0,378
064100706,0,286,8,0,294
064100707,1,365,95,2,463
064100708,2,230,69,0,301
064100709,0,269,31,0,300
064100710,0,376,39,0,415
064100711,0,265,34,0,299
064100712,0,239,43,0,282
064100713,3,340,50,1,394
064100714,3,225,73,0,301
064100715,6,166,76,0,248
064100716,3,359,91,1,454
064100801,0,205,22,0,227
064100802,1,233,15,0,249
064100803,2,334,63,1,400
064100804,1,202,54,0,257
064100805,0,194,92,0,286
064100806,4,355,61,0,420
064100807,90,217,77,0,384
064100808,152,123,40,0,315
064100809,283,128,51,0,462
064100901,294,98,6,0,398
064100902,221,35,15,0,271
064100903,337,85,18,0,440
064100904,317,50,9,0,376
064100905,222,179,16,0,417
064100906,213,94,7,0,314
064100907,91,193,20,2,306
064100908,4,257,21,0,282
064100909,5,207,72,0,284
064101001,4,386,28,0,418
064101002,1,379,48,0,428
064101003,1,332,24,0,357
064101004,2,377,31,0,410
064101005,1,278,38,0,317
064101006,3,265,42,0,310
064101007,4,405,51,0,460
064101008,0,246,60,0,306
064101009,0,316,33,0,349
064101010,2,310,43,0,355
064101101,12,305,43,0,360
064101102,258,87,7,0,352
064101103,64,207,23,0,294
064101104,102,184,5,0,291
064101105,147,49,4,0,200
064101106,151,39,19,0,209
064101107,139,150,8,0,297
064101108,134,159,6,0,299
064101109,99,278,16,0,393
064101110,0,301,47,0,348
064101111,8,299,21,0,328
064101201,258,59,14,0,331
064101202,230,116,13,0,359
064101203,2,191,19,0,212
064101204,0,189,52,0,241
064101205,0,211,34,0,245
064101206,0,243,43,0,286
064101207,0,260,11,0,271
064101208,2,160,16,0,178
064101209,0,204,20,0,224
064101210,5,167,51,0,223
064101211,0,203,56,0,259
064101212,1,245,52,0,298
064101213,2,347,120,1,470
064101301,1,370,31,0,402
064101302,0,231,25,0,256
064101303,0,213,19,0,232
064101304,0,179,44,0,223
064101305,0,214,39,0,253
064101306,2,402,48,0,452
064101307,3,408,82,0,493
064101308,0,194,79,0,273
064101309,1,223,44,0,268
064101310,0,198,51,0,249
064101311,0,241,57,1,299
064120101,3,173,34,0,210
064120102,0,144,32,1,177
064120103,2,55,6,0,63
064120104,0,82,71,1,154
064120105,4,74,21,0,99
064120106,3,217,73,0,293
064120107,1,77,23,0,101
064120108,0,76,54,0,130
064120109,0,222,106,1,329
064120110,1,276,122,1,400
064120111,0,93,105,1,199
064120112,204,46,65,0,315
064120113,19,129,138,4,290
064120114,101,86,136,3,326
064120115,0,205,92,0,297
064120116,0,276,173,1,450
064120117,0,170,243,1,414
064120118,1,250,171,2,424
064120201,1,61,73,0,135
064120202,0,207,123,0,330
064120203,1,208,134,0,343
064120204,0,242,147,0,389
064120205,1,336,79,1,417
064120206,2,199,66,0,267
064120207,3,226,100,0,329
064120208,2,289,91,0,382
064120209,3,343,64,1,411
064120210,10,292,32,0,334
064120211,0,230,68,0,298
064120301,1,227,142,2,372
064120302,21,285,129,1,436
064120303,1,355,81,0,437
064120304,5,285,109,1,400
064120305,5,344,56,0,405
064120306,13,276,41,1,331
064120307,2,337,79,1,419
064120308,3,213,95,0,311
064120309,0,239,51,0,290
064120310,235,83,16,0,334
064120311,7,251,90,0,348
064120312,1,137,21,0,159
064120313,0,198,10,0,208
064120401,10,274,120,0,404
064120402,4,278,92,0,374
064120403,6,233,163,1,403
064120404,0,368,104,0,472
064120405,2,160,108,0,270
064120406,5,174,98,0,277
064120407,8,214,126,1,349
064120408,0,166,35,0,201
064120409,3,165,58,0,226
064120410,2,291,81,2,376
064120411,0,293,64,0,357
064120412,2,369,131,1,503
064120501,0,222,12,1,235
064120502,6,283,66,0,355
064120503,9,257,84,0,350
064120504,0,191,51,0,242
064120505,1,186,26,1,214
064120506,1,171,40,0,212
064120507,0,289,47,0,336
064120508,3,268,96,0,367
064120509,1,257,129,3,390
064120510,0,260,98,2,360
064120511,3,230,78,0,311
064120512,0,248,74,0,322
064120513,1,342,52,3,398
064120514,1,254,40,0,295
064120601,0,134,36,1,171
064120602,2,229,52,0,283
064120603,1,255,36,0,292
064120604,2,245,16,1,264
064120605,0,238,44,0,282
064120606,5,343,59,2,409
064120607,0,260,132,0,392
064120608,1,333,109,2,445
064120609,2,207,58,0,267
064120610,0,218,49,0,267
064120611,1,367,99,3,470
064120612,2,321,56,0,379
064120613,1,266,75,0,342
064120701,0,210,147,0,357
064120702,1,216,147,2,366
064120703,1,229,168,1,399
064120704,5,222,60,1,288
064120705,1,172,93,0,266
064120706,0,137,99,0,236
064120707,0,113,103,0,216
064120708,0,243,49,0,292
064120709,2,179,33,0,214
064120710,1,304,108,0,413
064120711,1,288,101,0,390
064120712,0,249,105,0,354
064120713,2,275,93,0,370
064120714,2,202,99,0,303
064120715,0,193,61,0,254
064120716,0,196,76,2,274
064120717,3,200,74,0,277
064120801,0,339,119,1,459
064120802,2,299,97,0,398
064120803,1,170,49,0,220
064120804,3,172,54,0,229
064120805,2,207,57,0,266
064120806,2,225,83,0,310
064120807,1,165,100,0,266
064120808,2,119,113,0,234
064120809,2,196,140,0,338
064120810,2,164,135,0,301
064120811,1,140,124,0,265
064120812,3,148,126,0,277
064120813,21,185,151,1,358
064120814,1,145,152,0,298
064120815,2,128,154,0,284
064120901,0,81,111,3,195
064120902,0,106,147,4,257
064120903,1,142,210,5,358
064120904,1,181,163,1,346
064120905,1,195,136,5,337
064120906,1,61,23,0,85
064120907,1,72,57,2,132
064120908,0,196,164,1,361
064120909,1,169,177,1,348
064120910,3,139,227,2,371
064120911,1,143,211,6,361
064120912,0,70,145,3,218
064120913,2,116,117,0,235
064120914,0,187,230,1,418
064120915,0,145,215,0,360
064120916,0,76,122,2,200
064120917,0,87,104,10,201
064120918,0,132,262,5,399
064121001,1,163,218,0,382
064121002,7,145,211,0,363
064121003,1,193,210,3,407
064121004,1,194,228,7,430
064121005,0,151,196,2,349
064121006,6,175,154,3,338
064121007,1,151,181,0,333
064121008,2,198,165,1,366
064121009,145,39,85,0,269
064121010,2,126,172,0,300
064121011,0,140,154,2,296
064121012,0,107,111,1,219
064121013,1,72,179,1,253
064121014,0,179,195,3,377
064121015,247,20,29,1,297
064121016,305,26,3,0,334
064121017,175,134,197,3,509
064121018,369,3,0,0,372
064121019,396,13,0,0,409
064121020,386,8,1,0,395
064121021,318,10,0,0,328
064121101,151,100,95,3,349
064121102,2,116,185,6,309
064121103,0,270,209,2,481
064121104,1,115,116,1,233
064121105,0,206,186,2,394
064121106,4,195,124,2,325
064121107,1,134,120,1,256
064121108,4,143,114,0,261
064121109,3,146,93,1,243
064121110,3,117,117,0,237
064121111,1,176,91,0,268
064121112,7,131,93,1,232
064121113,2,152,83,2,239
064121114,0,137,112,0,249
064121115,6,221,127,1,355
064121116,3,100,167,2,272
064121117,2,115,87,1,205
064121118,1,165,154,0,320
064121119,0,148,245,0,393
064121120,0,279,205,8,492
064121201,4,202,94,0,300
064121202,3,164,160,0,327
064121203,3,250,130,0,383
064121204,5,284,152,1,442
064121205,2,340,88,0,430
064121206,2,173,158,1,334
064121207,0,182,250,2,434
064121208,18,189,169,1,377
064121209,0,232,163,1,396
064121301,0,242,100,0,342
064121302,1,265,107,0,373
064121303,0,139,63,1,203
064121304,0,152,113,0,265
064121305,2,173,278,1,454
064121306,1,228,220,1,450
064121307,0,158,121,3,282
064121308,3,283,126,1,413
064121309,1,204,87,0,292
064121310,0,161,64,1,226
064121311,0,174,125,1,300
064121312,6,159,235,2,402
064121401,1,214,32,0,247
064121402,0,222,98,0,320
064121403,3,307,163,4,477
064121404,0,134,137,1,272
064121405,1,243,83,0,327
064121406,255,106,45,0,406
064121407,283,74,38,0,395
064121408,270,64,70,1,405
064121409,25,220,82,1,328
064121410,1,196,129,0,326
064121411,2,230,140,1,373
064121412,0,216,146,2,364
064121413,4,194,93,0,291
064121501,2,178,68,0,248
064121502,0,421,45,0,466
064121503,2,364,134,1,501
064121504,0,265,101,2,368
064121505,0,181,70,0,251
064121506,0,213,83,0,296
064121507,0,177,111,3,291
064121508,1,203,62,0,266
064121509,0,213,77,0,290
064121510,0,213,75,2,290
064121511,0,239,127,4,370
064121512,0,212,228,2,442
064270101,218,1,1,0,220
064270102,207,0,0,0,207
064270103,558,0,0,0,558
064270104,117,0,0,0,117
064270105,138,0,0,0,138
064270106,449,2,1,0,452
064270107,439,4,2,1,446
064270108,280,0,0,0,280
064270109,262,0,0,0,262
064270110,300,0,6,1,307
064270111,328,4,2,0,334
064270112,276,4,1,0,281
064270113,300,3,3,0,306
064270201,220,1,1,0,222
064270202,194,0,0,0,194
064270203,144,0,0,0,144
064270204,349,2,2,0,353
064270205,224,0,2,0,226
064270206,176,0,0,0,176
064270207,258,1,0,0,259
064270208,245,2,4,0,251
064270209,306,1,0,0,307
064270210,266,3,10,0,279
064270211,80,2,2,2,86
064270212,195,0,0,0,195
064270213,233,2,3,0,238
064270214,177,1,1,0,179
064270215,179,2,0,0,181
064270216,167,3,5,2,177
064270217,246,0,0,0,246
064270218,309,1,0,0,310
064270301,253,0,0,0,253
064270302,389,1,0,0,390
064270303,216,1,1,0,218
064270304,232,1,0,0,233
064270305,258,4,0,0,262
064270306,340,2,1,0,343
064270307,267,1,0,0,268
064270308,253,4,0,0,257
064270309,200,2,2,0,204
064270310,373,8,1,0,382
064270311,303,7,3,0,313
064270312,400,5,1,0,406
064270401,299,2,0,0,301
064270402,386,0,2,0,388
064270403,458,10,4,0,472
064270404,306,4,2,0,312
064270405,353,2,1,0,356
064270406,303,8,10,0,321
064270407,327,9,6,0,342
064270408,331,23,0,0,354
064270409,401,24,1,0,426
064270501,495,17,4,0,516
064270502,271,3,2,0,276
064270503,266,3,0,0,269
064270504,409,3,2,0,414
064270505,455,1,2,0,458
064270506,371,14,4,0,389
064270507,434,6,3,1,444
064270508,248,9,0,0,257
064270509,209,3,0,0,212
064270510,298,7,2,0,307
064270511,297,8,6,1,312
064270601,333,11,2,0,346
064270602,493,13,4,0,510
064270603,309,2,5,0,316
064270604,554,15,3,0,572
064270605,205,4,2,0,211
064270606,243,2,3,0,248
064270607,238,1,1,0,240
064270608,202,6,0,0,208
064270609,368,12,3,0,383
064270610,230,4,2,0,236
064270611,228,0,0,0,228
064270612,259,3,1,0,263
064270613,295,5,2,0,302
064270614,267,1,5,0,273
064270701,381,18,3,0,402
064270702,388,13,11,0,412
064270703,306,3,0,0,309
064270704,356,5,1,0,362
064270705,347,7,2,0,356
064270706,257,17,3,0,277
064270707,217,5,5,0,227
064270708,282,6,1,0,289
064270709,324,1,0,0,325
064270710,504,2,3,0,509
064270711,335,1,3,0,339
064270712,401,1,6,1,409
064270713,296,0,0,0,296
064270801,386,6,1,0,393
064270802,411,0,0,0,411
064270803,363,0,1,0,364
064270804,432,6,3,0,441
064270805,341,5,2,0,348
064270806,478,5,2,0,485
064270807,366,5,0,0,371
064270808,205,3,1,0,209
064270809,215,2,0,0,217
064270810,446,7,3,0,456
064270811,399,9,0,0,408
064270812,455,1,5,0,461
064270901,339,9,80,0,428
064270902,303,3,83,0,389
064270903,404,19,124,1,548
064270904,479,13,90,1,583
064270905,356,8,71,0,435
064270906,393,9,115,0,517
064270907,326,9,19,0,354
064270908,288,10,37,0,335
064270909,17,17,141,0,175
064270910,64,5,221,1,291
064270911,77,8,238,0,323
064270912,271,6,2,0,279
064271001,425,14,24,0,463
064271002,243,0,7,0,250
064271003,230,10,8,0,248
064271004,392,6,20,0,418
064271005,383,10,5,0,398
064271006,344,0,10,0,354
064271007,395,8,10,0,413
064271008,375,4,11,0,390
064271009,455,8,10,0,473
064271010,223,0,6,0,229
064271011,193,1,4,0,198
064271012,388,15,6,0,409
064271101,421,12,5,0,438
064271102,363,4,1,0,368
064271103,450,13,6,0,469
064271104,351,5,9,0,365
064271105,334,9,3,0,346
064271106,387,8,1,0,396
064271107,350,5,3,0,358
064271108,397,8,5,0,410
064271109,375,14,3,0,392
064271110,266,4,3,0,273
064271111,262,3,2,0,267
064271201,454,4,4,0,462
064271202,418,3,7,0,428
064271203,172,1,1,0,174
064271204,213,1,2,0,216
064271205,359,3,8,0,370
064271206,386,6,2,0,394
064271207,241,3,2,0,246
064271208,213,2,2,0,217
064271209,236,1,1,0,238
064271210,230,3,2,0,235
064271301,422,5,2,0,429
064271302,420,19,10,1,450
064271303,330,0,2,0,332
064271304,467,27,16,0,510
064271305,495,20,6,0,521
064271306,225,16,5,0,246
064271307,265,8,5,4,282
064271308,273,6,3,0,282
064271309,279,5,2,0,286
064271310,375,18,4,0,397
064271311,433,3,0,1,437
064271401,317,20,14,1,352
064271402,294,9,12,0,315
064271403,265,32,17,1,315
064271404,242,27,31,2,302
064271405,297,11,62,18,388
064271406,113,15,12,0,140
064271407,346,113,63,1,523
064271408,405,136,271,6,818
064271409,284,40,51,7,382
064271410,443,71,225,48,787
064271411,789,26,27,0,842
064271412,206,6,4,0,216
064271413,743,14,2,0,759
064271414,175,3,1,0,179
064271415,290,4,6,0,300
064271416,365,24,11,0,400
064271417,235,13,8,0,256
064271418,236,8,11,0,255
064271419,304,6,13,0,323
064271420,232,2,4,0,238
064271501,272,3,0,2,277
064271502,242,7,0,0,249
064271503,265,2,2,0,269
064271504,419,0,0,0,419
064271505,249,4,1,0,254
064271506,291,4,0,0,295
064271507,253,4,0,0,257
064271508,257,4,5,0,266
064271509,254,2,2,0,258
064271510,265,0,1,0,266
064271511,239,1,2,0,242
064271512,395,12,2,0,409
064271513,228,13,1,0,242
064271514,309,7,6,0,322
064271515,317,0,0,0,317
064271601,389,13,24,0,426
064271602,475,0,0,0,475
064271603,389,7,10,0,406
064271604,309,8,10,1,328
064271605,575,8,11,3,597
064271606,310,15,30,0,355
064271607,384,1,1,0,386
064271608,250,2,2,0,254
064271609,379,2,1,0,382
064271610,233,1,2,0,236
064271611,400,9,2,0,411
064271612,374,10,4,0,388
064271613,146,0,0,0,146
064271701,363,3,15,0,381
064271702,323,1,3,0,327
064271703,353,37,33,0,423
064271704,239,2,1,0,242
064271705,228,10,15,0,253
064271706,122,22,68,1,213
064271707,878,167,282,4,1331
064271708,377,86,45,1,509
064271709,238,18,18,0,274
064271710,458,50,31,3,542
064271711,308,197,486,5,996
064271801,272,82,82,6,442
064271802,310,44,107,0,461
064271803,32,65,164,5,266
064271804,213,139,257,14,623
064271805,497,169,339,23,1028
064271806,7,15,17,2,41
064271807,45,165,323,4,537
064271808,53,227,219,18,517
064271809,79,314,259,11,663
064271810,82,97,226,14,419
064271811,40,195,189,13,437
064271812,14,18,34,1,67
064271813,586,190,358,13,1147
064271901,220,10,5,0,235
064271902,209,3,0,0,212
064271903,464,7,2,0,473
064271904,260,6,2,0,268
064271905,233,3,0,0,236
064271906,359,7,2,0,368
064271907,370,3,4,0,377
064271908,417,1,4,0,422
064271909,372,15,8,0,395
064271910,320,6,6,0,332
064272001,179,20,35,1,235
064272002,178,34,37,0,249
064272003,267,5,1,0,273
064272004,210,5,8,0,223
064272005,179,5,0,0,184
064272006,323,3,3,0,329
064272007,254,26,0,0,280
064272008,309,0,0,0,309
064272009,339,7,4,0,350
064272010,282,2,12,0,296
064272011,435,13,9,0,457
064272012,111,3,0,0,114
064272013,193,2,5,0,200
064272014,334,168,164,10,676
064272015,85,178,62,3,328
064272016,292,210,130,2,634
064272101,414,17,2,0,433
064272102,412,21,3,2,438
064272103,477,11,2,1,491
064272104,462,8,7,0,477
064272105,306,8,1,0,315
064272106,257,20,79,0,356
064272107,314,1,1,0,316
064272108,384,10,4,1,399
064272201,271,5,1,0,277
064272202,218,3,0,0,221
064272203,382,23,18,0,423
064272204,363,11,18,5,397
064272205,338,16,5,0,359
064272206,251,16,29,3,299
064272207,432,7,2,0,441
064272208,296,10,1,0,307
064272209,379,9,3,0,391
064272301,143,4,3,0,150
064272302,342,10,4,1,357
064272303,600,5,3,0,608
064272304,525,8,21,0,554
064272305,389,21,5,0,415
064272306,373,21,20,0,414
064272307,380,21,4,0,405
064272308,439,16,11,0,466
064272309,577,17,8,0,602
064272310,523,6,8,0,537
064272311,574,8,3,0,585
064272401,391,11,5,0,407
064272402,126,30,32,0,188
064272403,327,32,38,3,400
064272404,96,75,52,6,229
064272405,312,63,81,2,458
064272406,354,6,2,0,362
064272407,523,10,4,0,537
064272408,355,18,14,0,387
064272409,363,10,1,1,375
064272410,128,52,53,3,236
064272501,234,2,0,0,236
064272502,281,3,0,0,284
064272503,385,5,1,0,391
064272504,312,2,2,0,316
064272505,392,61,40,3,496
064272506,301,1,1,0,303
064272507,210,4,0,0,214
064272508,153,0,0,0,153
064272509,376,1,9,0,386
064272510,589,278,83,1,951
064272511,356,276,118,3,753
064272512,346,301,163,1,811
064272513,183,0,0,0,183
064272514,170,5,4,1,180
064272515,211,23,66,0,300
064272601,229,7,6,0,242
064272602,298,7,3,0,308
064272603,436,0,0,0,436
064272604,412,7,0,0,419
064272605,327,4,0,0,331
064272606,235,4,0,0,239
064272607,374,88,45,0,507
064272608,398,3,5,0,406
064272609,375,5,1,0,381
064272610,359,0,2,0,361
064272611,378,31,15,0,424
064272701,549,24,9,0,582
064272702,195,0,0,0,195
064272703,262,1,1,0,264
064272704,258,6,3,0,267
064272705,260,6,8,0,274
064272706,366,4,3,0,373
064272707,401,10,1,0,412
064272708,352,7,3,0,362
064272709,407,21,28,2,458
064272801,380,4,0,0,384
064272802,259,0,0,0,259
064272803,246,18,1,2,267
064272804,263,5,11,0,279
064272805,242,6,14,0,262
064272806,375,0,8,0,383
064272807,370,15,7,0,392
064272808,283,18,4,0,305
064272809,236,7,3,0,246
064272810,429,0,2,0,431
064272811,337,9,0,0,346
064272812,393,3,0,0,396
064272901,375,14,7,0,396
064272902,356,5,5,0,366
064272903,212,16,4,0,232
064272904,235,2,6,0,243
064272905,361,6,1,0,368
064272906,325,1,0,0,326
064272907,410,19,5,0,434
064272908,388,18,14,0,420
064272909,192,2,1,0,195
064272910,202,3,9,0,214
064272911,364,27,20,1,412
064272912,410,14,7,0,431
064272913,264,18,7,0,289
064272914,349,15,17,1,382
064273001,313,5,3,0,321
064273002,385,18,13,0,416
064273003,210,31,22,1,264
064273004,326,9,5,0,340
064273005,161,8,8,0,177
064273006,274,31,31,0,336
064273007,295,26,28,0,349
064273008,179,7,3,0,189
064273009,173,17,11,0,201
064273010,248,13,2,1,264
064273011,168,0,0,0,168
064273012,220,15,5,0,240
064273013,268,37,13,0,318
064273101,293,2,0,0,295
064273102,308,1,0,0,309
064273103,330,2,0,0,332
064273104,313,3,0,0,316
064273105,421,8,0,0,429
064273106,385,5,3,0,393
064273107,251,22,10,0,283
064273108,170,1,1,0,172
064273109,251,12,3,0,266
064273110,275,9,3,0,287
064273201,251,1,0,0,252
064273202,265,6,0,0,271
064273203,259,3,0,0,262
064273204,229,8,11,0,248
064273205,366,14,7,0,387
064273206,282,3,2,0,287
064273207,361,3,2,0,366
064273208,371,19,39,0,429
064273209,212,4,0,0,216
064273210,222,0,0,0,222
064273211,262,0,3,0,265
064273212,213,1,0,0,214
064273301,124,1,7,0,132
064273302,374,1,14,0,389
064273303,201,6,8,0,215
064273304,146,2,2,0,150
064273305,198,5,8,0,211
064273306,176,3,3,0,182
064273307,202,5,5,0,212
064273308,283,3,2,0,288
064273309,257,4,1,0,262
064273310,309,7,0,0,316
064273311,324,3,0,0,327
064273312,504,2,2,0,508
064273313,298,1,1,0,300
064273314,385,5,1,0,391
064273315,290,5,1,0,296
064273401,348,1,1,0,350
064273402,267,1,0,0,268
064273403,505,0,0,0,505
064273404,329,1,1,0,331
064273405,339,4,0,0,343
064273406,563,5,1,0,569
064273407,353,3,1,0,357
064273408,330,3,3,0,336
064273409,419,1,0,0,420
064273410,237,0,0,0,237
064273411,253,1,0,0,254
064273412,468,10,3,0,481
064273413,306,3,1,0,310
064273414,305,2,1,0,308
064273415,428,3,1,0,432
064273501,366,13,21,0,400
064273502,235,1,2,0,238
064273503,211,1,0,0,212
064273504,243,2,0,0,245
064273505,313,6,6,1,326
064273506,400,4,4,0,408
064273507,260,12,2,0,274
064273508,315,11,16,0,342
064273509,469,5,2,0,476
064273510,245,2,2,0,249
064273511,403,9,4,0,416
064273512,396,3,0,0,399
064273513,277,0,2,0,279
064273601,232,3,1,1,237
064273602,311,19,1,0,331
064273603,279,2,2,0,283
064273604,188,18,4,0,210
064273605,174,32,40,0,246
064273606,82,74,40,1,197
064273607,164,0,1,0,165
064273608,44,21,19,3,87
064273609,378,1,0,0,379
064273610,309,0,0,0,309
064273611,354,1,0,0,355
064273612,178,1,0,0,179
064273701,171,8,8,0,187
064273702,173,18,17,0,208
064273703,189,13,9,0,211
064273704,412,22,23,2,459
064273705,213,34,29,0,276
064273706,556,17,20,0,593
064273707,363,15,33,0,411
064273708,335,13,20,0,368
064273709,377,37,37,0,451
064273710,527,21,29,1,578
064273801,351,9,1,0,361
064273802,367,10,1,0,378
064273803,520,15,37,0,572
064273804,121,20,73,1,215
064273805,299,3,1,0,303
064273806,288,9,3,1,301
064273807,406,6,8,0,420
064273808,418,2,5,0,425
064273809,187,0,0,0,187
064273810,387,15,4,0,406
064273901,458,15,6,1,480
064273902,268,24,27,1,320
064273903,219,21,9,0,249
064273904,375,15,9,0,399
064273905,374,12,7,0,393
064273906,238,14,35,0,287
064273907,275,9,14,0,298
064273908,3,3,16,0,22
064273909,411,3,4,0,418
064273910,199,22,95,1,317
064273911,326,15,2,0,343
064274001,280,31,21,1,333
064274002,411,15,29,0,455
064274003,230,14,18,0,262
064274004,336,54,48,1,439
064274005,364,7,1,0,372
064274006,322,28,24,0,374
064274007,735,5,1,0,741
064274008,592,1,2,0,595
064274009,213,0,1,0,214
064274010,388,89,66,2,545
064274011,320,53,68,1,442
064274012,225,7,3,0,235
064274101,476,63,51,0,590
064274102,474,81,79,0,634
064274103,519,35,45,0,599
064274104,395,21,8,0,424
064274105,355,7,15,0,377
064274106,347,13,12,0,372
064274107,275,297,292,6,870
064274108,107,187,353,0,647
064274109,163,144,272,7,586
064274110,38,49,226,0,313
064274201,397,2,1,0,400
064274202,466,3,4,0,473
064274203,595,2,2,1,600
064274204,566,9,4,0,579
064274205,371,17,3,1,392
064274206,298,12,9,0,319
064274207,272,16,8,0,296
064274208,235,16,7,0,258
064274209,459,10,1,0,470
064274210,241,8,4,0,253
064274211,282,6,6,0,294
064274301,426,4,0,0,430
064274302,429,9,1,0,439
064274303,430,6,5,0,441
064274304,377,1,0,0,378
064274305,448,6,4,0,458
064274306,490,6,2,0,498
064274307,374,5,0,0,379
064274308,364,0,0,0,364
064274309,358,3,3,0,364
064274310,309,2,2,0,313
064274311,292,3,0,0,295
064274401,420,49,57,0,526
064274402,256,13,24,0,293
064274403,403,25,31,0,459
064274404,388,14,28,0,430
064274405,195,8,11,0,214
064274406,240,19,6,0,265
064274407,175,2,10,0,187
064274408,226,11,11,0,248
064274409,224,1,11,0,236
064274410,294,10,5,0,309
064274411,199,5,7,0,211
064274412,398,9,26,1,434
064274501,526,19,5,0,550
064274502,361,8,3,1,373
064274503,290,11,7,0,308
064274504,468,5,1,0,474
064274505,316,2,2,0,320
064274506,260,4,2,0,266
064274507,509,4,4,0,517
064274508,471,24,9,0,504
064274509,289,15,6,0,310
064274510,234,47,43,3,327
064274511,332,23,9,0,364
064274601,190,167,26,0,383
064274602,0,85,128,0,213
064274603,422,95,61,0,578
064274604,257,255,56,0,568
064274605,202,191,154,0,547
064274606,242,241,115,2,600
064274607,6,170,191,0,367
064274608,4,92,126,0,222
064274609,503,377,315,4,1199
064274610,7,193,89,0,289
064274611,5,178,172,2,357
064274612,21,255,128,0,404
064274613,167,184,96,0,447
064274701,186,75,39,0,300
064274702,110,61,63,1,235
064274703,86,36,17,1,140
064274704,217,3,4,0,224
064274705,245,5,1,1,252
064274706,87,53,20,0,160
064274707,37,95,80,1,213
064274708,21,76,55,0,152
064274709,237,6,2,0,245
064274710,303,3,2,0,308
064274711,274,8,10,0,292
064274712,307,104,87,2,500
064274801,68,22,69,0,159
064274802,364,69,136,0,569
064274803,307,89,66,1,463
064274804,286,32,58,0,376
064274805,279,6,19,0,304
064274806,324,136,135,0,595
064274807,410,2,4,0,416
064274808,487,12,9,0,508
064274809,437,7,18,0,462
064274810,216,152,88,2,458
064274811,275,122,96,2,495
064274812,470,47,15,0,532
064274813,336,53,10,0,399
064274814,459,9,2,0,470
064274901,507,6,31,0,544
064274902,280,7,23,0,310
064274903,329,6,10,0,345
064274904,362,13,13,0,388
064274905,349,5,13,1,368
064274906,333,108,103,1,545
064274907,48,87,308,10,453
064274908,34,62,253,1,350
064274909,62,183,269,3,517
064274910,230,61,74,0,365
064274911,205,2,1,0,208
064274912,141,26,73,5,245
064275001,398,10,11,0,419
064275002,314,7,8,0,329
064275003,372,10,3,0,385
064275004,400,6,2,0,408
064275005,353,7,7,0,367
064275006,456,9,7,0,472
064275007,370,20,15,0,405
064275008,262,20,12,0,294
064275009,278,7,4,0,289
064275010,303,31,10,1,345
064275011,375,13,9,1,398
064275012,475,5,6,0,486
064275013,243,4,4,0,251
064275101,285,19,9,0,313
064275102,281,29,15,0,325
064275103,290,5,1,0,296
064275104,274,19,21,0,314
064275105,299,9,7,1,316
064275106,123,57,72,1,253
064275107,121,118,79,0,318
064275108,397,46,86,0,529
064275109,312,28,53,1,394
064275110,356,9,4,0,369
064275111,356,14,13,0,383
064275112,344,17,20,0,381
064275113,352,19,14,0,385
064275114,478,11,4,3,496
064275115,5,36,40,0,81
064275201,329,28,86,0,443
064275202,430,46,15,0,491
064275203,247,41,43,0,331
064275204,269,78,68,0,415
064275205,66,136,202,5,409
064275206,24,46,306,4,380
064275207,15,97,254,3,369
064275208,12,93,247,3,355
064275209,9,123,290,9,431
064275210,16,122,138,2,278
064275211,22,98,161,4,285
064275212,7,79,260,0,346
064275213,22,140,296,1,459
064275301,447,11,56,0,514
064275302,36,30,181,1,248
064275303,196,3,20,6,225
064275304,37,98,301,1,437
064275305,16,139,427,12,594
064275306,487,2,24,0,513
064275307,380,27,24,1,432
064275308,394,22,22,5,443
064275309,208,2,1,0,211
064275310,450,6,8,0,464
064275401,403,14,12,0,429
064275402,506,16,33,0,555
064275403,299,10,14,4,327
064275404,287,10,5,0,302
064275405,290,5,2,0,297
064275406,258,4,4,0,266
064275407,383,16,6,0,405
064275408,378,8,7,0,393
064275409,427,11,13,0,451
064275410,411,290,205,5,911
064275411,303,17,8,0,328
064275412,437,17,19,0,473
064275501,242,13,14,0,269
064275502,241,20,4,0,265
064275503,249,6,0,0,255
064275504,252,10,8,0,270
064275505,382,24,25,1,432
064275506,427,20,7,0,454
064275507,252,8,7,0,267
064275508,252,61,31,0,344
064275509,290,8,7,0,305
064275510,388,18,12,0,418
064275511,457,24,7,0,488
064275512,445,33,16,0,494
064275513,408,30,14,0,452
064275601,14,184,94,0,292
064275602,86,305,114,1,506
064275603,911,202,37,0,1150
064275604,236,9,7,0,252
064275605,256,5,4,0,265
064275606,414,41,26,1,482
064275607,211,6,2,0,219
064275608,361,11,8,0,380
064275609,271,19,49,0,339
064275610,409,11,4,0,424
064275611,364,4,4,0,372
064275612,325,81,25,0,431
064275613,10,190,91,0,291
064275701,17,235,117,0,369
064275702,14,182,126,0,322
064275703,19,209,40,0,268
064275704,18,176,116,0,310
064275705,33,248,43,0,324
064275706,26,257,144,0,427
064275707,9,313,121,0,443
064275708,24,154,84,0,262
064275709,9,156,43,0,208
064275710,19,172,111,1,303
064275711,9,129,129,0,267
064275712,13,287,113,0,413
064275713,8,313,117,0,438
064275714,3,142,73,3,221
064275715,3,134,61,0,198
064275801,9,310,181,0,500
064275802,19,239,170,0,428
064275803,11,221,129,0,361
064275804,16,169,189,1,375
064275805,3,157,83,0,243
064275806,8,143,92,0,243
064275807,5,184,149,0,338
064275808,11,331,120,0,462
064275809,0,126,0,0,126
064275810,9,225,70,0,304
064275811,1,162,64,0,227
064275812,2,162,109,0,273
064275813,13,140,125,0,278
064275814,4,179,74,0,257
064275815,47,240,200,9,496
064275901,10,350,171,3,534
064275902,4,125,51,0,180
064275903,17,317,219,0,553
064275904,3,165,77,1,246
064275905,13,311,165,0,489
064275906,3,177,50,0,230
064275907,15,143,84,0,242
064275908,8,195,127,0,330
064275909,0,203,65,0,268
064275910,10,218,125,0,353
064275911,18,204,122,0,344
064275912,11,188,94,0,293
064275913,5,196,94,0,295
064276001,16,356,104,0,476
064276002,26,278,74,0,378
064276003,11,195,103,0,309
064276004,15,207,97,0,319
064276005,13,354,153,2,522
064276006,7,332,204,0,543
064276007,26,339,139,0,504
064276008,21,338,208,0,567
064276009,21,277,162,3,463
064276010,38,208,127,0,373
064276011,30,292,110,0,432
064276012,6,211,87,1,305
064276013,4,162,97,0,263
064276014,5,191,61,0,257
064276015,1,144,120,0,265
064276016,12,287,152,2,453
064276017,12,177,118,2,309
064276018,9,201,80,1,291
064276101,448,40,29,0,517
064276102,395,102,36,0,533
064276103,346,73,20,0,439
064276104,464,57,18,0,539
064276105,399,90,73,5,567
064276106,108,96,157,3,364
064276107,47,220,110,2,379
064276108,135,171,140,3,449
064276109,172,174,150,1,497
064276110,216,202,121,1,540
064276111,0,212,71,0,283
064276112,7,171,124,0,302
064276113,3,196,132,0,331
064276114,3,247,133,0,383
064276201,201,78,29,0,308
064276202,300,76,39,1,416
064276203,161,100,60,0,321
064276204,248,54,25,0,327
064276205,439,143,43,0,625
064276206,117,157,61,0,335
064276207,42,223,63,1,329
064276208,139,98,18,0,255
064276209,36,181,110,0,327
064276210,16,424,103,0,543
064276211,111,130,59,4,304
064276212,21,227,86,1,335
064276213,12,229,124,0,365
064276214,10,126,101,0,237
064276215,8,235,70,0,313
064276216,12,285,115,0,412
064276301,31,288,145,1,465
064276302,22,28,46,2,98
064276303,13,201,104,0,318
064276304,28,127,130,2,287
064276305,11,192,67,1,271
064276306,17,268,114,4,403
064276307,36,192,130,0,358
064276308,15,343,103,1,462
064276309,20,413,107,1,541
064276310,54,382,193,1,630
064276311,60,215,206,9,490
064276312,38,191,136,1,366
064276401,12,188,48,0,248
064276402,13,111,120,2,246
064276403,16,201,206,1,424
064276404,6,136,131,1,274
064276405,26,155,140,0,321
064276406,10,211,83,1,305
064276407,9,182,227,1,419
064276408,12,165,115,0,292
064276409,25,304,153,3,485
064276410,25,286,158,0,469
064276411,5,194,61,0,260
064276412,19,240,99,2,360
064276413,4,140,44,2,190
064276414,15,170,110,0,295
064276415,42,149,174,0,365
064276416,55,229,123,1,408
064276417,134,136,2,0,272
064276501,32,195,236,7,470
064276502,35,217,223,0,475
064276503,20,235,140,0,395
064276504,21,248,181,2,452
064276505,15,91,122,1,229
064276506,22,143,164,0,329
064276507,25,229,206,0,460
064276508,29,149,88,0,266
064276509,6,147,78,0,231
064276510,25,64,177,2,268
064276511,13,307,213,1,534
064276512,9,173,105,0,287
064276513,3,172,82,0,257
064276514,5,182,113,5,305
064276515,13,198,154,1,366
064276516,13,295,137,3,448
064276517,13,282,226,1,522
064276601,2,267,60,1,330
064276602,4,214,96,0,314
064276603,6,399,134,0,539
064276604,5,320,84,0,409
064276605,4,378,92,0,474
064276606,4,196,102,0,302
064276607,19,217,59,1,296
064276608,10,256,66,1,333
064276609,9,222,65,0,296
064276610,9,237,88,0,334
064276611,11,232,75,0,318
064276701,5,158,174,6,343
064276702,14,175,247,11,447
064276703,1,103,124,14,242
064276704,23,390,352,17,782
064276705,5,109,175,8,297
064276706,19,199,184,1,403
064276707,14,209,119,2,344
064276708,17,193,120,1,331
064276709,4,171,92,1,268
064276710,0,164,72,9,245
064276711,4,209,98,0,311
064276712,8,301,110,1,420
064276713,8,158,131,1,298
064276714,11,83,157,5,256
064276715,10,116,150,3,279
064276716,14,152,115,1,282
064276717,8,146,162,9,325
064276718,11,269,131,1,412
064276801,13,196,73,0,282
064276802,7,223,128,0,358
064276803,3,153,49,0,205
064276804,4,203,50,0,257
064276805,5,248,13,0,266
064276806,12,293,72,0,377
064276807,3,179,110,0,292
064276808,0,269,52,1,322
064276809,10,239,67,0,316
064276810,0,204,52,0,256
064276901,9,227,44,0,280
064276902,10,295,62,0,367
064276903,3,286,64,0,353
064276904,3,301,68,2,374
064276905,9,492,145,4,650
064276906,6,206,94,1,307
064276907,6,276,100,1,383
064276908,4,232,82,0,318
064276909,5,428,85,1,519
064276910,8,157,55,0,220
064276911,4,227,30,0,261
064276912,5,204,58,0,267
064276913,7,337,108,0,452
064276914,5,213,148,0,366
064276915,7,253,126,5,391
064276916,2,212,85,0,299
064276917,2,299,67,1,369
064277001,36,225,83,0,344
064277002,16,275,43,0,334
064277003,41,192,86,0,319
064277004,21,278,177,0,476
064277005,11,239,130,0,380
064277006,16,217,75,0,308
064277007,12,158,88,0,258
064277008,9,248,128,1,386
064277009,4,154,120,2,280
064277010,5,218,57,1,281
064277011,19,195,61,0,275
064277012,1,254,123,2,380
064277013,2,194,53,0,249
064277014,14,265,39,0,318
064277015,10,184,32,0,226
064277016,8,194,63,0,265
064277017,5,163,90,0,258
064277018,2,148,96,0,246
064277101,4,269,107,0,380
064277102,5,286,128,0,419
064277103,15,160,101,0,276
064277104,9,152,75,0,236
064277105,5,160,67,0,232
064277106,9,165,94,0,268
064277107,17,319,121,0,457
064277108,3,106,125,0,234
064277109,12,169,75,0,256
064277110,9,134,74,0,217
064277111,10,201,66,0,277
064277112,5,298,182,0,485
064277113,0,228,107,0,335
064277114,3,330,58,0,391
064277115,23,276,56,0,355
064277116,10,240,161,1,412
064277201,119,261,187,1,568
064277202,1,190,84,1,276
064277203,15,170,58,1,244
064277204,30,231,82,0,343
064277205,6,224,166,4,400
064277206,10,171,85,0,266
064277207,5,208,77,0,290
064277208,7,156,85,0,248
064277209,9,167,137,4,317
064277210,20,125,156,0,301
064277211,5,335,121,0,461
064277212,3,218,147,0,368
064277301,42,220,152,0,414
064277302,9,312,165,2,488
064277303,9,211,120,0,340
064277304,10,165,111,1,287
064277305,5,190,185,0,380
064277306,26,260,143,0,429
064277307,72,286,193,6,557
064277308,28,249,218,1,496
064277309,17,272,201,2,492
064277310,24,207,235,0,466
064277311,9,138,128,0,275
064277312,11,128,166,0,305
064277313,14,176,196,2,388
064277314,1,165,100,3,269
064277315,0,184,106,2,292
064277316,12,73,217,10,312
064277401,13,262,131,2,408
064277402,9,330,182,1,522
064277403,21,186,203,1,411
064277404,19,135,148,1,303
064277405,6,317,89,2,414
064277406,13,273,201,2,489
064277407,3,297,120,0,420
064277408,10,247,122,0,379
064277409,8,159,98,1,266
064277410,32,130,203,4,369
064277411,53,300,243,2,598
064277412,4,205,218,2,429
064277413,3,198,89,2,292
064277414,6,233,152,0,391
064277415,20,167,138,1,326
064277416,3,131,129,0,263
064277417,8,156,151,2,317
064277418,42,473,475,12,1002
064277501,26,198,267,2,493
064277502,37,309,214,8,568
064277503,30,110,260,4,404
064277504,8,198,286,2,494
064277505,1,198,265,1,465
064277506,0,124,275,1,400
064277507,5,120,288,7,420
064277508,12,150,217,2,381
064277509,4,83,222,1,310
064277510,10,118,317,1,446
064277511,8,134,274,6,422
064277512,26,140,183,2,351
064277513,17,136,178,4,335
064277514,5,160,150,0,315
064277515,7,182,160,0,349
064277516,7,192,172,1,372
064277601,5,160,265,8,438
064277602,32,274,198,5,509
064277603,59,213,312,3,587
064277604,5,192,279,1,477
064277605,7,297,191,0,495
064277606,22,303,137,0,462
064277607,29,343,191,2,565
064277608,131,277,91,0,499
064277609,11,304,118,1,434
064277610,8,297,193,0,498
064277611,31,304,222,1,558
064277612,22,315,212,2,551
064277613,56,134,46,0,236
064277614,11,145,123,4,283
064277615,34,237,203,2,476
064277616,45,270,172,1,488
064277617,1,154,114,0,269
064277618,10,176,107,0,293
064277701,0,288,85,0,373
064277702,36,325,74,0,435
064277703,1,377,122,0,500
064277704,4,382,153,0,539
064277705,1,115,171,2,289
064277706,9,266,186,0,461
064277707,6,207,126,0,339
064277708,7,118,173,0,298
064277709,8,170,83,0,261
064277710,3,293,144,2,442
064277711,1,228,112,1,342
064277712,5,355,128,1,489
064277713,3,241,83,0,327
064277714,4,153,127,0,284
064277715,0,163,98,0,261
064277716,0,221,69,0,290
064277801,103,309,211,2,625
064277802,27,432,140,2,601
064277803,12,265,124,1,402
064277804,7,214,95,1,317
064277805,14,218,193,2,427
064277806,8,159,141,0,308
064277807,12,229,169,1,411
064277808,0,134,125,1,260
064277809,20,156,132,1,309
064277810,0,145,188,1,334
064277811,8,187,88,1,284
064277812,4,266,121,4,395
064277813,18,282,118,1,419
064277901,33,385,135,1,554
064277902,0,195,83,1,279
064277903,21,182,129,0,332
064277904,1,219,116,0,336
064277905,3,312,156,4,475
064277906,2,255,63,0,320
064277907,1,165,57,1,224
064277908,7,179,75,0,261
064277909,3,194,57,0,254
064277910,4,343,107,1,455
064277911,1,309,159,3,472
064278001,100,289,401,12,802
064278002,10,193,244,3,450
064278003,4,117,306,13,440
064278004,6,194,81,2,283
064278005,10,220,170,0,400
064278006,2,164,270,3,439
064278007,11,203,119,0,333
064278008,1,264,168,5,438
064278009,1,125,172,2,300
064278010,4,54,127,4,189
064278011,39,64,134,3,240
064278012,18,27,193,6,244
064278013,13,69,112,1,195
064278014,0,91,159,3,253
064278015,0,99,120,1,220
064278016,4,60,213,8,285
064278101,6,271,160,2,439
064278102,2,252,79,5,338
064278103,1,246,105,5,357
064278104,2,167,127,0,296
064278105,11,42,165,1,219
064278106,2,87,89,7,185
064278107,0,60,115,9,184
064278108,1,12,18,3,34
064278109,0,54,42,5,101
064278110,1,28,69,10,108
064278111,1,111,144,6,262
064278112,2,30,33,0,65
064278201,5,269,178,0,452
064278202,4,172,123,2,301
064278203,6,229,130,2,367
064278204,4,212,89,0,305
064278205,17,212,171,3,403
064278206,18,195,204,3,420
064278207,6,266,190,4,466
064278208,3,210,166,0,379
064278209,88,220,374,8,690
064278210,13,229,101,3,346
064278211,20,203,85,0,308
064278212,10,207,73,3,293
064278213,10,223,102,2,337
064278301,1,235,132,1,369
064278302,5,226,133,1,365
064278303,6,210,172,4,392
064278304,11,283,162,5,461
064278305,21,265,189,7,482
064278306,2,145,234,3,384
064278307,2,87,196,8,293
064278308,2,130,168,1,301
064278309,8,138,170,1,317
064278310,21,144,180,3,348
064278311,14,261,72,0,347
064278312,6,203,134,2,345
064278313,2,313,126,1,442
064278314,7,232,124,2,365
064278401,188,29,21,0,238
064278402,130,21,84,5,240
064278403,6,174,150,2,332
064278404,5,201,179,1,386
064278405,6,222,248,3,479
064278406,10,195,110,0,315
064278407,5,148,212,2,367
064278408,1,211,182,0,394
064278409,25,215,288,1,529
064278410,7,115,183,6,311
064278411,19,169,255,0,443
064278412,2,91,278,2,373
064278413,3,126,335,12,476
064278414,1,29,189,14,233
064278415,3,148,374,3,528
064278416,2,174,217,1,394
064278417,1,277,149,3,430
064278501,10,278,248,2,538
064278502,9,245,237,1,492
064278503,10,214,167,2,393
064278504,6,211,61,0,278
064278505,2,247,61,1,311
064278506,1,314,87,3,405
064278507,4,280,130,1,415
064278508,1,213,32,0,246
064278509,3,398,92,3,496
064278510,1,197,81,0,279
064278511,4,341,83,0,428
064278512,7,227,155,1,390
064278513,3,275,170,9,457
064278601,6,351,48,0,405
064278602,1,264,36,3,304
064278603,1,287,70,0,358
064278604,3,282,77,2,364
064278605,3,226,72,0,301
064278606,7,233,62,1,303
064278607,17,309,99,1,426
064278608,2,224,43,0,269
064278609,4,212,93,0,309
064278610,1,211,88,1,301
064278611,1,231,93,0,325
064278612,0,202,98,1,301
064278613,13,246,120,0,379
064278614,3,283,77,0,363
064278701,3,213,115,0,331
064278702,18,252,43,0,313
064278703,4,209,50,1,264
064278704,2,273,98,2,375
064278705,2,350,141,0,493
064278706,2,231,57,0,290
064278707,4,203,130,0,337
064278708,8,261,190,3,462
064278709,25,149,112,0,286
064278710,0,273,75,0,348
064278711,0,31,13,0,44
064278712,0,218,69,1,288
064278713,1,267,59,0,327
064278714,0,235,76,1,312
064278715,3,135,88,0,226
064278801,5,279,84,1,369
064278802,10,373,139,0,522
064278803,8,359,153,1,521
064278804,36,312,178,2,528
064278805,27,341,239,4,611
064278806,1,221,57,1,280
064278807,3,249,62,1,315
064278808,16,263,149,1,429
064278809,7,266,145,0,418
064278810,1,314,71,0,386
064278811,1,165,34,0,200
064278812,3,299,34,0,336
064278813,5,322,68,0,395
064278901,13,320,448,10,791
064278902,8,217,314,8,547
064278903,5,289,237,0,531
064278904,2,353,210,0,565
064278905,5,316,191,0,512
064278906,2,236,220,2,460
064278907,6,183,313,14,516
064278908,14,255,245,6,520
064278909,1,127,124,2,254
064278910,6,226,103,0,335
064278911,4,356,176,0,536
064278912,4,246,262,10,522
064278913,3,213,298,3,517
064278914,6,152,363,5,526
064279001,11,344,125,1,481
064279002,6,304,188,4,502
064279003,9,138,84,1,232
064279004,17,164,122,3,306
064279005,10,115,145,2,272
064279006,3,237,99,0,339
064279007,10,221,66,2,299
064279008,12,213,130,2,357
064279009,5,336,245,3,589
064279010,16,340,233,1,590
064279011,16,200,70,4,290
064279012,21,181,56,1,259
064279013,4,123,102,2,231
064279014,8,143,156,3,310
064279101,18,253,222,10,503
064279102,11,145,120,14,290
064279103,10,114,291,5,420
064279104,12,205,146,0,363
064279105,3,194,62,17,276
064279106,8,214,73,3,298
064279107,2,255,73,0,330
064279108,2,173,181,7,363
064279109,3,113,140,4,260
064279110,6,107,73,0,186
064279111,9,136,114,0,259
064279112,36,160,230,19,445
064279113,6,83,59,0,148
064279114,1,53,62,0,116
064279115,2,72,35,0,109
064279116,1,63,23,0,87
064279201,0,192,136,8,336
064279202,1,206,190,6,403
064279203,0,145,66,6,217
064279204,4,207,219,3,433
064279205,8,235,179,1,423
064279206,6,298,164,8,476
064279207,6,290,203,7,506
064279208,9,219,222,10,460
064279209,101,107,198,4,410
064279210,126,116,154,4,400
064279211,271,98,27,1,397
064279212,3,215,141,0,359
064279213,3,244,92,1,340
064279214,2,254,147,0,403
064279215,7,147,83,2,239
064279216,4,209,138,1,352
064279217,4,127,92,3,226
064279218,0,180,42,0,222
064279219,0,194,190,2,386
064279301,6,145,191,5,347
064279302,4,168,197,5,374
064279303,1,126,176,11,314
064279304,1,146,230,5,382
064279305,1,119,227,18,365
064279306,42,303,165,1,511
064279307,1,197,229,2,429
064279308,2,221,207,1,431
064279309,0,278,159,1,438
064279310,3,313,124,1,441
064279311,1,228,226,3,458
064279312,4,280,119,2,405
064279313,1,273,157,1,432
064279314,126,170,149,1,446
064279315,11,156,250,20,437
064279401,12,264,178,3,457
064279402,5,295,130,2,432
064279403,6,352,115,0,473
064279404,3,327,129,1,460
064279405,4,294,197,3,498
064279406,1,284,266,1,552
064279407,0,141,155,5,301
064279408,11,101,177,5,294
064279409,1,290,124,2,417
064279410,5,240,125,1,371
064279411,3,306,131,1,441
064279412,4,236,192,0,432
064279413,1,191,198,2,392
064279501,9,167,133,3,312
064279502,2,248,159,2,411
064279503,11,202,244,1,458
064279504,25,230,291,3,549
064279505,7,131,307,3,448
064279506,24,134,238,12,408
064279507,20,469,371,5,865
064279508,8,243,177,1,429
064279509,3,196,166,0,365
064279510,5,312,118,0,435
064279511,4,236,158,1,399
064279512,16,305,218,0,539
064279513,5,240,125,0,370
064279514,13,207,148,0,368
064279601,5,200,222,0,427
064279602,3,116,248,4,371
064279603,3,160,230,3,396
064279604,3,258,296,5,562
064279605,3,264,174,1,442
064279606,1,352,139,0,492
064279607,3,160,135,4,302
064279608,3,338,115,3,459
064279609,5,351,141,1,498
064279610,3,268,187,3,461
064279611,2,141,145,1,289
064279612,4,109,228,6,347
064279613,2,13,18,0,33
064279614,13,161,223,10,407
064279615,1,151,79,4,235
064279616,2,101,38,0,141
064279701,5,154,150,1,310
064279702,162,465,256,4,887
064279703,34,229,183,2,448
064279704,37,239,154,1,431
064279705,0,117,87,0,204
064279706,124,236,120,2,482
064279707,19,240,134,0,393
064279708,24,203,137,5,369
064279709,73,85,108,7,273
064279710,0,130,81,4,215
064279711,33,41,32,1,107
064279712,10,61,63,2,136
064279713,1,190,78,2,271
064279714,178,70,117,3,368
064279715,3,148,58,1,210
064279716,6,63,58,1,128
064279717,2,132,131,2,267
064279718,0,61,125,0,186
064279719,9,108,97,0,214
064279720,2,160,179,1,342
064279721,0,64,225,5,294
064279722,1,65,112,7,185
064279723,2,159,118,4,283
064279724,4,126,118,0,248
064340101,335,102,62,21,520
064340102,234,26,24,0,284
064340103,217,17,33,0,267
064340104,310,15,12,0,337
064340105,310,22,28,0,360
064340106,326,20,27,1,374
064340107,246,9,4,1,260
064340108,247,20,8,0,275
064340109,244,6,4,0,254
064340110,303,8,2,0,313
064340111,294,11,4,0,309
064340201,191,30,39,0,260
064340202,38,7,10,0,55
064340203,258,9,24,0,291
064340204,175,14,28,0,217
064340205,274,11,8,0,293
064340206,278,9,7,0,294
064340207,59,1,0,0,60
064340208,188,6,1,0,195
064340209,52,1,0,0,53
064340210,190,10,11,0,211
064340211,329,20,10,0,359
064340212,273,14,11,0,298
064340301,267,50,22,0,339
064340302,231,28,35,0,294
064340303,450,35,37,0,522
064340304,212,38,57,0,307
064340305,259,28,37,0,324
064340306,192,43,23,0,258
064340307,237,57,45,0,339
064340308,355,59,38,1,453
064340309,421,47,34,0,502
064340310,230,60,34,0,324
064340401,286,56,20,0,362
064340402,223,41,20,0,284
064340403,275,12,6,0,293
064340404,181,22,14,0,217
064340405,199,32,10,0,241
064340406,298,20,38,0,356
064340407,183,22,13,0,218
064340408,131,9,4,0,144
064340409,178,10,11,0,199
064340410,324,32,11,0,367
064340501,314,75,38,0,427
064340502,304,45,33,0,382
064340503,238,29,15,0,282
064340504,249,45,20,1,315
064340505,242,57,34,0,333
064340506,208,35,14,0,257
064340507,300,24,31,0,355
064340508,244,21,20,0,285
064340601,251,44,37,0,332
064340602,225,53,26,1,305
064340603,249,26,59,0,334
064340604,264,44,33,0,341
064340605,232,31,23,0,286
064340606,315,28,24,0,367
064340607,275,31,22,0,328
064340608,258,35,58,0,351
064340609,220,48,47,0,315
064340701,193,8,17,3,221
064340702,164,81,18,0,263
064340703,211,29,64,0,304
064340704,205,14,8,3,230
064340705,223,13,40,1,277
064340706,144,6,5,0,155
064340707,1043,88,140,6,1277
064340708,132,24,22,0,178
064340709,151,18,8,0,177
064340710,166,28,21,0,215
064340711,13,40,110,0,163
064340801,54,83,71,0,208
064340802,161,108,170,1,440
064340803,14,82,118,1,215
064340804,17,135,180,1,333
064340805,10,128,148,0,286
064340806,22,81,375,3,481
064340807,22,33,160,2,217
064340808,45,17,22,1,85
064340809,13,31,204,0,248
064340810,6,30,290,6,332
064340811,19,66,212,0,297
064340812,96,77,266,4,443
064340813,12,67,233,0,312
064340814,5,104,110,1,220
064340815,34,88,288,1,411
064340816,10,180,207,0,397
064340901,22,33,181,1,237
064340902,14,59,272,1,346
064340903,28,108,204,0,340
064340904,24,60,134,0,218
064340905,47,31,140,1,219
064340906,43,64,163,0,270
064340907,13,53,194,2,262
064340908,7,72,180,0,259
064340909,23,105,186,0,314
064340910,15,109,164,0,288
064340911,15,69,139,0,223
064340912,42,92,111,0,245
064340913,14,42,202,1,259
064340914,37,82,249,0,368
064340915,26,113,205,1,345
064340916,24,142,133,1,300
064340917,9,64,136,0,209
064340918,30,72,168,0,270
064341001,9,93,187,0,289
064341002,7,72,82,1,162
064341003,14,41,140,0,195
064341004,20,76,90,1,187
064341005,14,105,118,0,237
064341006,19,150,141,0,310
064341007,18,99,214,0,331
064341008,11,148,207,0,366
064341009,9,115,225,0,349
064341010,17,151,152,0,320
064341011,89,190,97,1,377
064341012,8,189,98,1,296
064341101,74,108,149,0,331
064341102,259,55,76,0,390
064341103,202,25,20,0,247
064341104,155,48,65,0,268
064341105,137,43,65,0,245
064341106,96,34,104,2,236
064341107,21,76,95,0,192
064341108,35,87,97,0,219
064341109,18,48,201,0,267
064341110,37,64,83,0,184
064341111,69,84,133,0,286
064341112,48,137,205,1,391
064341113,17,195,156,1,369
064341114,3,83,154,0,240
064341201,17,73,253,1,344
064341202,101,130,149,0,380
064341203,117,105,120,0,342
064341204,14,126,215,0,355
064341205,17,115,180,0,312
064341206,134,93,122,0,349
064341207,113,146,150,0,409
064341208,13,178,132,0,323
064341301,289,31,22,0,342
064341302,174,28,16,0,218
064341303,110,87,87,0,284
064341304,162,18,10,0,190
064341305,259,57,49,0,365
064341306,90,51,136,0,277
064341307,104,91,103,0,298
064341308,236,58,53,0,347
064341309,96,142,122,0,360
064341310,26,123,182,0,331
064341311,7,145,274,0,426
064341312,10,119,187,0,316
064341401,11,135,140,0,286
064341402,1,107,110,0,218
064341403,22,119,96,0,237
064341404,9,109,173,2,293
064341405,15,156,80,0,251
064341406,18,115,189,0,322
064341407,13,117,206,0,336
064341408,25,141,180,0,346
064341501,175,5,0,0,180
064341502,293,2,2,0,297
064341503,167,10,0,0,177
064341504,178,24,16,0,218
064341505,222,4,9,0,235
064341506,197,3,0,0,200
064341507,241,3,2,0,246
064341508,249,0,0,0,249
064341509,185,2,2,0,189
064341510,177,1,0,0,178
064341511,173,0,0,0,173
064341512,147,2,1,0,150
064341513,269,50,19,0,338
064341514,152,64,28,0,244
064341515,188,68,41,0,297
064341601,270,21,26,0,317
064341602,252,20,12,0,284
064341603,283,12,5,0,300
064341604,220,3,1,0,224
064341605,195,1,0,0,196
064341606,176,1,2,0,179
064341607,246,3,2,0,251
064341608,86,68,39,0,193
064341609,231,50,58,0,339
064341610,322,35,21,0,378
064341611,282,25,13,0,320
064341612,381,41,8,0,430
064341613,352,15,13,0,380
064341701,235,19,14,0,268
064341702,276,25,23,0,324
064341703,273,40,37,1,351
064341704,248,23,26,0,297
064341705,268,21,9,0,298
064341706,166,20,12,0,198
064341707,117,36,7,0,160
064341708,171,50,49,0,270
064341709,174,43,33,0,250
064341710,73,55,2,0,130
064341711,217,19,29,0,265
064341801,270,48,38,0,356
064341802,198,24,30,0,252
064341803,321,31,43,0,395
064341804,198,9,12,0,219
064341805,308,7,2,0,317
064341806,373,2,9,0,384
064341807,181,0,3,0,184
064341808,256,5,0,0,261
064341809,198,0,0,0,198
064341810,166,0,0,0,166
064341811,193,1,0,1,195
064341812,197,2,0,0,199
064341813,277,13,12,0,302
064341814,111,2,0,0,113
064341901,26,203,112,0,341
064341902,7,197,163,0,367
064341903,14,174,168,0,356
064341904,100,95,118,0,313
064341905,264,48,42,0,354
064341906,158,101,64,0,323
064341907,243,43,28,0,314
064341908,202,25,7,0,234
064341909,226,42,11,0,279
064342001,162,43,51,0,256
064342002,242,66,28,0,336
064342003,307,54,16,0,377
064342004,166,34,5,0,205
064342005,248,51,19,0,318
064342006,320,53,33,0,406
064342007,20,116,104,0,240
064342008,16,198,126,0,340
064342009,49,165,78,0,292
064342010,164,100,31,0,295
064342101,36,174,133,0,343
064342102,46,141,65,0,252
064342103,30,120,119,0,269
064342104,22,107,58,0,187
064342105,13,164,71,0,248
064342106,9,91,105,0,205
064342107,15,116,66,0,197
064342108,13,137,101,0,251
064342109,12,95,102,0,209
064342110,11,86,96,0,193
064342111,18,152,40,0,210
064342112,22,165,125,0,312
064342113,36,187,108,0,331
064342201,181,37,53,3,274
064342202,52,43,193,0,288
064342203,9,128,49,0,186
064342204,28,152,123,7,310
064342205,53,165,42,0,260
064342206,22,191,95,6,314
064342207,10,153,69,0,232
064342208,140,121,49,0,310
064342209,83,99,141,2,325
064342210,344,128,15,0,487
064342211,54,166,82,0,302
064342212,129,97,84,0,310
064342213,28,272,87,0,387
064342214,61,133,119,0,313
064342301,54,160,147,6,367
064342302,37,79,157,2,275
064342303,63,74,221,1,359
064342304,102,147,182,2,433
064342305,153,70,153,2,378
064342306,101,105,185,6,397
064342307,28,62,89,8,187
064342308,30,100,210,1,341
064342309,34,48,161,0,243
064342310,25,91,137,0,253
064342311,81,84,189,7,361
064342312,98,41,145,2,286
064342313,0,5,8,0,13
064342314,16,81,121,3,221
064342315,40,77,179,0,296
064342401,2,105,126,5,238
064342402,11,119,69,0,199
064342403,28,148,66,0,242
064342404,24,92,114,0,230
064342405,14,113,134,0,261
064342406,3,127,114,0,244
064342407,14,62,151,0,227
064342408,101,134,158,0,393
064342409,8,164,108,0,280
064342410,14,174,95,0,283
064342501,50,158,185,0,393
064342502,25,128,51,0,204
064342503,4,99,76,0,179
064342504,9,84,102,0,195
064342505,11,159,60,2,232
064342506,24,110,78,0,212
064342507,34,133,82,0,249
064342508,17,165,141,1,324
064342509,16,73,134,0,223
064342510,24,147,77,0,248
064342511,21,124,148,0,293
064342512,5,148,71,0,224
064342513,23,139,101,0,263
064342514,168,66,15,0,249
064342515,167,12,34,0,213
064342516,28,166,129,0,323
064342517,17,145,88,1,251
064342518,74,86,34,0,194
064342601,34,50,239,11,334
064342602,2,29,129,9,169
064342603,5,33,248,27,313
064342604,12,138,183,2,335
064342605,5,31,73,0,109
064342606,4,47,63,0,114
064342607,2,62,108,0,172
064342608,8,133,122,4,267
064342609,4,58,147,2,211
064342610,51,82,199,1,333
064342611,9,88,106,1,204
064342612,16,62,138,1,217
064342613,59,108,156,0,323
064342614,18,157,134,0,309
064342615,12,103,77,1,193
064342616,26,85,145,0,256
064342617,27,102,154,2,285
064342618,21,87,224,1,333
064342619,22,130,193,0,345
064342701,24,197,74,0,295
064342702,7,190,115,1,313
064342703,15,307,108,0,430
064342704,13,142,108,0,263
064342705,9,88,93,0,190
064342706,14,176,140,0,330
064342707,11,173,96,0,280
064342708,6,142,131,0,279
064342709,19,150,196,0,365
064342710,5,197,207,2,411
064342801,16,203,139,2,360
064342802,11,176,195,1,383
064342803,20,251,169,0,440
064342804,2,132,170,0,304
064342805,11,125,135,0,271
064342806,7,205,142,1,355
064342807,8,126,125,0,259
064342808,18,264,194,0,476
064342809,25,229,174,0,428
064342810,9,210,166,0,385
064342811,7,113,110,0,230
064342812,8,91,139,0,238
064342813,7,116,110,1,234
064342814,6,115,149,0,270
064342901,15,172,166,0,353
064342902,26,157,201,0,384
064342903,10,163,142,0,315
064342904,4,176,122,0,302
064342905,5,121,162,0,288
064342906,15,138,134,0,287
064342907,11,183,144,0,338
064342908,22,150,112,0,284
064342909,8,142,191,1,342
064342910,34,79,72,0,185
064342911,2,113,82,0,197
064343001,6,88,157,1,252
064343002,9,139,74,0,222
064343003,98,100,90,0,288
064343004,41,201,83,1,326
064343005,87,98,130,0,315
064343006,74,141,114,0,329
064343007,200,57,90,0,347
064343008,143,32,65,0,240
064343009,26,157,124,0,307
064343101,271,44,50,1,366
064343102,92,69,50,0,211
064343103,205,42,19,0,266
064343104,180,17,19,0,216
064343105,332,26,20,0,378
064343106,267,24,2,0,293
064343107,182,2,1,0,185
064343108,180,2,0,0,182
064343109,235,1,1,0,237
064343110,171,1,0,0,172
064343111,190,1,0,0,191
064343112,238,0,0,0,238
064343113,294,2,1,0,297
064343114,271,0,0,0,271
064343115,137,1,1,0,139
064343201,324,3,10,0,337
064343202,311,4,0,0,315
064343203,208,6,1,0,215
064343204,151,0,0,0,151
064343205,177,3,4,0,184
064343206,156,4,1,0,161
064343207,278,27,18,0,323
064343208,197,40,36,0,273
064343209,57,97,194,0,348
064343210,136,124,74,0,334
064343211,146,52,50,0,248
064343212,195,19,24,0,238
064343213,247,31,15,0,293
064343301,10,113,162,0,285
064343302,13,203,152,0,368
064343303,22,133,190,0,345
064343304,110,70,56,0,236
064343305,24,153,147,0,324
064343306,6,117,201,0,324
064343307,9,151,165,0,325
064343308,6,110,131,0,247
064343401,30,167,132,0,329
064343402,18,170,184,0,372
064343403,16,83,183,0,282
064343404,8,133,87,1,229
064343405,3,118,100,0,221
064343406,10,163,86,0,259
064343407,7,160,105,0,272
064343408,12,118,94,0,224
064343409,4,133,69,1,207
064343410,18,189,133,0,340
064343411,16,149,176,0,341
064343412,15,230,239,0,484
064343413,6,174,162,2,344
064343414,18,104,176,1,299
064343501,15,195,160,0,370
064343502,8,113,79,0,200
064343503,5,103,69,0,177
064343504,15,163,249,0,427
064343505,7,81,57,0,145
064343506,32,123,130,0,285
064343507,14,78,173,0,265
064343508,158,67,180,2,407
064343509,19,128,135,1,283
064343510,119,35,134,2,290
064343511,46,101,185,0,332
064343512,12,53,87,1,153
064343513,7,133,155,0,295
064343601,11,223,131,0,365
064343602,44,187,159,0,390
064343603,114,150,61,0,325
064343604,244,22,58,0,324
064343605,254,21,13,0,288
064343606,11,143,188,0,342
064343607,29,140,80,0,249
064343608,6,118,128,1,253
064343701,109,79,31,0,219
064343702,220,51,24,0,295
064343703,77,69,87,0,233
064343704,279,12,11,0,302
064343705,303,9,7,0,319
064343706,325,8,2,0,335
064343707,221,39,35,0,295
064343708,218,13,4,0,235
064343801,133,21,14,0,168
064343802,285,12,9,0,306
064343803,313,13,9,0,335
064343804,329,7,3,0,339
064343805,251,8,8,0,267
064343806,287,16,17,0,320
064343807,214,3,0,0,217
064343808,325,5,3,0,333
064343809,245,1,6,0,252
064343901,86,113,72,0,271
064343902,14,118,91,0,223
064343903,130,73,67,0,270
064343904,192,16,20,0,228
064343905,27,113,170,0,310
064343906,74,89,118,0,281
064343907,24,147,107,0,278
064343908,8,69,98,0,175
064343909,78,53,99,1,231
064344001,51,109,188,0,348
064344002,65,152,146,0,363
064344003,15,68,123,0,206
064344004,88,20,49,0,157
064344005,157,5,33,0,195
064344006,178,28,14,0,220
064344007,203,16,9,0,228
064344008,285,33,54,0,372
064344101,51,108,104,0,263
064344102,12,77,178,0,267
064344103,20,215,157,0,392
064344104,7,114,197,0,318
064344105,11,115,180,0,306
064344106,75,84,155,0,314
064344107,12,86,80,0,178
064344108,28,181,125,0,334
064344201,36,101,192,1,330
064344202,30,123,165,1,319
064344203,6,101,97,1,205
064344204,23,121,139,0,283
064344205,13,88,160,0,261
064344206,39,98,133,0,270
064344207,25,146,89,0,260
064344208,17,95,158,0,270
064344301,11,117,244,0,372
064344302,6,137,120,1,264
064344303,21,169,192,0,382
064344304,70,117,119,0,306
064344305,95,72,77,0,244
064344306,20,77,189,3,289
064344307,82,94,85,0,261
064344308,74,62,95,0,231
064344401,3,43,107,0,153
064344402,16,62,192,3,273
064344403,29,99,141,0,269
064344404,6,91,84,0,181
064344405,209,15,61,0,285
064344406,429,16,4,0,449
064344407,28,213,212,0,453
064344408,22,71,131,0,224
064344409,20,81,105,0,206
064344410,13,132,129,0,274
064344411,32,127,97,0,256
064344412,38,139,201,0,378
064344501,19,196,118,1,334
064344502,38,107,331,0,476
064344503,28,86,171,2,287
064344504,9,71,234,0,314
064344505,8,141,219,0,368
064344506,13,72,133,1,219
064344507,3,91,201,0,295
064344508,25,94,236,2,357
064344509,8,104,132,2,246
064344510,22,98,124,0,244
064344511,13,168,180,0,361
064344512,12,228,247,1,488
064900101,25,50,121,0,196
064900102,32,42,232,0,306
064900103,13,63,126,0,202
064900104,22,51,158,0,231
064900105,24,58,176,0,258
064900106,18,45,159,0,222
064900107,19,52,158,0,229
064900108,19,64,119,0,202
064900109,16,109,107,0,232
064900110,14,35,117,0,166
064900111,22,77,132,0,231
064900112,16,87,169,0,272
064900113,13,34,96,0,143
064900114,18,86,104,0,208
064900201,48,128,265,1,442
064900202,16,166,337,2,521
064900203,34,89,214,0,337
064900204,6,70,242,3,321
064900205,6,136,218,3,363
064900206,5,223,145,0,373
064900207,123,95,200,4,422
064900208,15,217,275,0,507
064900209,20,212,212,0,444
064900210,16,105,233,2,356
064900301,27,149,153,0,329
064900302,22,204,150,3,379
064900303,15,153,101,0,269
064900304,2,42,82,1,127
064900305,19,47,103,1,170
064900306,36,124,237,0,397
064900307,9,143,103,1,256
064900308,7,118,108,0,233
064900309,16,167,158,0,341
064900310,52,99,328,3,482
064900311,12,46,98,0,156
064900312,30,136,146,1,313
064900313,14,172,146,0,332
064900401,12,210,177,0,399
064900402,13,152,142,1,308
064900403,13,70,177,6,266
064900404,18,53,149,13,233
064900405,68,79,176,3,326
064900406,19,106,201,2,328
064900407,11,50,314,8,383
064900408,99,73,137,6,315
064900409,17,36,134,9,196
064900410,16,98,179,0,293
064900411,17,221,193,0,431
064900412,34,79,102,0,215
064900413,17,112,137,0,266
064900414,18,236,228,0,482
064900501,25,102,124,6,257
064900502,36,101,238,2,377
064900503,17,115,145,0,277
064900504,10,136,92,0,238
064900505,12,124,105,1,242
064900506,15,150,127,0,292
064900507,8,178,96,0,282
064900508,43,183,195,0,421
064900509,31,136,78,0,245
064900510,54,196,201,1,452
064900511,46,165,104,0,315
064900512,56,174,211,0,441
064900513,45,34,127,0,206
064900514,34,151,129,0,314
064900515,29,245,172,2,448
064900516,23,230,273,1,527
064900601,210,22,18,0,250
064900602,308,29,30,0,367
064900603,192,33,25,0,250
064900604,31,193,117,0,341
064900605,5,152,65,0,222
064900606,16,90,104,0,210
064900607,33,135,162,0,330
064900608,22,185,150,0,357
064900609,17,99,129,0,245
064900610,22,107,66,0,195
064900611,13,160,106,0,279
064900612,337,0,0,0,337
064900613,373,7,1,0,381
064900614,340,14,1,0,355
064900615,293,15,0,0,308
064900701,8,108,121,1,238
064900702,8,121,141,1,271
064900703,32,133,214,1,380
064900704,24,146,84,2,256
064900705,17,208,135,0,360
064900706,20,161,162,1,344
064900707,27,92,170,1,290
064900708,11,87,94,0,192
064900709,4,69,144,1,218
064900710,15,186,78,0,279
064900711,10,99,98,0,207
064900712,6,207,129,0,342
064900713,14,143,88,0,245
064900714,13,131,115,1,260
064900715,12,171,93,0,276
064900801,51,117,75,0,243
064900802,184,24,30,0,238
064900803,380,17,11,0,408
064900804,174,0,1,0,175
064900805,154,3,0,0,157
064900806,219,3,0,0,222
064900807,193,0,0,0,193
064900808,349,6,2,0,357
064900809,325,50,10,0,385
064900901,122,160,86,1,369
064900902,248,31,16,0,295
064900903,167,17,21,0,205
064900904,121,43,18,0,182
064900905,343,20,28,0,391
064900906,316,17,12,1,346
064900907,249,2,0,0,251
064900908,258,4,0,0,262
064900909,214,1,0,0,215
064901001,190,13,12,0,215
064901002,341,29,18,0,388
064901003,292,5,2,0,299
064901004,342,3,6,0,351
064901005,349,3,2,0,354
064901006,207,1,2,0,210
064901007,202,1,4,0,207
064901008,289,3,0,0,292
064901009,130,54,77,0,261
064901010,146,94,77,0,317
064901011,350,32,13,0,395
064901012,297,7,6,0,310
064901013,331,0,0,0,331
064901014,243,0,0,0,243
064901015,257,1,0,0,258
064901101,171,1,1,0,173
064901102,277,4,6,0,287
064901103,291,8,6,0,305
064901104,303,11,1,0,315
064901105,349,2,1,0,352
064901106,167,5,0,0,172
064901107,184,1,0,0,185
064901108,161,4,3,1,169
064901109,208,1,1,0,210
064901110,215,1,0,0,216
064901111,184,0,0,0,184
064901112,237,1,1,0,239
064901113,284,4,8,0,296
064901114,309,5,1,0,315
064901115,223,5,0,0,228
064901116,348,3,6,0,357
064901117,329,1,0,0,330
064901118,247,2,3,0,252
064901201,267,14,3,0,284
064901202,343,39,7,0,389
064901203,272,42,27,0,341
064901204,184,2,3,0,189
064901205,194,2,1,0,197
064901206,352,2,0,0,354
064901207,287,23,19,0,329
064901208,225,43,25,0,293
064901209,114,121,78,1,314
064901210,97,144,91,0,332
064901301,327,29,23,0,379
064901302,243,61,46,0,350
064901303,168,93,56,0,317
064901304,31,106,82,0,219
064901305,22,107,97,0,226
064901306,15,171,147,0,333
064901307,241,2,0,0,243
064901308,272,4,0,0,276
064901309,65,163,160,0,388
064901310,15,193,184,0,392
064901311,12,211,150,0,373
064901312,6,144,150,0,300
064901313,17,161,134,1,313
064901314,33,127,197,5,362
064901315,19,279,155,0,453
064901401,7,157,145,1,310
064901402,12,142,181,2,337
064901403,5,100,105,0,210
064901404,15,81,139,0,235
064901405,5,185,94,1,285
064901406,9,113,103,1,226
064901407,20,105,112,0,237
064901408,8,54,137,0,199
064901409,18,73,165,0,256
064901410,49,142,163,0,354
064901411,12,157,148,1,318
064901412,19,159,213,2,393
064901501,2,98,183,0,283
064901502,5,129,153,0,287
064901503,10,83,145,0,238
064901504,13,92,157,0,262
064901505,13,88,206,0,307
064901506,6,15,147,0,168
064901507,9,72,152,0,233
064901508,7,44,174,1,226
064901509,7,31,138,0,176
064901510,8,107,168,1,284
064901511,11,87,230,2,330
064901601,4,200,205,1,410
064901602,6,130,61,0,197
064901603,0,175,151,0,326
064901604,3,117,51,0,171
064901605,11,149,188,0,348
064901606,7,101,122,0,230
064901607,6,184,78,0,268
064901608,8,185,125,0,318
064901609,11,287,57,0,355
064901701,25,119,218,0,362
064901702,16,115,199,0,330
064901703,14,73,135,3,225
064901704,14,164,201,0,379
064901705,15,248,129,0,392
064901706,34,184,172,1,391
064901707,5,197,191,0,393
064901708,9,177,230,1,417
064901709,21,125,124,0,270
064901801,12,179,199,0,390
064901802,72,158,92,0,322
064901803,339,20,5,0,364
064901804,362,28,12,1,403
064901805,82,72,68,0,222
064901806,3,101,107,0,211
064901807,29,190,102,1,322
064901808,321,24,7,0,352
064901809,136,126,87,0,349
064901810,15,116,162,0,293
064901811,6,205,132,1,344
064901812,9,286,113,2,410
064901813,15,252,175,0,442
064901814,12,198,213,0,423
064901815,59,166,249,0,474
064901816,1,131,161,1,294
064901901,295,31,15,0,341
064901902,261,22,15,0,298
064901903,236,4,5,0,245
064901904,209,5,3,0,217
064901905,256,21,1,0,278
064901906,255,26,10,0,291
064901907,333,31,15,1,380
064901908,230,17,4,0,251
064901909,151,10,7,0,168
064901910,304,19,11,0,334
064901911,218,16,1,0,235
064901912,176,14,7,0,197
064902001,127,149,32,0,308
064902002,21,190,72,0,283
064902003,74,171,91,0,336
064902004,213,2,0,0,215
064902005,290,2,2,0,294
064902006,280,10,3,0,293
064902007,255,75,46,0,376
064902008,55,157,35,0,247
064902009,21,132,57,0,210
064902101,387,2,1,0,390
064902102,327,17,2,0,346
064902103,349,4,0,0,353
064902104,245,2,0,0,247
064902105,333,2,2,0,337
064902106,310,0,0,0,310
064902107,313,0,0,0,313
064902108,154,0,1,0,155
064902109,210,1,2,0,213
064902110,335,1,1,0,337
064902201,264,1,0,0,265
064902202,217,5,3,0,225
064902203,251,1,0,0,252
064902204,204,0,0,0,204
064902205,223,0,0,0,223
064902206,268,0,0,0,268
064902207,172,1,0,0,173
064902208,101,1,0,0,102
064902209,197,0,0,0,197
064902210,378,0,0,0,378
064902211,236,1,0,0,237
064902212,46,0,0,0,46
064902301,263,17,6,0,286
064902302,236,1,2,0,239
064902303,266,23,14,0,303
064902304,232,22,12,0,266
064902305,254,5,6,0,265
064902306,293,1,0,0,294
064902307,232,0,2,0,234
064902308,112,0,0,0,112
064902309,252,3,0,0,255
064902310,169,0,0,0,169
064902311,198,0,0,0,198
064902312,209,0,0,0,209
064902313,171,1,3,0,175
064902401,256,6,3,0,265
064902402,341,2,2,0,345
064902403,197,2,0,0,199
064902404,375,4,0,0,379
064902405,279,1,0,0,280
064902406,256,2,0,0,258
064902407,210,1,0,0,211
064902408,182,1,0,0,183
064902409,160,1,0,0,161
064902410,244,0,0,0,244
064902411,194,3,2,0,199
064902501,218,62,42,1,323
064902502,278,8,4,0,290
064902503,248,16,14,0,278
064902504,220,28,20,0,268
064902505,242,4,4,0,250
064902506,285,3,0,0,288
064902507,253,23,7,0,283
064902508,216,76,54,0,346
064902601,193,72,50,0,315
064902602,141,64,60,0,265
064902603,248,58,18,1,325
064902604,133,24,3,0,160
064902605,197,9,10,0,216
064902606,229,75,23,0,327
064902607,324,23,13,0,360
064902608,215,19,10,0,244
064902609,142,10,5,0,157
064902610,326,39,12,0,377
064902611,237,19,22,0,278
064902612,256,24,10,0,290
064902613,260,36,11,0,307
064902701,72,188,40,0,300
064902702,12,257,151,0,420
064902703,24,178,131,0,333
064902704,18,159,85,0,262
064902705,8,287,122,2,419
064902706,6,225,88,0,319
064902707,15,216,80,0,311
064902708,3,153,151,3,310
064902709,7,256,37,0,300
064902710,11,379,100,0,490
064902711,7,290,180,0,477
064902712,24,146,235,5,410
064902713,4,100,76,0,180
064902801,7,170,118,0,295
064902802,8,148,70,0,226
064902803,12,260,133,1,406
064902804,36,188,218,0,442
064902805,18,197,98,0,313
064902806,15,266,131,0,412
064902807,2,146,92,0,240
064902808,7,141,59,0,207
064902809,10,95,83,0,188
064902810,13,195,189,1,398
064902811,12,151,149,0,312
064902901,10,203,155,2,370
064902902,17,327,131,0,475
064902903,26,158,112,1,297
064902904,8,161,184,2,355
064902905,10,178,142,0,330
064902906,11,84,255,5,355
064902907,15,134,262,1,412
064902908,3,173,304,1,481
064902909,13,259,153,1,426
064902910,32,184,136,0,352
064902911,9,218,220,0,447
064903001,1,84,178,0,263
064903002,32,221,230,9,492
064903003,6,119,150,4,279
064903004,2,129,138,1,270
064903005,13,255,180,0,448
064903006,8,181,133,0,322
064903007,6,158,138,0,302
064903008,6,167,140,0,313
064903009,18,176,143,1,338
064903010,9,250,94,3,356
064903101,10,67,161,1,239
064903102,9,107,159,2,277
064903103,6,183,198,2,389
064903104,3,160,216,1,380
064903105,9,123,169,0,301
064903106,12,104,270,0,386
064903107,9,158,192,0,359
064903108,26,136,220,1,383
064903109,9,114,196,1,320
064903110,5,194,75,0,274
064903201,22,187,233,0,442
064903202,21,135,266,2,424
064903203,17,93,212,0,322
064903204,8,89,193,1,291
064903205,6,116,120,2,244
064903206,9,178,295,0,482
064903207,6,126,200,1,333
064903208,7,207,197,3,414
064903209,10,100,124,0,234
064903210,11,127,182,4,324
064903301,2,88,142,1,233
064903302,7,122,142,2,273
064903303,20,187,187,2,396
064903304,8,97,183,1,289
064903305,1,219,228,4,452
064903306,4,138,181,0,323
064903307,32,63,113,7,215
064903308,6,84,200,2,292
064903309,3,169,165,0,337
064903310,6,114,246,0,366
064903401,19,169,328,17,533
064903402,15,94,283,4,396
064903403,24,92,184,7,307
064903404,11,80,224,3,318
064903405,17,144,264,0,425
064903406,26,90,168,0,284
064903407,20,143,115,2,280
064903408,4,78,165,0,247
064903409,6,91,148,7,252
064903410,8,120,200,0,328
064903411,4,84,258,2,348
064903412,8,64,252,0,324
064903413,9,124,208,10,351
064903414,2,107,229,5,343
064903415,4,112,112,0,228
064903501,15,83,136,0,234
064903502,17,81,162,2,262
064903503,1,10,262,36,309
064903504,4,29,259,34,326
064903505,4,31,210,33,278
064903506,2,35,251,37,325
064903507,2,47,202,20,271
064903508,15,159,220,0,394
064903509,10,100,129,3,242
064903510,7,86,167,0,260
064903511,4,70,142,1,217
064903512,8,97,139,0,244
064903513,11,117,318,0,446
064903514,5,152,216,1,374
064903515,4,116,116,1,237
064903516,5,83,129,0,217
064903517,4,105,188,2,299
064903518,6,219,161,0,386
064903601,16,159,251,2,428
064903602,10,170,222,1,403
064903603,9,76,174,0,259
064903604,17,172,135,1,325
064903605,24,130,146,0,300
064903606,26,116,160,0,302
064903607,37,67,180,18,302
064903608,37,99,125,10,271
064903609,23,120,142,0,285
064903610,10,227,168,0,405
064903611,10,101,151,1,263
064903612,3,75,212,0,290
064903701,16,197,139,1,353
064903702,15,88,168,0,271
064903703,7,152,80,0,239
064903704,7,134,105,0,246
064903705,2,121,139,2,264
064903706,9,99,233,2,343
064903707,2,82,152,1,237
064903708,5,55,180,0,240
064903709,9,207,303,0,519
064903710,25,184,158,1,368
064903711,52,242,230,0,524
064903712,7,174,143,0,324
064903713,25,176,242,3,446
064903714,23,148,270,5,446
064903801,3,75,127,0,205
064903802,56,180,127,0,363
064903803,15,76,71,4,166
064903804,10,68,137,4,219
064903805,6,59,300,12,377
064903806,22,24,239,5,290
064903807,4,90,245,4,343
064903808,30,172,251,1,454
064903809,50,82,144,6,282
064903810,4,89,175,3,271
064903811,11,126,192,3,332
064903812,14,92,141,4,251
064903813,3,73,142,0,218
064903814,12,45,157,2,216
064903815,11,84,129,0,224
064903816,28,135,345,0,508
064903817,13,129,342,8,492
064903901,10,77,266,1,354
064903902,3,43,125,5,176
064903903,10,128,681,11,830
064903904,8,53,332,2,395
064903905,6,94,280,40,420
064903906,14,94,351,10,469
064903907,4,31,159,0,194
064903908,30,27,157,1,215
064903909,6,41,244,5,296
064903910,2,103,122,2,229
064903911,37,92,327,4,460
064903912,16,86,178,0,280
064903913,8,56,124,0,188
064903914,8,78,299,1,386
064903915,9,94,481,14,598
064903916,21,108,257,2,388
064904001,4,18,196,0,218
064904002,13,41,189,0,243
064904003,11,22,261,6,300
064904004,20,67,359,4,450
064904005,3,52,214,1,270
064904006,13,89,496,2,600
064904007,8,48,309,5,370
064904008,13,52,328,6,399
064904009,251,49,196,8,504
064904010,12,68,288,23,391
064904011,14,70,234,2,320
064904012,3,61,373,10,447
064904013,305,13,124,1,443
064904101,14,5,8,0,27
064904102,13,10,9,0,32
064904201,3,228,50,0,281
064904202,7,230,113,1,351
064904203,18,156,106,0,280
064904204,6,226,93,0,325
064904205,2,177,75,0,254
064904206,7,254,70,0,331
064904207,9,235,110,0,354
064904208,4,201,74,2,281
064904301,1,11,1,0,13
064904302,13,171,60,0,244
064904303,9,168,101,0,278
064904304,13,161,167,0,341
064904305,1,1,0,0,2
064904306,313,0,0,0,313
064904307,234,6,6,0,246
064904308,168,16,8,0,192
064904309,4,285,155,1,445
064904310,2,271,80,1,354
064904311,1,178,35,0,214
064904312,65,204,24,0,293
064904313,6,178,90,1,275
064904314,11,137,76,1,225
064904401,6,185,109,0,300
064904402,64,172,149,1,386
064904403,7,129,144,0,280
064904404,127,180,68,1,376
064904405,15,201,192,0,408
064904406,12,145,248,0,405
064904407,26,190,145,0,361
064904408,10,266,77,0,353
064904409,12,277,134,0,423
064904410,8,149,96,0,253
064904411,5,140,77,0,222
064904412,7,179,72,0,258
064904413,9,201,74,0,284
064904501,18,139,101,1,259
064904502,7,225,138,0,370
064904503,3,117,204,0,324
064904504,5,173,223,6,407
064904505,9,179,191,2,381
064904506,17,201,142,3,363
064904507,7,111,77,0,195
064904508,14,150,67,0,231
064904601,287,9,1,0,297
064904602,246,15,1,0,262
064904603,245,9,18,0,272
064904604,252,19,8,1,280
064904605,116,5,5,0,126
064904606,174,7,5,0,186
064904607,276,16,12,0,304
064904608,189,15,7,0,211
064904609,263,17,7,0,287
064904610,19,1,5,0,25
064904611,301,37,17,0,355
064904612,236,14,14,0,264
064904701,0,54,17,0,71
064904702,15,39,255,0,309
064904703,11,143,54,0,208
064904704,7,116,78,0,201
064904705,20,232,37,0,289
064904706,79,136,31,0,246
064904707,52,188,106,0,346
064904708,1,176,114,1,292
064904709,2,156,80,0,238
064904710,7,166,74,0,247
064904711,0,248,58,0,306
064904712,3,228,47,0,278
064904713,77,110,72,0,259
064904801,281,3,3,0,287
064904802,270,0,1,0,271
064904803,246,2,0,0,248
064904804,339,3,3,0,345
064904805,173,3,1,0,177
064904806,139,3,1,0,143
064904807,284,0,1,1,286
064904808,283,1,2,0,286
064904809,210,1,1,0,212
064904810,213,29,16,0,258
064904811,202,26,11,1,240
064904901,262,1,0,0,263
064904902,326,6,4,0,336
064904903,262,2,0,0,264
064904904,478,3,0,0,481
064904905,232,11,5,0,248
064904906,357,3,0,0,360
064904907,262,11,2,0,275
064904908,174,7,9,0,190
064904909,152,40,15,0,207
064904910,305,11,17,0,333
064904911,319,8,1,0,328
064905001,335,15,9,0,359
064905002,395,8,4,0,407
064905003,278,2,4,0,284
064905004,6,22,68,1,97
064905005,216,5,0,0,221
064905006,378,0,0,0,378
064905007,339,1,1,0,341
064905008,323,2,0,0,325
064905009,167,28,19,0,214
064905010,224,96,86,0,406
064905011,54,154,30,0,238
064905101,5,148,96,2,251
064905102,7,201,70,0,278
064905103,4,137,58,0,199
064905104,4,133,54,0,191
064905105,13,286,113,0,412
064905106,3,179,175,0,357
064905107,4,178,178,1,361
064905108,3,220,138,0,361
064905109,48,137,93,1,279
064905110,104,23,62,0,189
064905111,44,105,32,0,181
065150101,0,100,87,1,188
065150102,0,1,0,0,1
065150103,3,262,182,3,450
065150104,1,243,200,0,444
065150105,3,258,199,2,462
065150106,1,234,104,0,339
065150107,0,167,87,0,254
065150108,0,234,244,1,479
065150109,1,184,84,0,269
065150110,1,180,224,6,411
065150111,7,178,221,1,407
065150112,8,181,327,1,517
065150113,1,274,281,0,556
065150201,1,47,42,0,90
065150202,0,200,113,2,315
065150203,0,86,85,0,171
065150204,0,25,8,0,33
065150205,63,78,46,1,188
065150206,77,108,14,0,199
065150207,0,242,154,2,398
065150208,278,52,41,0,371
065150209,0,272,74,0,346
065150210,2,268,225,4,499
065150211,2,246,93,3,344
065150212,1,140,132,1,274
065150213,0,91,97,1,189
065150214,4,191,219,1,415
065150215,3,180,168,1,352
065150216,3,124,144,2,273
065150301,0,211,141,0,352
065150302,1,211,142,4,358
065150303,5,113,241,0,359
065150304,1,212,145,1,359
065150305,5,142,65,1,213
065150306,0,179,106,0,285
065150307,1,155,130,3,289
065150308,1,214,62,0,277
065150309,0,181,65,1,247
065150310,2,179,99,1,281
065150311,1,201,69,1,272
065150312,1,183,119,0,303
065150313,1,194,32,0,227
065150314,2,216,69,0,287
065150401,4,184,130,0,318
065150402,1,222,84,3,310
065150403,6,191,123,1,321
065150404,1,160,33,0,194
065150405,26,130,117,0,273
065150406,0,215,176,2,393
065150407,2,245,58,0,305
065150408,3,228,111,1,343
065150409,0,208,103,0,311
065150410,2,147,112,1,262
065150411,5,93,74,1,173
065150501,0,138,96,1,235
065150502,0,151,93,0,244
065150503,6,319,133,3,461
065150504,0,315,124,2,441
065150505,0,292,10,0,302
065150506,1,310,45,0,356
065150507,15,284,37,0,336
065150508,0,186,27,1,214
065150509,2,297,33,1,333
065150510,1,59,34,0,94
065150511,270,121,20,0,411
065150512,6,311,160,0,477
065150601,0,143,102,1,246
065150602,86,201,54,0,341
065150603,1,107,100,1,209
065150604,2,187,95,0,284
065150605,0,118,75,0,193
065150606,3,341,48,0,392
065150607,0,297,83,0,380
065150608,0,173,98,0,271
065150609,3,328,96,0,427
065150610,1,165,74,0,240
065150611,1,116,82,1,200
065150612,1,195,21,1,218
065150613,1,172,18,0,191
065150614,1,233,72,0,306
065150615,2,172,58,0,232
065150616,0,222,52,1,275
065150701,11,228,257,2,498
065150702,13,149,147,1,310
065150703,1,196,81,0,278
065150704,2,276,237,0,515
065150705,4,197,76,0,277
065150706,1,240,84,1,326
065150707,6,271,97,0,374
065150708,4,267,99,4,374
065150709,3,347,95,0,445
065150710,1,178,70,2,251
065150711,2,116,48,0,166
065150712,4,269,136,3,412
065150713,0,200,63,0,263
065150714,0,185,55,1,241
065150801,1,290,48,0,339
065150802,1,235,75,0,311
065150803,4,183,99,0,286
065150804,0,178,85,0,263
065150805,0,178,70,0,248
065150806,0,150,78,2,230
065150807,0,252,107,1,360
065150808,2,291,81,0,374
065150809,2,214,169,1,386
065150810,3,145,142,1,291
065150811,1,165,147,0,313
065150812,5,251,59,0,315
065150901,2,184,65,1,252
065150902,0,355,53,0,408
065150903,0,201,62,1,264
065150904,0,125,112,0,237
065150905,1,320,92,1,414
065150906,4,266,62,0,332
065150907,8,152,48,0,208
065150908,1,162,80,1,244
065150909,4,277,129,1,411
065150910,0,331,111,0,442
065150911,1,170,120,0,291
065150912,1,238,100,1,340
065150913,5,196,179,0,380
065150914,0,162,173,0,335
065151001,1,209,80,1,291
065151002,1,334,131,0,466
065151003,0,359,53,0,412
065151004,0,231,40,0,271
065151005,0,261,39,0,300
065151006,2,309,44,2,357
065151007,2,63,15,0,80
065151008,2,319,86,1,408
065151009,0,199,113,0,312
065151010,4,154,70,1,229
065151011,0,82,139,0,221
065151012,1,147,12,1,161
065151013,2,235,69,0,306
065151014,0,270,64,0,334
065151015,1,239,49,0,289
065151101,12,268,72,0,352
065151102,3,331,64,0,398
065151103,3,322,64,1,390
065151104,0,173,52,1,226
065151105,2,191,32,0,225
065151106,7,167,64,1,239
065151107,1,143,101,1,246
065151108,4,191,58,1,254
065151109,1,274,65,0,340
065151110,1,238,148,2,389
065151111,0,144,90,0,234
065151112,0,143,91,1,235
065151113,2,220,64,0,286
065151201,2,183,51,0,236
065151202,175,37,39,1,252
065151203,0,170,101,2,273
065151204,2,149,75,0,226
065151205,0,231,55,0,286
065151206,2,202,76,0,280
065151207,2,250,196,2,450
065151208,5,170,65,0,240
065151209,1,321,89,0,411
065151210,0,168,101,0,269
065151211,1,270,75,1,347
065151212,3,272,66,0,341
065151213,4,157,97,3,261
065151214,0,184,80,0,264
065151215,0,171,94,0,265
065151216,0,210,84,0,294
065151217,0,172,49,0,221
065151301,0,182,92,2,276
065151302,1,246,81,0,328
065151303,1,139,84,0,224
065151304,0,162,125,0,287
065151305,7,326,145,0,478
065151306,0,360,96,3,459
065151307,2,192,62,0,256
065151308,3,231,67,0,301
065151309,0,353,84,1,438
065151310,2,305,80,0,387
065151311,2,337,101,0,440
065151312,0,271,87,1,359
065151313,4,271,39,1,315
065151314,1,144,107,0,252
065151401,7,120,140,1,268
065151402,2,185,104,1,292
065151403,10,130,182,0,322
065151404,7,274,187,1,469
065151405,6,90,60,2,158
065151406,0,179,117,0,296
065151407,1,137,81,0,219
065151408,6,323,146,0,475
065151409,3,119,112,0,234
065151410,3,259,115,0,377
065151411,2,237,63,0,302
065151501,4,289,126,3,422
065151502,1,234,52,1,288
065151503,1,167,172,1,341
065151504,1,217,119,2,339
065151505,0,192,168,3,363
065151506,1,193,134,3,331
065151507,1,261,131,1,394
065151508,3,230,157,0,390
065151509,5,245,77,0,327
065151510,4,239,125,2,370
065151511,0,234,137,0,371
065151512,0,224,103,0,327
065151513,0,259,131,1,391
065151601,9,247,38,0,294
065151602,0,181,110,2,293
065151603,0,178,52,1,231
065151604,1,125,80,0,206
065151605,1,184,48,3,236
065151606,3,168,112,1,284
065151607,1,309,76,1,387
065151608,1,267,86,0,354
065151609,1,201,60,2,264
065151701,6,213,140,0,359
065151702,0,240,121,0,361
065151703,2,146,45,0,193
065151704,1,146,26,0,173
065151705,0,179,24,0,203
065151706,1,217,156,8,382
065151707,1,198,117,1,317
065151708,0,88,51,0,139
065151709,0,70,45,0,115
065151710,1,218,69,1,289
065151801,11,231,228,1,471
065151802,1,176,147,6,330
065151803,1,189,182,3,375
065151804,0,124,194,3,321
065151805,2,88,190,3,283
065151806,1,156,172,7,336
065151807,0,169,163,3,335
065151808,7,108,178,0,293
065151809,8,164,55,1,228
065151810,4,109,189,2,304
065151811,0,129,169,0,298
065151812,4,170,197,2,373
065151813,176,69,104,0,349
065151901,152,173,121,1,447
065151902,5,159,120,2,286
065151903,6,195,200,0,401
065151904,1,214,179,0,394
065151905,0,137,145,1,283
065151906,1,110,122,1,234
065151907,4,296,148,2,450
065151908,1,229,154,0,384
065151909,4,214,109,1,328
065151910,2,252,188,1,443
065151911,0,336,146,0,482
065151912,3,109,141,0,253
065151913,1,82,68,0,151
065151914,1,190,62,2,255
065152001,5,367,120,0,492
065152002,0,191,76,0,267
065152003,3,173,133,0,309
065152004,1,172,77,1,251
065152005,0,191,68,2,261
065152006,1,177,54,1,233
065152007,0,152,94,0,246
065152008,2,190,119,0,311
065152009,1,222,101,0,324
065152010,2,271,184,1,458
065152011,3,147,76,0,226
065152012,0,146,84,0,230
065152013,6,283,117,2,408
065152014,1,325,142,0,468
065152015,2,252,159,2,415
065152101,0,94,7,0,101
065152102,0,110,36,0,146
065152103,0,165,31,0,196
065152104,3,150,65,0,218
065152105,2,159,92,0,253
065152106,9,227,58,0,294
065152107,4,128,80,0,212
065152108,2,211,58,0,271
065152109,1,242,114,0,357
065152110,4,249,72,0,325
065152111,2,200,93,0,295
065152112,4,173,70,2,249
065152113,3,261,32,0,296
065152114,0,193,28,0,221
065152115,1,152,49,0,202
065390101,10,208,158,0,376
065390102,8,278,70,0,356
065390103,4,153,107,0,264
065390104,19,163,104,0,286
065390105,11,264,124,0,399
065390106,35,268,113,0,416
065390107,54,89,125,1,269
065390108,67,138,101,0,306
065390109,9,88,110,0,207
065390110,24,111,94,0,229
065390111,22,246,97,1,366
065390112,15,139,126,0,280
065390113,8,181,77,0,266
065390114,25,326,29,0,380
065390201,6,138,91,0,235
065390202,2,193,36,0,231
065390203,25,206,41,0,272
065390204,211,162,58,0,431
065390205,97,123,40,0,260
065390206,29,288,108,2,427
065390207,180,167,42,0,389
065390208,400,5,3,0,408
065390209,200,6,5,0,211
065390210,226,9,4,0,239
065390211,243,13,12,0,268
065390212,248,3,1,0,252
065390213,224,5,3,0,232
065390214,211,14,2,0,227
065390301,272,25,15,0,312
065390302,271,34,5,0,310
065390303,246,6,0,0,252
065390304,2,249,76,0,327
065390305,360,3,3,0,366
065390306,274,6,0,0,280
065390307,325,14,3,0,342
065390308,188,2,1,0,191
065390309,275,2,0,0,277
065390310,429,8,1,0,438
065390311,397,9,4,0,410
065390401,403,40,8,0,451
065390402,472,6,0,0,478
065390403,376,20,8,0,404
065390404,427,18,4,0,449
065390405,282,13,10,0,305
065390406,473,6,1,0,480
065390407,182,0,2,0,184
065390408,383,1,1,0,385
065390409,427,8,2,0,437
065390410,267,0,0,0,267
065390411,347,1,0,0,348
065390412,268,3,2,0,273
065390413,249,0,0,0,249
065390414,174,2,0,0,176
065390501,244,13,22,0,279
065390502,360,49,2,0,411
065390503,341,88,12,0,441
065390504,322,18,2,0,342
065390505,170,77,19,0,266
065390506,196,58,14,0,268
065390507,329,52,22,0,403
065390508,346,4,0,0,350
065390509,386,27,4,0,417
065390601,32,350,58,0,440
065390602,7,204,36,0,247
065390603,0,217,49,0,266
065390604,39,138,99,0,276
065390605,16,175,63,0,254
065390606,3,346,71,0,420
065390607,4,332,138,1,475
065390608,2,280,67,0,349
065390609,2,251,31,0,284
065390701,73,270,66,0,409
065390702,19,265,34,0,318
065390703,8,306,122,0,436
065390704,2,404,123,0,529
065390705,4,137,210,1,352
065390706,7,225,111,3,346
065390707,12,91,101,0,204
065390708,4,254,60,1,319
065390709,426,14,9,0,449
065390801,3,187,33,0,223
065390802,0,214,78,0,292
065390803,0,295,78,1,374
065390804,1,217,38,0,256
065390805,1,270,136,1,408
065390806,3,165,98,1,267
065390807,2,220,45,0,267
065390808,4,338,180,1,523
065390809,0,208,166,1,375
065390810,1,237,59,0,297
065390811,0,161,95,0,256
065390812,2,531,263,4,800
065390813,0,181,114,1,296
065390814,1,210,92,1,304
065390815,0,235,68,0,303
065390901,0,17,4,0,21
065390902,0,74,74,1,149
065390903,2,214,92,2,310
065390904,2,262,104,0,368
065390905,3,212,152,1,368
065390906,3,279,162,2,446
065390907,2,396,154,2,554
065390908,0,298,133,3,434
065390909,1,53,32,1,87
065390910,1,308,76,1,386
065390911,42,83,57,3,185
065390912,1,216,147,0,364
065391001,2,234,124,0,360
065391002,3,229,136,2,370
065391003,0,202,141,1,344
065391004,3,206,91,2,302
065391005,0,161,66,0,227
065391006,2,173,87,0,262
065391007,1,318,355,16,690
065391008,1,237,284,1,523
065391009,0,217,206,0,423
065391010,1,326,134,0,461
065391011,1,271,168,1,441
065391012,3,332,159,2,496
065391013,2,288,125,1,416
065391014,1,254,112,0,367
065391015,0,252,30,0,282
065391016,2,307,137,2,448
065391017,0,60,50,0,110
065391101,0,230,81,0,311
065391102,1,328,84,1,414
065391103,0,194,104,0,298
065391104,1,224,100,2,327
065391105,0,191,78,1,270
065391106,0,143,87,0,230
065391107,0,375,123,0,498
065391108,4,387,127,0,518
065391109,0,228,126,1,355
065391110,0,225,139,0,364
065391111,3,237,125,0,365
065391112,1,196,49,0,246
065391113,1,228,104,1,334
065391114,1,252,171,0,424
065391115,0,257,130,4,391
065391116,0,309,94,1,404
065391201,2,220,118,0,340
065391202,1,209,86,1,297
065391203,9,229,105,0,343
065391204,15,294,166,1,476
065391205,7,161,134,1,303
065391206,1,219,109,1,330
065391207,0,216,97,0,313
065391208,0,250,113,2,365
065391209,7,154,155,5,321
065391210,0,192,106,1,299
065391211,0,204,87,0,291
065391212,4,280,112,0,396
065391213,0,235,82,0,317
065391214,1,286,53,0,340
065391215,2,197,89,0,288
065391301,0,363,100,0,463
065391302,3,179,92,1,275
065391303,1,178,99,1,279
065391304,5,126,231,1,363
065391305,3,208,77,0,288
065391306,4,222,84,0,310
065391307,0,191,126,0,317
065391308,2,307,47,0,356
065391309,1,131,74,1,207
065391401,319,24,6,0,349
065391402,189,11,3,0,203
065391403,243,49,12,0,304
065391404,158,48,20,0,226
065391405,132,79,17,0,228
065391406,169,174,83,0,426
065391407,4,382,103,0,489
065391408,0,246,90,0,336
065391409,138,289,42,0,469
065391410,136,105,18,0,259
065391411,4,186,77,0,267
065391412,4,197,67,1,269
065391413,0,178,87,1,266
065391414,3,202,62,0,267
065391415,0,167,95,2,264
065391416,1,175,82,0,258
065391501,232,1,0,0,233
065391502,273,1,0,0,274
065391503,185,7,3,0,195
065391504,109,160,103,2,374
065391505,152,0,0,0,152
065391506,242,2,0,1,245
065391507,313,1,0,0,314
065391508,243,0,1,0,244
065391509,232,14,10,0,256
065391510,78,109,24,0,211
065391511,10,247,29,0,286
065391601,51,150,36,0,237
065391602,359,40,28,0,427
065391603,189,11,3,0,203
065391604,187,4,0,0,191
065391605,208,5,0,0,213
065391606,293,3,1,0,297
065391607,408,0,1,0,409
065391608,150,29,40,0,219
065391609,171,25,14,0,210
065391610,315,4,0,0,319
065391611,350,0,1,0,351
065391701,1,181,121,2,305
065391702,2,194,132,1,329
065391703,20,166,119,1,306
065391704,83,146,71,0,300
065391705,166,114,70,0,350
065391706,187,53,36,0,276
065391707,116,60,52,0,228
065391708,192,30,22,0,244
065391709,176,3,2,0,181
065391710,233,29,27,0,289
065391711,125,90,26,0,241
065391712,236,2,14,0,252
065391713,253,9,5,0,267
065391714,208,23,3,0,234
065391715,197,23,3,0,223
065391716,175,4,9,0,188
065391717,231,5,0,0,236
065391801,202,84,64,0,350
065391802,271,63,13,0,347
065391803,353,32,28,0,413
065391804,256,35,16,0,307
065391805,301,53,34,0,388
065391806,235,69,88,1,393
065391807,234,71,104,0,409
065391808,345,34,21,0,400
065391809,352,24,15,0,391
065391901,270,37,15,0,322
065391902,302,34,9,0,345
065391903,269,16,14,0,299
065391904,265,13,8,0,286
065391905,302,29,8,0,339
065391906,231,12,9,1,253
065391907,278,15,16,0,309
065391908,249,19,9,2,279
065391909,251,20,15,0,286
065392001,1,214,24,0,239
065392002,0,12,0,0,12
065392003,9,201,70,0,280
065392004,0,198,87,0,285
065392005,0,215,73,1,289
065392006,4,250,99,0,353
065392007,4,137,72,0,213
065392008,12,259,185,2,458
065392009,7,297,130,2,436
065392010,1,239,186,1,427
065392011,3,220,149,0,372
065392012,1,286,137,0,424
065392013,2,165,88,0,255
065392014,1,113,134,1,249
065392101,14,235,28,0,277
065392102,10,156,68,0,234
065392103,14,318,94,0,426
065392104,10,367,81,0,458
065392105,1,195,49,0,245
065392106,5,185,75,0,265
065392107,4,197,80,0,281
065392108,1,223,17,0,241
065392201,12,302,157,0,471
065392202,14,372,123,3,512
065392203,4,309,134,0,447
065392204,11,268,93,0,372
065392205,11,354,51,0,416
065392206,6,234,145,1,386
065392207,9,317,139,1,466
065392208,2,352,123,0,477
065392301,6,131,135,2,274
065392302,13,230,117,0,360
065392303,1,252,55,1,309
065392304,1,182,96,0,279
065392305,4,321,99,0,424
065392306,1,187,190,0,378
065392307,1,143,124,3,271
065392308,15,195,118,2,330
065392309,3,188,160,0,351
065392310,3,248,79,0,330
065392311,6,199,142,0,347
065392312,3,153,263,0,419
065392313,2,134,186,2,324
065392314,7,199,113,2,321
065392401,3,337,132,0,472
065392402,0,216,62,0,278
065392403,1,204,44,0,249
065392404,2,250,164,0,416
065392405,1,182,109,1,293
065392406,8,212,55,1,276
065392407,4,198,70,0,272
065392408,11,148,79,0,238
065392409,3,128,98,0,229
065392410,1,156,88,1,246
065392411,6,178,105,1,290
065392412,13,182,56,0,251
065392413,7,157,93,0,257
065392414,4,193,215,1,413
065392415,2,272,184,0,458
065392501,7,324,120,0,451
065392502,1,273,51,0,325
065392503,8,307,149,0,464
065392504,1,174,71,0,246
065392505,2,172,108,0,282
065392506,3,120,151,0,274
065392507,5,191,130,0,326
065392508,3,240,131,0,374
065392509,6,212,171,2,391
065392510,19,230,89,0,338
065392511,2,111,140,0,253
065392512,5,98,109,0,212
065392601,10,262,172,0,444
065392602,2,260,178,0,440
065392603,2,155,112,2,271
065392604,19,117,118,1,255
065392605,6,213,146,0,365
065392606,6,216,116,1,339
065392607,3,231,223,0,457
065392608,3,153,227,0,383
065392609,1,237,111,0,349
065392610,6,197,136,0,339
065392611,11,139,153,0,303
065392612,5,276,99,0,380
065392613,1,79,120,0,200
065392614,3,115,132,4,254
065392701,28,156,268,1,453
065392702,22,109,196,4,331
065392703,27,155,205,1,388
065392704,316,14,17,0,347
065392705,260,28,23,0,311
065392706,264,59,70,1,394
065392707,310,30,18,0,358
065392708,333,26,27,0,386
065392709,15,181,165,1,362
065392710,42,175,95,0,312
065392711,33,113,236,0,382
065392712,8,187,223,2,420
065392801,1,142,115,2,260
065392802,5,206,109,1,321
065392803,1,191,108,0,300
065392804,7,161,216,0,384
065392805,4,197,152,0,353
065392806,9,237,179,2,427
065392807,7,220,115,0,342
065392808,6,260,159,3,428
065392809,9,143,163,0,315
065392810,3,268,147,0,418
065392811,6,230,155,2,393
065392812,7,167,89,1,264
065392901,0,10,25,0,35
065392902,0,14,38,0,52
065392903,12,24,37,0,73
065392904,0,20,49,0,69
065392905,0,32,58,1,91
065392906,0,52,85,1,138
065392907,10,52,80,0,142
065392908,0,69,40,0,109
065392909,0,20,99,4,123
065392910,0,10,19,0,29
065392911,0,88,96,0,184
065392912,0,24,47,2,73
065392913,0,22,31,1,54
065392914,65,65,83,3,216
065392915,0,52,90,1,143
065392916,0,179,194,3,376
065392917,0,10,10,0,20
065392918,1,122,130,2,255
065392919,1,59,138,1,199
065392920,4,184,223,3,414
065392921,2,160,175,1,338
065392922,0,233,124,0,357
065392923,0,250,50,0,300
065392924,3,291,173,0,467
065392925,5,192,109,0,306
065393001,7,162,266,1,436
065393002,7,237,166,0,410
065393003,238,27,34,0,299
065393004,7,230,164,0,401
065393005,11,117,165,3,296
065393006,1,96,150,1,248
065393007,0,101,92,0,193
065393008,0,99,128,2,229
065393009,0,213,141,7,361
065393010,0,227,92,0,319
065393011,1,247,81,0,329
065393012,2,181,113,1,297
065393013,0,192,162,3,357
065393014,5,296,186,3,490
065393015,1,265,57,0,323
065393016,0,249,90,0,339
065393101,0,250,111,1,362
065393102,2,222,150,2,376
065393103,0,121,214,1,336
065393104,4,265,201,0,470
065393105,3,200,108,0,311
065393106,1,253,127,2,383
065393107,3,205,227,6,441
065393108,0,145,121,0,266
065393109,0,130,191,2,323
065393110,7,233,132,0,372
065393111,3,203,170,0,376
065393112,2,307,54,0,363
065393113,0,215,114,0,329
065393114,1,114,123,0,238
065393115,0,130,156,0,286
065393116,0,230,145,2,377
065393117,1,262,109,0,372
065393201,0,162,214,5,381
065393202,2,178,197,6,383
065393203,2,143,256,3,404
065393204,0,108,196,2,306
065393205,3,138,215,5,361
065393206,1,167,204,0,372
065393207,6,131,228,3,368
065393208,0,132,215,5,352
065393209,1,157,72,2,232
065393210,0,195,76,1,272
065393211,3,230,168,0,401
065393212,1,26,14,0,41
065393213,0,105,110,4,219
065393214,1,95,155,1,252
065393215,1,279,175,3,458
065393301,1,187,128,2,318
065393302,0,159,111,0,270
065393303,4,207,78,1,290
065393304,0,99,117,4,220
065393305,1,78,113,5,197
065393306,0,156,127,7,290
065393307,1,182,222,2,407
065393308,2,222,176,3,403
065393309,2,193,223,3,421
065393310,0,179,111,4,294
065393311,0,68,74,5,147
065393312,0,285,49,0,334
065393313,0,320,73,0,393
065393314,40,94,54,0,188
065393315,0,64,95,0,159
065393316,0,5,8,0,13
065393401,3,178,116,2,299
065393402,7,99,209,5,320
065393403,3,109,210,4,326
065393404,1,131,188,2,322
065393405,2,193,150,0,345
065393406,1,152,165,8,326
065393407,3,250,129,1,383
065393408,1,189,149,0,339
065393409,0,230,117,2,349
065393410,0,181,140,0,321
065393411,3,136,156,0,295
065393412,4,223,73,0,300
065393413,1,287,83,2,373
065393414,2,321,102,0,425
065393415,1,139,106,2,248
065393416,0,19,25,0,44
065393417,1,196,97,2,296
065393418,1,134,71,7,213
065600101,4,185,190,1,380
065600102,2,198,167,1,368
065600103,0,196,185,1,382
065600104,0,206,105,0,311
065600105,4,319,152,4,479
065600106,1,179,78,0,258
065600107,3,128,119,1,251
065600108,2,261,106,2,371
065600109,1,202,153,2,358
065600110,0,198,146,1,345
065600111,1,182,120,0,303
065600112,298,6,5,0,309
065600113,290,5,1,0,296
065600114,7,251,153,4,415
065600115,0,121,129,1,251
065600201,1,203,184,0,388
065600202,2,198,218,0,418
065600203,0,189,205,4,398
065600204,2,199,239,1,441
065600205,98,125,110,4,337
065600206,3,195,216,3,417
065600207,22,213,124,0,359
065600208,0,247,155,2,404
065600209,0,232,209,4,445
065600210,2,247,153,1,403
065600211,2,225,604,28,859
065600212,3,171,130,2,306
065600213,0,102,191,4,297
065600214,0,183,176,2,361
065600215,3,228,149,2,382
065600216,3,134,459,22,618
065600301,1,334,595,51,981
065600302,2,265,218,0,485
065600303,1,168,139,0,308
065600304,3,167,94,1,265
065600305,9,161,96,0,266
065600306,1,193,99,1,294
065600307,0,293,188,0,481
065600308,0,82,221,43,346
065600309,0,251,153,3,407
065600310,2,241,125,1,369
065600311,2,214,150,1,367
065600312,0,223,113,1,337
065600313,1,148,75,0,224
065600314,0,154,76,0,230
065600315,0,139,205,0,344
065600316,0,32,40,4,76
065600401,6,220,65,0,291
065600402,8,221,41,0,270
065600403,4,272,218,3,497
065600404,6,239,196,1,442
065600405,15,221,74,0,310
065600406,3,100,100,0,203
065600407,6,156,52,0,214
065600408,0,160,119,0,279
065600409,5,253,64,0,322
065600410,6,232,119,2,359
065600411,0,181,118,1,300
065600412,2,218,76,0,296
065600413,2,269,15,0,286
065600414,2,242,28,0,272
065600415,2,222,23,0,247
065600416,2,189,100,0,291
065600417,4,229,157,0,390
065600418,0,214,68,0,282
065600419,3,224,163,1,391
065600420,0,170,192,0,362
065600501,6,110,84,3,203
065600502,0,232,144,1,377
065600503,0,125,59,0,184
065600504,5,166,177,2,350
065600505,0,51,33,2,86
065600506,0,34,20,0,54
065600507,3,177,172,0,352
065600508,0,55,31,1,87
065600509,0,50,27,0,77
065600510,0,286,91,0,377
065600511,0,208,91,0,299
065600512,3,181,87,0,271
065600513,2,214,168,0,384
065600514,2,245,99,2,348
065600515,5,179,81,2,267
065600601,2,238,129,1,370
065600602,0,230,198,0,428
065600603,5,240,177,1,423
065600604,0,202,63,2,267
065600605,1,483,194,0,678
065600606,2,295,140,0,437
065600607,2,797,408,2,1209
065600608,0,240,142,1,383
065600609,1,285,149,1,436
065600610,1,198,167,10,376
065600611,3,334,85,0,422
065600612,0,294,81,0,375
065600613,2,133,93,1,229
065600614,1,111,99,1,212
065600615,0,196,61,0,257
065600616,0,189,139,3,331
065600617,1,151,179,2,333
065600618,1,122,147,9,279
065600701,0,137,101,0,238
065600702,284,34,19,0,337
065600703,349,8,6,0,363
065600704,301,2,0,0,303
065600705,360,3,2,0,365
065600706,280,48,115,0,443
065600707,1,125,109,3,238
065600708,0,22,63,2,87
065600709,148,19,68,7,242
065600710,0,99,102,1,202
065600711,0,92,96,1,189
065600712,91,55,63,2,211
065600713,0,167,173,0,340
065600714,0,223,213,3,439
065600715,1,221,162,4,388
065600716,18,204,298,5,525
065600717,0,283,117,5,405
065600718,0,161,157,1,319
065600801,5,262,78,1,346
065600802,7,222,84,0,313
065600803,4,203,93,1,301
065600804,2,220,69,0,291
065600805,20,153,105,0,278
065600806,16,205,96,1,318
065600807,11,199,152,4,366
065600808,100,170,119,0,389
065600809,162,58,73,0,293
065600810,241,42,26,0,309
065600811,247,15,10,0,272
065600812,125,36,65,1,227
065600901,176,26,26,0,228
065600902,45,18,29,1,93
065600903,8,16,22,1,47
065600904,68,23,39,1,131
065600905,44,24,33,0,101
065600906,80,14,10,0,104
065600907,90,18,0,0,108
065600908,44,11,22,1,78
065600909,80,14,12,0,106
065600910,30,6,15,1,52
065600911,22,4,18,7,51
065600912,78,8,11,1,98
065601001,57,84,21,0,162
065601002,127,104,39,0,270
065601003,79,164,67,0,310
065601004,58,141,172,1,372
065601005,165,95,128,0,388
065601006,170,108,103,0,381
065601007,31,258,145,0,434
065601008,12,234,108,0,354
065601009,3,203,138,2,346
065601010,26,212,158,1,397
065601011,190,55,123,2,370
065601012,219,23,84,2,328
065601013,266,59,18,0,343
065601101,3,225,61,0,289
065601102,4,201,178,1,384
065601103,2,181,46,0,229
065601104,0,105,129,1,235
065601105,0,101,127,2,230
065601106,0,130,115,1,246
065601107,11,210,164,2,387
065601108,4,233,151,2,390
065601109,0,227,146,2,375
065601110,6,190,247,0,443
065601111,3,239,165,2,409
065601112,0,221,146,1,368
065601113,3,268,150,0,421
065601114,0,253,86,1,340
065601115,4,213,97,1,315
065601116,2,157,70,0,229
065601117,5,196,52,1,254
065601201,10,195,151,0,356
065601202,3,141,161,0,305
065601203,8,219,184,2,413
065601204,3,149,74,1,227
065601205,2,225,103,0,330
065601206,7,125,150,0,282
065601207,2,162,118,0,282
065601208,1,169,96,0,266
065601209,6,343,133,0,482
065601210,5,190,69,0,264
065601211,3,102,121,0,226
065601212,2,131,125,1,259
065601213,7,195,96,0,298
065601214,10,338,79,0,427
065601215,4,198,58,1,261
065601216,2,143,96,0,241
065601301,4,134,203,0,341
065601302,6,209,156,2,373
065601303,12,202,244,1,459
065601304,2,162,151,2,317
065601305,17,178,174,1,370
065601306,1,181,97,0,279
065601307,6,317,129,1,453
065601308,3,208,121,0,332
065601309,3,227,78,1,309
065601310,8,313,131,0,452
065601311,2,289,178,1,470
065601401,27,161,234,18,440
065601402,4,205,186,6,401
065601403,3,67,263,4,337
065601404,21,140,153,1,315
065601405,250,53,79,0,382
065601406,239,44,96,4,383
065601407,2,62,193,2,259
065601408,0,247,267,10,524
065601409,2,85,145,1,233
065601410,0,112,117,2,231
065601411,5,94,169,5,273
065601412,11,187,154,1,353
065601413,2,280,32,0,314
065601414,9,174,150,2,335
065601501,2,157,130,2,291
065601502,10,90,100,0,200
065601503,3,158,130,0,291
065601504,5,175,102,1,283
065601505,1,133,121,0,255
065601506,0,135,148,0,283
065601507,0,96,125,0,221
065601508,391,172,144,2,709
065601509,6,240,233,1,480
065601510,9,166,142,2,319
065601511,2,163,216,3,384
065601512,6,136,209,0,351
065601513,3,167,206,1,377
065601514,3,114,255,1,373
065601515,4,178,219,1,402
065601516,18,229,151,0,398
065601601,1,131,177,7,316
065601602,2,173,91,0,266
065601603,6,172,159,0,337
065601604,0,191,124,3,318
065601605,13,139,171,0,323
065601606,2,200,223,0,425
065601607,9,127,185,0,321
065601608,69,180,143,0,392
065601609,2,210,163,2,377
065601610,13,219,116,0,348
065601611,6,279,118,0,403
065601612,7,207,241,0,455
065601613,3,198,177,1,379
065601614,3,244,156,4,407
065601615,1,162,90,0,253
065601616,0,173,46,0,219
065601701,1,144,213,4,362
065601702,2,113,173,6,294
065601703,1,120,180,12,313
065601704,0,77,105,3,185
065601705,161,40,33,0,234
065601706,79,86,54,0,219
065601707,4,106,44,0,154
065601708,3,67,6,1,77
065601709,2,48,3,0,53
065601710,4,98,15,0,117
065601711,111,57,7,0,175
065601712,2,98,32,0,132
065601713,2,105,115,8,230
065601714,2,72,101,5,180
065601715,0,125,48,0,173
065601716,0,155,77,4,236
065601717,1,176,55,1,233
065601718,0,141,39,0,180
065601719,1,255,111,0,367
065601720,6,163,51,2,222
065601721,0,124,87,1,212
065601722,121,85,19,0,225
065601723,120,85,19,0,224
065601724,134,73,33,0,240
065601801,0,142,69,2,213
065601802,1,269,81,2,353
065601803,1,141,74,2,218
065601804,0,170,54,1,225
065601805,1,142,37,1,181
065601806,331,136,47,2,516
065601807,4,190,25,0,219
065601808,0,144,40,0,184
065601809,0,285,106,1,392
065601810,1,288,174,1,464
065601811,2,275,126,0,403
065601812,1,230,38,1,270
065601813,0,187,83,2,272
065601814,3,293,141,0,437
065601815,0,275,84,0,359
065601901,8,118,118,3,247
065601902,0,160,116,3,279
065601903,4,146,180,7,337
065601904,1,174,120,3,298
065601905,2,86,106,1,195
065601906,1,84,108,1,194
065601907,0,206,95,0,301
065601908,0,255,30,0,285
065601909,1,206,75,0,282
065601910,0,218,142,5,365
065601911,2,193,66,0,261
065601912,0,179,55,0,234
065601913,0,131,58,0,189
065601914,2,181,59,1,243
065601915,0,152,152,0,304
065601916,0,108,79,7,194
065601917,0,92,66,4,162
065601918,2,89,36,0,127
065601919,2,56,104,4,166
065601920,0,75,112,3,190
065602001,392,17,57,0,466
065602002,8,173,175,1,357
065602003,114,93,164,1,372
065602004,4,202,175,0,381
065602005,0,71,190,2,263
065602006,137,74,84,5,300
065602007,98,150,86,0,334
065602008,90,95,99,1,285
065602009,0,139,175,6,320
065602010,50,49,211,4,314
065602011,232,19,21,0,272
065602012,250,28,19,0,297
065602013,61,187,156,1,405
065602014,6,224,108,1,339
065602101,5,248,116,5,374
065602102,1,124,81,2,208
065602103,0,105,127,4,236
065602104,0,79,103,2,184
065602105,0,134,114,1,249
065602106,42,76,140,1,259
065602107,0,224,194,0,418
065602108,0,152,249,0,401
065602109,20,211,155,1,387
065602110,0,189,42,0,231
065602111,338,77,21,0,436
065602112,116,58,51,0,225
065602113,284,31,11,0,326
065602201,1,139,134,2,276
065602202,7,247,75,0,329
065602203,4,298,54,1,357
065602204,227,83,44,0,354
065602205,353,35,14,0,402
065602206,223,19,10,0,252
065602207,201,26,22,0,249
065602208,391,5,3,0,399
065602209,304,17,19,0,340
065602210,293,30,20,0,343
065602301,11,229,81,0,321
065602302,0,212,82,1,295
065602303,1,180,83,1,265
065602304,363,25,30,0,418
065602305,3,229,111,0,343
065602306,94,192,44,3,333
065602307,328,19,0,0,347
065602308,198,4,5,0,207
065602309,187,0,2,0,189
065602310,232,0,1,0,233
065602311,174,0,0,0,174
065602312,187,1,1,0,189
065602313,317,7,5,0,329
065602314,211,8,0,0,219
065602315,254,3,1,0,258
065602316,251,36,10,1,298
065602317,380,6,0,0,386
065602401,226,3,0,0,229
065602402,183,2,0,0,185
065602403,245,3,6,0,254
065602404,286,0,0,1,287
065602405,257,16,7,1,281
065602406,243,21,12,0,276
065602407,251,39,13,0,303
065602408,243,37,17,0,297
065602409,208,9,5,0,222
065602410,198,4,2,0,204
065602411,290,3,0,0,293
065602412,188,1,2,0,191
065602413,194,18,0,0,212
065602414,214,7,1,0,222
065602415,192,4,2,0,198
065602416,240,26,13,0,279
065602417,278,63,41,0,382
065602501,244,1,2,0,247
065602502,259,5,1,0,265
065602503,297,55,21,1,374
065602504,406,40,4,0,450
065602505,189,13,14,1,217
065602506,171,53,24,0,248
065602507,210,69,1,0,280
065602508,199,100,58,0,357
065602509,381,65,21,0,467
065602510,478,16,8,0,502
065602511,172,41,12,2,227
065602512,185,56,18,1,260
065602513,280,64,76,2,422
065602514,256,49,29,0,334
065680101,4,85,43,0,132
065680102,258,10,0,0,268
065680103,222,104,23,0,349
065680201,224,54,21,0,299
065680202,184,13,7,0,204
065680203,279,40,5,0,324
065680204,214,15,22,0,251
065680205,243,27,27,0,297
065680206,271,47,29,0,347
065680207,99,160,79,0,338
065680208,17,286,47,0,350
065680209,29,248,174,0,451
065680210,4,178,47,0,229
065680211,6,280,66,0,352
065680212,1,191,79,0,271
065680301,3,266,69,0,338
065680302,8,294,64,0,366
065680303,6,190,155,0,351
065680304,21,159,77,0,257
065680305,21,176,44,0,241
065680306,30,114,109,0,253
065680307,15,143,69,0,227
065680308,2,188,117,1,308
065680309,9,199,116,0,324
065680310,221,3,0,0,224
065680311,268,76,47,0,391
065680312,281,42,4,0,327
065680313,331,36,32,0,399
065680314,581,6,1,0,588
065680315,530,21,2,0,553
065680316,317,8,0,0,325
065680401,227,15,1,0,243
065680402,228,4,1,0,233
065680403,228,3,0,0,231
065680404,286,2,0,0,288
065680405,340,1,0,0,341
065680406,184,2,0,0,186
065680407,282,3,0,0,285
065680408,331,8,1,0,340
065680409,379,1,0,0,380
065680410,295,0,0,0,295
065680411,367,3,1,0,371
065680501,299,1,0,0,300
065680502,426,6,1,0,433
065680503,244,0,1,0,245
065680504,228,0,0,0,228
065680505,366,2,1,0,369
065680506,314,3,2,0,319
065680507,334,4,0,0,338
065680508,357,1,0,0,358
065680509,217,0,4,0,221
065680510,206,3,0,0,209
065680601,400,0,0,0,400
065680602,314,1,1,0,316
065680603,293,1,0,0,294
065680604,331,1,2,0,334
065680605,312,3,1,0,316
065680606,372,1,0,0,373
065680607,389,1,1,0,391
065680608,289,1,2,0,292
065680609,379,0,0,0,379
065680610,225,2,0,0,227
065680611,162,0,0,0,162
065680701,0,237,73,0,310
065680702,1,240,61,0,302
065680703,4,208,3,0,215
065680704,2,217,25,0,244
065680705,14,261,17,0,292
065680706,353,14,0,0,367
065680707,67,231,4,0,302
065680708,8,213,60,0,281
065680801,5,290,41,0,336
065680802,12,251,61,0,324
065680803,4,164,72,0,240
065680804,6,268,88,0,362
065680805,4,260,114,0,378
065680806,7,259,88,0,354
065680807,16,217,120,0,353
065680808,4,260,80,0,344
065680901,3,134,57,0,194
065680902,4,219,28,0,251
065680903,8,350,48,0,406
065680904,7,172,54,0,233
065680905,5,163,40,0,208
065680906,4,214,59,0,277
065680907,4,283,105,0,392
065680908,3,160,16,0,179
065680909,6,210,46,0,262
065680910,384,1,0,0,385
065680911,203,0,0,0,203
065680912,204,0,0,0,204
065681001,8,253,73,0,334
065681002,4,107,49,1,161
065681003,7,61,91,1,160
065681004,16,213,68,1,298
065681005,28,235,35,0,298
065681006,121,69,25,0,215
065681007,1,141,58,0,200
065681008,5,246,86,0,337
065681009,5,226,61,0,292
065681010,160,50,15,0,225
065681011,149,51,24,0,224
065681012,265,54,19,0,338
065681013,347,8,7,0,362
065681014,275,1,1,0,277
065681015,264,1,0,0,265
065681016,293,4,0,0,297
065681017,204,23,28,1,256
065681101,290,1,0,0,291
065681102,360,4,2,0,366
065681103,241,0,0,0,241
065681104,190,0,1,1,192
065681105,282,0,0,0,282
065681106,271,4,1,0,276
065681107,276,0,1,0,277
065681108,343,0,0,0,343
065681109,242,1,0,0,243
065681110,226,0,0,0,226
065681111,257,2,0,0,259
065681112,318,2,1,0,321
065681201,262,2,1,0,265
065681202,329,4,0,0,333
065681203,324,3,0,0,327
065681204,243,1,1,0,245
065681205,384,2,1,0,387
065681206,394,3,0,0,397
065681207,398,1,0,0,399
065681208,232,0,0,0,232
065681209,233,4,1,0,238
065681210,276,1,2,0,279
065681301,217,2,1,0,220
065681302,204,2,0,0,206
065681303,268,3,1,0,272
065681304,324,2,3,1,330
065681305,325,3,1,0,329
065681306,361,12,6,0,379
065681307,408,8,7,0,423
065681308,346,12,8,0,366
065681309,359,9,3,0,371
065681310,323,15,5,0,343
065681401,2,152,37,0,191
065681402,301,1,2,0,304
065681403,253,150,42,0,445
065681404,240,18,4,0,262
065681405,180,4,0,0,184
065681406,203,4,0,0,207
065681407,320,8,0,0,328
065681408,242,0,0,0,242
065681409,348,0,0,0,348
065681410,357,3,3,0,363
065681501,41,197,34,0,272
065681502,19,230,104,2,355
065681503,17,259,56,0,332
065681504,314,46,18,0,378
065681505,302,6,4,0,312
065681506,297,17,6,0,320
065681507,335,7,8,0,350
065681508,396,8,10,0,414
065681509,218,0,0,0,218
065681510,299,4,2,0,305
065681601,274,61,29,1,365
065681602,44,225,63,0,332
065681603,18,204,44,0,266
065681604,379,43,15,0,437
065681605,328,0,0,0,328
065681606,344,4,2,0,350
065681607,240,12,2,0,254
065681608,110,108,10,0,228
065681609,12,354,56,0,422
065681610,166,194,14,0,374
065681611,307,7,1,0,315
065681612,382,3,2,0,387
065681701,9,286,50,0,345
065681702,2,248,70,0,320
065681703,2,155,92,1,250
065681704,2,193,39,0,234
065681705,1,347,39,0,387
065681706,7,318,73,0,398
065681707,55,266,50,0,371
065681708,189,149,31,0,369
065681709,252,14,2,0,268
065681710,291,1,0,0,292
065681711,310,1,0,0,311
065681712,283,0,1,0,284
065681801,228,0,1,0,229
065681802,165,1,0,0,166
065681803,175,3,0,0,178
065681804,236,2,0,0,238
065681805,254,3,1,0,258
065681806,178,1,0,0,179
065681807,145,173,15,0,333
065681808,252,4,0,0,256
065681809,355,5,1,0,361
065681810,99,170,49,0,318
065681811,50,218,35,1,304
065681812,191,112,19,0,322
065681813,2,229,24,0,255
065681814,1,205,17,0,223
065681901,248,5,2,0,255
065681902,330,3,0,0,333
065681903,415,7,4,0,426
065681904,241,0,0,0,241
065681905,244,3,1,0,248
065681906,332,74,13,0,419
065681907,4,250,93,0,347
065681908,12,343,18,0,373
065681909,99,241,52,0,392
065681910,174,24,24,0,222
065681911,5,245,127,0,377
065682001,340,4,0,0,344
065682002,239,0,0,0,239
065682003,311,1,0,0,312
065682004,293,2,3,0,298
065682005,272,0,0,0,272
065682006,222,1,0,0,223
065682007,219,0,0,0,219
065682008,356,4,1,0,361
065682009,408,1,0,0,409
065682010,277,20,7,0,304
065682011,369,40,10,0,419
065682012,325,4,1,1,331
065682013,260,0,1,0,261
065682014,235,4,4,0,243
065682101,175,0,0,0,175
065682102,142,3,1,0,146
065682103,144,0,0,0,144
065682104,260,6,0,0,266
065682105,142,0,0,0,142
065682106,121,0,0,0,121
065682107,41,0,0,0,41
065682108,133,1,0,0,134
065682109,163,2,1,0,166
065682110,171,1,0,0,172
065682111,115,0,4,0,119
065682112,245,1,0,0,246
065682113,336,23,12,0,371
065682201,159,22,3,0,184
065682202,98,35,5,0,138
065682203,114,22,5,0,141
065682204,159,15,10,0,184
065682205,109,4,4,0,117
065682206,153,80,7,0,240
065682207,125,16,2,0,143
065682208,149,42,6,0,197
065682209,120,45,4,0,169
065682210,132,49,7,0,188
065682211,96,42,6,0,144
065682212,147,22,3,0,172
065682213,222,49,9,0,280
065682214,278,72,1,0,351
065682215,127,29,4,0,160
065682216,170,40,1,0,211
065682217,180,17,2,0,199
065682218,112,15,2,0,129
065682301,197,3,1,0,201
065682302,227,3,0,0,230
065682303,282,3,1,0,286
065682304,207,3,3,0,213
065682305,222,2,0,0,224
065682306,350,10,10,0,370
065682307,368,5,1,0,374
065682308,408,3,1,0,412
065682309,326,4,5,0,335
065682310,253,1,0,0,254
065682311,242,3,4,0,249
065682401,345,12,7,0,364
065682402,296,8,6,0,310
065682403,187,11,4,0,202
065682404,359,20,5,0,384
065682405,342,12,5,0,359
065682406,248,1,0,0,249
065682407,261,8,0,0,269
065682408,363,15,18,0,396
065682409,232,1,3,0,236
065682410,209,15,4,0,228
065682501,172,3,2,0,177
065682502,310,3,0,0,313
065682503,351,5,2,0,358
065682504,394,6,1,0,401
065682505,209,2,5,0,216
065682506,185,163,112,0,460
065682507,47,280,102,0,429
065682508,210,106,58,0,374
065682509,15,91,202,0,308
065682510,0,89,211,3,303
065682511,14,310,96,0,420
065682512,9,298,95,0,402
065682601,230,3,0,0,233
065682602,352,4,3,0,359
065682603,340,11,3,0,354
065682604,203,7,2,0,212
065682605,170,4,1,0,175
065682606,54,135,26,0,215
065682607,18,258,131,0,407
065682608,104,109,13,0,226
065682609,84,87,58,0,229
065682610,135,199,41,0,375
065682611,7,298,57,0,362
065682612,9,278,77,1,365
065682701,0,15,0,0,15
065682702,0,187,151,0,338
065682703,0,223,67,0,290
065682704,0,212,90,0,302
065682705,1,218,25,0,244
065682706,0,218,61,1,280
065682707,0,287,68,0,355
065682708,8,191,74,0,273
065682709,6,258,62,0,326
065682710,0,199,76,1,276
065682711,2,220,100,0,322
065682801,1,341,101,0,443
065682802,3,332,32,0,367
065682803,2,415,73,0,490
065682804,3,189,63,1,256
065682805,2,287,148,1,438
065682806,0,255,95,1,351
065682807,1,203,35,0,239
065682808,1,169,68,0,238
065682809,1,258,108,0,367
065682810,0,282,103,0,385
065682901,1,253,73,1,328
065682902,2,198,121,2,323
065682903,4,152,93,0,249
065682904,1,181,94,0,276
065682905,0,208,45,0,253
065682906,1,186,84,0,271
065682907,0,250,71,1,322
065682908,0,162,111,0,273
065682909,0,250,72,1,323
065682910,2,175,96,0,273
065682911,0,364,151,0,515
065682912,3,236,105,0,344
065682913,0,248,29,0,277
065682914,1,138,111,0,250
065683001,8,218,144,0,370
065683002,1,335,96,0,432
065683003,6,331,97,0,434
065683004,5,337,114,0,456
065683005,1,189,70,0,260
065683006,28,164,64,31,287
065683007,2,278,135,0,415
065683008,4,295,77,0,376
065683009,3,205,62,0,270
065683010,5,319,103,0,427
065683011,16,315,89,0,420
065683101,9,350,56,0,415
065683102,11,293,93,0,397
065683103,15,269,48,1,333
065683104,15,306,147,1,469
065683105,12,204,127,0,343
065683106,15,164,141,1,321
065683107,6,337,52,1,396
065683108,7,134,84,0,225
065683109,7,173,142,4,326
065683110,7,170,100,1,278
065683111,3,182,19,0,204
065683112,16,257,100,0,373
066580101,2,0,0,0,2
066580102,362,8,8,0,378
066580103,341,9,0,0,350
066580104,248,1,0,0,249
066580105,298,3,6,0,307
066580106,310,4,5,0,319
066580107,243,0,0,0,243
066580108,250,0,0,0,250
066580109,303,7,3,0,313
066580110,389,44,30,4,467
066580111,0,0,1,2,3
066580112,0,1,44,0,45
066580113,25,0,2,0,27
066580201,5,4,51,27,87
066580202,16,80,151,0,247
066580203,7,91,127,10,235
066580204,11,46,187,24,268
066580205,8,84,124,8,224
066580206,29,96,269,9,403
066580207,11,44,217,8,280
066580208,5,34,261,6,306
066580209,134,63,87,0,284
066580210,192,48,31,0,271
066580211,19,54,240,35,348
066580212,233,19,34,0,286
066580301,8,31,252,2,293
066580302,4,20,243,16,283
066580303,298,15,43,0,356
066580304,285,11,2,0,298
066580305,383,3,0,0,386
066580306,306,1,0,0,307
066580307,367,10,0,0,377
066580308,458,7,2,0,467
066580309,452,0,0,0,452
066580310,305,2,4,0,311
066580311,256,2,1,0,259
066580401,96,6,48,8,158
066580402,203,59,74,0,336
066580403,199,19,117,0,335
066580404,67,69,132,1,269
066580405,282,0,2,0,284
066580406,266,0,13,0,279
066580407,276,3,9,0,288
066580408,393,4,2,0,399
066580409,343,1,0,0,344
066580410,323,1,1,0,325
066580411,338,0,1,0,339
066580412,394,1,2,0,397
066580413,228,5,5,0,238
066580414,196,2,0,0,198
066580415,281,2,3,0,286
066580501,224,0,0,0,224
066580502,170,1,0,0,171
066580503,297,0,0,0,297
066580504,203,0,0,0,203
066580505,226,0,3,0,229
066580506,286,1,1,0,288
066580507,404,3,3,0,410
066580508,308,4,0,0,312
066580509,357,4,1,0,362
066580510,176,3,1,0,180
066580511,332,7,1,0,340
066580512,263,3,0,0,266
066580513,279,0,1,0,280
066580514,281,1,2,0,284
066580601,237,0,0,0,237
066580602,272,2,0,0,274
066580603,314,0,0,0,314
066580604,284,0,0,0,284
066580605,313,1,0,0,314
066580606,193,3,0,0,196
066580607,268,1,0,0,269
066580608,172,2,0,0,174
066580609,399,2,1,0,402
066580610,356,0,0,0,356
066580611,340,5,1,0,346
066580612,280,2,0,0,282
066580701,261,1,0,0,262
066580702,256,3,0,0,259
066580703,273,2,0,0,275
066580704,302,0,0,0,302
066580705,267,2,0,0,269
066580706,261,4,3,0,268
066580707,247,2,1,0,250
066580708,162,44,165,4,375
066580709,155,21,113,1,290
066580710,131,72,221,3,427
066580711,237,6,14,0,257
066580801,163,0,0,0,163
066580802,205,0,0,0,205
066580803,168,1,0,0,169
066580804,328,0,0,0,328
066580805,321,1,0,0,322
066580806,205,0,0,0,205
066580807,206,2,0,0,208
066580808,216,0,0,0,216
066580809,292,0,0,0,292
066580810,197,1,0,0,198
066580811,291,0,0,0,291
066580812,218,0,0,0,218
066580813,138,0,0,0,138
066580814,199,0,0,0,199
066580815,157,0,0,0,157
066580901,332,1,1,0,334
066580902,322,0,1,0,323
066580903,278,0,0,0,278
066580904,53,0,0,0,53
066580905,208,0,0,0,208
066580906,263,0,0,0,263
066580907,194,1,0,0,195
066580908,166,0,0,0,166
066580909,182,0,1,0,183
066580910,302,0,0,0,302
066580911,187,1,0,0,188
066580912,222,0,0,0,222
066580913,237,2,0,0,239
066581001,33,35,185,14,267
066581002,119,36,188,3,346
066581003,256,4,2,0,262
066581004,253,1,1,0,255
066581005,417,0,0,0,417
066581006,228,1,0,0,229
066581007,373,4,0,0,377
066581008,302,0,1,0,303
066581009,259,2,0,0,261
066581010,267,18,3,0,288
066581011,306,10,27,1,344
066581012,28,71,247,35,381
066581013,66,13,136,0,215
066581101,293,14,8,0,315
066581102,260,0,0,0,260
066581103,232,0,0,0,232
066581104,204,0,1,0,205
066581105,162,0,0,0,162
066581106,256,11,5,0,272
066581107,282,2,4,0,288
066581108,274,0,0,0,274
066581109,300,0,1,0,301
066581110,305,0,1,0,306
066581111,232,2,0,0,234
066581112,286,0,0,0,286
066581113,213,1,1,0,215
066581201,427,8,4,0,439
066581202,346,4,3,0,353
066581203,407,2,2,0,411
066581204,395,2,0,0,397
066581205,323,1,1,0,325
066581206,307,0,0,0,307
066581207,284,1,1,0,286
066581208,308,0,0,0,308
066581209,287,0,0,0,287
066581210,281,0,0,0,281
066581211,344,0,0,0,344
066581212,337,0,0,0,337
066581213,263,0,1,0,264
066581301,6,30,125,4,165
066581302,7,8,120,1,136
066581303,6,7,96,0,109
066581304,8,28,189,4,229
066581305,7,9,112,0,128
066581306,4,22,176,7,209
066581307,27,52,177,2,258
066581308,59,50,121,3,233
066581309,17,37,207,1,262
066581310,35,42,146,3,226
066581401,3,6,114,13,136
066581402,2,13,44,1,60
066581403,3,7,54,3,67
066581404,0,39,140,3,182
066581405,0,14,115,0,129
066581406,2,32,68,11,113
066581407,54,44,148,4,250
066581408,5,29,158,6,198
066581409,23,51,292,26,392
066581410,41,14,144,0,199
066581501,230,11,13,0,254
066581502,269,11,20,0,300
066581503,194,19,106,0,319
066581504,24,26,120,0,170
066581505,263,11,87,0,361
066581506,177,1,5,0,183
066581507,255,6,1,0,262
066581508,275,0,2,0,277
066581509,348,0,0,0,348
066581510,231,2,0,0,233
066581511,202,3,2,0,207
066581512,232,1,1,0,234
066581513,238,2,0,0,240
066581601,258,1,0,0,259
066581602,255,5,0,0,260
066581603,241,0,0,0,241
066581604,186,0,0,0,186
066581605,209,0,0,0,209
066581606,263,2,0,0,265
066581607,231,0,0,0,231
066581608,249,2,0,0,251
066581609,288,2,0,0,290
066581610,220,0,1,0,221
066581611,225,0,1,0,226
066581612,245,1,5,0,251
066581701,289,2,0,0,291
066581702,267,0,0,0,267
066581703,254,0,0,0,254
066581704,291,0,0,0,291
066581705,319,1,0,0,320
066581706,345,0,0,0,345
066581707,294,2,1,0,297
066581708,376,3,0,0,379
066581709,362,2,0,0,364
066581710,274,1,1,0,276
066581711,348,6,7,0,361
066581712,312,2,1,0,315
066581801,130,2,0,0,132
066581802,150,0,0,0,150
066581803,191,1,0,0,192
066581804,271,8,0,0,279
066581805,265,1,2,0,268
066581806,286,0,0,0,286
066581807,224,0,0,0,224
066581808,269,0,0,0,269
066581809,302,2,0,0,304
066581810,211,0,0,0,211
066581811,245,1,0,0,246
066581812,148,0,0,0,148
066581901,227,1,0,0,228
066581902,265,0,0,0,265
066581903,200,0,1,0,201
066581904,178,0,0,0,178
066581905,200,2,5,0,207
066581906,188,1,1,0,190
066581907,185,1,1,0,187
066581908,275,1,0,0,276
066581909,236,1,3,0,240
066581910,269,6,1,0,276
066581911,257,7,10,0,274
066582001,265,1,1,0,267
066582002,317,2,0,0,319
066582003,395,10,11,0,416
066582004,325,13,7,0,345
066582005,322,12,18,1,353
066582006,228,18,5,1,252
066582007,246,1,8,0,255
066582008,324,12,47,0,383
066582009,492,20,47,0,559
066582010,486,7,9,0,502
066582011,363,40,35,0,438
066582101,470,12,9,0,491
066582102,454,8,14,0,476
066582103,468,6,15,0,489
066582104,305,15,20,0,340
066582105,281,25,45,0,351
066582106,426,17,17,0,460
066582107,82,96,399,1,578
066582108,199,46,317,2,564
066582109,349,4,11,1,365
066582110,283,11,9,0,303
066582111,451,0,0,0,451
066582112,506,15,25,0,546
066582113,402,28,64,2,496
066582114,216,56,91,0,363
066582115,7,54,212,1,274
066582116,50,41,178,4,273
066582201,321,2,2,0,325
066582202,328,1,0,0,329
066582203,311,1,2,0,314
066582204,260,3,1,0,264
066582205,230,0,2,0,232
066582206,241,1,0,0,242
066582207,280,0,0,0,280
066582208,221,0,1,0,222
066582209,434,14,3,0,451
066582210,362,9,5,0,376
066582211,363,2,1,0,366
066582301,258,2,1,0,261
066582302,360,5,6,0,371
066582303,430,12,7,0,449
066582304,268,23,23,0,314
066582305,308,11,10,0,329
066582306,194,7,12,0,213
066582307,198,0,0,0,198
066582308,212,1,3,0,216
066582309,113,52,195,2,362
066582310,63,70,233,0,366
066582311,290,6,20,0,316
066582312,257,2,16,0,275
066582401,311,4,0,0,315
066582402,337,3,5,0,345
066582403,424,8,3,0,435
066582404,281,2,1,0,284
066582405,304,4,1,0,309
066582406,350,6,2,0,358
066582407,319,2,0,0,321
066582408,268,1,0,0,269
066582409,269,1,0,0,270
066582410,234,2,0,0,236
066582411,239,5,1,0,245
066582412,237,0,0,0,237
066582501,223,1,0,0,224
066582502,238,0,0,0,238
066582503,275,5,2,0,282
066582504,229,3,1,0,233
066582505,278,3,0,0,281
066582506,301,2,0,0,303
066582507,256,3,6,0,265
066582508,310,7,14,0,331
066582509,222,6,2,0,230
066582510,344,1,6,0,351
066582511,118,30,231,0,379
066582512,193,23,99,1,316
066582513,371,1,0,0,372
066582514,131,8,2,0,141
066582601,445,29,30,4,508
066582602,381,18,48,4,451
066582603,305,10,25,0,340
066582604,313,3,31,1,348
066582605,254,8,11,0,273
066582606,292,24,22,1,339
066582607,275,0,2,0,277
066582608,259,5,1,0,265
066582609,238,1,2,0,241
066582610,364,4,0,0,368
066582701,4,98,274,0,376
066582702,12,33,267,0,312
066582703,13,27,122,9,171
066582704,15,20,88,0,123
066582705,14,39,66,1,120
066582706,22,66,292,1,381
066582707,32,51,190,7,280
066582708,8,49,142,0,199
066582709,14,164,264,2,444
066582710,5,40,229,0,274
066582711,47,89,255,3,394
066582712,21,95,244,0,360
066582713,33,54,216,0,303
066582714,34,30,156,1,221
066582715,9,79,189,0,277
066582716,4,21,172,3,200
066582801,212,4,2,0,218
066582802,354,1,4,0,359
066582803,291,1,1,0,293
066582804,344,9,14,0,367
066582805,212,30,25,0,267
066582806,31,116,215,1,363
066582807,25,98,194,1,318
066582808,113,139,156,13,421
066582809,357,4,4,0,365
066582810,383,3,1,0,387
066582901,396,10,22,0,428
066582902,259,4,10,0,273
066582903,211,3,5,0,219
066582904,218,34,5,0,257
066582905,314,13,14,0,341
066582906,169,93,102,0,364
066582907,13,112,236,2,363
066582908,6,149,215,2,372
066582909,4,53,218,4,279
066582910,14,139,211,0,364
066582911,26,127,203,1,357
066582912,146,74,225,0,445
066583001,371,12,6,0,389
066583002,93,101,178,0,372
066583003,10,105,195,0,310
066583004,256,5,1,0,262
066583005,27,163,179,0,369
066583006,43,120,165,1,329
066583007,17,110,269,1,397
066583008,30,84,260,4,378
066583009,41,127,271,2,441
066583010,2,156,183,0,341
066583011,3,193,196,0,392
066583012,20,39,211,2,272
066583101,309,1,0,0,310
066583102,378,5,1,0,384
066583103,620,20,18,0,658
066583104,416,22,16,0,454
066583105,297,17,8,0,322
066583106,980,21,48,0,1049
066583107,311,2,1,0,314
066583108,155,42,32,0,229
066583109,266,4,0,0,270
066583110,7,164,242,0,413
066583111,6,196,186,0,388
066583112,7,111,114,0,232
066583113,5,103,90,0,198
066583201,226,7,6,0,239
066583202,380,3,1,0,384
066583203,357,3,3,0,363
066583204,191,1,1,0,193
066583205,263,11,0,0,274
066583206,93,5,7,0,105
066583207,482,27,10,1,520
066583208,528,7,10,0,545
066583209,133,4,11,0,148
066583210,421,8,11,0,440
066583211,183,5,1,0,189
066583212,485,12,10,3,510
066583213,291,9,6,0,306
066583301,365,49,128,2,544
066583302,11,46,287,3,347
066583303,11,47,265,3,326
066583304,13,33,273,4,323
066583305,29,100,472,7,608
066583306,385,12,37,1,435
066583307,373,16,8,0,397
066583308,190,3,9,0,202
066583309,391,10,20,0,421
066583310,264,8,4,0,276
066583311,352,14,8,0,374
066583312,239,36,36,0,311
066583313,44,82,148,0,274
066583401,8,212,177,0,397
066583402,14,103,193,1,311
066583403,16,120,185,0,321
066583404,12,93,223,1,329
066583405,192,60,58,0,310
066583406,388,7,5,0,400
066583407,298,6,5,0,309
066583408,327,6,6,0,339
066583409,281,3,3,1,288
066583410,168,43,34,0,245
066583411,311,43,12,0,366
066583412,336,20,17,1,374
066583413,362,14,22,0,398
066583501,281,21,21,0,323
066583502,256,39,98,0,393
066583503,14,146,118,0,278
066583504,13,203,159,1,376
066583505,14,74,179,0,267
066583506,368,20,26,0,414
066583507,280,29,24,0,333
066583508,267,42,79,0,388
066583509,256,38,29,0,323
066583510,47,118,274,8,447
066583601,381,15,111,3,510
066583602,40,106,343,8,497
066583603,16,154,169,0,339
066583604,6,136,102,1,245
066583605,8,163,173,0,344
066583606,13,69,152,1,235
066583607,22,157,330,1,510
066583608,15,99,171,0,285
066583609,24,136,175,10,345
066583610,24,83,201,0,308
066583611,7,167,273,3,450
066583612,140,88,149,0,377
066583613,17,44,249,8,318
066583614,49,84,144,1,278
066583701,7,84,377,4,472
066583702,22,44,507,20,593
066583703,5,110,124,28,267
066583704,7,29,179,1,216
066583705,4,19,159,3,185
066583706,4,29,237,9,279
066583707,15,113,300,1,429
066583708,9,150,193,11,363
066583709,2,122,181,0,305
066583710,10,141,120,0,271
066583711,6,154,364,0,524
066583712,19,137,334,0,490
066583713,10,172,326,2,510
066583801,19,74,394,4,491
066583802,18,97,334,0,449
066583803,4,39,190,2,235
066583804,19,42,278,1,340
066583805,58,101,256,1,416
066583806,26,55,295,3,379
066583807,2,20,77,0,99
066583808,7,17,209,0,233
066583809,4,17,167,3,191
066583810,8,24,164,3,199
066583811,241,51,192,14,498
066583812,270,52,28,1,351
066583813,282,23,20,0,325
066583814,352,24,32,6,414
066583815,360,28,56,0,444
066583816,243,45,265,22,575
066583901,360,24,51,0,435
066583902,330,45,36,1,412
066583903,322,32,40,0,394
066583904,191,15,28,0,234
066583905,19,155,225,1,400
066583906,8,133,165,0,306
066583907,14,152,195,1,362
066583908,2,109,169,1,281
066583909,11,144,75,0,230
066583910,16,191,298,3,508
066584001,23,71,267,41,402
066584002,4,24,271,11,310
066584003,3,21,242,24,290
066584004,8,92,313,23,436
066584005,5,35,279,10,329
066584006,9,36,88,2,135
066584007,21,115,262,10,408
066584008,8,108,153,0,269
066584009,4,93,80,0,177
066584010,3,77,68,1,149
066584011,14,65,124,0,203
066584012,10,160,209,0,379
066584013,12,169,124,2,307
066584014,8,116,157,1,282
066584015,2,245,255,3,505
066584016,3,172,148,0,323
066584017,15,196,239,2,452
066584101,11,54,217,0,282
066584102,16,144,393,2,555
066584103,9,198,191,3,401
066584104,11,327,122,1,461
066584105,37,188,191,0,416
066584106,125,157,187,0,469
066584107,123,172,190,1,486
066584108,9,132,228,1,370
066584109,81,154,214,5,454
066584110,4,211,252,1,468
066584111,81,42,124,0,247
066584112,162,63,70,4,299
066584113,256,106,123,1,486
066584114,159,72,63,6,300
066584115,114,47,122,1,284
066584201,17,91,114,20,242
066584202,53,101,125,1,280
066584203,270,98,26,0,394
066584204,65,124,146,0,335
066584205,29,59,167,9,264
066584206,32,179,49,0,260
066584207,64,68,89,0,221
066584208,231,83,21,0,335
066584209,383,47,31,0,461
066584210,302,38,44,1,385
066584211,159,73,37,0,269
066584212,284,74,40,0,398
066584213,27,264,144,0,435
066584301,11,125,150,0,286
066584302,5,202,206,0,413
066584303,25,212,241,1,479
066584304,9,52,349,31,441
066584305,8,47,234,4,293
066584306,24,98,214,9,345
066584307,5,63,163,0,231
066584308,8,167,278,0,453
066584309,4,111,121,0,236
066584310,2,112,107,5,226
066584311,10,133,211,0,354
066584312,20,232,130,0,382
066584401,13,178,101,31,323
066584402,20,148,150,17,335
066584403,10,113,258,2,383
066584404,38,270,225,2,535
066584405,19,152,177,1,349
066584406,40,206,99,1,346
066584407,8,164,54,0,226
066584408,29,194,200,1,424
066584409,6,234,268,0,508
066584410,16,117,239,3,375
066584411,8,203,272,3,486
066584412,6,141,199,25,371
066584413,3,36,78,12,129
066584414,0,41,133,3,177
067490101,5,0,18,2,25
067490102,118,44,179,15,356
067490103,202,37,90,0,329
067490104,3,31,82,1,117
067490105,39,33,75,0,147
067490201,194,3,1,0,198
067490202,321,15,25,0,361
067490203,332,4,5,0,341
067490204,346,4,4,0,354
067490205,284,35,9,0,328
067490206,121,0,0,0,121
067490207,214,17,2,13,246
067490208,281,7,9,0,297
067490209,338,2,3,0,343
067490210,339,6,2,0,347
067490211,257,5,0,0,262
067490212,227,7,3,0,237
067490213,258,2,2,0,262
067490301,318,0,1,0,319
067490302,142,1,0,0,143
067490303,228,0,0,0,228
067490304,341,1,2,0,344
067490305,287,3,2,0,292
067490306,163,3,1,0,167
067490307,211,5,0,0,216
067490308,255,0,0,0,255
067490309,237,2,0,0,239
067490310,253,4,0,0,257
067490311,316,0,0,0,316
067490312,359,3,1,0,363
067490401,72,2,17,0,91
067490402,64,9,19,1,93
067490403,226,2,0,0,228
067490404,309,8,0,0,317
067490405,58,11,24,0,93
067490406,264,0,1,0,265
067490501,155,1,0,0,156
067490502,243,5,0,0,248
067490503,291,0,0,0,291
067490504,306,3,0,0,309
067490505,250,3,0,0,253
067490506,299,0,0,0,299
067490507,195,0,0,0,195
067490508,170,0,0,0,170
067490509,238,1,1,0,240
067490510,232,3,1,0,236
067490511,136,5,3,0,144
067490512,200,0,0,0,200
067490513,125,0,0,0,125
067490601,188,11,5,0,204
067490602,330,1,0,0,331
067490603,345,2,0,0,347
067490604,209,5,2,0,216
067490605,306,0,0,0,306
067490701,194,93,92,0,379
067490702,154,47,81,0,282
067490703,171,73,48,0,292
067490704,187,118,64,0,369
067490705,334,54,61,0,449
067490706,230,34,5,0,269
067490707,361,7,6,0,374
067490708,293,69,70,0,432
067490709,125,28,77,1,231
067490801,232,15,23,2,272
067490802,111,53,12,0,176
067490803,17,97,122,0,236
067490804,15,151,172,2,340
067490805,202,101,93,0,396
067490806,104,46,156,1,307
067490807,391,20,37,0,448
067490808,322,35,18,0,375
067490809,280,22,21,0,323
067490901,299,13,9,0,321
067490902,346,18,7,0,371
067490903,401,22,20,0,443
067490904,406,17,6,0,429
067490905,350,56,3,7,416
067490906,247,28,44,0,319
067490907,108,104,36,0,248
067490908,289,17,11,0,317
067490909,47,70,212,0,329
067490910,10,114,136,0,260
067490911,286,49,56,0,391
067490912,410,14,9,0,433
067490913,83,10,21,2,116
067491001,448,15,5,0,468
067491002,333,20,5,0,358
067491003,387,15,8,0,410
067491004,341,27,8,0,376
067491005,397,12,7,0,416
067491006,382,17,1,0,400
067491007,278,12,1,0,291
067491008,166,7,1,0,174
067491009,107,92,86,0,285
067491010,203,17,3,0,223
067491011,369,7,6,0,382
067491012,185,26,87,0,298
067491013,163,7,20,0,190
067491101,22,120,144,0,286
067491102,124,82,142,1,349
067491103,20,128,124,0,272
067491104,21,92,85,2,200
067491105,268,5,10,0,283
067491106,202,11,2,0,215
067491107,319,2,4,0,325
067491108,170,6,0,0,176
067491109,151,2,1,0,154
067491110,306,3,4,0,313
067491111,281,6,5,0,292
067491112,219,7,2,0,228
067491113,354,13,6,0,373
067491114,278,46,58,0,382
067491201,158,80,86,0,324
067491202,150,55,134,0,339
067491203,318,56,51,2,427
067491204,371,29,21,0,421
067491205,414,3,0,0,417
067491206,235,21,9,1,266
067491207,28,77,172,5,282
067491208,340,0,0,0,340
067491209,196,18,25,0,239
067491210,6,204,159,1,370
067491211,16,107,238,22,383
067491301,215,46,31,4,296
067491302,416,4,1,0,421
067491303,259,2,1,0,262
067491304,333,41,44,0,418
067491305,258,83,51,0,392
067491306,298,80,52,0,430
067491307,2,1,6,0,9
067491308,177,23,34,0,234
067491309,244,8,8,1,261
067491310,250,9,8,0,267
067491311,230,3,9,0,242
067491312,259,8,9,0,276
067491313,271,2,7,0,280
067491314,284,6,3,0,293
067491315,214,8,4,1,227
067491316,478,10,4,0,492
067491317,255,6,3,0,264
067491318,286,10,7,0,303
067491319,309,16,12,0,337
067491320,72,43,123,9,247
067491321,193,3,7,0,203
067491401,160,8,6,0,174
067491402,289,8,1,0,298
067491403,255,8,6,0,269
067491404,268,6,11,0,285
067491405,301,3,3,0,307
067491406,302,4,13,0,319
067491407,352,6,4,0,362
067491408,300,11,5,0,316
067491409,301,12,19,0,332
067491410,261,4,5,0,270
067491411,88,4,0,0,92
067491412,376,9,12,0,397
067491413,388,15,2,1,406
067491414,345,20,10,0,375
067491415,310,25,17,0,352
067491416,238,19,31,0,288
067491417,359,28,34,0,421
067491418,152,3,1,0,156
067491419,66,48,234,21,369
067491420,2,30,106,60,198
067491501,1,2,11,12,26
067491502,0,12,13,43,68
067491503,0,11,11,10,32
067491504,0,38,34,11,83
067491505,0,23,40,7,70
067491506,0,1,9,10,20
067491507,0,2,4,16,22
067491508,1,24,25,4,54
067491509,1,34,32,32,99
067491510,0,60,44,13,117
067491511,0,23,85,14,122
067491512,1,36,46,13,96
067491513,5,22,22,24,73
067560101,205,28,12,0,245
067560102,171,1,0,0,172
067560103,200,1,0,0,201
067560104,252,45,10,0,307
067560105,271,3,1,0,275
067560106,251,5,1,0,257
067560107,443,0,0,0,443
067560108,195,2,0,0,197
067560109,219,0,0,0,219
067560110,390,12,2,0,404
067560111,196,2,0,0,198
067560112,327,2,1,0,330
067560113,301,4,3,0,308
067560114,387,2,1,0,390
067560115,213,1,0,0,214
067560116,317,17,20,0,354
067560117,321,14,9,0,344
067560201,268,6,1,0,275
067560202,229,5,3,0,237
067560203,366,6,9,12,393
067560204,264,2,6,0,272
067560205,267,7,16,1,291
067560206,269,8,1,0,278
067560207,324,3,4,0,331
067560208,225,0,0,0,225
067560209,301,1,0,0,302
067560301,185,0,0,0,185
067560302,133,0,0,0,133
067560303,198,1,1,0,200
067560304,248,2,0,0,250
067560305,139,1,0,0,140
067560306,148,0,0,0,148
067560307,400,0,0,0,400
067560308,267,0,0,0,267
067560309,236,0,1,0,237
067560310,328,0,0,0,328
067560401,254,4,5,2,265
067560402,286,4,0,0,290
067560403,273,45,10,0,328
067560404,287,0,1,0,288
067560405,284,0,0,0,284
067560406,223,0,0,0,223
067560407,300,1,0,0,301
067560408,195,0,0,0,195
067560501,253,9,1,0,263
067560502,277,3,1,0,281
067560503,241,2,0,0,243
067560504,301,0,0,0,301
067560505,232,0,0,0,232
067560506,238,0,0,0,238
067560507,247,1,0,0,248
067560508,279,0,0,0,279
067560509,243,0,0,0,243
067560510,261,0,0,0,261
067560601,375,0,0,0,375
067560602,257,0,0,0,257
067560603,188,0,0,0,188
067560604,134,0,0,0,134
067560605,240,0,0,0,240
067560606,248,0,0,0,248
067560607,341,0,0,0,341
067560608,235,0,0,0,235
067560609,270,0,0,0,270
067560610,346,0,0,0,346
067560611,219,1,0,0,220
067560612,218,1,0,0,219
067560701,279,1,0,0,280
067560702,223,0,0,0,223
067560703,150,0,0,0,150
067560704,313,0,0,0,313
067560705,293,0,0,0,293
067560706,316,0,1,0,317
067560707,303,1,0,0,304
067560708,247,4,1,0,252
067560709,284,1,0,0,285
067560710,324,2,0,0,326
067560801,310,5,0,0,315
067560802,303,4,0,1,308
067560803,326,2,0,0,328
067560804,361,0,4,0,365
067560805,370,0,0,0,370
067560806,417,1,0,0,418
067560807,304,1,0,0,305
067560808,359,3,0,0,362
067560809,312,1,0,0,313
067560901,200,2,2,0,204
067560902,178,4,2,0,184
067560903,330,4,2,0,336
067560904,362,4,1,0,367
067560905,366,7,7,0,380
067560906,396,5,3,0,404
067560907,406,6,3,0,415
067560908,380,7,2,0,389
067560909,333,3,1,0,337
067560910,335,0,1,0,336
067560911,264,5,4,0,273
067560912,322,0,0,0,322
067560913,284,4,1,0,289
067560914,352,4,0,0,356
067560915,336,2,0,0,338
067560916,287,0,0,0,287
067561001,220,1,0,0,221
067561002,191,0,0,0,191
067561003,330,0,0,0,330
067561004,331,0,0,0,331
067561005,197,0,0,0,197
067561006,374,0,0,0,374
067561007,245,1,0,0,246
067561008,245,0,0,0,245
067561009,139,0,0,0,139
067561010,320,2,0,0,322
067561011,315,1,1,0,317
067561012,336,1,0,0,337
067561101,197,7,0,0,204
067561102,211,0,0,0,211
067561103,294,0,0,0,294
067561104,273,3,0,0,276
067561105,357,0,0,0,357
067561106,341,0,0,0,341
067561107,372,0,1,0,373
067561108,234,0,0,0,234
067561109,175,0,0,0,175
067561110,242,0,0,0,242
067561111,307,2,0,0,309
067561112,334,0,0,0,334
067561113,253,1,0,0,254
067561201,396,10,3,0,409
067561202,232,1,1,0,234
067561203,248,2,2,0,252
067561204,331,110,71,0,512
067561205,247,32,31,0,310
067561206,188,0,0,0,188
067561207,167,0,0,0,167
067561208,353,1,1,0,355
067561209,304,14,19,0,337
067561210,262,11,8,0,281
067561211,316,9,3,0,328
067561301,280,0,0,0,280
067561302,190,2,1,0,193
067561303,403,1,1,0,405
067561304,307,8,13,0,328
067561305,311,22,14,1,348
067561306,279,12,6,0,297
067561307,297,12,12,0,321
067561308,366,2,9,0,377
067561309,323,3,18,0,344
067561310,223,13,6,0,242
067561311,414,4,7,0,425
067561312,326,24,12,0,362
067561313,366,32,2,0,400
067561314,501,6,3,0,510
067561401,500,39,53,1,593
067561402,439,26,209,9,683
067561403,213,5,3,0,221
067561404,229,7,2,0,238
067561405,226,5,4,0,235
067561406,231,15,6,0,252
067561407,377,21,4,0,402
067561408,282,26,32,5,345
067561409,352,18,26,0,396
067561410,197,40,277,16,530
067561411,117,13,170,13,313
067561412,28,31,170,19,248
067561413,5,30,167,3,205
067561414,12,4,234,4,254
067561415,247,21,10,0,278
067561501,373,20,8,0,401
067561502,239,54,67,0,360
067561503,293,4,18,0,315
067561504,127,214,108,0,449
067561505,359,25,13,0,397
067561506,266,20,6,0,292
067561507,182,30,17,0,229
067561508,6,158,38,0,202
067561509,10,82,121,0,213
067561510,185,93,25,0,303
067561511,281,32,18,0,331
067561512,178,17,14,0,209
067561601,284,40,18,1,343
067561602,151,92,14,0,257
067561603,272,51,17,0,340
067561604,259,17,33,0,309
067561605,202,7,0,0,209
067561606,165,23,3,0,191
067561607,276,3,0,0,279
067561608,244,24,18,0,286
067561609,261,35,8,0,304
067561610,187,9,4,0,200
067561611,312,12,9,0,333
067561612,245,11,6,0,262
067561613,210,66,14,0,290
067561701,243,53,4,0,300
067561702,389,13,4,0,406
067561703,321,9,8,0,338
067561704,310,3,1,0,314
067561705,200,3,2,0,205
067561706,305,4,4,0,313
067561707,342,11,2,0,355
067561708,396,7,3,0,406
067561709,388,8,2,0,398
067561710,328,1,0,0,329
067561801,266,2,1,0,269
067561802,391,3,0,0,394
067561803,284,8,3,0,295
067561804,348,6,3,0,357
067561805,187,1,1,0,189
067561806,238,4,1,0,243
067561807,205,1,0,0,206
067561808,62,0,0,0,62
067561809,227,1,1,0,229
067561810,300,1,0,0,301
067561811,420,5,0,0,425
067561901,370,12,2,0,384
067561902,380,0,4,0,384
067561903,259,2,0,0,261
067561904,214,4,5,0,223
067561905,424,3,2,0,429
067561906,429,1,2,0,432
067561907,371,0,5,0,376
067561908,428,4,7,0,439
067561909,380,7,6,0,393
067561910,282,3,3,0,288
067562001,116,101,68,0,285
067562002,5,207,110,0,322
067562003,12,247,129,0,388
067562004,180,4,3,0,187
067562005,31,121,74,0,226
067562006,133,43,17,0,193
067562007,381,41,14,0,436
067562008,342,11,8,0,361
067562009,296,6,4,0,306
067562101,320,37,58,0,415
067562102,107,104,146,0,357
067562103,131,65,6,0,202
067562104,406,26,4,0,436
067562105,204,32,16,0,252
067562106,195,104,14,0,313
067562107,113,46,12,0,171
067562108,10,256,66,0,332
067562109,3,264,31,0,298
067562110,4,53,20,0,77
067562111,10,262,17,0,289
067562201,606,2,0,0,608
067562202,332,16,0,0,348
067562203,471,0,0,0,471
067562204,442,4,3,0,449
067562205,10,158,175,0,343
067562206,54,18,288,6,366
067562207,7,162,113,0,282
067562208,11,177,41,0,229
067562209,6,194,77,1,278
067562210,14,118,157,0,289
067562211,5,257,89,0,351
067562212,7,169,25,0,201
067562213,8,131,51,0,190
067562301,552,7,2,0,561
067562302,271,2,0,0,273
067562303,243,7,0,0,250
067562304,387,11,12,0,410
067562305,280,22,9,0,311
067562306,270,6,3,0,279
067562307,350,27,8,0,385
067562308,323,17,11,1,352
067562309,286,53,42,2,383
067562310,289,6,5,0,300
067562401,308,12,11,0,331
067562402,182,11,2,0,195
067562403,198,11,4,0,213
067562404,219,4,4,0,227
067562405,233,4,3,0,240
067562406,306,12,7,0,325
067562407,188,4,2,0,194
067562408,210,0,0,0,210
067562409,234,1,0,0,235
067562410,256,1,0,0,257
067562411,388,1,1,0,390
067562412,407,6,7,0,420
067562413,345,5,1,0,351
067562501,95,74,113,0,282
067562502,14,233,66,0,313
067562503,2,144,61,0,207
067562504,4,136,31,0,171
067562505,5,161,71,0,237
067562506,4,171,46,0,221
067562507,2,135,63,2,202
067562508,9,131,45,0,185
067562509,4,285,61,0,350
067562510,11,197,142,0,350
067562511,114,67,93,1,275
067562512,49,232,102,0,383
067562513,24,167,114,0,305
067562514,11,176,108,0,295
067562515,3,278,58,0,339
067562516,14,207,135,2,358
067562517,5,176,80,0,261
067562518,5,266,125,0,396
067562519,6,243,120,0,369
067562601,360,22,4,0,386
067562602,240,14,0,0,254
067562603,174,12,3,0,189
067562604,227,18,4,0,249
067562605,226,16,2,0,244
067562606,332,24,6,0,362
067562607,368,22,2,0,392
067562608,352,20,5,0,377
067562609,212,14,2,0,228
067562610,184,6,1,0,191
067562611,375,20,2,0,397
067562701,420,6,13,0,439
067562702,437,6,10,0,453
067562703,327,5,2,0,334
067562704,298,2,5,0,305
067562705,376,12,11,2,401
067562706,465,11,12,0,488
067562707,6,137,81,0,224
067562708,7,186,56,0,249
067562709,7,97,114,0,218
067562710,8,137,108,0,253
067562711,4,365,82,0,451
067562712,15,274,117,0,406
067600101,5,200,126,0,331
067600102,2,244,76,0,322
067600103,283,74,28,0,385
067600104,220,50,25,0,295
067600105,424,40,16,1,481
067600106,278,4,4,0,286
067600107,412,44,8,1,465
067600108,328,70,53,1,452
067600109,2,278,205,1,486
067600110,16,244,130,1,391
067600111,18,141,62,0,221
067600112,206,12,7,0,225
067600113,229,70,12,0,311
067600114,392,41,15,0,448
067600115,274,14,6,0,294
067600116,217,4,1,0,222
067600117,215,4,1,0,220
067600201,402,18,6,0,426
067600202,406,2,1,0,409
067600203,209,6,8,0,223
067600204,276,2,1,0,279
067600205,275,2,1,0,278
067600206,266,1,0,0,267
067600207,312,5,1,1,319
067600208,135,0,0,0,135
067600209,164,2,0,0,166
067600210,411,3,0,0,414
067600211,263,4,0,0,267
067600212,280,3,0,0,283
067600213,373,0,0,0,373
067600214,227,4,0,0,231
067600215,201,7,0,0,208
067600216,185,0,0,0,185
067600217,218,0,1,0,219
067600301,211,1,0,0,212
067600302,472,21,8,0,501
067600303,309,6,2,0,317
067600304,276,12,3,0,291
067600305,327,28,7,0,362
067600306,219,6,3,0,228
067600307,64,4,21,0,89
067600308,255,6,5,0,266
067600309,186,15,2,0,203
067600310,49,11,14,0,74
067600311,341,9,1,0,351
067600312,55,12,9,0,76
067600313,432,3,3,0,438
067600314,315,1,1,0,317
067600315,273,5,0,0,278
067600316,106,17,9,0,132
067600317,278,35,11,0,324
067600401,219,1,1,0,221
067600501,485,34,18,0,537
067600502,288,25,15,1,329
067600503,453,13,12,0,478
067600504,222,8,11,0,241
067600505,342,35,14,0,391
067600506,266,21,9,0,296
067600507,349,20,13,0,382
067600508,411,87,31,0,529
067600509,406,40,8,0,454
067600510,540,38,15,0,593
067600511,697,67,16,0,780
067600512,328,28,8,0,364
067600601,266,55,23,0,344
067600602,302,55,25,0,382
067600603,223,56,6,0,285
067600604,229,47,14,1,291
067600605,248,44,7,0,299
067600606,236,38,9,0,283
067600607,6,274,56,1,337
067600608,14,318,44,1,377
067600609,1,196,209,2,408
067600610,6,111,235,31,383
067600701,292,105,166,2,565
067600702,398,58,93,3,552
067600703,372,43,57,0,472
067600704,269,85,40,0,394
067600705,3,384,49,0,436
067600706,1,222,26,0,249
067600707,1,190,51,0,242
067600708,9,291,18,0,318
067600709,0,326,41,0,367
067600710,3,355,121,3,482
067600801,317,13,7,0,337
067600802,443,15,5,0,463
067600803,373,4,4,0,381
067600804,358,5,3,0,366
067600805,189,35,2,0,226
067600806,303,51,9,0,363
067600807,2,413,79,0,494
067600808,40,125,47,1,213
067600809,30,299,38,1,368
067600810,103,197,37,2,339
067600811,221,28,14,0,263
067600812,344,32,6,0,382
067600901,86,119,31,0,236
067600902,83,92,37,0,212
067600903,339,2,4,0,345
067600904,255,8,0,1,264
067600905,253,6,5,0,264
067600906,213,5,1,0,219
067600907,407,2,7,0,416
067600908,211,8,2,0,221
067600909,221,6,2,0,229
067600910,413,12,1,0,426
067600911,257,174,28,0,459
067600912,434,7,4,0,445
067600913,373,11,6,0,390
067600914,13,213,121,0,347
067600915,2,137,45,0,184
067600916,0,227,34,0,261
067601001,7,131,87,0,225
067601002,2,206,48,0,256
067601003,2,135,41,0,178
067601004,1,188,53,0,242
067601005,1,130,75,1,207
067601006,0,34,26,0,60
067601007,3,80,12,1,96
067601008,0,63,33,0,96
067601009,0,184,64,1,249
067601010,4,45,30,0,79
067601011,6,85,26,0,117
067601012,29,175,195,1,400
067601013,3,191,171,0,365
067601014,6,251,114,0,371
067601015,7,267,103,1,378
067601101,11,159,65,0,235
067601102,2,199,88,0,289
067601103,268,169,144,1,582
067601104,31,255,141,0,427
067601105,42,120,34,1,197
067601106,9,510,148,6,673
067601107,8,208,172,0,388
067601108,4,415,169,0,588
067601109,15,186,42,0,243
067601110,0,282,127,0,409
067601111,3,343,193,0,539
067601112,3,142,79,0,224
067601113,1,172,65,0,238
067601114,33,112,26,0,171
067601115,0,134,44,0,178
067601116,1,119,26,0,146
067601117,2,152,70,1,225
067601201,1,179,33,0,213
067601202,2,149,75,2,228
067601203,1,89,12,0,102
067601204,117,93,18,0,228
067601205,3,242,20,0,265
067601206,66,113,28,0,207
067601207,28,76,7,0,111
067601208,0,158,73,1,232
067601209,1,145,60,3,209
067601210,1,160,70,0,231
067601211,35,193,62,1,291
067601212,3,146,154,2,305
067601213,2,3,2,0,7
067601214,0,193,132,1,326
067601215,2,227,73,1,303
067601216,8,119,227,3,357
067601217,2,180,199,1,382
067601218,1,32,182,3,218
067601219,5,82,190,1,278
067601301,0,140,56,0,196
067601302,2,265,63,0,330
067601303,0,95,68,1,164
067601304,1,171,56,0,228
067601305,5,183,114,1,303
067601306,3,190,221,1,415
067601307,1,156,96,2,255
067601308,3,154,105,2,264
067601309,4,80,334,3,421
067601310,5,150,262,1,418
067601311,1,172,200,1,374
067601312,0,258,71,1,330
067601313,3,171,85,0,259
067601314,3,110,323,1,437
067601315,3,237,160,1,401
067601316,1,139,65,0,205
067601401,2,158,64,0,224
067601402,3,149,111,0,263
067601403,3,142,151,3,299
067601404,4,241,189,0,434
067601405,1,158,120,0,279
067601406,2,145,384,13,544
067601407,3,232,314,2,551
067601408,2,194,100,1,297
067601409,1,262,116,1,380
067601410,0,196,132,0,328
067601411,2,147,149,1,299
067601412,19,145,225,0,389
067601413,0,164,220,5,389
067601414,4,106,133,2,245
067601415,0,61,56,1,118
067601501,6,200,118,0,324
067601502,1,180,55,0,236
067601503,0,146,33,1,180
067601504,9,133,100,0,242
067601505,4,141,265,7,417
067601506,4,106,105,3,218
067601507,4,199,100,0,303
067601508,2,212,138,1,353
067601509,1,128,277,6,412
067601510,15,35,140,2,192
067601511,2,61,187,0,250
067601512,2,210,142,1,355
067601513,8,234,61,0,303
067601514,1,138,101,0,240
067601515,2,78,118,1,199
067601516,0,142,58,0,200
067601601,1,185,101,0,287
067601602,5,168,102,0,275
067601603,2,218,131,1,352
067601604,1,191,127,1,320
067601605,1,225,118,0,344
067601606,2,191,167,2,362
067601607,0,125,157,5,287
067601608,0,214,140,0,354
067601609,2,157,95,2,256
067601610,1,169,92,1,263
067601611,0,161,68,0,229
067601612,3,149,31,0,183
067601613,1,150,183,1,335
067601614,8,179,113,0,300
067601701,1,246,184,1,432
067601702,1,254,84,1,340
067601703,0,181,112,0,293
067601704,4,197,96,0,297
067601705,3,190,134,0,327
067601706,0,225,152,0,377
067601707,2,189,95,0,286
067601708,6,218,148,3,375
067601709,0,172,115,0,287
067601710,9,206,84,1,300
067601711,3,193,69,0,265
067601712,0,211,81,0,292
067601713,2,270,40,0,312
067601714,12,177,83,0,272
067601715,2,184,149,0,335
067601716,6,115,116,2,239
067601801,3,167,108,2,280
067601802,1,184,110,3,298
067601803,4,248,109,0,361
067601804,3,177,233,1,414
067601805,0,164,73,0,237
067601806,0,179,73,0,252
067601807,1,104,191,0,296
067601808,1,157,201,7,366
067601809,0,158,136,0,294
067601810,0,188,93,5,286
067601811,0,151,145,4,300
067601812,2,257,116,1,376
067601813,1,146,119,0,266
067601814,2,172,134,0,308
067601815,4,155,110,1,270
067601816,1,126,125,0,252
068050101,4,104,94,2,204
068050102,0,120,83,1,204
068050103,4,105,86,17,212
068050104,1,145,166,1,313
068050105,109,1,0,0,110
068050106,153,4,1,0,158
068050107,218,26,2,1,247
068050108,146,15,0,0,161
068050201,1,30,75,3,109
068050202,156,34,12,2,204
068050203,6,140,195,8,349
068050204,3,166,205,3,377
068050205,7,296,157,1,461
068050301,87,1,0,0,88
068050302,8,79,49,1,137
068050303,5,74,233,4,316
068050304,591,7,0,0,598
068050305,198,66,154,2,420
068050306,387,13,1,1,402
068050307,406,4,0,0,410
068050308,219,1,0,0,220
068050309,151,0,0,0,151
068050310,138,2,0,0,140
068050311,379,2,0,0,381
068050401,159,30,35,1,225
068050402,0,78,155,2,235
068050403,9,172,308,17,506
068050404,7,98,327,6,438
068050405,13,140,319,4,476
068050406,15,88,235,2,340
068050407,13,97,567,10,687
068050408,7,149,137,0,293
068050409,21,199,263,1,484
068050410,27,200,278,0,505
068050411,411,6,1,0,418
068050412,659,27,1,0,687
068050501,335,11,1,0,347
068050502,338,3,5,0,346
068050503,381,17,14,0,412
068050504,244,5,2,0,251
068050505,12,112,123,1,248
068050506,14,112,164,0,290
068050507,61,179,272,3,515
068050508,12,229,140,0,381
068050509,2,192,76,1,271
068050510,9,187,73,0,269
068050511,5,267,200,0,472
068050512,20,122,299,2,443
068050513,97,145,137,0,379
068050601,299,121,148,8,576
068050602,252,15,32,0,299
068050603,279,35,84,0,398
068050604,195,128,78,0,401
068050605,141,34,33,0,208
068050606,217,5,5,0,227
068050607,120,1,1,0,122
068050608,339,1,0,0,340
068050609,390,3,13,0,406
068050610,346,15,3,1,365
068050611,286,6,10,0,302
068050612,347,2,2,0,351
068050701,152,6,1,0,159
068050702,260,13,10,0,283
068050703,244,45,60,0,349
068050704,204,39,32,0,275
068050705,231,34,25,1,291
068050706,126,7,16,0,149
068050707,104,14,29,0,147
068050708,24,0,2,0,26
068050709,53,24,0,0,77
068050710,13,2,12,0,27
068050711,27,0,6,0,33
068050801,93,26,17,0,136
068050802,85,4,2,0,91
068050803,114,76,47,0,237
068050804,230,17,2,0,249
068050805,173,9,4,0,186
068050806,226,34,29,0,289
068050807,394,39,30,0,463
068050808,20,240,306,0,566
068050809,21,161,248,7,437
068050810,7,93,101,1,202
068050811,40,105,311,2,458
068050812,13,66,156,2,237
068050813,32,114,379,11,536
068050814,33,157,261,0,451
068050901,0,0,1,0,1
068050902,15,117,154,0,286
068050903,6,142,140,1,289
068050904,18,315,263,1,597
068050905,601,7,1,1,610
068050906,568,13,2,2,585
068051001,10,341,143,3,497
068051002,5,124,161,0,290
068051003,6,143,146,1,296
068051004,10,252,244,4,510
068051005,3,186,86,0,275
068051006,6,298,118,0,422
068051007,6,153,227,1,387
068051008,24,140,351,11,526
068051009,2,119,311,1,433
068051010,2,72,285,5,364
068051011,8,103,222,1,334
068051012,282,10,2,0,294
068051013,220,8,0,0,228
068051101,7,145,204,0,356
068051102,3,144,103,2,252
068051103,369,113,29,0,511
068051104,9,416,83,0,508
068051105,9,191,187,0,387
068051106,9,144,173,0,326
068051107,15,190,150,0,355
068051108,44,161,310,6,521
068051109,18,150,232,1,401
068051110,22,208,242,0,472
068051201,6,174,70,0,250
068051202,10,146,159,4,319
068051203,23,252,86,0,361
068051204,14,198,54,0,266
068051205,16,241,43,0,300
068051206,8,175,49,0,232
068051207,15,145,101,0,261
068051208,4,162,88,0,254
068051209,9,170,34,0,213
068051210,39,452,102,1,594
068051211,1,277,70,0,348
068051212,14,325,90,0,429
068051213,3,229,49,0,281
068051214,58,166,48,0,272
068051301,381,10,0,1,392
068051302,380,12,4,0,396
068051303,205,152,108,0,465
068051304,6,260,136,0,402
068051305,6,234,117,0,357
068051306,10,164,95,1,270
068051307,7,188,111,0,306
068051308,11,359,211,2,583
068051309,12,122,143,7,284
068051310,5,120,110,0,235
068051311,15,246,160,2,423
068051312,0,227,155,0,382
068051313,1,291,74,1,367
068051314,3,210,96,2,311
068051315,14,199,63,0,276
068051316,6,293,79,0,378
068051317,3,204,62,0,269
068051318,13,366,102,0,481
068051401,5,166,211,1,383
068051402,1,165,105,0,271
068051403,13,180,177,0,370
068051404,14,249,140,0,403
068051405,8,306,165,0,479
068051406,4,159,141,0,304
068051407,10,141,148,1,300
068051408,6,137,141,0,284
068051409,7,205,119,0,331
068051410,2,143,126,0,271
068051411,4,189,132,1,326
068051412,2,185,152,0,339
068051413,9,219,132,0,360
068051414,7,207,143,3,360
068051415,2,167,168,1,338
068051416,21,260,235,1,517
068051501,3,167,104,0,274
068051502,11,178,94,0,283
068051503,10,278,88,0,376
068051504,5,241,89,0,335
068051505,26,195,89,0,310
068051506,7,342,148,0,497
068051507,2,307,93,0,402
068051508,3,276,146,3,428
068051509,3,272,141,1,417
068051510,6,233,122,1,362
068051511,5,139,124,1,269
068051512,2,194,48,0,244
068051513,4,283,79,0,366
068051601,10,151,254,0,415
068051602,4,303,217,5,529
068051603,1,120,219,1,341
068051604,13,169,285,2,469
068051605,6,171,95,0,272
068051606,7,195,117,0,319
068051607,2,239,111,0,352
068051608,6,116,217,3,342
068051609,153,100,56,0,309
068051610,33,201,328,0,562
068051611,11,242,119,5,377
068051701,1,235,143,3,382
068051702,0,326,103,1,430
068051703,2,183,50,0,235
068051704,0,226,40,0,266
068051705,0,340,64,1,405
068051706,1,325,120,0,446
068051707,3,343,115,0,461
068051708,0,336,129,0,465
068051709,0,379,139,0,518
068051710,1,321,104,0,426
068051711,1,287,147,0,435
068051801,0,171,53,0,224
068051802,0,196,51,0,247
068051803,4,378,66,0,448
068051804,0,337,88,0,425
068051805,5,248,95,0,348
068051806,0,238,33,0,271
068051807,1,218,63,0,282
068051808,5,336,96,0,437
068051809,0,296,106,0,402
068051810,12,369,56,0,437
068051811,7,387,72,1,467
068051812,278,128,17,1,424
068051901,5,156,95,0,256
068051902,4,251,18,0,273
068051903,0,235,58,0,293
068051904,2,189,35,0,226
068051905,0,196,102,0,298
068051906,8,338,140,0,486
068051907,3,214,39,0,256
068051908,3,169,54,0,226
068051909,3,205,110,0,318
068051910,10,172,44,0,226
068051911,9,366,96,0,471
068051912,3,331,65,0,399
068051913,24,40,18,0,82
068051914,18,202,52,0,272
068052001,2,107,61,0,170
068052002,8,178,88,2,276
068052003,1,158,91,0,250
068052004,3,374,169,0,546
068052005,260,132,25,0,417
068052006,104,149,69,0,322
068052007,481,39,3,2,525
068052008,105,75,99,1,280
068052009,0,217,125,1,343
068052010,5,144,198,1,348
068052011,11,200,161,0,372
068052012,2,246,64,0,312
068052013,19,140,152,0,311
068052014,5,235,68,0,308
068052101,1,73,226,9,309
068052102,6,150,115,3,274
068052103,11,258,221,4,494
068052104,7,310,240,2,559
068052105,8,198,136,0,342
068052106,11,169,153,0,333
068052107,3,88,164,1,256
068052108,22,146,131,0,299
068052109,5,192,118,1,316
068052110,11,172,122,0,305
068052111,14,206,196,3,419
068052112,4,221,138,0,363
068052113,7,161,198,0,366
068052114,1,160,141,1,303
068052201,1,219,168,3,391
068052202,5,202,258,2,467
068052203,7,207,228,21,463
068052204,3,279,204,1,487
068052205,8,280,238,0,526
068052206,9,298,96,1,404
068052207,10,185,166,4,365
068052208,7,272,58,0,337
068052209,3,349,77,0,429
068052210,7,206,58,0,271
068052301,4,163,155,1,323
068052302,0,157,233,2,392
068052303,1,241,198,0,440
068052304,2,266,186,1,455
068052305,1,196,148,3,348
068052306,1,249,83,0,333
068052307,1,233,214,1,449
068052308,16,125,105,2,248
068052309,0,81,94,0,175
068052310,3,237,144,0,384
068052311,0,129,75,0,204
068052312,48,650,555,5,1258
068052313,186,161,3,0,350
068052314,5,165,237,9,416
068052315,0,114,217,6,337
068052401,2,265,137,1,405
068052402,27,258,147,1,433
068052403,4,245,73,0,322
068052404,0,275,97,0,372
068052405,2,346,126,0,474
068052406,0,121,101,0,222
068052407,82,96,6,1,185
068052408,2,217,122,3,344
068052409,2,147,244,1,394
068052410,3,158,255,2,418
068052501,2,198,98,3,301
068052502,0,129,168,0,297
068052503,1,120,35,0,156
068052504,0,110,29,0,139
068052505,1,210,189,2,402
068052506,1,270,179,3,453
068052507,1,183,392,7,583
068052508,191,26,0,0,217
068052509,1,193,88,0,282
068052510,0,205,70,0,275
068052511,0,274,78,0,352
068052512,2,268,186,0,456
068052601,0,19,23,7,49
068052602,2,22,38,7,69
068052603,2,74,64,14,154
068052604,1,41,24,5,71
068052605,0,23,25,2,50
068052606,0,21,21,2,44
068052607,0,16,6,3,25
068052608,0,35,39,2,76
068052609,5,198,74,17,294
068052610,4,125,69,18,216
068052611,0,73,32,6,111
068052612,0,50,29,0,79
068052613,0,44,35,4,83
068052614,0,28,7,1,36
068052615,0,98,19,3,120
068052616,0,36,12,7,55
068052617,2,8,1,4,15
068052618,4,43,14,9,70
068052619,0,73,41,5,119
068052620,1,115,56,2,174
068052621,0,46,23,0,69
068400101,3,58,57,0,118
068400102,3,226,98,5,332
068400103,9,276,217,25,527
068400104,2,165,112,1,280
068400105,3,341,148,0,492
068400106,4,163,234,1,402
068400107,10,158,230,7,405
068400108,35,27,124,4,190
068400109,11,165,128,3,307
068400110,6,249,165,0,420
068400111,3,231,95,1,330
068400112,2,183,137,0,322
068400113,6,366,195,0,567
068400201,0,224,171,0,395
068400202,4,256,171,0,431
068400203,2,251,69,2,324
068400204,11,200,81,0,292
068400205,76,142,101,0,319
068400206,141,114,74,0,329
068400207,43,115,55,0,213
068400208,139,57,45,0,241
068400209,134,182,31,0,347
068400210,24,134,118,0,276
068400211,103,135,61,0,299
068400212,86,215,96,0,397
068400301,34,188,144,0,366
068400302,10,249,164,1,424
068400303,9,228,75,2,314
068400304,9,261,124,0,394
068400305,12,209,160,0,381
068400306,89,126,142,1,358
068400307,31,239,141,0,411
068400308,51,264,152,0,467
068400309,3,191,91,0,285
068400310,151,92,27,0,270
068400311,46,184,236,1,467
068400312,8,252,152,0,412
068400401,30,192,229,8,459
068400402,179,52,197,0,428
068400403,19,182,71,0,272
068400404,27,167,51,0,245
068400405,18,127,135,0,280
068400406,9,119,134,0,262
068400407,12,87,224,0,323
068400408,6,129,15,0,150
068400409,174,48,60,0,282
068400410,319,52,59,0,430
068400411,198,64,47,0,309
068400412,170,23,17,0,210
068400413,102,114,164,0,380
068400414,341,1,0,0,342
068400415,380,1,2,0,383
068400416,399,0,0,0,399
068400417,403,3,0,0,406
068400501,12,213,114,0,339
068400502,9,114,169,0,292
068400503,6,148,160,0,314
068400504,4,196,100,0,300
068400505,23,207,67,0,297
068400506,209,2,5,0,216
068400507,295,0,0,0,295
068400508,433,0,0,0,433
068400509,234,1,0,0,235
068400510,302,0,0,0,302
068400511,451,17,15,0,483
068400512,405,5,3,0,413
068400601,17,200,187,0,404
068400602,132,51,20,0,203
068400603,199,48,14,0,261
068400604,281,11,13,0,305
068400605,352,21,9,0,382
068400606,378,14,14,0,406
068400607,289,6,0,0,295
068400608,199,4,7,0,210
068400609,217,5,1,0,223
068400610,239,5,4,0,248
068400611,198,2,3,0,203
068400612,186,3,8,0,197
068400613,264,5,17,0,286
068400614,356,7,3,0,366
068400615,299,4,6,0,309
068400616,323,2,3,0,328
068400701,404,8,4,0,416
068400702,394,5,2,0,401
068400703,289,10,5,0,304
068400704,314,0,2,0,316
068400705,243,8,1,0,252
068400706,288,1,1,1,291
068400707,305,6,4,0,315
068400708,347,11,1,0,359
068400709,337,16,1,0,354
068400710,383,3,4,0,390
068400711,334,5,2,0,341
068400801,288,6,7,0,301
068400802,180,8,0,0,188
068400803,173,4,0,0,177
068400804,285,4,1,0,290
068400805,322,4,3,0,329
068400806,227,2,2,0,231
068400807,268,5,0,0,273
068400808,232,2,1,0,235
068400809,385,1,2,0,388
068400810,240,0,0,0,240
068400811,314,1,0,0,315
068400812,360,3,3,0,366
068400901,302,0,0,0,302
068400902,214,3,0,0,217
068400903,325,2,0,0,327
068400904,210,0,0,0,210
068400905,222,0,0,0,222
068400906,306,0,0,0,306
068400907,287,0,0,0,287
068400908,232,3,0,0,235
068400909,241,0,0,0,241
068400910,315,2,0,0,317
068401001,406,2,2,0,410
068401002,440,0,0,0,440
068401003,240,0,0,0,240
068401004,318,2,0,0,320
068401005,207,0,0,0,207
068401006,327,1,0,0,328
068401007,305,0,0,0,305
068401008,258,0,0,0,258
068401009,186,1,0,0,187
068401010,248,0,0,0,248
068401011,258,1,0,0,259
068401012,172,5,3,0,180
068401013,218,12,1,0,231
068401101,280,0,1,1,282
068401102,230,4,1,0,235
068401103,170,0,0,0,170
068401104,93,10,1,0,104
068401105,260,3,2,0,265
068401106,373,2,1,0,376
068401107,274,1,3,0,278
068401108,415,5,2,0,422
068401109,279,27,9,0,315
068401110,403,6,1,0,410
068401111,364,3,1,0,368
068401112,324,4,7,0,335
068401201,359,2,1,0,362
068401202,371,3,2,0,376
068401203,360,4,1,0,365
068401204,196,2,2,0,200
068401205,307,9,1,0,317
068401206,1,2,1,0,4
068401207,213,1,0,0,214
068401208,233,3,1,0,237
068401209,266,6,1,0,273
068401210,316,2,1,0,319
068401211,356,2,0,0,358
068401301,316,13,4,0,333
068401302,202,1,2,0,205
068401303,393,5,4,0,402
068401304,331,8,8,0,347
068401305,275,6,0,0,281
068401306,231,1,0,0,232
068401307,206,1,3,0,210
068401308,222,0,0,0,222
068401309,335,1,1,0,337
068401310,427,3,1,0,431
068401311,248,0,0,0,248
068401312,350,6,1,0,357
068401313,205,0,0,0,205
068401314,179,0,1,0,180
068401401,320,12,4,1,337
068401402,227,2,2,0,231
068401403,245,2,4,0,251
068401404,419,4,7,0,430
068401405,295,4,3,0,302
068401406,259,2,1,0,262
068401407,293,0,0,0,293
068401408,158,1,0,0,159
068401409,291,0,0,0,291
068401410,305,1,0,0,306
068401501,213,1,0,0,214
068401502,394,3,0,0,397
068401503,255,5,1,0,261
068401504,255,1,0,0,256
068401505,377,11,0,0,388
068401506,377,0,1,0,378
068401507,195,0,0,0,195
068401508,249,0,0,0,249
068401509,342,1,0,0,343
068401510,375,0,0,0,375
068401511,182,0,0,0,182
068401512,195,1,0,0,196
068401513,318,6,0,0,324
068401514,327,8,0,0,335
068401601,252,0,2,0,254
068401602,281,0,0,0,281
068401603,303,0,0,0,303
068401604,310,1,0,0,311
068401605,320,2,0,0,322
068401606,314,2,0,0,316
068401607,221,1,2,0,224
068401608,332,4,0,0,336
068401609,318,1,0,0,319
068401610,214,5,2,0,221
068401611,194,1,0,0,195
068401612,209,1,0,0,210
068401613,325,0,0,0,325
068401614,158,0,0,0,158
068401701,269,2,1,0,272
068401702,434,4,0,0,438
068401703,329,3,0,0,332
068401704,266,0,0,0,266
068401705,299,7,7,0,313
068401706,412,6,1,0,419
068401707,237,0,0,0,237
068401708,304,2,0,0,306
068401709,196,3,2,0,201
068401710,234,14,2,0,250
068401711,195,0,1,0,196
068401712,213,4,0,0,217
068401713,210,4,1,0,215
068401801,101,0,12,2,115
068401802,283,1,0,0,284
068401803,189,1,0,0,190
068401804,220,0,0,0,220
068401805,163,0,0,0,163
068401806,388,1,0,0,389
068401807,391,3,0,0,394
068401808,385,8,3,0,396
068401809,331,13,2,0,346
068401810,350,7,3,0,360
068401811,226,2,1,0,229
068401812,211,4,3,0,218
068401813,333,12,5,0,350
068401814,257,10,7,0,274
068401901,203,0,0,0,203
068401902,224,3,0,0,227
068401903,337,1,0,0,338
068401904,477,2,1,0,480
068401905,320,11,3,0,334
068401906,391,5,2,0,398
068401907,273,5,4,0,282
068401908,317,11,5,0,333
068401909,237,2,4,0,243
068401910,219,1,2,0,222
068401911,322,8,2,0,332
068401912,283,16,4,1,304
068402001,286,6,0,0,292
068402002,270,5,0,0,275
068402003,365,7,1,0,373
068402004,356,0,1,0,357
068402005,317,10,7,0,334
068402006,300,13,7,0,320
068402007,277,9,5,0,291
068402008,242,9,6,0,257
068402009,289,16,5,0,310
068402010,231,9,4,0,244
068402011,335,20,13,0,368
068402101,261,6,2,0,269
068402102,216,0,1,0,217
068402103,169,6,1,0,176
068402104,229,5,1,0,235
068402105,209,3,3,0,215
068402106,385,5,0,0,390
068402107,373,4,2,0,379
068402108,283,10,3,0,296
068402109,357,2,0,0,359
068402110,384,1,5,0,390
068402201,361,11,24,1,397
068402202,325,1,1,0,327
068402203,333,11,6,0,350
068402204,312,6,4,0,322
068402205,274,4,4,0,282
068402206,299,15,8,0,322
068402207,379,1,0,0,380
068402208,391,5,6,0,402
068402301,257,1,1,0,259
068402302,281,6,6,0,293
068402303,158,9,5,0,172
068402304,221,2,2,0,225
068402305,360,4,2,0,366
068402306,188,1,0,0,189
068402307,179,2,5,1,187
068402308,423,2,15,0,440
068402309,231,3,4,0,238
068402310,301,2,0,0,303
068402401,331,9,4,0,344
068402402,266,10,12,0,288
068402403,181,3,16,0,200
068402404,206,6,28,0,240
068402405,142,16,96,1,255
068402406,268,8,1,0,277
068402407,292,4,2,0,298
068402408,248,3,0,0,251
068402409,279,0,0,0,279
068402410,189,0,0,0,189
068402501,9,11,98,0,118
068402502,13,8,38,0,59
068402503,7,10,147,0,164
068402504,58,54,119,6,237
068402505,70,1,76,0,147
068402506,77,39,207,0,323
068402507,62,4,38,0,104
068402508,126,1,2,0,129
068402509,138,5,4,0,147
068402510,234,1,17,0,252
068402511,117,14,76,0,207
068402601,310,9,101,0,420
068402602,999,12,2,0,1013
068402603,346,8,1,0,355
068402604,160,2,0,0,162
068402605,317,1,0,0,318
068402606,916,6,0,1,923
068402607,153,10,34,0,197
068402608,6,0,0,0,6
068402701,247,1,1,0,249
068402702,350,3,1,2,356
068402703,287,9,1,3,300
068402704,350,7,2,0,359
068402705,103,0,0,0,103
068402706,143,1,1,0,145
068402707,270,3,1,0,274
068402708,273,0,4,0,277
068402709,302,0,3,0,305
068402710,347,3,0,0,350
068402711,224,15,0,0,239
068402712,323,1,0,0,324
068402713,284,2,2,0,288
068402801,299,6,0,0,305
068402802,294,6,11,0,311
068402803,77,8,114,1,200
068402804,268,2,2,0,272
068402805,377,2,0,0,379
068402806,256,11,8,0,275
068402807,382,2,5,0,389
068402808,227,4,1,0,232
068402809,287,7,2,0,296
068402810,230,5,0,0,235
068402811,339,3,1,0,343
068402901,325,5,3,0,333
068402902,260,3,0,0,263
068402903,428,2,17,0,447
068402904,292,10,1,0,303
068402905,378,6,3,0,387
068402906,251,2,0,0,253
068402907,295,10,9,0,314
068402908,291,8,3,0,302
068402909,335,9,5,0,349
068402910,361,5,4,0,370
068402911,171,6,2,0,179
068403001,260,7,1,0,268
068403002,156,0,0,0,156
068403003,260,3,0,0,263
068403004,297,6,1,0,304
068403005,168,1,1,0,170
068403006,221,3,1,0,225
068403007,228,2,0,0,230
068403008,319,4,0,0,323
068403009,239,1,0,0,240
068403010,198,0,0,0,198
068403011,276,13,7,0,296
068403012,186,3,0,0,189
068403013,214,1,1,0,216
068403101,83,14,24,0,121
068403102,329,11,1,0,341
068403103,362,0,1,0,363
068403104,218,4,3,0,225
068403105,334,0,0,0,334
068403106,344,3,3,0,350
068403107,301,1,1,0,303
068403108,329,2,1,0,332
068403109,375,3,2,0,380
068403110,267,1,0,0,268
068403201,146,2,0,0,148
068403202,304,1,0,0,305
068403203,233,8,1,0,242
068403204,319,1,0,1,321
068403205,256,1,0,0,257
068403206,265,2,0,0,267
068403207,304,2,1,1,308
068403208,310,2,1,0,313
068403209,308,3,1,0,312
068610101,243,0,0,0,243
068610102,168,0,0,0,168
068610103,250,0,0,0,250
068610104,303,5,0,0,308
068610105,312,2,0,0,314
068610106,221,1,0,0,222
068610107,252,1,0,0,253
068610108,260,1,0,0,261
068610109,245,0,0,0,245
068610110,232,3,1,0,236
068610111,196,3,0,0,199
068610201,155,15,97,2,269
068610202,209,2,0,0,211
068610203,143,0,0,0,143
068610204,340,0,0,0,340
068610205,222,0,0,0,222
068610206,171,2,0,0,173
068610207,202,0,0,0,202
068610208,139,0,0,0,139
068610209,245,0,4,0,249
068610210,300,1,0,0,301
068610211,246,0,0,0,246
068610212,234,0,0,0,234
068610301,326,1,0,0,327
068610302,233,0,0,0,233
068610303,322,1,0,0,323
068610304,363,0,0,0,363
068610305,279,1,0,0,280
068610306,258,0,0,0,258
068610307,246,0,0,0,246
068610308,281,0,0,0,281
068610309,179,0,0,0,179
068610310,233,0,0,0,233
068610311,324,0,0,0,324
068610401,279,6,1,0,286
068610402,244,19,6,1,270
068610403,279,3,0,0,282
068610404,167,0,0,0,167
068610405,267,0,0,0,267
068610406,284,0,0,0,284
068610407,350,3,0,0,353
068610408,212,0,1,0,213
068610409,232,2,0,0,234
068610410,258,0,0,0,258
068610411,199,0,0,0,199
068610501,238,7,7,0,252
068610502,217,2,4,0,223
068610503,228,0,0,0,228
068610504,264,0,0,0,264
068610505,232,0,0,0,232
068610506,0,0,0,0,0
068610507,240,0,0,0,240
068610508,335,3,0,0,338
068610509,325,0,0,0,325
068610601,85,5,11,0,101
068610602,221,0,0,0,221
068610603,257,0,0,0,257
068610604,274,0,0,0,274
068610605,133,0,0,0,133
068610606,258,0,0,0,258
068610607,296,0,0,0,296
068610608,164,0,0,0,164
068610609,267,3,3,0,273
068610610,393,0,0,0,393
068610611,150,0,0,0,150
068610701,259,0,0,0,259
068610702,250,0,0,0,250
068610703,286,0,0,0,286
068610704,248,0,0,0,248
068610705,310,0,0,0,310
068610706,180,0,0,0,180
068610707,275,0,0,0,275
068610708,285,0,0,0,285
068610709,270,0,0,0,270
068610801,340,0,1,0,341
068610802,306,0,0,0,306
068610803,200,0,0,0,200
068610804,285,1,0,0,286
068610805,186,0,0,0,186
068610806,234,0,0,0,234
068610807,213,0,0,0,213
068610808,257,0,0,0,257
068610809,163,0,0,0,163
068610810,275,2,0,0,277
068610811,233,0,0,0,233
068610901,345,0,0,1,346
068610902,225,2,0,0,227
068610903,220,4,0,0,224
068610904,237,2,0,0,239
068610905,393,2,2,0,397
068610906,333,2,0,0,335
068610907,322,0,0,0,322
068610908,273,1,0,0,274
068610909,126,0,0,0,126
068610910,277,0,0,0,277
068610911,399,1,0,0,400
068610912,301,0,0,0,301
068611001,338,0,0,0,338
068611002,407,2,0,0,409
068611003,365,1,0,0,366
068611004,335,2,0,0,337
068611005,321,1,2,0,324
068611006,312,1,1,0,314
068611007,331,1,0,0,332
068611008,330,7,0,0,337
068611009,272,7,1,0,280
068611010,302,2,0,0,304
068611101,324,10,1,0,335
068611102,237,6,0,0,243
068611103,296,2,1,0,299
068611104,235,1,0,0,236
068611105,194,7,6,0,207
068611106,327,5,1,0,333
068611107,357,14,4,0,375
068611108,234,1,1,0,236
068611109,302,2,4,0,308
068611110,248,0,0,1,249
068611201,265,0,0,0,265
068611202,263,1,0,0,264
068611203,190,0,0,0,190
068611204,189,0,0,0,189
068611205,336,1,0,0,337
068611206,251,0,1,0,252
068611207,305,1,2,0,308
068611208,319,1,2,0,322
068611209,280,1,0,0,281
068611301,166,1,0,0,167
068611302,238,0,0,0,238
068611303,241,0,0,0,241
068611304,282,0,0,0,282
068611305,293,3,0,0,296
068611306,322,5,0,0,327
068611307,251,0,0,0,251
068611308,226,1,0,0,227
068611309,303,5,1,0,309
068611401,260,0,0,0,260
068611402,232,0,0,0,232
068611403,248,1,0,0,249
068611404,286,3,1,0,290
068611405,206,0,0,0,206
068611406,189,0,0,0,189
068611407,321,1,0,0,322
068611408,257,1,1,0,259
068611409,355,0,0,0,355
068611410,248,0,0,0,248
068611411,146,0,0,0,146
068611412,229,0,0,0,229
068611501,274,0,0,0,274
068611502,315,0,0,0,315
068611503,391,0,0,0,391
068611504,96,0,0,0,96
068611505,185,0,0,0,185
068611506,276,2,0,0,278
068611507,287,2,0,0,289
068611508,417,0,0,0,417
068611509,254,0,1,0,255
068611510,318,4,0,0,322
068611601,210,1,0,0,211
068611602,201,0,0,0,201
068611603,268,1,0,0,269
068611604,330,2,0,0,332
068611605,290,2,0,0,292
068611606,309,3,0,0,312
068611607,317,0,1,0,318
068611608,262,4,0,0,266
068611609,362,1,1,0,364
068611610,316,3,1,0,320
068611611,278,2,0,0,280
068611701,322,4,0,0,326
068611702,308,0,0,0,308
068611703,257,1,0,0,258
068611704,228,0,0,0,228
068611705,254,0,0,0,254
068611706,252,4,0,0,256
068611707,341,1,0,0,342
068611708,317,5,0,0,322
068611709,325,1,1,0,327
068611801,384,3,0,0,387
068611802,349,2,0,0,351
068611803,300,2,0,0,302
068611804,260,3,0,0,263
068611805,204,0,0,0,204
068611806,348,0,0,0,348
068611807,307,0,1,1,309
068611808,303,2,0,0,305
068611809,319,3,0,0,322
068611810,364,6,0,0,370
068611901,297,0,1,0,298
068611902,119,0,0,0,119
068611903,302,1,0,0,303
068611904,311,3,0,0,314
068611905,339,2,0,0,341
068611906,296,0,0,0,296
068611907,323,2,0,0,325
068611908,256,2,1,0,259
068611909,280,0,0,0,280
068611910,271,2,1,0,274
068611911,337,3,1,0,341
068611912,359,0,1,0,360
068611913,267,0,0,0,267
068611914,232,5,2,0,239
068611915,191,7,1,0,199
068612001,337,19,0,0,356
068612002,257,10,0,0,267
068612003,337,17,0,0,354
068612004,311,14,0,0,325
068612005,342,12,0,0,354
068612006,339,22,0,0,361
068612007,285,16,0,0,301
068612008,236,8,0,0,244
068612101,325,2,3,0,330
068612102,272,4,0,0,276
068612103,317,0,1,0,318
068612104,304,6,3,0,313
068612105,305,1,0,0,306
068612106,355,4,1,0,360
068612107,326,3,9,0,338
068612108,399,4,0,0,403
068612109,280,4,0,0,284
068612201,320,2,0,0,322
068612202,329,2,0,0,331
068612203,332,2,0,0,334
068612204,307,2,0,0,309
068612205,346,3,1,0,350
068612206,317,1,1,0,319
068612207,331,1,0,0,332
068612208,373,2,0,0,375
068612209,207,1,4,0,212
068612210,215,0,0,0,215
068612211,206,1,0,0,207
068612212,185,2,0,0,187
068612301,409,6,6,0,421
068612302,377,10,9,0,396
068612303,387,9,1,0,397
068612304,264,9,27,0,300
068612305,311,4,40,0,355
068612306,138,17,5,0,160
068612307,392,6,3,0,401
068612308,229,3,2,0,234
068612309,239,2,2,0,243
068612401,403,5,1,1,410
068612402,386,3,1,0,390
068612403,247,3,0,0,250
068612404,237,0,0,0,237
068612405,357,1,1,0,359
068612406,276,4,1,0,281
068612407,427,3,3,0,433
068612408,378,5,0,0,383
068612409,333,0,0,0,333
068612410,349,1,0,0,350
068612411,423,5,1,0,429
068612501,222,5,2,0,229
068612502,435,4,1,0,440
068612503,365,6,2,0,373
068612504,190,12,4,0,206
068612505,278,6,5,0,289
068612506,284,4,0,0,288
068612507,316,0,0,0,316
068612508,386,3,1,0,390
068612509,357,3,0,0,360
068612601,394,1,1,0,396
068612602,289,2,1,0,292
068612603,270,0,0,0,270
068612604,311,0,0,0,311
068612605,302,0,0,0,302
068612606,334,3,0,0,337
068612607,344,1,1,0,346
068612608,407,2,2,0,411
068612609,328,0,0,0,328
068612610,309,0,0,0,309
068612701,364,3,0,0,367
068612702,310,1,0,0,311
068612703,275,1,0,0,276
068612704,243,0,0,0,243
068612705,242,0,0,0,242
068612706,287,3,2,0,292
068612707,333,10,1,0,344
068612708,327,5,1,0,333
068612709,267,2,1,0,270
068612710,285,2,0,0,287
068612801,188,2,1,0,191
068612802,344,5,2,0,351
068612803,233,3,2,0,238
068612804,308,3,0,0,311
068612805,253,2,0,0,255
068612806,282,3,0,0,285
068612807,265,3,0,0,268
068612808,188,1,1,0,190
068612809,248,0,3,0,251
068612810,294,2,0,0,296
068612901,513,1,1,0,515
068612902,284,2,1,0,287
068612903,348,1,0,0,349
068612904,260,5,0,0,265
068612905,282,4,0,0,286
068612906,181,2,1,0,184
068612907,252,4,0,0,256
068612908,475,11,12,0,498
068612909,182,1,0,0,183
068612910,351,0,0,0,351
068612911,250,2,0,0,252
068612912,193,0,0,0,193
068613001,262,6,7,1,276
068613002,273,4,14,0,291
068613003,145,18,218,0,381
068613004,101,31,350,2,484
068613005,58,15,171,3,247
068613006,61,10,181,1,253
068613007,255,0,0,0,255
068613008,66,2,0,0,68
068613009,427,7,4,1,439
068613010,216,1,0,0,217
068613011,281,2,0,0,283
068613012,343,4,1,0,348
068613101,410,17,1,0,428
068613102,593,12,0,0,605
068613103,354,6,1,0,361
068613104,640,21,0,0,661
068613105,227,5,3,0,235
068613106,331,8,1,0,340
068613107,412,27,2,0,441
068613108,356,9,5,0,370
068613109,307,6,5,0,318
068613110,399,9,1,0,409
068613201,208,0,0,0,208
068613202,389,12,0,0,401
068613203,71,0,3,0,74
068613204,95,6,0,0,101
068613205,157,0,0,0,157
068613206,234,15,0,0,249
068613207,352,22,3,0,377
068613208,246,6,0,0,252
068613209,199,3,0,0,202
068613210,336,21,0,0,357
068613301,323,15,0,0,338
068613302,334,12,0,0,346
068613303,355,12,0,0,367
068613304,244,6,0,0,250
068613305,333,18,0,0,351
068613306,269,3,0,0,272
068613307,298,18,0,0,316
068613308,313,12,0,0,325
068613309,332,24,0,0,356
068613310,356,27,0,0,383
060070101,0,133,45,0,178
060070102,0,191,60,1,252
060070103,0,10,3,0,13
060070104,0,0,1,0,1
060070105,1,8,2,1,12
060070106,0,0,5,0,5
060070107,4,47,12,0,63
060070108,0,10,1,0,11
060070109,0,0,8,0,8
060070110,0,7,3,0,10
060070111,0,1,7,0,8
060070112,0,4,3,0,7
060070113,0,10,5,0,15
060070114,0,3,17,1,21
060070115,2,104,34,0,140
060070201,1,7,0,0,8
060070202,0,1,6,0,7
060070203,0,5,6,1,12
060070204,0,2,2,0,4
060070205,0,0,7,0,7
060070206,7,4,4,0,15
060070207,0,0,3,0,3
060070208,0,2,2,0,4
060070209,0,1,4,1,6
060070301,0,2,3,0,5
060070302,0,6,1,0,7
060070303,0,12,3,0,15
060070304,0,6,5,0,11
060070305,0,1,2,0,3
060070306,0,12,6,1,19
060070307,0,3,2,0,5
060070308,0,1,9,0,10
060070401,0,4,9,0,13
060070402,0,25,31,0,56
060070403,11,123,100,0,234
060070404,8,173,70,1,252
060070405,1,177,148,2,328
060070406,1,97,63,0,161
060070407,2,87,80,7,176
060070408,0,3,3,0,6
060070409,0,1,3,0,4
060070410,0,1,1,0,2
060070411,0,0,3,0,3
060070412,0,0,1,0,1
060070413,0,3,3,0,6
060070501,0,33,10,0,43
060070502,0,0,0,0,0
060070503,0,2,2,0,4
060070504,0,4,5,0,9
060070505,0,1,2,0,3
060070506,0,3,1,0,4
060070507,0,1,3,0,4
060070508,0,0,2,0,2
060070509,0,4,2,0,6
060070510,0,1,1,0,2
060070511,0,2,2,0,4
060070512,0,1,4,0,5
060070513,0,2,0,0,2
060070514,0,0,8,0,8
060070515,0,6,3,1,10
060070516,0,1,2,0,3
060070601,0,101,62,0,163
060070602,0,5,1,0,6
060070603,0,5,5,0,10
060070604,0,1,0,0,1
060070605,0,6,3,0,9
060070606,0,4,6,1,11
060070607,0,0,1,0,1
060070608,0,1,5,0,6
060070609,0,6,2,0,8
060070610,0,6,3,0,9
060070611,0,3,4,0,7
060070612,0,28,21,0,49
060070613,0,3,5,0,8
060070614,0,3,0,1,4
060070615,0,7,1,0,8
060070701,0,0,9,0,9
060070702,1,145,67,0,213
060070703,0,2,4,0,6
060070704,0,0,5,0,5
060070801,1,7,23,0,31
060070802,1,56,47,5,109
060070803,146,65,46,0,257
060070804,146,45,36,0,227
060070805,103,28,41,0,172
060070806,250,23,14,0,287
060070807,284,11,18,0,313
060070808,240,8,3,0,251
060070809,295,31,30,0,356
060070810,286,13,9,0,308
060070811,185,16,20,0,221
060070812,60,69,53,4,186
060070813,102,42,54,0,198
060070814,246,13,51,1,311
060070901,0,0,5,0,5
060070902,0,8,0,1,9
060070903,0,1,6,0,7
060070904,0,0,6,0,6
060070905,0,0,3,0,3
060070906,0,3,2,0,5
060071001,0,0,12,0,12
060071002,0,1,2,0,3
060071003,0,4,1,0,5
060071004,0,4,0,0,4
060071005,0,3,10,0,13
060071006,0,8,5,0,13
060071007,0,0,6,0,6
060071008,0,2,0,0,2
060071009,0,6,0,0,6
060071010,0,3,7,0,10
060071011,0,7,2,0,9
060071012,0,2,3,0,5
060071101,0,6,5,0,11
060071102,0,0,0,0,0
060071103,0,1,5,0,6
060071104,0,3,6,0,9
060071105,0,1,3,0,4
060071106,0,3,0,0,3
060071107,0,0,5,0,5
060071108,0,3,3,0,6
060071109,0,0,0,0,0
060071110,0,4,2,0,6
060071111,0,5,1,0,6
060140101,0,8,18,1,27
060140201,0,2,8,1,11
060140301,0,25,30,0,55
060140302,0,11,14,9,34
060140401,0,6,29,0,35
060140501,3,101,49,0,153
060140502,0,20,16,0,36
060140503,0,26,8,0,34
060140504,2,218,78,2,300
060140505,3,125,25,0,153
060140601,0,12,7,0,19
060140701,2,5,3,2,12
060140801,0,17,11,2,30
060140901,0,11,4,0,15
060141001,1,45,76,3,125
060141002,1,12,15,0,28
060141003,19,28,100,2,149
060141004,76,72,34,0,182
060141005,60,69,92,0,221
060141006,66,81,55,0,202
060141007,5,62,67,1,135
060141008,164,28,21,0,213
060141009,215,42,20,0,277
060141010,268,65,19,0,352
060141011,256,33,18,0,307
060141012,26,86,80,1,193
060141013,200,57,49,0,306
060141014,89,38,81,1,209
060141015,249,12,19,0,280
060141101,0,6,11,1,18
060141201,0,3,12,0,15
060141202,0,7,10,1,18
060141301,0,15,6,0,21
060141401,0,3,4,0,7
060141501,0,0,3,0,3
060210101,0,8,1,0,9
060210102,0,2,4,0,6
060210201,81,18,52,0,151
060210202,94,24,28,0,146
060210203,0,6,8,0,14
060210204,0,3,3,0,6
060210205,0,3,0,0,3
060210206,0,13,45,0,58
060210207,0,8,3,0,11
060210301,0,4,3,0,7
060210302,0,3,4,0,7
060210401,0,7,5,0,12
060210402,0,5,1,0,6
060210501,15,35,87,0,137
060210502,0,5,6,0,11
060210503,0,1,3,1,5
060210601,74,15,33,0,122
060210602,412,3,7,0,422
060210603,288,5,2,0,295
060210604,352,13,19,0,384
060210605,257,3,1,0,261
060210606,290,3,1,0,294
060210607,350,20,18,0,388
060210608,136,5,2,0,143
060210609,14,8,4,0,26
060210610,59,21,12,1,93
060210611,264,18,47,0,329
060210612,164,17,46,0,227
060210701,0,0,6,0,6
060210702,0,2,3,0,5
060210801,1,17,49,3,70
060210802,0,4,2,0,6
060210803,0,10,6,0,16
060210804,0,9,7,0,16
060210901,0,0,12,0,12
060210902,0,2,6,0,8
060210903,0,13,0,0,13
060210904,0,17,0,0,17
060211001,0,4,7,0,11
060211002,0,3,45,1,49
060211003,0,3,5,0,8
060420101,350,7,20,0,377
060420102,254,4,18,0,276
060420103,271,6,7,0,284
060420104,240,4,2,1,247
060420105,226,4,1,0,231
060420106,200,16,35,0,251
060420107,219,3,9,1,232
060420108,385,10,4,0,399
060420109,350,28,45,1,424
060420201,1,17,35,1,54
060420301,0,13,53,1,67
060420401,0,3,38,0,41
060420501,0,16,83,0,99
060420601,0,20,37,1,58
060420701,1,26,30,2,59
060420801,0,10,32,0,42
060420901,1,18,71,0,90
060421001,0,12,35,4,51
060421101,1,2,20,1,24
060421102,4,38,112,3,157
060421103,129,93,72,2,296
060421201,1,7,41,1,50
060421301,0,29,11,2,42
060421401,1,17,45,2,65
060421501,0,3,32,2,37
060421601,0,15,17,2,34
060421701,0,13,23,0,36
060421801,0,1,17,0,18
060421901,296,11,22,0,329
060421902,272,8,16,1,297
060421903,279,12,65,3,359
060421904,293,9,8,0,310
060421905,293,7,8,0,308
060421906,291,5,14,0,310
060421907,226,3,2,0,231
060421908,192,10,22,0,224
060421909,350,30,114,0,494
060490101,213,4,2,0,219
060490102,205,1,2,0,208
060490103,241,14,4,0,259
060490104,286,5,0,0,291
060490105,261,2,1,0,264
060490106,246,0,0,0,246
060490107,265,1,2,0,268
060490108,292,3,3,0,298
060490109,268,2,4,0,274
060490110,225,28,33,1,287
060490111,175,19,59,0,253
060490112,46,26,88,1,161
060490113,236,4,1,0,241
060490114,197,12,40,0,249
060490115,79,16,82,0,177
060490116,110,13,64,1,188
060490201,239,7,12,0,258
060490202,277,2,4,0,283
060490203,258,18,8,0,284
060490204,295,30,40,0,365
060490205,300,21,37,0,358
060490206,262,14,24,1,301
060490207,232,9,7,0,248
060490208,262,21,20,0,303
060490209,203,47,66,1,317
060490210,7,51,152,4,214
060490211,232,24,22,0,278
060490212,189,30,71,0,290
060490213,73,30,129,1,233
060490301,5,14,34,1,54
060490302,0,3,26,0,29
060490401,3,52,69,4,128
060490402,25,26,37,0,88
060490403,0,51,41,0,92
060490404,14,72,17,0,103
060490405,95,42,5,0,142
060490406,146,3,5,0,154
060490407,2,47,123,0,172
060490501,239,12,9,0,260
060490502,228,6,3,0,237
060490503,228,5,3,0,236
060490504,363,32,19,0,414
060490505,269,31,29,0,329
060490506,258,11,13,0,282
060490507,268,28,17,0,313
060490508,259,51,71,0,381
060490601,313,1,3,0,317
060490602,122,29,57,0,208
060490603,308,26,62,0,396
060490604,251,11,27,0,289
060490605,262,5,1,0,268
060490606,326,20,27,0,373
060490607,278,18,46,0,342
060490608,316,55,46,0,417
060490609,205,48,64,0,317
060490610,120,19,16,0,155
060490611,200,39,92,0,331
060490612,268,9,26,0,303
060490613,367,16,40,0,423
060490614,195,28,67,1,291
060490615,42,26,70,0,138
060490701,0,1,3,0,4
060490702,2,7,26,0,35
060490801,0,7,11,2,20
060490901,0,11,20,0,31
060491001,44,28,38,4,114
060491002,49,44,29,2,124
060491003,53,51,84,0,188
060491004,58,29,22,0,109
060491005,50,28,19,0,97
060491006,48,26,43,0,117
060491007,14,25,74,0,113
060491008,53,46,78,0,177
060491009,1,11,40,2,54
060491101,0,4,26,1,31
060491102,3,15,22,1,41
060491201,0,7,35,0,42
060491301,0,8,29,0,37
060491401,0,6,12,0,18
060491402,1,2,18,0,21
060491501,2,3,29,0,34
060491601,0,6,25,1,32
060491701,0,8,32,0,40
060491801,14,37,39,2,92
060491901,2,24,30,0,56
060492001,209,68,110,2,389
060492002,248,80,28,1,357
060492003,1,19,14,1,35
060492004,0,22,12,0,34
060492005,1,2,13,0,16
060492006,38,59,87,0,184
060492007,136,52,12,0,200
060492101,0,7,33,5,45
060492102,1,25,21,1,48
060492201,1,40,31,1,73
060492301,0,14,45,3,62
060492401,0,5,12,2,19
060492501,173,21,76,1,271
060492502,389,18,22,1,430
060492503,157,13,51,0,221
060492504,197,35,38,2,272
060492505,109,26,95,0,230
060492506,208,39,1,0,248
060492507,316,63,58,0,437
060492508,342,26,19,0,387
060492509,245,30,135,0,410
060492510,171,28,93,0,292
060560101,325,1,0,0,326
060560102,360,1,0,0,361
060560103,388,2,1,0,391
060560104,164,2,0,0,166
060560105,194,0,0,0,194
060560106,177,0,0,0,177
060560107,239,0,0,0,239
060560108,479,0,0,0,479
060560109,184,0,0,0,184
060560110,239,1,0,0,240
060560111,297,0,0,0,297
060560112,277,0,0,0,277
060560113,241,0,0,0,241
060560114,222,0,1,0,223
060560115,226,2,0,0,228
060560116,213,1,0,0,214
060560117,219,1,0,0,220
060560118,176,0,0,0,176
060560119,295,0,0,0,295
060560201,4,58,223,5,290
060560202,171,85,111,1,368
060560203,155,23,4,0,182
060560204,170,11,12,0,193
060560205,177,10,2,0,189
060560206,188,3,1,0,192
060560207,294,3,4,0,301
060560208,356,6,2,0,364
060560209,249,3,0,0,252
060560210,285,5,4,0,294
060560211,292,14,12,0,318
060560212,315,13,1,0,329
060560213,171,3,3,0,177
060560214,243,2,2,0,247
060560301,181,0,0,0,181
060560302,238,0,0,0,238
060560303,284,1,0,0,285
060560304,266,6,1,0,273
060560305,119,3,1,0,123
060560306,335,0,0,0,335
060560307,217,3,1,0,221
060560308,182,1,1,0,184
060560309,210,5,1,0,216
060560310,258,0,2,0,260
060560311,355,4,4,0,363
060560312,217,0,10,0,227
060560401,370,7,8,1,386
060560402,215,9,6,0,230
060560403,306,11,0,0,317
060560404,467,2,1,0,470
060560405,434,5,1,0,440
060560406,433,3,3,0,439
060560407,312,2,1,0,315
060560408,256,1,1,0,258
060560409,211,0,0,0,211
060560410,148,2,0,0,150
060560501,217,5,6,0,228
060560502,275,13,11,0,299
060560503,276,55,69,0,400
060560504,392,1,2,0,395
060560505,167,1,1,0,169
060560506,317,6,4,0,327
060560507,320,3,5,0,328
060560508,215,1,0,0,216
060560509,362,7,1,0,370
060560601,255,10,6,0,271
060560602,312,5,0,0,317
060560603,274,2,1,0,277
060560604,207,3,2,0,212
060560605,387,3,20,0,410
060560606,193,0,7,0,200
060560607,363,31,7,0,401
060560608,244,34,64,0,342
060560609,306,31,22,0,359
060560701,392,1,0,0,393
060560702,306,2,1,0,309
060560703,360,1,6,0,367
060560704,389,1,0,0,390
060560705,223,0,0,0,223
060560706,238,2,1,0,241
060560707,331,4,10,0,345
060560708,277,0,0,0,277
060560709,338,7,11,0,356
060560710,320,6,4,0,330
060560711,320,21,27,0,368
060560801,404,27,35,1,467
060560802,365,56,47,0,468
060560803,290,40,31,1,362
060560804,236,72,107,3,418
060560805,409,13,44,0,466
060560806,233,7,9,0,249
060560807,236,2,6,1,245
060560808,37,9,26,0,72
060560809,173,39,279,1,492
060560810,82,12,112,1,207
060560811,0,0,10,9,19
060560812,38,29,191,4,262
060560813,149,73,96,2,320
060560814,267,38,90,0,395
060560815,61,31,101,0,193
060560901,308,1,0,0,309
060560902,270,0,0,0,270
060560903,263,0,0,0,263
060560904,254,1,0,0,255
060560905,223,1,0,0,224
060560906,326,0,0,0,326
060560907,226,0,0,0,226
060560908,220,5,33,0,258
060560909,150,0,1,0,151
060560910,179,2,4,0,185
060560911,195,4,2,0,201
060561001,129,0,0,0,129
060561002,183,0,0,0,183
060561003,288,0,0,0,288
060561004,308,0,0,0,308
060561005,196,1,0,0,197
060561006,170,1,0,0,171
060561007,244,0,0,0,244
060561008,323,1,0,0,324
060561009,230,0,0,0,230
060561010,229,0,1,0,230
060561011,195,0,0,0,195
060561101,209,1,0,0,210
060561102,144,2,0,0,146
060561103,148,0,0,0,148
060561104,244,0,0,0,244
060561105,215,0,0,0,215
060561106,214,0,0,0,214
060561107,257,1,0,0,258
060561108,234,0,0,0,234
060561109,187,0,0,0,187
060561110,271,0,0,0,271
060561111,235,1,0,0,236
060561112,276,2,1,0,279
060561113,253,0,0,0,253
060561114,209,0,0,0,209
060561201,310,0,0,0,310
060561202,293,0,0,0,293
060561203,193,0,0,0,193
060561204,271,0,0,0,271
060561205,282,1,0,0,283
060561206,263,0,0,0,263
060561207,203,0,0,0,203
060561208,233,0,0,0,233
060561209,242,0,0,0,242
060561210,145,0,0,0,145
060561211,169,0,0,0,169
060561301,492,2,2,0,496
060561302,311,0,0,0,311
060561303,312,1,0,0,313
060561304,172,0,0,0,172
060561305,178,0,0,0,178
060561306,259,1,0,0,260
060561307,316,2,3,0,321
060561308,311,0,0,0,311
060561309,171,1,0,0,172
060561310,242,0,0,0,242
060561401,207,1,0,0,208
060561402,219,1,1,0,221
060561403,261,0,0,0,261
060561404,226,0,0,0,226
060561405,215,2,0,0,217
060561406,402,6,1,0,409
060561407,236,3,1,0,240
060561408,305,0,0,0,305
060561409,169,1,0,0,170
060561410,310,0,0,0,310
060561411,206,0,0,0,206
060561412,174,1,1,0,176
060561413,282,0,0,0,282
060561414,339,0,1,0,340
060561415,190,1,0,0,191
060561416,327,1,0,0,328
060561417,280,0,0,0,280
060561418,212,2,0,0,214
060561419,256,0,0,0,256
060561420,114,0,0,0,114
060561421,188,0,0,0,188
060561501,248,21,29,0,298
060561502,372,7,2,0,381
060561503,323,7,6,0,336
060561504,225,5,13,0,243
060561505,250,5,24,0,279
060561506,288,11,16,0,315
060561507,294,9,4,0,307
060561508,375,2,0,0,377
060561509,149,23,5,0,177
060561510,211,0,1,0,212
060561511,233,3,0,0,236
060561512,359,1,6,0,366
060561513,186,35,13,0,234
060561514,321,7,10,0,338
060561515,430,9,6,0,445
060561516,154,5,14,0,173
060561517,164,5,3,0,172
060561601,211,2,1,0,214
060561602,200,2,0,0,202
060561603,242,2,0,0,244
060561604,180,2,0,0,182
060561605,312,0,0,0,312
060561606,168,2,1,0,171
060561607,190,0,0,0,190
060561608,314,1,0,0,315
060561609,313,1,0,0,314
060561610,270,0,0,0,270
060561611,334,1,0,0,335
060561612,257,1,0,0,258
060561613,339,2,0,0,341
060561614,249,1,0,0,250
060561701,344,0,0,0,344
060561702,329,1,0,0,330
060561703,340,0,0,0,340
060561704,210,3,0,0,213
060561705,184,0,0,0,184
060561706,311,0,0,0,311
060561707,319,0,0,0,319
060561708,203,0,0,0,203
060561709,253,0,0,0,253
060561710,260,1,0,0,261
060561801,376,2,5,0,383
060561802,368,3,0,0,371
060561803,217,2,3,0,222
060561804,231,1,0,0,232
060561805,308,1,1,0,310
060561806,289,3,3,0,295
060561807,346,8,1,0,355
060561808,317,8,2,0,327
060561809,297,5,5,0,307
060561810,246,5,1,0,252
060561901,337,7,4,0,348
060561902,334,4,4,0,342
060561903,431,6,1,0,438
060561904,257,34,44,1,336
060561905,264,11,104,3,382
060561906,442,4,1,0,447
060561907,333,10,46,0,389
060561908,88,46,90,4,228
060561909,208,7,22,0,237
060561910,252,25,181,0,458
060561911,331,6,2,0,339
060561912,374,4,16,0,394
060561913,396,2,5,0,403
060561914,213,10,4,0,227
060562001,412,2,0,0,414
060562002,387,0,0,0,387
060562003,310,0,1,0,311
060562004,315,5,0,0,320
060562005,356,0,0,0,356
060562006,254,0,0,0,254
060562007,240,0,0,0,240
060562008,172,5,12,0,189
060562009,192,0,1,0,193
060562010,201,3,0,0,204
060562101,317,1,1,0,319
060562102,298,0,2,0,300
060562103,204,1,2,0,207
060562104,221,4,0,0,225
060562105,349,2,0,0,351
060562106,157,1,0,0,158
060562107,233,47,58,3,341
060562108,211,1,1,0,213
060562109,267,2,0,0,269
060562110,240,7,4,0,251
060562111,268,20,51,0,339
060562201,336,3,4,0,343
060562202,338,5,2,0,345
060562203,361,3,5,0,369
060562204,387,15,6,0,408
060562205,203,17,31,0,251
060562206,255,11,73,0,339
060562207,210,6,0,0,216
060562208,369,11,9,0,389
060562209,191,8,7,0,206
060562210,283,0,0,0,283
060562211,263,0,1,0,264
060562212,93,6,0,0,99
060562213,245,23,24,0,292
060562214,298,5,3,1,307
060562215,289,2,5,0,296
060562216,322,5,1,0,328
060562217,332,11,1,0,344
060562301,14,49,114,7,184
060562302,202,27,41,0,270
060562303,257,41,28,1,327
060562304,331,75,73,0,479
060562305,256,1,0,0,257
060562306,308,1,0,0,309
060562307,260,3,9,0,272
060562308,292,0,0,0,292
060562309,311,26,35,2,374
060562310,273,8,3,0,284
060562311,175,4,0,0,179
060562312,188,3,15,1,207
060562313,236,3,3,0,242
060562314,240,22,43,2,307
060562315,189,29,40,2,260
060562316,150,26,100,4,280
060562401,11,285,96,0,392
060562402,47,192,221,1,461
060562403,108,129,67,0,304
060562404,234,46,85,0,365
060562405,217,46,55,2,320
060562406,425,7,0,0,432
060562407,369,8,13,0,390
060562408,108,129,435,4,676
060562409,78,75,198,1,352
060562410,143,46,74,0,263
060562411,115,29,42,0,186
060562412,368,19,22,2,411
060562413,258,49,95,0,402
060562414,59,25,143,0,227
060562415,28,36,171,1,236
060562416,8,93,242,0,343
060562417,88,20,71,0,179
060562501,57,293,36,3,389
060562502,352,90,37,0,479
060562503,8,165,99,1,273
060562504,4,216,183,0,403
060562505,234,39,78,0,351
060562506,331,57,28,2,418
060562507,244,128,25,0,397
060562508,363,18,10,0,391
060562509,269,36,56,0,361
060562510,327,1,0,0,328
060562511,341,2,0,0,343
060562512,333,7,8,0,348
060562513,283,3,3,0,289
060562514,312,1,1,0,314
060562515,256,3,0,0,259
060562516,337,3,2,0,342
060562601,3,209,67,1,280
060562602,0,218,64,1,283
060562603,187,56,64,1,308
060562604,33,68,27,0,128
060562605,5,238,57,1,301
060562606,2,93,93,0,188
060562607,4,279,33,0,316
060562608,2,259,48,0,309
060562609,0,161,35,0,196
060562610,14,425,116,2,557
060562611,23,372,29,1,425
060562612,2,100,62,0,164
060562613,32,192,205,0,429
060562614,143,132,91,4,370
060562615,62,59,116,6,243
060562616,194,38,19,0,251
060562617,106,92,218,7,423
060562618,2,59,130,1,192
060562619,1,39,135,0,175
060562701,0,18,24,2,44
060562702,210,17,15,0,242
060562703,20,167,117,0,304
060562704,12,158,119,0,289
060562705,1,94,31,0,126
060562706,0,36,63,0,99
060562707,11,143,148,14,316
060562708,89,26,37,1,153
060562801,0,9,11,2,22
060562901,0,10,6,0,16
060563001,1,24,18,0,43
060563002,1,86,52,0,139
060563003,3,159,44,1,207
060563004,6,131,65,0,202
060563005,0,61,41,2,104
060563006,1,51,20,0,72
060563007,0,12,15,0,27
060563101,1,31,27,0,59
060563201,0,11,12,0,23
060563202,28,121,74,0,223
060563203,2,153,175,4,334
060563204,2,27,65,5,99
060563205,47,203,91,0,341
060563206,219,93,26,1,339
060563207,0,74,89,2,165
060563208,2,153,90,1,246
060563209,4,257,113,1,375
060563210,8,228,77,0,313
060563211,19,213,86,1,319
060563212,9,2,8,0,19
060630101,122,47,99,1,269
060630102,300,7,14,1,322
060630103,291,4,34,2,331
060630104,143,25,165,2,335
060630105,371,15,30,0,416
060630106,286,0,1,0,287
060630107,296,8,2,0,306
060630108,361,3,18,0,382
060630109,305,14,53,0,372
060630110,225,5,8,0,238
060630111,292,1,3,0,296
060630112,213,1,1,2,217
060630113,267,5,0,0,272
060630114,237,9,18,1,265
060630115,238,30,67,0,335
060630116,206,17,17,0,240
060630117,219,9,7,0,235
060630201,277,33,86,3,399
060630202,293,2,4,0,299
060630203,295,3,3,0,301
060630204,153,38,108,0,299
060630205,348,6,6,0,360
060630206,55,27,61,3,146
060630207,218,27,78,0,323
060630208,315,7,7,0,329
060630301,0,13,1,0,14
060630302,9,57,93,1,160
060630303,0,19,22,2,43
060630304,0,1,16,0,17
060630305,0,15,13,1,29
060630306,0,12,9,0,21
060630401,0,5,2,0,7
060630402,0,5,20,0,25
060630403,0,2,19,0,21
060630404,0,20,17,1,38
060630405,0,8,4,0,12
060630406,1,16,12,0,29
060630501,0,4,4,0,8
060630502,0,5,10,0,15
060630601,1,13,29,0,43
060630602,0,11,9,0,20
060630603,0,4,16,1,21
060630604,0,16,8,0,24
060630605,1,21,8,0,30
060630606,0,3,15,0,18
060630607,0,5,12,0,17
060630701,318,17,75,2,412
060630702,110,15,62,2,189
060630703,282,6,25,0,313
060630704,211,5,40,0,256
060630705,62,37,78,1,178
060630706,191,64,103,0,358
060630707,31,55,150,1,237
060630708,336,48,19,0,403
060630709,143,64,56,0,263
060630801,0,6,0,0,6
060630802,0,20,40,0,60
060630803,1,1,6,0,8
060630804,0,11,12,3,26
060630805,0,18,35,2,55
060630806,0,23,36,5,64
060630901,0,36,46,0,82
060630902,0,2,12,1,15
060630903,0,7,9,0,16
060630904,0,2,5,0,7
060630905,1,3,4,1,9
060630906,0,38,60,1,99
060631001,4,11,5,0,20
060631002,4,63,54,1,122
060631003,0,14,28,1,43
060631004,0,13,10,0,23
060631101,0,19,4,0,23
060631102,1,16,26,0,43
060631103,0,17,26,1,44
060631104,0,11,33,1,45
060631105,0,3,37,0,40
060631106,3,18,18,0,39
060631107,0,8,10,0,18
060631201,0,4,11,0,15
060631202,0,4,13,0,17
060631203,0,1,6,0,7
060631301,281,1,0,0,282
060631302,335,1,0,0,336
060631303,406,10,20,0,436
060631304,335,1,3,0,339
060631305,331,0,0,1,332
060631306,276,2,4,0,282
060631307,353,2,17,0,372
060631308,214,41,113,1,369
060700101,159,1,6,0,166
060700102,166,1,1,0,168
060700103,226,1,1,0,228
060700104,143,0,2,0,145
060700105,217,0,0,0,217
060700106,286,3,2,0,291
060700107,289,1,2,0,292
060700108,270,3,1,0,274
060700109,299,2,0,0,301
060700110,277,2,5,0,284
060700111,147,3,1,0,151
060700112,123,1,1,0,125
060700113,159,0,1,0,160
060700201,316,55,81,1,453
060700202,92,93,112,4,301
060700203,161,0,37,0,198
060700204,334,3,17,0,354
060700205,336,2,18,0,356
060700206,227,42,110,2,381
060700207,182,0,2,0,184
060700208,9,89,182,0,280
060700209,6,103,185,0,294
060700210,20,93,326,11,450
060700211,25,62,150,0,237
060700212,237,36,97,1,371
060700213,177,44,62,1,284
060700214,297,26,30,0,353
060700215,193,43,34,0,270
060700216,92,18,83,0,193
060700217,130,2,1,0,133
060700218,51,54,37,0,142
060700301,0,31,22,0,53
060700302,1,54,24,0,79
060700303,1,38,36,0,75
060700304,0,31,46,1,78
060700305,241,55,149,3,448
060700306,285,16,130,4,435
060700401,15,176,188,1,380
060700402,0,13,6,0,19
060700403,0,18,1,0,19
060700404,0,59,52,0,111
060700501,2,28,11,1,42
060700502,0,7,19,0,26
060700601,0,10,6,0,16
060700602,0,21,22,0,43
060700701,0,1,21,0,22
060700702,1,6,12,0,19
060700801,2,52,80,1,135
060700802,0,7,1,0,8
060700803,1,3,5,0,9
060700804,0,7,8,0,15
060700805,0,10,3,0,13
060700806,0,3,1,0,4
060700901,0,0,6,0,6
060700902,0,0,4,0,4
060700903,0,2,11,0,13
060700904,0,3,2,0,5
060701001,0,27,31,0,58
060701002,0,1,18,0,19
060701003,0,6,12,1,19
060701004,0,3,6,0,9
060701101,0,3,2,0,5
060701102,0,5,0,0,5
060701201,0,2,6,13,21
060701202,0,2,14,2,18
060770101,87,51,169,2,309
060770102,89,70,90,9,258
060770103,226,0,3,0,229
060770104,256,1,0,0,257
060770105,284,8,12,0,304
060770106,349,16,34,0,399
060770107,66,13,23,0,102
060770108,207,2,1,0,210
060770109,284,2,6,0,292
060770201,0,14,8,0,22
060770202,0,6,11,0,17
060770301,0,8,5,0,13
060770302,0,4,4,0,8
060770401,2,153,97,2,254
060770402,0,121,46,0,167
060770403,0,3,13,0,16
060770404,0,4,7,0,11
060770405,0,1,15,0,16
060770501,305,29,63,0,397
060770502,28,69,95,1,193
060770503,172,29,102,1,304
060770504,4,48,123,1,176
060770505,31,78,134,2,245
060770506,0,5,25,0,30
060770507,2,4,5,0,11
060770508,0,11,11,0,22
060770509,408,33,23,0,464
060770510,559,13,15,0,587
060770511,84,183,55,1,323
060770512,42,93,43,1,179
060770513,22,106,70,0,198
060770514,96,0,0,0,96
060770601,0,19,2,0,21
060770602,0,23,8,0,31
060770603,0,2,13,1,16
060770701,0,5,9,0,14
060770801,0,4,10,0,14
060770901,0,2,10,0,12
060770902,0,0,8,0,8
060770903,0,3,9,1,13
060770904,0,14,10,0,24
060770905,0,7,4,0,11
060771001,0,3,1,0,4
060771002,0,6,4,0,10
060771003,0,5,3,0,8
060771101,0,2,2,0,4
060771102,0,3,3,2,8
060771103,0,3,8,0,11
060771201,0,18,1,0,19
060771202,0,4,8,0,12
060771302,0,3,16,0,19
060771303,0,10,3,0,13
060771401,76,53,206,0,335
060771402,339,23,18,0,380
060771403,262,21,36,0,319
060771404,344,6,8,0,358
060771405,247,0,0,0,247
060771406,312,8,15,0,335
060771407,257,16,12,0,285
060771408,278,60,87,1,426
060771409,212,56,73,2,343
060840101,1,12,5,1,19
060840102,0,4,11,1,16
060840103,0,11,20,0,31
060840201,0,10,6,1,17
060840202,0,2,9,2,13
060840301,2,23,32,0,57
060840302,0,6,12,0,18
060840303,0,7,6,0,13
060840304,0,4,13,0,17
060840305,0,2,10,1,13
060840401,0,1,3,0,4
060840402,0,0,30,0,30
060840403,0,5,11,0,16
060840501,0,15,19,0,34
060840502,0,4,11,0,15
060840602,0,5,0,0,5
060840603,0,4,2,0,6
060840604,0,3,7,0,10
060840605,1,6,2,0,9
060840701,1,18,48,0,67
060840702,44,50,94,1,189
060840703,33,72,97,1,203
060840704,252,24,40,0,316
060840705,112,22,32,0,166
060840706,249,19,16,0,284
060840707,241,19,11,2,273
060840708,277,10,5,0,292
060840709,225,14,6,0,245
060840710,241,28,15,0,284
060840711,190,51,100,1,342
060840801,0,13,18,0,31
060840802,0,4,8,0,12
060840803,2,6,22,0,30
060840804,0,2,4,0,6
060840901,6,144,28,0,178
060840902,7,213,18,0,238
060840903,1,116,12,0,129
060840904,3,120,15,0,138
060840905,9,134,59,1,203
060840906,3,168,53,1,225
060840907,0,7,23,0,30
060840908,0,2,4,0,6
060840909,0,13,0,0,13
060841001,1,2,9,0,12
060841002,0,3,4,0,7
060841003,0,1,9,0,10
060841101,0,7,1,0,8
060841102,0,6,27,0,33
060841201,1,21,52,0,74
060841202,37,36,63,3,139
060841203,180,18,7,0,205
060841204,269,28,33,0,330
060841205,196,12,23,0,231
060841206,263,51,77,2,393
060841207,176,20,4,0,200
060841208,312,9,12,0,333
060841209,55,37,101,3,196
060841210,216,33,56,0,305
060980101,86,161,49,0,296
060980102,158,91,44,0,293
060980103,129,150,30,2,311
060980104,135,135,24,0,294
060980105,174,66,26,0,266
060980106,172,92,35,0,299
060980107,187,29,19,0,235
060980108,219,26,13,0,258
060980109,176,57,21,0,254
060980110,91,167,54,0,312
060980111,49,277,41,0,367
060980112,159,70,25,0,254
060980201,147,115,19,0,281
060980202,167,146,34,0,347
060980203,11,236,18,1,266
060980204,332,47,24,0,403
060980205,214,71,31,0,316
060980206,231,60,13,0,304
060980207,80,249,42,5,376
060980208,27,251,76,1,355
060980209,41,129,50,0,220
060980210,11,212,85,0,308
060980211,11,173,40,0,224
060980212,20,229,181,0,430
060980213,138,56,19,0,213
060980214,30,143,62,0,235
060980215,16,154,70,0,240
060980301,134,1,2,0,137
060980302,126,1,1,0,128
060980303,38,202,114,1,355
060980304,22,153,108,0,283
060980305,37,145,74,0,256
060980306,57,204,93,1,355
060980307,254,2,0,0,256
060980308,411,10,1,0,422
060980309,337,42,70,8,457
060980310,416,22,15,2,455
060980311,7,137,86,0,230
060980312,167,1,0,0,168
060980313,140,0,0,0,140
060980401,3,33,12,4,52
060980402,2,49,68,3,122
060980403,0,72,103,2,177
060980404,2,57,31,5,95
060980405,0,5,5,0,10
060980406,2,94,54,10,160
060980407,0,33,23,1,57
060980408,0,23,20,2,45
060980501,74,114,95,1,284
060980502,129,112,122,2,365
060980503,116,106,83,0,305
060980504,248,21,19,0,288
060980505,209,14,95,2,320
060980506,174,32,44,0,250
060980507,184,19,29,1,233
060980508,193,35,31,0,259
060980509,175,51,48,0,274
060980510,198,51,64,0,313
060980601,177,69,18,0,264
060980602,41,298,46,1,386
060980603,55,351,82,0,488
060980604,23,156,48,0,227
060980605,37,266,79,0,382
060980606,60,186,52,0,298
060980607,26,213,60,0,299
060980608,61,178,105,0,344
060980609,25,309,79,0,413
060980610,13,157,48,1,219
060980611,23,199,90,0,312
060980612,1,113,63,3,180
060980613,3,124,93,7,227
060980614,11,165,71,4,251
060980615,29,177,42,0,248
060980616,7,207,83,2,299
060980617,31,173,28,0,232
060980701,173,55,15,4,247
060980702,410,129,41,1,581
060980703,136,21,8,0,165
060980704,187,69,35,0,291
060980705,101,159,39,0,299
060980706,304,11,35,10,360
060980707,0,6,6,1,13
060980801,8,258,64,1,331
060980802,2,146,162,21,331
060980803,15,65,135,1,216
060980804,13,170,88,2,273
060980805,156,6,1,0,163
060980806,254,6,4,0,264
060980807,179,7,1,0,187
060980808,235,4,3,0,242
060980809,227,7,8,0,242
060980810,52,216,177,1,446
060980811,187,53,18,0,258
060980812,131,76,22,0,229
060980813,88,42,108,0,238
060980814,146,92,66,0,304
060980815,216,68,42,0,326
060980816,149,123,34,3,309
060980817,107,130,128,2,367
061050101,370,0,3,0,373
061050102,318,7,4,0,329
061050103,276,3,10,0,289
061050104,375,3,0,0,378
061050105,236,2,3,0,241
061050106,246,7,0,0,253
061050107,294,5,1,0,300
061050108,323,4,4,0,331
061050109,245,4,1,0,250
061050201,326,6,11,1,344
061050202,327,5,8,0,340
061050203,316,2,6,0,324
061050204,162,2,1,0,165
061050205,298,5,0,0,303
061050206,264,3,6,0,273
061050207,358,4,3,0,365
061050208,147,2,2,0,151
061050209,201,3,3,0,207
061050210,282,3,2,0,287
061050211,332,6,5,1,344
061050301,0,41,58,2,101
061050401,1,15,29,1,46
061050402,0,11,11,0,22
061050403,0,20,56,2,78
061050501,0,24,14,1,39
061050601,0,27,38,0,65
061050602,0,18,18,0,36
061050701,0,22,21,0,43
061050801,87,13,37,0,137
061050802,73,23,74,4,174
061050803,216,12,35,2,265
061050804,0,0,4,0,4
061050805,0,26,42,0,68
061050806,0,8,23,0,31
061050807,0,8,29,0,37
061050808,0,11,45,1,57
061050809,0,8,25,1,34
061050901,0,17,24,1,42
061051001,0,27,24,1,52
061051002,0,11,35,0,46
061051101,0,21,35,0,56
061051102,0,80,83,0,163
061051103,3,84,65,0,152
061051104,2,88,87,1,178
061051105,0,159,160,1,320
061051106,1,52,42,2,97
061051107,0,29,77,3,109
061051201,0,17,23,0,40
061051301,43,81,50,0,174
061051302,63,42,22,1,128
061051303,57,99,77,0,233
061051304,6,23,48,0,77
061051401,142,74,199,2,417
061051402,215,12,29,0,256
061051403,148,5,29,0,182
061051404,96,35,63,1,195
061051405,184,18,20,0,222
061051406,180,37,54,0,271
061051407,282,1,0,0,283
061051408,5,28,42,0,75
061051409,1,17,12,0,30
061051410,291,8,14,0,313
061051411,155,1,9,0,165
061051412,187,5,6,0,198
061051413,267,13,51,2,333
061120101,99,51,80,0,230
061120102,265,16,80,1,362
061120103,344,9,49,0,402
061120104,172,0,0,0,172
061120105,220,3,0,0,223
061120106,284,0,0,0,284
061120107,264,0,7,0,271
061120108,239,2,3,0,244
061120109,365,6,34,1,406
061120110,131,110,248,0,489
061120111,258,32,36,0,326
061120112,241,60,136,1,438
061120113,90,33,134,0,257
061120201,91,86,117,0,294
061120202,192,35,113,0,340
061120203,236,61,93,0,390
061120204,58,48,71,0,177
061120205,285,33,24,0,342
061120206,242,15,29,0,286
061120207,225,19,30,0,274
061120208,14,16,82,0,112
061120209,76,40,81,0,197
061120210,250,14,32,0,296
061120211,426,36,7,0,469
061120301,0,35,36,0,71
061120302,0,8,1,0,9
061120303,0,7,0,0,7
061120304,0,1,7,0,8
061120305,0,0,12,0,12
061120306,0,4,4,0,8
061120307,0,9,0,1,10
061120308,0,6,3,0,9
061120309,0,4,6,0,10
061120310,0,30,33,0,63
061120401,0,1,5,0,6
061120402,0,0,6,0,6
061120403,0,4,1,0,5
061120501,0,44,112,0,156
061120502,0,0,10,0,10
061120503,0,2,2,0,4
061120504,0,0,3,1,4
061120505,0,1,8,0,9
061120506,0,6,1,0,7
061120601,0,7,6,1,14
061120602,0,8,0,0,8
061120603,0,10,4,0,14
061120604,0,3,12,0,15
061120605,0,2,7,0,9
061120606,0,5,3,0,8
061120701,1,76,78,2,157
061120702,1,159,186,3,349
061120703,1,15,60,2,78
061120704,0,3,6,0,9
061120705,0,4,4,0,8
061120706,0,7,0,0,7
061120707,0,0,6,0,6
061120708,0,2,4,0,6
061120709,1,51,111,1,164
061120710,1,23,54,0,78
061120801,0,1,4,1,6
061120802,0,10,15,0,25
061120803,0,2,11,0,13
061120804,0,4,2,0,6
061120805,0,5,8,0,13
061120901,0,6,30,1,37
061120902,0,0,2,0,2
061120903,0,5,6,0,11
061120904,0,10,4,0,14
061120905,0,3,3,0,6
061120906,0,6,14,7,27
061120907,0,1,9,0,10
061120908,0,0,3,0,3
061121001,0,30,14,0,44
061121002,65,70,27,0,162
061121003,78,182,116,0,376
061121004,0,20,34,1,55
061121005,177,8,9,0,194
061121101,68,57,70,0,195
061121102,0,35,39,0,74
061121103,65,44,69,1,179
061121104,7,4,40,1,52
061121105,0,0,0,0,0
061121106,2,9,25,0,36
061121107,0,6,1,0,7
061121108,234,58,42,0,334
061121109,17,169,242,2,430
061121201,0,5,5,0,10
061121202,0,1,4,0,5
061121203,0,4,2,0,6
061121204,0,4,0,0,4
061121205,0,2,3,0,5
061121301,44,44,39,0,127
061121302,0,3,5,1,9
061121303,0,4,18,0,22
061121304,0,7,6,0,13
061121305,26,24,35,0,85
061121401,161,30,94,1,286
061121402,263,38,31,0,332
061121403,275,3,4,0,282
061121404,309,4,4,0,317
061121405,288,8,3,0,299
061121406,273,1,2,0,276
061121407,273,1,0,0,274
061121408,292,7,0,0,299
061121409,270,0,2,0,272
061121410,276,2,1,0,279
061190101,0,21,6,0,27
061190102,0,8,5,0,13
061190103,0,2,10,0,12
061190104,1,2,12,0,15
061190201,0,5,5,0,10
061190202,0,5,12,1,18
061190203,0,59,49,2,110
061190204,0,0,28,0,28
061190205,0,23,14,1,38
061190206,0,14,3,0,17
061190301,244,29,5,0,278
061190302,270,24,14,0,308
061190303,349,16,2,0,367
061190304,190,125,129,0,444
061190305,217,85,80,1,383
061190306,121,30,28,0,179
061190307,23,169,88,0,280
061190308,34,146,133,3,316
061190309,197,31,49,0,277
061190310,0,37,27,0,64
061190401,0,92,53,1,146
061190402,0,6,6,0,12
061190403,1,73,49,0,123
061190404,0,39,16,0,55
061190405,0,6,20,0,26
061190406,1,24,14,0,39
061190407,114,146,61,0,321
061190408,0,73,36,0,109
061190409,2,169,65,0,236
061190501,0,66,6,0,72
061190502,0,16,13,0,29
061190601,0,8,10,0,18
061190602,0,12,6,1,19
061190603,0,17,9,0,26
061190701,80,95,26,0,201
061190702,4,200,157,0,361
061190703,0,15,8,0,23
061190704,0,6,6,0,12
061190705,0,11,6,0,17
061190706,0,4,3,0,7
061190707,49,133,53,0,235
061190801,2,42,38,0,82
061190802,0,8,4,0,12
061190804,0,4,3,0,7
061190805,0,5,10,0,15
061190806,0,14,6,0,20
061190901,0,41,25,0,66
061190902,0,17,2,1,20
061190903,0,4,12,0,16
061190904,0,48,49,0,97
061191001,0,19,58,1,78
061191002,67,132,150,1,350
061191003,19,161,149,3,332
061191004,1,81,120,5,207
061191005,108,148,37,1,294
061191006,154,160,106,2,422
061191007,243,24,8,0,275
061191008,280,39,32,0,351
061191009,78,98,86,0,262
061191010,0,10,24,0,34
061260101,273,0,8,0,281
061260102,412,30,23,0,465
061260103,169,42,88,0,299
061260104,202,13,16,0,231
061260105,248,2,5,0,255
061260106,251,9,1,0,261
061260107,248,1,1,0,250
061260108,264,1,0,0,265
061260109,253,39,36,0,328
061260110,240,21,25,0,286
061260111,252,1,0,0,253
061260112,359,0,3,0,362
061260113,90,63,87,0,240
061260114,223,1,1,0,225
061260201,4,40,343,1,388
061260202,10,116,309,1,436
061260203,221,93,33,0,347
061260204,163,90,70,0,323
061260205,361,9,4,0,374
061260206,221,15,0,0,236
061260207,178,36,32,0,246
061260208,131,72,82,0,285
061260209,105,108,165,0,378
061260210,138,56,135,0,329
061260211,141,9,57,0,207
061260301,248,7,0,0,255
061260302,272,1,0,0,273
061260303,352,5,0,0,357
061260304,166,1,0,0,167
061260305,188,3,0,0,191
061260306,243,2,0,0,245
061260307,314,5,0,0,319
061260308,202,1,1,0,204
061260309,296,3,2,0,301
061260310,362,1,4,0,367
061260311,301,6,0,0,307
061260401,249,0,0,0,249
061260402,245,1,0,0,246
061260403,0,4,11,2,17
061260404,13,56,326,14,409
061260405,0,13,15,0,28
061260406,1,9,4,0,14
061260407,26,32,343,62,463
061260501,2,172,139,0,313
061260502,190,77,104,2,373
061260503,191,6,107,3,307
061260504,222,23,67,1,313
061260505,167,42,161,0,370
061260506,50,46,171,3,270
061260507,5,27,227,0,259
061260508,336,16,5,0,357
061260509,3,35,435,0,473
061260510,5,23,201,0,229
061260511,4,57,174,1,236
061260512,4,64,316,1,385
061260513,4,134,113,0,251
061260514,1,48,190,1,240
061260515,1,70,236,2,309
061260516,1,62,266,7,336
061260517,0,0,12,2,14
061260601,0,72,45,0,117
061260602,0,11,6,0,17
061260603,15,9,7,1,32
061260604,1,95,11,0,107
061260605,0,83,19,0,102
061260606,0,87,28,0,115
061260607,99,9,0,0,108
061260608,6,74,16,0,96
061260609,76,30,2,0,108
061260701,14,39,301,0,354
061260702,8,96,192,0,296
061260703,4,151,283,11,449
061260704,3,47,241,1,292
061260705,2,80,250,1,333
061260706,4,71,153,0,228
061260707,9,98,219,0,326
061260708,6,91,229,0,326
061260709,389,29,47,0,465
061260710,289,0,0,0,289
061260801,21,8,3,0,32
061260802,178,3,1,0,182
061260803,213,4,2,0,219
061260804,237,22,10,4,273
061260805,276,22,20,0,318
061260806,258,2,0,0,260
061260807,263,6,0,0,269
061260808,291,7,3,0,301
061260809,245,0,0,0,245
061260901,5,155,325,2,487
061260902,1,92,180,0,273
061260903,9,44,219,2,274
061260905,0,63,26,0,89
061260906,0,30,56,0,86
061260907,490,0,0,0,490
061260908,306,1,1,0,308
061260909,51,43,315,1,410
061260910,36,73,308,0,417
061260911,342,0,0,0,342
061260912,0,0,1,0,1
061260913,45,48,21,0,114
061260914,2,32,191,4,229
061260915,0,24,131,1,156
061260916,19,26,15,0,60
061260917,0,49,23,0,72
061260918,0,31,146,1,178
061260919,1,45,30,1,77
061261001,1,33,48,1,83
061261002,0,8,27,5,40
061261003,39,65,79,16,199
061261004,1,11,13,11,36
061261005,0,7,10,13,30
061340101,0,147,132,1,280
061340102,0,95,50,1,146
061340103,4,118,95,4,221
061340104,0,36,57,0,93
061340105,12,248,163,2,425
061340106,2,113,118,2,235
061340107,2,139,42,0,183
061340108,1,38,19,0,58
061340109,0,93,69,1,163
061340110,0,69,70,0,139
061340111,3,85,34,0,122
061340112,223,2,0,0,225
061340113,0,17,12,0,29
061340114,0,23,18,0,41
061340201,108,121,125,0,354
061340202,22,104,120,3,249
061340203,2,93,188,8,291
061340204,411,15,10,0,436
061340205,4,28,14,1,47
061340206,5,93,96,0,194
061340207,84,100,187,3,374
061340208,0,167,149,0,316
061340209,1,150,147,2,300
061340301,176,160,213,1,550
061340302,262,19,8,0,289
061340303,232,10,15,0,257
061340304,357,18,8,0,383
061340305,285,9,2,0,296
061340306,301,4,3,0,308
061340307,403,33,35,0,471
061340308,252,87,121,0,460
061340309,441,5,7,0,453
061340401,0,22,19,0,41
061340402,0,118,65,0,183
061340403,0,28,27,0,55
061340404,0,39,27,0,66
061340405,0,8,4,0,12
061340406,1,74,81,0,156
061340501,3,76,61,0,140
061340502,0,17,14,0,31
061340601,0,14,30,1,45
061340602,0,8,34,3,45
061340701,0,9,15,0,24
061340702,0,9,9,0,18
061340801,0,68,36,0,104
061340802,0,6,8,0,14
061340803,0,17,14,0,31
061340804,0,8,4,1,13
061340901,0,9,26,2,37
061340902,7,83,61,0,151
061340903,1,51,77,2,131
061340904,1,39,82,3,125
061340905,0,25,97,3,125
061340906,0,94,67,1,162
061340907,0,117,84,3,204
061340908,2,160,143,5,310
061340909,0,272,124,3,399
061340910,1,173,84,1,259
061340911,0,149,114,3,266
061340912,2,18,20,3,43
061340913,1,168,101,0,270
061340914,0,114,37,0,151
061341001,0,15,23,0,38
061341002,272,63,41,2,378
061341003,0,153,154,2,309
061341004,30,115,140,2,287
061341005,31,127,125,3,286
061341006,253,9,14,0,276
061341007,98,49,40,2,189
061341008,222,33,20,1,276
061341009,50,128,299,1,478
061341010,236,103,61,0,400
061341011,0,51,20,0,71
061400101,0,5,30,0,35
061400102,0,15,2,0,17
061400103,0,15,14,0,29
061400201,0,0,9,0,9
061400202,0,4,11,0,15
061400203,0,13,7,0,20
061400204,0,8,10,0,18
061400301,168,8,20,0,196
061400302,353,14,29,0,396
061400303,248,17,13,0,278
061400304,249,5,3,0,257
061400305,300,6,8,0,314
061400306,199,7,27,0,233
061400307,291,6,2,0,299
061400308,296,7,4,1,308
061400309,172,21,52,1,246
061400310,129,15,23,2,169
061400311,0,8,9,0,17
061400312,0,8,10,0,18
061400313,0,10,3,0,13
061400314,0,4,7,0,11
061400315,343,3,4,0,350
061400316,304,12,15,0,331
061400317,265,3,3,0,271
061400318,239,1,8,0,248
061400319,245,11,18,2,276
061400401,0,33,46,0,79
061400402,0,14,9,0,23
061400403,21,7,1,0,29
061400501,3,5,11,0,19
061400502,0,2,12,0,14
061400503,0,4,10,0,14
061400601,0,6,0,0,6
061470101,269,22,46,1,338
061470102,308,5,6,0,319
061470103,238,1,1,0,240
061470104,257,13,10,0,280
061470105,285,1,5,0,291
061470106,279,6,4,0,289
061470107,225,27,36,2,290
061470108,269,8,8,0,285
061470109,136,77,138,4,355
061470201,0,126,40,1,167
061470202,0,9,4,0,13
061470203,0,2,38,2,42
061470204,0,0,8,0,8
061470205,0,2,6,1,9
061470301,0,76,64,2,142
061470302,0,2,22,2,26
061470303,0,0,3,0,3
061470304,0,8,8,0,16
061470305,0,9,5,1,15
061470306,0,0,7,0,7
061470307,0,0,17,0,17
061470401,0,4,4,0,8
061470402,0,7,8,0,15
061470403,0,2,13,0,15
061470501,212,60,221,3,496
061470502,1,12,1,0,14
061470503,0,0,14,0,14
061470601,0,0,1,3,4
061470602,116,6,3,0,125
061470603,1,5,12,0,18
061470604,0,4,0,0,4
061470701,51,86,90,1,228
061470702,0,0,4,0,4
061470703,1,43,32,0,76
061470704,0,5,10,0,15
061470705,0,0,4,0,4
061470706,0,0,2,0,2
061470707,0,1,0,0,1
061470708,1,12,11,1,25
061470709,0,5,2,0,7
061470710,0,1,6,0,7
061470711,0,2,6,0,8
061470712,0,0,2,0,2
061470801,0,96,85,1,182
061470802,0,3,7,0,10
061470803,0,1,6,0,7
061470804,0,0,15,0,15
061470805,0,18,2,0,20
061470901,0,19,51,1,71
061470902,0,12,34,1,47
061470903,0,3,5,0,8
061470904,0,3,6,1,10
061470905,0,0,9,0,9
061470906,0,3,9,0,12
061470907,0,13,8,1,22
061471001,0,25,46,2,73
061471002,0,6,17,0,23
061471003,0,8,7,0,15
061471101,0,9,39,2,50
061471102,0,7,1,1,9
061471103,1,0,12,0,13
061471201,333,6,10,0,349
061471202,244,25,32,0,301
061471203,188,57,85,0,330
061471204,212,9,24,0,245
061471205,206,7,20,0,233
061471206,251,0,0,0,251
061471207,281,3,0,0,284
061471208,299,11,47,1,358
061471209,262,7,35,1,305
061471210,159,30,41,0,230
061540101,0,81,51,0,132
061540102,0,63,45,0,108
061540103,0,8,6,0,14
061540104,0,6,7,0,13
061540105,0,14,7,0,21
061540201,0,274,64,1,339
061540202,0,89,46,1,136
061540203,0,8,14,1,23
061540204,0,11,9,3,23
061540205,0,96,35,0,131
061540206,0,9,0,0,9
061540207,0,6,9,0,15
061540208,0,13,16,0,29
061540209,0,240,107,0,347
061540210,0,93,43,1,137
061540301,0,7,16,0,23
061540302,0,26,6,0,32
061540401,0,15,25,5,45
061540402,0,81,57,1,139
061540403,0,5,4,0,9
061540404,0,3,8,1,12
061540405,0,11,5,0,16
061540501,0,7,7,0,14
061540502,0,8,4,0,12
061540601,0,75,88,0,163
061540602,0,114,32,0,146
061540603,0,131,46,0,177
061540604,0,100,37,0,137
061540605,0,126,14,0,140
061540606,0,35,25,0,60
061540607,0,160,74,0,234
061540608,0,145,54,0,199
061540609,0,11,8,1,20
061540610,0,88,32,0,120
061540611,0,139,56,0,195
061540612,0,170,78,1,249
061540701,0,12,9,0,21
061540702,0,0,22,0,22
061540703,0,0,15,0,15
061540801,0,52,39,1,92
061540802,0,34,12,0,46
061540803,0,8,11,0,19
061540804,0,4,11,0,15
061540805,0,16,6,0,22
061540806,0,24,10,0,34
061540901,0,5,22,0,27
061540902,0,5,6,0,11
061610101,55,31,95,0,181
061610102,112,27,52,1,192
061610103,106,46,51,0,203
061610104,69,17,43,0,129
061610105,11,55,107,0,173
061610106,142,48,75,0,265
061610107,127,13,24,0,164
061610108,168,2,3,0,173
061610109,250,8,15,0,273
061610110,124,12,44,0,180
061610111,149,14,64,0,227
061610112,17,25,113,3,158
061610113,209,27,62,1,299
061610114,167,21,26,1,215
061610115,148,0,0,0,148
061610116,76,37,86,0,199
061610117,213,37,96,0,346
061610118,59,7,43,0,109
061610201,0,1,10,0,11
061610202,0,0,10,1,11
061610203,0,6,1,0,7
061610204,0,13,4,0,17
061610301,0,17,13,0,30
061610302,0,5,3,0,8
061610401,2,16,8,0,26
061610402,0,8,15,0,23
061610403,3,73,99,0,175
061610404,62,7,13,0,82
061610405,3,22,22,0,47
061610406,2,48,80,0,130
061610501,0,1,13,0,14
061610502,0,1,4,2,7
061610503,0,3,4,0,7
061610504,0,11,22,0,33
061610601,2,70,27,0,99
061610602,0,0,9,1,10
061610603,0,1,5,0,6
061610604,0,8,5,0,13
061610605,0,19,5,0,24
061610606,0,14,14,0,28
061610701,1,6,19,0,26
061610702,0,0,19,0,19
061610703,0,9,2,0,11
061610801,0,26,14,1,41
061610802,0,3,13,0,16
061610803,0,1,1,0,2
061610804,0,5,8,0,13
061680101,0,1,11,0,12
061680102,0,6,4,0,10
061680103,0,4,7,1,12
061680104,0,1,8,1,10
061680201,0,5,5,1,11
061680202,0,2,6,0,8
061680203,0,3,9,1,13
061680204,0,2,2,0,4
061680301,0,0,13,1,14
061680302,0,1,1,0,2
061680303,0,4,12,0,16
061680401,0,1,5,0,6
061680402,0,3,6,0,9
061680403,0,3,5,0,8
061680404,0,0,3,0,3
061680405,0,0,1,0,1
061680406,0,0,2,0,2
061680501,0,14,33,0,47
061680502,0,0,7,0,7
061680503,0,0,8,0,8
061680601,0,0,4,0,4
061680602,0,0,5,0,5
061680603,0,8,5,0,13
061680604,0,0,7,0,7
061680701,0,3,6,0,9
061680702,0,3,3,0,6
061680801,0,9,8,0,17
061680802,0,3,9,0,12
061680803,0,2,19,0,21
061680804,0,4,2,0,6
061680805,0,10,27,0,37
061680806,0,0,9,0,9
061680807,165,15,16,0,196
061680901,210,13,26,0,249
061680902,244,23,15,0,282
061680903,206,7,3,0,216
061680904,323,15,10,0,348
061680905,293,6,16,0,315
061680906,176,17,30,0,223
061680907,172,4,7,0,183
061680908,113,19,43,3,178
061681001,48,31,14,0,93
061681002,0,3,6,0,9
061681003,0,3,18,0,21
061681101,0,11,14,0,25
061681102,0,3,11,0,14
061750101,0,24,53,0,77
061750102,0,6,22,1,29
061750103,0,8,4,0,12
061750104,0,4,3,0,7
061750201,1,22,44,1,68
061750202,0,3,2,0,5
061750203,0,1,4,0,5
061750204,0,2,0,0,2
061750301,0,1,5,0,6
061750302,0,0,5,0,5
061750303,0,2,3,0,5
061750304,0,1,0,0,1
061750401,0,12,18,0,30
061750402,149,72,112,0,333
061750403,2,54,209,3,268
061750404,121,22,44,0,187
061750405,271,1,2,1,275
061750406,251,1,2,0,254
061750407,258,2,0,0,260
061750408,357,8,4,0,369
061750409,187,31,105,0,323
061750410,308,5,10,0,323
061750411,194,1,3,0,198
061750412,232,18,6,0,256
061750413,194,2,1,0,197
061750414,212,25,34,0,271
061750415,4,119,39,1,163
061750416,60,46,39,0,145
061750417,12,32,48,0,92
061750501,0,10,9,1,20
061750502,0,24,7,0,31
061750503,0,4,1,0,5
061750504,0,2,3,0,5
061750505,0,18,14,3,35
061750601,160,53,69,1,283
061750602,203,9,19,0,231
061750603,41,27,169,0,237
061750604,55,62,159,0,276
061750605,335,6,9,0,350
061750606,168,5,12,0,185
061750607,170,5,25,3,203
061750608,45,50,198,0,293
061750609,10,71,181,0,262
061750610,113,52,131,2,298
061750611,252,4,18,0,274
061750612,268,2,14,0,284
061750613,425,37,127,1,590
061750614,0,17,63,1,81
061750615,0,1,14,0,15
061820101,235,15,1,0,251
061820102,262,50,61,0,373
061820103,373,1,2,0,376
061820104,324,4,0,0,328
061820105,358,1,0,0,359
061820106,262,7,2,0,271
061820107,267,25,13,0,305
061820108,201,1,0,0,202
061820109,386,1,0,0,387
061820110,312,1,0,0,313
061820111,316,6,2,0,324
061820112,316,1,7,0,324
061820113,249,1,0,0,250
061820114,315,10,0,0,325
061820201,218,0,0,0,218
061820202,312,8,5,0,325
061820203,273,0,5,0,278
061820204,264,1,0,0,265
061820205,241,4,0,0,245
061820206,251,6,3,0,260
061820207,269,3,0,0,272
061820208,277,1,1,0,279
061820209,245,3,1,0,249
061820210,273,1,1,0,275
061820211,212,1,5,0,218
061820212,215,2,1,0,218
061820213,241,1,0,0,242
061820301,28,3,1,0,32
061820302,6,0,0,0,6
061820303,46,0,0,0,46
061820304,51,1,0,0,52
061820305,59,9,0,0,68
061820306,1,0,0,0,1
061820307,0,0,0,0,0
061820308,14,0,0,0,14
061820309,191,2,0,0,193
061820310,14,3,1,0,18
061820311,147,4,1,0,152
061820312,23,1,0,0,24
061820401,0,13,8,1,22
061820501,5,111,25,1,142
061820502,2,97,28,0,127
061820503,3,98,37,1,139
061820504,4,192,66,0,262
061820505,10,35,59,0,104
061820601,1,13,6,0,20
061820602,1,38,22,0,61
061820603,1,4,12,0,17
061820604,163,127,52,0,342
061820605,43,270,125,1,439
061820606,155,114,126,0,395
061820607,265,92,51,0,408
061820608,204,70,39,1,314
061820609,265,3,3,0,271
061820701,0,12,2,0,14
061820702,6,69,118,1,194
061820703,324,16,19,0,359
061820704,233,4,1,0,238
061820705,267,5,17,0,289
061820706,20,62,34,1,117
061820707,0,0,0,0,0
061820708,177,58,38,0,273
061820709,179,57,41,0,277
061820710,303,35,30,0,368
061820801,0,22,4,0,26
061820901,1,88,7,0,96
061820902,3,29,8,1,41
061820903,0,4,11,0,15
061820904,2,59,10,0,71
061820905,4,31,4,0,39
061821001,193,0,2,0,195
061821002,156,2,0,0,158
061821003,332,4,2,0,338
061821004,314,9,6,0,329
061821005,280,3,0,0,283
061821006,255,1,0,0,256
061821007,239,3,4,0,246
061821008,330,1,1,0,332
061821009,373,3,2,0,378
061821010,295,7,7,0,309
061821011,277,11,0,0,288
061821101,205,7,4,0,216
061821102,314,7,0,0,321
061821103,325,5,5,0,335
061821104,237,0,1,0,238
061821105,196,2,1,0,199
061821106,225,3,25,0,253
061821107,166,13,20,0,199
061821108,76,104,90,0,270
061821109,237,36,33,0,306
061821110,1,30,45,0,76
061890101,0,9,0,0,9
061890102,0,6,4,0,10
061890103,0,1,2,0,3
061890104,0,6,0,1,7
061890201,0,0,1,0,1
061890202,0,1,1,0,2
061890203,0,0,3,0,3
061890204,0,1,0,0,1
061890205,0,1,0,0,1
061890206,0,1,5,0,6
061890207,0,7,2,0,9
061890301,1,22,1,0,24
061890302,0,5,0,0,5
061890303,0,0,7,0,7
061890304,0,1,1,0,2
061890305,0,3,2,0,5
061890401,0,1,1,0,2
061890402,0,1,2,0,3
061890403,0,8,0,0,8
061890501,0,2,0,0,2
061890502,0,2,0,0,2
061890503,0,6,0,0,6
061890504,0,4,1,0,5
061890505,0,3,0,1,4
061890601,0,12,4,1,17
061890602,0,3,7,0,10
061890603,0,5,0,0,5
061890604,0,2,4,1,7
061890605,0,0,1,0,1
061890606,0,1,0,0,1
061890607,0,2,2,0,4
061890608,0,7,0,0,7
061890701,0,3,3,0,6
061890702,0,3,0,0,3
061890703,0,10,1,0,11
061890704,0,1,1,0,2
061890705,0,2,4,0,6
061890706,0,2,0,0,2
061890707,0,6,4,0,10
061890801,0,2,0,0,2
061890802,0,6,3,0,9
061890803,0,2,2,0,4
061890804,0,1,2,0,3
061890901,0,7,0,0,7
061890902,1,8,7,0,16
061891001,183,8,17,0,208
061891002,229,7,4,0,240
061891003,239,10,3,0,252
061891004,252,12,14,0,278
061891005,229,21,6,0,256
061891006,299,4,4,0,307
061891007,302,25,13,0,340
061891008,208,7,1,0,216
061891009,149,21,16,1,187
061891010,1,12,2,1,16
061891101,0,3,1,0,4
061891102,0,7,3,0,10
061891103,0,3,1,0,4
061891104,0,4,0,0,4
061891105,0,11,3,0,14
061891106,0,3,1,1,5
061891107,0,2,1,0,3
061891201,0,106,43,0,149
061891202,0,3,4,0,7
061891203,0,6,1,0,7
061891204,1,0,1,1,3
061891205,0,4,2,0,6
061891206,0,4,3,0,7
061891207,0,2,0,0,2
061891208,0,3,2,0,5
061891209,0,3,0,0,3
061891210,0,8,1,0,9
061891211,2,90,42,0,134
061891301,2,24,6,0,32
061891302,0,4,3,0,7
061891303,0,7,4,1,12
061891304,0,4,2,0,6
061891305,0,0,1,0,1
061891306,0,4,0,0,4
061891307,0,3,7,1,11
061891308,0,4,1,0,5
061891309,0,0,1,0,1
061891401,0,0,4,1,5
061891402,0,0,2,0,2
061891403,0,7,0,0,7
061891404,0,0,2,0,2
061891405,0,3,1,0,4
061891406,0,6,0,0,6
061891501,0,126,30,0,156
061891502,3,260,94,3,360
061891503,0,46,17,0,63
061891504,0,9,13,0,22
061891505,0,6,11,0,17
061891506,0,2,0,0,2
061891507,0,3,2,0,5
061891508,0,2,7,0,9
061891509,4,124,51,0,179
061891601,0,5,4,0,9
061891602,0,1,0,0,1
061891603,0,8,3,0,11
061891604,0,1,2,0,3
061891605,0,0,4,0,4
061891701,0,18,4,1,23
061891702,98,49,24,1,172
061891703,280,15,18,0,313
061891704,163,33,20,0,216
061891705,199,12,5,0,216
061891706,219,4,1,0,224
061891707,297,19,10,1,327
061891708,219,24,23,1,267
061891709,0,8,3,0,11
061960101,162,35,85,0,282
061960102,279,6,25,0,310
061960103,186,30,49,0,265
061960104,167,17,72,0,256
061960105,9,25,60,0,94
061960106,1,20,65,8,94
061960107,73,5,39,0,117
061960108,283,5,18,0,306
061960109,61,20,35,0,116
061960110,77,10,32,2,121
061960111,75,8,33,0,116
061960112,324,4,10,0,338
061960113,215,7,9,1,232
061960114,194,4,4,0,202
061960115,193,1,3,0,197
061960116,310,12,16,0,338
061960117,165,4,12,0,181
061960118,97,17,42,1,157
061960119,130,7,25,0,162
061960201,0,12,62,1,75
061960202,16,16,63,1,96
061960203,86,4,12,0,102
061960204,169,21,52,0,242
061960205,345,5,6,0,356
061960206,312,6,0,0,318
061960207,230,5,2,0,237
061960208,236,1,23,1,261
061960209,292,13,15,0,320
061960210,273,8,34,0,315
061960211,122,17,15,0,154
061960212,99,10,27,0,136
061960213,184,7,10,0,201
061960214,126,22,54,0,202
061960301,0,3,6,0,9
061960302,0,4,5,0,9
061960303,0,3,4,1,8
061960304,0,2,1,0,3
061960305,0,0,5,0,5
061960306,0,8,1,1,10
061960401,0,9,8,1,18
061960402,0,6,4,0,10
061960403,0,3,3,0,6
061960404,0,0,7,0,7
061960501,0,1,5,0,6
061960502,0,0,2,0,2
061960503,0,0,11,0,11
061960504,0,0,4,0,4
061960601,0,0,7,0,7
061960602,0,0,3,0,3
061960603,0,1,6,0,7
061960604,0,1,3,0,4
061960701,49,33,50,1,133
061960702,0,1,4,0,5
061960703,0,0,3,0,3
061960704,0,0,5,1,6
061960705,0,4,6,0,10
061960706,0,0,2,0,2
061960707,0,5,15,1,21
061960708,3,11,20,0,34
061960709,0,11,7,0,18
061960801,0,2,7,0,9
061960802,0,2,10,1,13
061960803,0,6,4,0,10
061960804,0,13,0,0,13
061960805,0,1,0,0,1
061960806,0,3,7,0,10
061960901,0,0,1,0,1
061960902,0,0,5,0,5
061960903,0,5,7,0,12
061960904,0,10,5,0,15
061960905,0,7,4,0,11
061961001,0,2,6,0,8
061961002,0,7,2,0,9
061961003,0,0,3,0,3
061961004,0,0,5,0,5
061961005,0,8,5,0,13
061961101,0,5,3,0,8
061961102,13,1,5,0,19
061961103,0,4,5,0,9
061961104,0,4,3,0,7
061961105,0,0,16,0,16
061961106,0,5,3,0,8
061961107,0,1,5,0,6
061961108,0,0,7,0,7
061961201,0,1,2,1,4
061961202,0,11,5,0,16
061961203,0,3,3,0,6
061961204,0,2,0,0,2
061961205,0,12,1,1,14
061961206,0,0,9,0,9
061961301,0,1,2,0,3
061961302,0,3,2,0,5
061961303,0,6,3,0,9
061961304,0,5,6,1,12
061961305,0,8,3,0,11
061961401,0,4,0,0,4
061961402,0,6,6,0,12
061961403,1,0,8,0,9
061961501,0,33,35,0,68
061961502,0,3,6,0,9
061961503,0,0,5,0,5
061961504,0,4,2,0,6
061961505,0,0,1,1,2
061961506,0,49,37,1,87
061961507,3,130,17,0,150
061961508,0,68,27,1,96
062030101,327,6,5,0,338
062030102,247,7,2,0,256
062030103,292,0,0,0,292
062030104,266,6,7,0,279
062030105,245,15,9,0,269
062030106,253,16,11,0,280
062030107,218,7,3,0,228
062030108,53,134,104,0,291
062030109,106,61,52,0,219
062030110,175,64,77,0,316
062030111,47,126,117,1,291
062030112,13,190,105,0,308
062030113,3,124,133,1,261
062030201,86,48,48,0,182
062030202,98,67,61,0,226
062030203,101,50,50,0,201
062030204,3,67,107,2,179
062030205,0,0,18,0,18
062030206,0,9,2,0,11
062030207,0,14,21,0,35
062030208,0,3,7,0,10
062030209,0,2,7,0,9
062030210,66,76,102,2,246
062030211,50,33,63,1,147
062030212,9,175,133,3,320
062030213,43,40,41,0,124
062030214,0,4,20,1,25
062030215,57,49,89,0,195
062030301,0,9,5,0,14
062030302,0,6,7,0,13
062030303,0,6,1,0,7
062030304,0,9,5,0,14
062030305,0,6,3,0,9
062030306,0,5,4,0,9
062030401,0,18,39,2,59
062030402,0,1,4,0,5
062030403,0,8,2,0,10
062030404,0,1,4,0,5
062030405,0,0,6,0,6
062030406,0,2,4,0,6
062030407,0,2,3,0,5
062030408,0,4,8,0,12
062030501,0,6,31,0,37
062030502,0,2,1,0,3
062030503,0,3,7,0,10
062030504,0,1,13,0,14
062030505,0,0,7,0,7
062030506,0,1,5,0,6
062030507,0,0,3,0,3
062030601,0,3,6,0,9
062030602,0,7,1,0,8
062030603,0,4,1,0,5
062030604,0,11,1,0,12
062030605,0,2,2,1,5
062030701,0,2,0,0,2
062030702,0,4,1,0,5
062030703,0,0,5,0,5
062030704,0,2,3,0,5
062030705,0,2,2,0,4
062030706,0,2,1,0,3
062030707,0,2,1,0,3
062030708,0,0,2,0,2
062030709,0,1,1,0,2
062030710,0,3,4,1,8
062030711,0,3,1,1,5
062030801,0,0,11,0,11
062030802,0,23,5,0,28
062030803,97,76,61,0,234
062030804,211,89,56,0,356
062030805,316,76,30,0,422
062030806,278,74,40,0,392
062030807,314,18,21,0,353
062030808,300,111,68,0,479
062030809,311,7,15,0,333
062030810,167,79,66,1,313
062030811,0,53,38,0,91
062030812,38,91,37,0,166
062030901,0,4,5,0,9
062030902,0,4,10,0,14
062030903,0,0,2,0,2
062030904,0,1,3,0,4
062030905,0,0,3,0,3
062030906,0,1,0,0,1
062030907,0,0,5,0,5
062031001,0,0,1,0,1
062031002,0,3,8,0,11
062031003,0,9,3,0,12
062031004,0,3,3,0,6
062031005,0,0,4,0,4
062031101,0,5,5,1,11
062031102,0,12,0,0,12
062031103,0,0,0,0,0
062031104,0,1,3,0,4
062031105,0,1,2,0,3
062031106,0,1,2,0,3
062031201,0,4,3,0,7
062031202,0,1,5,0,6
062031203,0,1,10,0,11
062031204,0,2,10,0,12
062031205,0,6,7,0,13
062031301,0,2,5,0,7
062031302,0,2,3,0,5
062031303,0,2,4,1,7
062031304,0,2,10,0,12
062031305,0,7,6,0,13
062031306,0,0,9,0,9
062031307,0,1,10,0,11
062031308,0,8,2,0,10
062031401,11,111,30,0,152
062031402,0,3,8,0,11
062031403,0,4,2,0,6
062031404,1,2,2,0,5
062031405,0,5,17,0,22
062031406,0,3,2,0,5
062031407,0,0,3,0,3
062031408,0,0,0,0,0
062031501,0,4,0,0,4
062031502,1,6,10,0,17
062031503,0,7,4,0,11
062031504,0,1,7,0,8
062031601,137,229,59,0,425
062031602,4,104,179,3,290
062031603,68,67,113,1,249
062031604,328,43,54,0,425
062031605,28,118,126,1,273
062031606,1,49,107,0,157
062031607,23,168,131,0,322
062031608,34,171,99,0,304
062031609,0,226,175,2,403
062031610,4,126,181,3,314
062031611,1,76,28,0,105
062031612,0,69,198,2,269
062031613,1,129,163,0,293
062100101,174,7,13,1,195
062100102,177,7,2,0,186
062100103,151,5,7,0,163
062100104,163,5,0,0,168
062100105,176,2,0,0,178
062100106,266,3,2,0,271
062100107,262,4,10,0,276
062100108,222,2,0,0,224
062100109,172,1,1,0,174
062100110,166,1,1,0,168
062100111,268,3,1,0,272
062100112,159,1,1,0,161
062100113,188,6,9,0,203
062100114,140,4,4,0,148
062100115,274,3,3,0,280
062100116,302,0,1,0,303
062100117,306,5,1,0,312
062100118,266,6,1,0,273
062100119,276,5,15,0,296
062100120,282,11,9,0,302
062100121,251,9,11,0,271
062100201,136,64,76,0,276
062100202,353,20,17,0,390
062100203,301,47,56,5,409
062100204,339,5,4,0,348
062100205,210,1,1,0,212
062100206,188,9,1,0,198
062100207,424,6,7,0,437
062100208,286,2,1,0,289
062100209,261,1,2,0,264
062100210,404,4,6,0,414
062100301,0,40,30,0,70
062100401,0,29,19,0,48
062100501,12,66,43,0,121
062100601,0,13,11,1,25
062100602,1,13,6,0,20
062100603,0,84,80,0,164
062100604,0,29,22,0,51
062100605,3,71,43,0,117
062100606,4,122,69,1,196
062100607,0,73,51,2,126
062100608,0,36,56,2,94
062100609,0,4,9,1,14
062100610,0,11,9,0,20
062100611,0,21,40,3,64
062100612,0,33,100,0,133
062100613,1,34,33,0,68
062100701,0,32,31,1,64
062100801,0,24,91,2,117
062100802,63,95,105,0,263
062100803,126,65,115,0,306
062100804,345,12,27,1,385
062100805,230,97,194,9,530
062100806,1,43,160,0,204
062100807,30,27,15,1,73
062100808,567,39,195,3,804
062100809,221,32,27,2,282
062100810,146,28,174,1,349
062100811,1,29,43,3,76
062100901,187,23,12,0,222
062100902,202,23,16,0,241
062100903,1,38,22,0,61
062101001,0,20,28,0,48
062101101,0,8,9,0,17
062101201,1,18,62,0,81
062101301,354,0,1,0,355
062101302,305,2,2,0,309
062101303,178,4,4,0,186
062101304,338,3,3,0,344
062101305,231,3,3,0,237
062101306,390,3,10,0,403
062101307,268,5,8,0,281
062101308,400,3,10,0,413
062101309,300,8,22,0,330
062170101,273,4,8,0,285
062170102,297,3,2,0,302
062170103,240,5,8,0,253
062170104,247,40,42,1,330
062170105,270,20,12,0,302
062170106,168,3,0,0,171
062170107,281,2,2,0,285
062170108,212,4,2,0,218
062170109,251,4,1,0,256
062170110,236,0,1,0,237
062170111,210,1,3,0,214
062170112,249,7,10,0,266
062170113,365,15,21,0,401
062170114,144,1,2,0,147
062170201,0,16,14,0,30
062170202,0,14,10,0,24
062170203,0,3,6,0,9
062170204,0,5,18,0,23
062170205,0,9,12,0,21
062170206,0,6,9,0,15
062170207,0,4,11,0,15
062170301,1,6,38,0,45
062170302,0,23,25,0,48
062170303,0,32,44,0,76
062170304,0,25,12,0,37
062170401,1,71,72,1,145
062170402,1,92,101,0,194
062170403,2,43,79,0,124
062170404,1,78,86,1,166
062170405,1,42,57,0,100
062170406,1,47,31,1,80
062170407,1,49,39,0,89
062170408,2,54,36,0,92
062170409,0,82,86,2,170
062170410,43,104,72,0,219
062170411,3,86,124,1,214
062170412,4,41,143,1,189
062170413,7,116,291,1,415
062170414,43,104,277,3,427
062170415,203,12,27,0,242
062170416,232,7,12,1,252
062170501,1,7,1,2,11
062170502,0,3,0,0,3
062170503,0,4,1,1,6
062170504,0,0,5,0,5
062170505,0,29,26,1,56
062170506,0,6,9,0,15
062170507,0,6,13,1,20
062170508,0,10,9,0,19
062170509,0,4,0,0,4
062170510,0,7,0,0,7
062170511,0,0,12,0,12
062170512,0,0,6,0,6
062170601,0,8,1,0,9
062170602,1,4,1,0,6
062170603,0,9,0,0,9
062170604,1,6,15,0,22
062170605,0,7,9,0,16
062170701,0,1,7,0,8
062170702,0,4,8,0,12
062170801,0,10,17,0,27
062170802,0,6,15,0,21
062170803,0,4,18,0,22
062170901,0,7,11,0,18
062170902,0,10,21,0,31
062170903,0,7,16,1,24
062170904,0,18,6,0,24
062170905,0,3,8,0,11
062170906,0,7,13,0,20
062170907,0,2,15,0,17
062171001,187,38,35,0,260
062171002,375,36,26,0,437
062171003,353,13,11,0,377
062171004,273,6,16,0,295
062171005,0,8,9,0,17
062171006,0,13,9,0,22
062171007,0,9,7,0,16
062171008,0,12,9,0,21
062171009,0,12,10,0,22
062171010,5,27,38,1,71
062171011,49,12,16,0,77
062171012,0,1,10,0,11
062171013,209,4,9,1,223
062171101,0,27,26,4,57
062171102,1,1,9,2,13
062171103,0,11,9,0,20
062171104,0,5,4,0,9
062171105,0,11,26,0,37
062171106,0,1,10,2,13
062171201,0,144,101,0,245
062171202,588,3,0,0,591
062171203,280,7,13,0,300
062171204,204,5,6,0,215
062171205,131,63,118,2,314
062171206,232,7,9,0,248
062171207,228,2,4,0,234
062171208,247,7,3,0,257
062171209,218,3,3,0,224
062171210,412,13,6,0,431
062171211,160,15,19,0,194
062171212,144,102,52,1,299
062171213,241,16,12,0,269
062171214,162,14,2,0,178
062171215,163,29,21,1,214
062240101,2,47,115,1,165
062240102,256,25,28,0,309
062240103,277,42,89,0,408
062240104,142,52,54,1,249
062240105,222,20,90,1,333
062240106,157,42,84,0,283
062240107,297,18,4,0,319
062240108,214,1,1,0,216
062240109,299,10,15,0,324
062240110,245,18,8,0,271
062240111,325,19,17,0,361
062240112,316,12,10,0,338
062240113,278,3,1,0,282
062240114,158,48,110,1,317
062240115,10,24,138,3,175
062240116,13,90,70,0,173
062240117,25,45,166,0,236
062240201,100,46,76,0,222
062240202,210,27,11,0,248
062240203,28,10,113,0,151
062240204,87,91,225,0,403
062240205,180,30,56,0,266
062240206,170,31,68,1,270
062240207,268,13,17,1,299
062240208,336,7,20,0,363
062240209,204,20,44,0,268
062240210,315,1,0,0,316
062240211,259,2,0,0,261
062240212,33,46,54,0,133
062240213,0,9,85,8,102
062240214,208,9,20,0,237
062240301,227,5,44,0,276
062240302,159,38,107,0,304
062240303,228,49,32,1,310
062240304,266,22,0,0,288
062240305,40,84,89,0,213
062240306,1,116,120,0,237
062240307,5,85,200,1,291
062240308,5,66,224,1,296
062240309,44,44,79,0,167
062240310,176,35,52,0,263
062240401,3,90,147,1,241
062240402,178,123,130,0,431
062240403,275,84,23,0,382
062240404,280,2,4,0,286
062240405,353,3,6,0,362
062240406,279,3,0,0,282
062240407,314,1,6,0,321
062240408,268,0,0,0,268
062240409,188,86,94,0,368
062240410,129,31,75,0,235
062240411,8,149,159,0,316
062240412,34,45,69,0,148
062240413,332,2,1,0,335
062240414,8,7,137,0,152
062240415,34,47,52,1,134
062240416,37,41,87,1,166
062240417,4,76,162,1,243
062240501,0,4,5,3,12
062240502,0,8,0,0,8
062240503,0,11,14,0,25
062240504,0,3,1,0,4
062240505,0,2,14,0,16
062240601,0,0,19,0,19
062240602,0,7,21,0,28
062240603,0,16,16,0,32
062240604,0,9,24,2,35
062240701,0,2,0,0,2
062240702,0,8,6,0,14
062240703,0,4,10,1,15
062240801,0,0,10,0,10
062240802,0,5,7,0,12
062240901,0,77,62,1,140
062240902,3,57,222,2,284
062240903,0,44,41,0,85
062240904,0,12,46,0,58
062240905,0,2,7,1,10
062240906,3,35,32,0,70
062240907,2,7,17,1,27
062240908,105,80,85,1,271
062240909,1,11,61,7,80
062240910,0,11,35,0,46
062240911,4,50,99,4,157
062240912,2,85,57,0,144
062240913,0,36,32,0,68
062240914,0,49,17,0,66
062240915,1,57,115,0,173
062241001,1,2,6,0,9
062241002,0,6,14,0,20
062241101,0,8,25,0,33
062241102,0,16,29,1,46
062241103,0,31,35,1,67
062241201,0,19,28,0,47
062241202,0,1,3,1,5
062241203,0,9,13,0,22
062241204,1,71,27,2,101
062241301,0,40,29,1,70
062241302,0,2,11,1,14
062241303,0,1,10,2,13
062241401,0,12,0,0,12
062241402,0,10,9,5,24
062241403,0,36,15,0,51
062241501,0,1,7,0,8
062241502,0,4,13,0,17
062241503,0,0,10,0,10
062241601,0,1,7,0,8
062241602,0,3,4,0,7
062241701,2,21,49,0,72
062241702,0,3,14,0,17
062241703,0,5,18,0,23
062241801,0,9,1,0,10
062241802,0,12,6,0,18
062241901,0,34,14,0,48
062241902,0,3,5,0,8
062241903,0,5,9,0,14
062241904,0,6,12,0,18
062242001,1,73,43,0,117
062242002,0,83,46,0,129
062242003,0,145,143,5,293
062242004,0,1,4,0,5
062242005,0,2,16,0,18
062242006,0,1,5,0,6
062242007,0,4,7,0,11
062242008,0,1,9,1,11
062242009,0,32,46,0,78
062242010,2,70,59,0,131
062242101,0,3,6,0,9
062242102,0,1,3,0,4
062242103,0,1,6,0,7
062242201,231,0,2,0,233
062242202,258,0,2,0,260
062242203,327,1,3,0,331
062242204,312,2,1,0,315
062242205,294,0,2,0,296
062242206,351,3,0,0,354
062242207,167,20,55,0,242
062242208,262,7,8,0,277
062242209,84,44,89,0,217
062242210,58,34,127,3,222
062310101,1,195,31,0,227
062310102,2,74,85,2,163
062310103,0,6,9,0,15
062310104,0,64,15,0,79
062310105,0,14,5,2,21
062310106,0,16,13,0,29
062310107,3,141,46,0,190
062310201,0,4,18,0,22
062310202,0,17,4,0,21
062310203,0,6,5,0,11
062310204,0,1,7,0,8
062310301,0,4,6,1,11
062310302,0,13,12,0,25
062310303,0,10,12,0,22
062310304,0,7,1,0,8
062310401,0,0,2,0,2
062310402,0,0,7,0,7
062310403,0,6,3,0,9
062310404,0,6,7,0,13
062310405,0,7,0,0,7
062310501,0,8,3,0,11
062310502,0,9,1,0,10
062310601,0,1,2,0,3
062310602,0,2,6,0,8
062310603,0,2,30,0,32
062310604,0,5,0,0,5
062310605,0,3,4,0,7
062310606,0,5,16,0,21
062310701,0,11,3,0,14
062310702,0,10,0,0,10
062310703,0,7,3,0,10
062310704,1,3,12,0,16
062310705,0,1,0,0,1
062310706,0,1,1,3,5
062310707,0,4,0,0,4
062310801,0,3,11,0,14
062310802,0,0,2,0,2
062310803,1,95,131,1,228
062310804,0,2,0,0,2
062310805,0,3,3,0,6
062310901,0,6,10,0,16
062310902,0,19,18,0,37
062310903,0,5,8,0,13
062311001,336,7,17,0,360
062311002,0,0,3,0,3
062311003,0,3,8,0,11
062311004,0,0,1,0,1
062311005,0,18,37,1,56
062311101,0,0,2,0,2
062311201,246,29,38,1,314
062311202,243,11,41,0,295
062311203,202,13,7,0,222
062311204,268,19,37,0,324
062311205,281,9,7,0,297
062311206,184,6,7,0,197
062311207,249,19,59,1,328
062311208,286,64,46,2,398
062311209,219,17,5,0,241
062311210,242,23,23,1,289
062311211,201,53,100,0,354
062311212,103,15,58,0,176
062311213,110,14,52,0,176
062311214,0,17,22,0,39
062380101,1,85,107,0,193
062380102,44,43,105,1,193
062380103,195,55,106,0,356
062380104,126,90,144,0,360
062380105,250,69,43,0,362
062380106,236,2,9,0,247
062380107,34,122,258,2,416
062380108,148,53,34,0,235
062380109,237,5,20,0,262
062380110,136,86,113,0,335
062380111,158,14,53,0,225
062380112,238,9,4,0,251
062380113,6,56,100,1,163
062380114,22,27,106,0,155
062380201,121,42,78,0,241
062380202,112,141,141,0,394
062380203,256,25,47,0,328
062380204,195,1,0,0,196
062380205,238,1,3,0,242
062380206,241,24,9,0,274
062380207,95,152,156,0,403
062380208,102,92,141,0,335
062380209,185,36,90,0,311
062380210,3,30,191,3,227
062380211,0,12,78,0,90
062380212,5,118,207,3,333
062380213,13,53,87,0,153
062380214,4,34,134,3,175
062380215,0,3,17,0,20
062380301,0,13,87,0,100
062380302,0,11,14,0,25
062380401,1,7,21,0,29
062380501,1,5,44,0,50
062380601,1,36,92,0,129
062380602,5,44,39,0,88
062380603,104,35,67,1,207
062380604,178,33,47,1,259
062380605,0,3,6,0,9
062380606,0,2,16,0,18
062380607,0,22,20,1,43
062380608,0,0,4,0,4
062380609,14,22,103,0,139
062380610,0,4,11,0,15
062380611,0,89,93,0,182
062380701,1,30,20,0,51
062380702,0,31,14,0,45
062380801,0,12,10,0,22
062380901,0,12,30,1,43
062381001,0,0,7,1,8
062381101,0,3,24,0,27
062450101,19,320,60,1,400
062450102,99,182,84,7,372
062450103,101,287,32,0,420
062450104,201,59,9,1,270
062450105,272,47,29,1,349
062450106,195,145,74,1,415
062450107,251,5,2,0,258
062450108,190,78,19,1,288
062450109,234,13,15,0,262
062450110,285,19,7,0,311
062450111,278,20,3,0,301
062450201,39,260,86,0,385
062450202,35,141,64,2,242
062450203,185,1,0,0,186
062450204,179,30,10,0,219
062450205,196,142,31,1,370
062450206,388,68,30,1,487
062450207,305,57,35,0,397
062450208,204,62,43,0,309
062450209,253,55,36,0,344
062450210,134,24,27,0,185
062450211,231,165,75,6,477
062450212,32,259,109,4,404
062450213,25,154,82,2,263
062450214,265,2,0,0,267
062450215,59,144,33,0,236
062450301,302,6,1,0,309
062450302,325,36,17,0,378
062450303,275,52,36,0,363
062450304,127,199,130,2,458
062450305,159,87,143,17,406
062450306,276,79,39,1,395
062450307,254,14,3,0,271
062450308,239,13,5,0,257
062450309,230,33,73,14,350
062450310,309,7,1,0,317
062450311,301,8,3,0,312
062450401,6,101,87,10,204
062450402,6,62,74,1,143
062450403,15,152,78,3,248
062450404,5,153,69,0,227
062450405,4,145,81,0,230
062450406,16,111,61,1,189
062450407,25,171,69,0,265
062450408,3,115,21,0,139
062450409,4,119,74,2,199
062450410,13,137,66,9,225
062450411,0,34,6,0,40
062450412,3,35,43,0,81
062450413,4,126,99,1,230
062450414,4,78,18,0,100
062450415,18,171,218,15,422
062450416,3,97,21,0,121
062450417,3,63,26,0,92
062450418,4,79,44,0,127
062450501,21,185,90,6,302
062450502,116,50,33,6,205
062450503,46,102,64,0,212
062450504,132,86,34,2,254
062450505,335,66,119,0,520
062450506,2,1,0,0,3
062450507,0,32,18,3,53
062520101,0,58,76,6,140
062520102,24,130,109,2,265
062520103,0,55,104,6,165
062520104,2,201,214,6,423
062520105,8,190,183,6,387
062520106,4,256,219,1,480
062520107,186,232,118,0,536
062520108,170,182,157,3,512
062520109,235,9,4,0,248
062520110,162,0,0,0,162
062520111,228,2,3,0,233
062520112,84,194,133,1,412
062520113,218,82,22,0,322
062520114,3,170,91,0,264
062520115,7,200,102,0,309
062520201,2,94,8,0,104
062520202,136,5,0,0,141
062520203,0,126,65,0,191
062520204,0,189,32,0,221
062520205,2,111,20,0,133
062520206,1,118,11,0,130
062520207,1,129,42,1,173
062520208,2,26,39,0,67
062520209,1,137,237,1,376
062520210,3,166,47,0,216
062520211,0,203,68,0,271
062520212,4,119,64,1,188
062520213,135,72,45,0,252
062520214,216,33,33,0,282
062520215,71,167,174,8,420
062520216,2,110,173,1,286
062520217,8,96,176,1,281
062520301,0,7,40,0,47
062520302,6,53,25,0,84
062520303,25,51,33,3,112
062520304,0,170,58,0,228
062520305,5,112,294,5,416
062520306,0,212,150,3,365
062520307,0,54,28,0,82
062520308,3,72,13,0,88
062520309,1,158,45,0,204
062520401,2,118,207,2,329
062520402,4,166,231,0,401
062520403,3,99,73,0,175
062520404,179,48,37,0,264
062520405,162,44,60,0,266
062520406,218,15,10,0,243
062520407,145,58,15,0,218
062520408,309,89,75,0,473
062520409,38,210,242,0,490
062520410,166,67,13,0,246
062520411,0,21,10,0,31
062520412,5,230,275,4,514
062520413,331,25,0,1,357
062520501,388,8,3,0,399
062520502,259,3,0,0,262
062520503,353,3,1,0,357
062520504,424,4,5,0,433
062520505,285,3,0,0,288
062520506,201,4,2,0,207
062520507,105,201,147,0,453
062520508,310,87,73,0,470
062520509,98,166,110,0,374
062520601,4,73,160,1,238
062520602,0,0,3,0,3
062520603,1,51,33,3,88
062520604,1,97,122,2,222
062520605,2,195,125,0,322
062520606,186,58,44,0,288
062520607,0,23,13,0,36
062520608,0,12,13,0,25
062520609,0,9,27,3,39
062520610,0,22,12,1,35
062520611,46,39,24,0,109
062520612,1,124,26,0,151
062520613,7,83,68,2,160
062520614,2,115,76,1,194
062520701,13,132,182,0,327
062520702,4,149,219,0,372
062520703,34,167,215,1,417
062520704,7,285,165,0,457
062520705,0,162,310,2,474
062520706,13,146,383,3,545
062520707,2,120,222,1,345
062520708,2,222,196,1,421
062520709,2,175,111,0,288
062520710,0,182,80,0,262
062520711,1,257,201,3,462
062520801,0,22,29,0,51
062520802,1,263,191,4,459
062520803,3,245,162,2,412
062520804,0,232,164,3,399
062520805,4,149,236,4,393
062520806,1,332,79,1,413
062520807,2,199,111,0,312
062520808,2,103,166,0,271
062520809,55,19,11,0,85
062520810,155,0,0,0,155
062520901,380,179,226,20,805
062520902,2,222,243,2,469
062520903,0,206,207,6,419
062520904,1,142,221,3,367
062520905,1,181,211,2,395
062520906,3,166,148,1,318
062520907,1,174,147,1,323
062520908,0,184,57,1,242
062520909,2,162,142,0,306
062520910,1,290,103,0,394
062520911,0,243,244,0,487
062520912,0,197,208,1,406
062520913,2,209,344,15,570
062520914,84,190,217,1,492
062521001,160,10,2,0,172
062521002,0,38,4,0,42
062521003,23,263,48,0,334
062521004,38,244,55,0,337
062521005,27,93,69,0,189
062521006,3,184,109,0,296
062521007,0,162,112,0,274
062521008,0,131,87,0,218
062521009,2,253,60,2,317
062521010,76,201,31,0,308
062521011,1,151,174,1,327
062521012,0,155,206,6,367
062521013,152,111,142,12,417
062521014,1,188,35,0,224
062521015,2,141,55,0,198
062521016,0,195,122,1,318
062521017,0,142,63,0,205
062521101,1,216,43,0,260
062521102,3,380,84,0,467
062521103,1,159,58,0,218
062521104,2,305,58,0,365
062521105,5,328,98,0,431
062521106,2,208,69,0,279
062521107,2,264,40,0,306
062521108,1,79,17,0,97
062521109,1,122,42,0,165
062521110,4,270,53,0,327
062521201,2,162,179,1,344
062521202,0,318,193,2,513
062521203,1,251,171,0,423
062521204,0,237,223,0,460
062521205,51,315,123,0,489
062521206,0,192,153,2,347
062521207,0,216,190,2,408
062521208,0,180,149,1,330
062521301,3,157,57,1,218
062521302,2,173,189,2,366
062521303,1,208,167,0,376
062521304,1,217,100,0,318
062521305,7,257,93,0,357
062521306,3,246,64,0,313
062521307,0,171,60,0,231
062521308,4,153,76,0,233
062521309,1,192,40,0,233
062521310,1,161,54,0,216
062521311,7,219,64,0,290
062521312,3,226,99,1,329
062521401,124,70,141,3,338
062521402,0,269,154,0,423
062521403,1,179,288,7,475
062521404,0,141,151,2,294
062521405,1,151,59,1,212
062521406,1,93,118,0,212
062521407,2,113,185,0,300
062521408,3,278,202,0,483
062521409,4,212,119,1,336
062521410,2,200,97,0,299
062521411,1,224,66,2,293
062521412,0,143,228,10,381
062521413,2,274,293,2,571
062521414,0,125,155,0,280
062521415,1,100,155,0,256
062521416,2,170,115,0,287
062521417,1,190,100,1,292
062521418,1,181,90,4,276
062521419,0,302,105,0,407
062521501,0,3,1,0,4
062521502,0,1,1,0,2
062521503,0,86,263,0,349
062521504,2,269,152,0,423
062521505,0,265,96,0,361
062521506,1,247,131,2,381
062521507,0,202,185,0,387
062521508,0,167,233,0,400
062521509,201,127,75,1,404
062521510,187,3,4,0,194
062521511,98,144,132,1,375
062521512,1,319,160,2,482
062521513,238,10,0,0,248
062521514,420,1,0,0,421
062521515,577,2,0,0,579
062521601,0,86,59,25,170
062660101,0,4,4,0,8
062660102,0,55,14,0,69
062660103,0,16,13,1,30
062660104,0,33,21,0,54
062660201,0,6,8,0,14
062660202,1,22,15,0,38
062660203,1,15,10,0,26
062660204,253,32,17,0,302
062660205,0,92,33,0,125
062660301,109,82,107,0,298
062660302,252,10,21,0,283
062660303,243,6,13,1,263
062660304,200,1,1,0,202
062660305,7,28,73,0,108
062660306,153,10,3,0,166
062660307,180,2,4,0,186
062660308,152,1,5,0,158
062660309,192,1,2,0,195
062660310,249,11,17,1,278
062660311,231,12,20,0,263
062660312,0,1,24,0,25
062660401,0,19,22,1,42
062660402,0,5,0,0,5
062660403,1,48,39,1,89
062660501,2,221,175,7,405
062660502,2,95,78,0,175
062660503,0,101,36,0,137
062660504,0,46,21,0,67
062660505,1,41,9,0,51
062660506,0,51,25,0,76
062660507,0,26,10,0,36
062660508,3,123,93,0,219
062660509,1,66,8,0,75
062660601,3,55,81,0,139
062660602,4,167,51,0,222
062660603,0,84,26,1,111
062660604,2,60,15,0,77
062660605,0,84,20,0,104
062660606,1,42,18,0,61
062660607,0,58,7,0,65
062660608,2,84,16,0,102
062660609,1,82,101,2,186
062660610,3,92,54,0,149
062660611,1,97,16,0,114
062660612,0,86,28,0,114
062660701,23,78,137,0,238
062660702,157,78,45,1,281
062660703,208,110,98,3,419
062660704,3,53,50,0,106
062660705,1,176,264,6,447
062660706,0,46,32,1,79
062660707,206,27,23,0,256
062660708,193,63,81,0,337
062660709,308,48,45,0,401
062660710,190,50,65,0,305
062660711,102,39,16,1,158
062770101,0,1,3,0,4
062770102,0,79,37,0,116
062770103,0,75,37,0,112
062770104,0,12,9,1,22
062770105,0,6,1,0,7
062770106,2,28,14,0,44
062770107,81,56,111,4,252
062770108,135,52,39,2,228
062770109,141,22,47,3,213
062770110,181,47,15,0,243
062770111,308,49,67,2,426
062770112,198,14,7,0,219
062770113,202,42,15,0,259
062770114,164,32,28,0,224
062770115,190,47,57,8,302
062770116,0,11,7,0,18
062770201,0,15,16,0,31
062770202,5,60,32,0,97
062770203,0,14,15,0,29
062770204,0,45,22,1,68
062770205,0,2,7,0,9
062770206,0,22,10,1,33
062800101,19,62,92,0,173
062800102,48,49,77,0,174
062800103,62,57,62,2,183
062800104,94,74,58,0,226
062800105,9,42,75,1,127
062800106,27,32,72,2,133
062800107,34,119,100,0,253
062800108,44,40,75,0,159
062800109,3,43,79,0,125
062800110,6,61,100,1,168
062800201,203,35,63,0,301
062800202,154,43,34,0,231
062800203,176,1,0,0,177
062800204,217,18,5,0,240
062800205,291,24,25,0,340
062800206,225,8,10,0,243
062800207,288,1,1,0,290
062800208,168,1,0,0,169
062800301,51,1,4,0,56
062800302,50,0,0,0,50
062800303,62,0,0,0,62
062800304,56,0,0,0,56
062800305,80,2,1,0,83
062800306,45,5,0,0,50
062800307,90,0,0,0,90
062800308,48,0,0,0,48
062800309,46,0,0,0,46
062800310,51,1,0,0,52
062800311,37,0,0,0,37
062800312,28,0,0,0,28
062800313,28,1,0,0,29
062800401,248,2,0,0,250
062800402,54,2,0,0,56
062800403,35,0,0,0,35
062800404,13,0,0,0,13
062800405,45,0,0,0,45
062800406,101,2,0,0,103
062800407,42,13,12,2,69
062800408,44,13,39,0,96
062800409,52,23,47,0,122
062800410,87,6,6,0,99
062800501,0,2,2,1,5
062800502,0,7,6,0,13
062800503,0,5,0,0,5
062800504,0,0,2,0,2
062800505,0,8,1,0,9
062800506,0,11,1,0,12
062800507,0,3,5,0,8
062800508,0,1,15,0,16
062800509,0,6,1,0,7
062800601,0,0,5,0,5
062800602,0,0,6,0,6
062800603,0,14,18,0,32
062800604,0,17,7,0,24
062800605,0,6,6,0,12
062800606,10,150,35,0,195
062800607,2,53,13,0,68
062800608,5,52,56,2,115
062800609,0,34,6,1,41
062800610,2,29,96,0,127
062800611,2,32,37,0,71
062800612,0,20,19,0,39
062800613,0,10,16,0,26
062800614,0,23,10,0,33
062800615,1,18,25,0,44
062800616,3,26,5,0,34
062800617,2,17,6,0,25
062800701,0,4,6,0,10
062800702,0,8,1,0,9
062800703,0,10,11,0,21
062800704,2,29,23,0,54
062800705,0,8,9,0,17
062800706,0,3,12,0,15
062800707,0,4,6,0,10
062800708,0,10,13,0,23
062800709,0,9,8,1,18
062800710,0,0,9,1,10
062800711,0,6,5,0,11
062800801,72,17,8,0,97
062800802,0,1,3,0,4
062800803,0,1,4,0,5
062800804,0,2,2,0,4
062800805,0,0,3,0,3
062800806,0,4,2,1,7
062800807,0,7,4,1,12
062800808,0,1,5,0,6
062800809,0,9,5,1,15
062800810,0,3,6,0,9
062800811,0,3,5,0,8
062800812,0,2,12,0,14
062800813,0,7,4,0,11
062800814,0,5,2,0,7
062800815,0,8,5,1,14
062800816,5,14,18,0,37
062800817,1,7,2,0,10
062800818,0,0,3,0,3
062800819,171,30,15,0,216
062800820,61,22,12,1,96
062800901,0,15,21,0,36
062800902,1,8,3,0,12
062800903,0,2,1,1,4
062800904,0,8,1,0,9
062800905,0,7,9,0,16
062800906,0,14,7,0,21
062800907,0,5,1,0,6
062800908,0,7,3,1,11
062800909,0,28,13,0,41
062800910,1,7,2,0,10
062800911,2,7,2,0,11
062800912,1,39,17,0,57
062801001,199,0,0,0,199
062801002,145,28,22,0,195
062801003,65,14,0,0,79
062801004,117,1,0,0,118
062801005,94,0,1,0,95
062801006,30,0,0,0,30
062801007,63,1,0,0,64
062801008,125,0,0,0,125
062801101,128,66,34,1,229
062801102,253,24,18,0,295
062801103,350,6,7,0,363
062801104,138,1,2,0,141
062801105,173,1,0,0,174
062801106,172,4,0,0,176
062801107,150,1,2,0,153
062801108,150,7,13,0,170
062801109,118,49,45,0,212
062801110,34,57,42,0,133
062801111,7,61,83,0,151
062801112,15,43,79,0,137
062801201,2,26,10,0,38
062801202,0,6,24,0,30
062801203,0,0,3,0,3
062801204,1,8,20,0,29
062801205,156,108,169,1,434
062801206,185,65,81,0,331
062801207,245,79,53,1,378
062801208,290,53,107,2,452
062801209,58,47,85,0,190
062801210,93,43,50,2,188
062870101,0,25,59,3,87
062870201,0,20,31,2,53
062870301,0,6,3,0,9
062870302,0,3,11,0,14
062870401,0,10,37,19,66
062870402,1,1,7,0,9
062870403,55,7,29,0,91
062870404,42,46,86,1,175
062870405,211,31,48,0,290
062870406,149,36,14,0,199
062870407,102,57,88,0,247
062870408,20,96,76,3,195
062870409,10,35,79,0,124
062870410,95,23,14,0,132
062870411,212,35,24,0,271
062870412,149,20,20,0,189
062870413,209,50,88,1,348
062870414,167,22,31,1,221
062870415,227,26,25,0,278
062870416,0,10,18,0,28
062870417,0,4,1,0,5
062870501,0,17,10,0,27
062870502,0,33,26,0,59
062870601,4,26,35,1,66
062870701,0,23,19,3,45
062870702,0,29,19,0,48
062940101,0,2,6,0,8
062940102,0,1,1,0,2
062940103,0,0,0,0,0
062940201,0,6,0,0,6
062940202,1,28,62,2,93
062940203,245,78,59,0,382
062940204,216,65,53,0,334
062940205,10,3,7,0,20
062940206,0,2,6,0,8
062940207,0,0,8,0,8
062940208,0,1,0,0,1
062940209,0,8,2,0,10
062940210,0,3,6,1,10
062940211,2,39,50,4,95
062940301,0,9,1,0,10
062940302,0,0,5,0,5
062940303,0,0,7,0,7
062940401,84,38,109,0,231
062940402,103,156,71,1,331
062940403,125,138,121,2,386
062940404,60,57,44,0,161
062940405,0,24,9,5,38
062940406,1,32,18,0,51
062940407,0,7,2,0,9
062940408,22,156,125,0,303
062940501,0,3,21,1,25
062940502,0,1,4,0,5
062940503,0,0,5,0,5
062940504,0,0,4,0,4
062940505,0,5,8,0,13
062940506,0,13,13,0,26
062940601,0,106,157,0,263
062940602,0,53,92,0,145
062940603,3,112,99,0,214
062940604,0,39,85,5,129
062940605,0,4,0,0,4
062940606,0,4,13,0,17
062940607,0,7,8,0,15
062940608,0,31,36,4,71
062940609,2,48,68,0,118
062940610,0,47,84,0,131
062940701,0,0,7,0,7
062940702,0,1,11,0,12
062940703,0,2,4,0,6
062940704,0,5,3,0,8
062940705,0,1,8,0,9
062940706,0,0,0,0,0
062940801,47,11,5,0,63
062940802,148,38,19,1,206
062940803,127,22,49,0,198
062940804,107,7,12,0,126
062940805,120,16,6,0,142
062940806,117,15,20,0,152
062940807,177,17,24,0,218
062940808,154,47,46,1,248
062940809,13,14,29,0,56
062940810,2,36,61,0,99
062940811,0,2,1,0,3
062940812,0,2,1,0,3
062940813,0,1,0,0,1
062940814,0,1,5,0,6
062940815,0,1,9,1,11
063010101,1,92,99,2,194
063010201,0,28,19,1,48
063010301,0,9,30,0,39
063010401,0,44,14,0,58
063010501,0,1,4,0,5
063010502,2,37,16,0,55
063010503,0,23,6,0,29
063010504,1,123,92,3,219
063010505,3,121,95,1,220
063010506,1,91,127,0,219
063010507,1,88,96,0,185
063010508,132,74,39,1,246
063010509,67,122,69,0,258
063010510,29,140,73,0,242
063010511,268,3,16,0,287
063010512,268,45,23,0,336
063010513,128,149,122,0,399
063010514,144,30,14,0,188
063010601,0,28,45,2,75
063010701,0,33,44,0,77
063010801,0,40,51,0,91
063010802,0,17,23,0,40
063010803,0,36,20,1,57
063010804,0,36,19,0,55
063010805,5,111,74,0,190
063010806,16,152,107,1,276
063010807,1,81,35,0,117
063010808,249,25,7,0,281
063010809,224,17,7,0,248
063010810,18,66,61,1,146
063010811,225,35,19,0,279
063010812,4,206,147,0,357
063010813,4,130,100,0,234
063010814,9,88,122,1,220
063010815,0,2,5,0,7
063080101,0,2,17,0,19
063080201,0,5,11,0,16
063080301,0,8,19,0,27
063080401,0,14,9,0,23
063080501,0,76,25,0,101
063080502,0,49,36,0,85
063080601,0,82,44,2,128
063080602,0,92,49,1,142
063080603,0,11,20,0,31
063080604,0,1,3,0,4
063080701,0,3,25,0,28
063080801,0,0,12,0,12
063080901,0,4,29,2,35
063081001,0,16,23,0,39
063081002,0,126,152,2,280
063081003,0,3,24,0,27
063150101,121,64,46,0,231
063150102,325,25,35,1,386
063150103,78,32,60,0,170
063150104,272,29,14,0,315
063150105,301,13,6,0,320
063150106,275,21,14,0,310
063150107,94,37,65,0,196
063150108,93,55,70,2,220
063150109,332,12,11,1,356
063150110,330,23,21,0,374
063150111,340,57,53,2,452
063150112,5,172,111,1,289
063150113,160,90,78,1,329
063150114,136,119,114,0,369
063150115,96,83,80,0,259
063150116,53,69,68,3,193
063150117,32,43,101,3,179
063150118,74,138,74,1,287
063150201,0,26,28,1,55
063150301,1,128,120,3,252
063150302,3,48,51,3,105
063150303,2,66,74,0,142
063150401,0,35,44,0,79
063150501,0,45,30,1,76
063150502,0,40,52,1,93
063150601,0,51,66,3,120
063150701,0,14,24,0,38
063220101,0,0,2,0,2
063220102,0,0,3,0,3
063220103,0,0,11,0,11
063220201,0,0,6,10,16
063220202,0,1,5,0,6
063220203,0,0,4,0,4
063220204,0,6,1,0,7
063220301,1,51,45,0,97
063220302,0,9,10,0,19
063220303,0,1,3,0,4
063220304,0,10,8,0,18
063220305,0,8,3,0,11
063220306,0,0,11,0,11
063220307,0,39,82,1,122
063220401,0,0,6,0,6
063220402,0,0,6,0,6
063220403,0,0,10,0,10
063220404,0,0,5,0,5
063220405,0,1,4,0,5
063220501,0,5,5,0,10
063220502,0,0,8,1,9
063220503,0,1,8,0,9
063220504,0,0,4,0,4
063220505,0,5,5,0,10
063220601,3,160,217,1,381
063220602,34,125,113,0,272
063220603,35,103,53,0,191
063220604,21,125,50,1,197
063220605,75,104,33,0,212
063220606,5,75,59,0,139
063220607,0,100,91,1,192
063220608,0,10,17,1,28
063220609,0,4,1,0,5
063220610,0,0,1,0,1
063220611,1,18,32,0,51
063220612,4,143,96,0,243
063220613,13,93,36,0,142
063220614,115,39,23,0,177
063220615,2,89,55,0,146
063220616,2,68,112,2,184
063220617,1,155,96,3,255
063220701,0,29,38,0,67
063220702,0,2,14,0,16
063220703,0,6,11,0,17
063220704,0,1,4,0,5
063220705,0,6,3,1,10
063220801,0,1,7,0,8
063220802,0,3,5,0,8
063220803,0,6,10,0,16
063220901,0,10,7,0,17
063220902,0,6,4,0,10
063220903,0,0,5,0,5
063221001,1,63,46,2,112
063221002,0,0,25,0,25
063221003,0,1,8,0,9
063221004,0,8,14,1,23
063221005,0,12,9,1,22
063221006,0,3,6,0,9
063221007,0,11,31,1,43
063221008,0,7,9,0,16
063221101,0,10,0,0,10
063221102,0,4,7,0,11
063221103,0,1,9,0,10
063221201,0,7,3,0,10
063221202,0,2,2,0,4
063221203,0,5,2,0,7
063221301,0,1,5,0,6
063221302,0,3,5,0,8
063221303,0,6,6,0,12
063221304,0,2,6,0,8
063290101,0,5,10,0,15
063290102,0,17,19,0,36
063290103,0,2,22,0,24
063290104,0,8,15,0,23
063290201,0,21,34,1,56
063290202,2,3,13,0,18
063290203,0,10,20,0,30
063290301,0,21,12,0,33
063290302,1,13,29,0,43
063290303,1,14,48,1,64
063290304,119,73,54,0,246
063290305,55,116,128,1,300
063290306,21,114,81,1,217
063290307,2,83,68,0,153
063290308,72,175,66,0,313
063290309,59,127,63,0,249
063290310,42,157,100,5,304
063290311,86,168,71,0,325
063290312,206,83,43,0,332
063290313,116,62,12,0,190
063290314,85,63,36,0,184
063290315,79,150,63,0,292
063290316,2,141,119,1,263
063290317,46,63,36,0,145
063290401,1,17,14,0,32
063290402,0,43,26,0,69
063290403,2,24,52,0,78
063290501,0,46,47,1,94
063290502,0,33,63,1,97
063290503,0,17,19,0,36
063290504,0,15,10,0,25
063290505,0,51,47,1,99
063290506,2,81,70,1,154
063290601,0,9,16,0,25
063290602,0,10,6,0,16
063360101,0,12,17,6,35
063360201,109,41,22,1,173
063360202,91,37,20,1,149
063360203,63,11,15,0,89
063360204,0,6,6,0,12
063360205,80,20,25,0,125
063360301,4,16,6,1,27
063360401,0,9,7,0,16
063360501,2,73,36,1,112
063360601,0,16,1,2,19
063360701,0,30,32,0,62
063360801,0,29,14,2,45
063360901,1,9,22,1,33
063361001,1,45,72,2,120
063361002,0,75,68,1,144
063430101,0,123,108,0,231
063430102,0,20,8,0,28
063430103,1,33,30,0,64
063430104,0,10,11,0,21
063430105,1,4,16,2,23
063430201,0,31,12,0,43
063430301,0,9,21,0,30
063430302,0,10,5,0,15
063430303,0,13,6,0,19
063430401,0,13,14,0,27
063430402,0,13,16,1,30
063430501,0,1,14,1,16
063430502,0,10,4,6,20
063430503,0,10,22,0,32
063430601,3,124,53,1,181
063430602,0,52,45,0,97
063430603,0,7,18,0,25
063430604,0,6,5,0,11
063430605,0,11,6,0,17
063430606,0,0,4,0,4
063430701,40,31,29,1,101
063430702,130,16,33,0,179
063430703,187,48,40,1,276
063430704,94,23,18,0,135
063430705,151,32,51,0,234
063430706,92,104,65,0,261
063430707,200,23,29,0,252
063430708,97,21,46,0,164
063430709,296,6,6,0,308
063430710,250,48,36,1,335
063430711,63,97,52,0,212
063430712,10,58,109,3,180
063430713,3,56,85,1,145
063430801,0,6,10,0,16
063430802,0,8,10,0,18
063510101,0,5,5,0,10
063510102,0,68,63,3,134
063510103,0,81,51,5,137
063510104,0,1,10,0,11
063510201,2,24,22,0,48
063510202,1,10,10,1,22
063510301,0,1,16,0,17
063510302,0,0,7,0,7
063510303,0,0,4,0,4
063510304,0,2,11,0,13
063510401,0,58,145,2,205
063510402,0,1,12,0,13
063510403,0,4,14,0,18
063510404,0,11,3,3,17
063510405,0,1,12,0,13
063510406,2,137,148,1,288
063510501,0,13,2,0,15
063510502,0,0,5,1,6
063510601,93,19,44,0,156
063510602,40,31,29,0,100
063510603,251,33,20,4,308
063510604,177,79,109,0,365
063510605,159,29,62,0,250
063510606,222,60,71,0,353
063510607,299,32,9,0,340
063510608,24,25,43,1,93
063510609,0,0,2,0,2
063510610,0,1,2,0,3
063510611,0,5,3,0,8
063510612,0,3,1,0,4
063510613,0,14,1,0,15
063510614,0,6,0,1,7
063510615,211,39,24,0,274
063510701,0,15,1,0,16
063510702,0,9,4,0,13
063510703,0,3,6,0,9
063510801,0,0,20,0,20
063510802,0,10,1,0,11
063510803,0,11,15,0,26
063510901,12,290,107,1,410
063510902,0,3,5,0,8
063510903,0,21,23,0,44
063511001,0,3,4,0,7
063511002,0,4,4,1,9
063511003,0,2,10,0,12
063570101,242,12,6,0,260
063570102,311,8,7,0,326
063570103,317,21,17,0,355
063570104,373,2,0,0,375
063570105,340,2,2,0,344
063570106,240,6,1,0,247
063570107,253,0,2,0,255
063570108,338,3,0,0,341
063570109,228,17,9,0,254
063570201,263,15,6,1,285
063570202,205,25,4,0,234
063570203,262,2,3,0,267
063570204,332,10,1,0,343
063570205,267,1,2,0,270
063570206,274,2,0,0,276
063570207,212,1,0,0,213
063570208,188,2,1,0,191
063570209,281,0,0,0,281
063570210,240,3,1,0,244
063570301,132,8,7,0,147
063570302,161,6,4,0,171
063570303,128,0,1,0,129
063570304,168,15,24,0,207
063570305,183,15,11,0,209
063570306,304,17,6,0,327
063570307,281,1,0,0,282
063570308,341,2,0,0,343
063570309,362,0,1,0,363
063570310,286,2,2,0,290
063570311,348,6,1,0,355
063570401,226,4,1,0,231
063570402,169,1,0,0,170
063570403,159,1,0,0,160
063570404,159,1,0,0,160
063570405,153,1,0,0,154
063570406,187,0,0,0,187
063570407,247,2,1,0,250
063570408,303,1,0,0,304
063570409,228,0,0,0,228
063570410,214,5,2,0,221
063570501,369,0,0,0,369
063570502,339,1,0,0,340
063570503,251,0,0,0,251
063570504,243,0,1,0,244
063570505,191,0,0,0,191
063570506,234,3,0,0,237
063570507,182,0,0,0,182
063570508,196,0,0,0,196
063570509,336,1,0,0,337
063570510,303,3,0,0,306
063570511,171,0,0,0,171
063570512,191,0,0,0,191
063570513,147,0,0,0,147
063570514,116,0,0,0,116
063570601,294,6,6,0,306
063570602,253,2,5,0,260
063570603,241,6,0,0,247
063570604,369,9,3,0,381
063570605,252,7,1,0,260
063570606,222,9,4,0,235
063570607,332,1,0,0,333
063570608,337,2,0,0,339
063570609,370,0,3,0,373
063570610,310,2,1,0,313
063570611,287,2,1,0,290
063570701,283,2,2,0,287
063570702,339,4,3,0,346
063570703,256,3,1,0,260
063570704,304,2,1,0,307
063570705,371,3,3,0,377
063570706,327,12,3,0,342
063570707,272,7,3,0,282
063570708,249,9,9,0,267
063570709,391,14,16,0,421
063570710,282,18,4,0,304
063570711,186,22,23,0,231
063570801,286,26,51,0,363
063570802,262,9,6,0,277
063570803,197,5,2,0,204
063570804,236,9,4,0,249
063570805,310,1,9,0,320
063570806,256,9,1,0,266
063570807,309,5,2,0,316
063570808,256,5,1,0,262
063570809,345,4,0,0,349
063570810,359,8,2,0,369
063570811,365,6,0,0,371
063570812,352,1,3,0,356
063570813,210,2,1,0,213
063570814,149,0,1,0,150
063570901,160,172,90,2,424
063570902,16,93,202,3,314
063570903,153,59,71,0,283
063570904,316,17,11,0,344
063570905,152,86,105,0,343
063570906,49,119,203,0,371
063570907,5,125,191,2,323
063570908,6,158,150,0,314
063570909,28,163,110,0,301
063570910,352,12,14,0,378
063570911,345,11,9,0,365
063570912,387,18,15,0,420
063570913,298,5,5,0,308
063571001,8,196,24,0,228
063571002,194,14,5,0,213
063571003,22,236,123,0,381
063571004,2,162,133,0,297
063571005,144,35,146,0,325
063571006,207,126,61,0,394
063571007,9,135,137,0,281
063571008,68,126,206,3,403
063571009,6,108,129,0,243
063571010,15,135,73,0,223
063571011,23,230,74,0,327
063571012,149,89,59,0,297
063571013,179,31,4,0,214
063571014,239,13,12,0,264
063571015,211,12,11,0,234
063571101,8,160,44,0,212
063571102,4,239,88,2,333
063571103,3,161,87,0,251
063571104,7,151,237,0,395
063571105,5,160,161,0,326
063571106,23,95,205,1,324
063571107,11,114,178,0,303
063571108,94,43,71,0,208
063571109,368,34,11,3,416
063571110,229,26,10,0,265
063571111,266,9,13,0,288
063571112,297,12,30,1,340
063571201,293,8,19,0,320
063571202,187,3,6,0,196
063571203,280,4,11,0,295
063571204,252,12,4,1,269
063571205,375,3,3,0,381
063571206,203,2,3,0,208
063571207,295,7,21,0,323
063571208,301,23,44,0,368
063571209,126,76,130,0,332
063571210,92,161,74,3,330
063571211,296,28,47,0,371
063571212,264,15,19,2,300
063571213,254,10,14,0,278
063571214,287,8,0,0,295
063571215,359,16,3,0,378
063571301,271,7,1,1,280
063571302,292,11,6,0,309
063571303,408,3,2,0,413
063571304,456,9,4,0,469
063571305,249,2,4,0,255
063571306,398,12,2,0,412
063571307,354,5,3,0,362
063571308,280,2,0,0,282
063571309,185,0,0,0,185
063571401,371,2,2,0,375
063571402,318,6,4,0,328
063571403,411,7,4,0,422
063571404,323,3,0,0,326
063571405,215,3,0,1,219
063571406,300,2,0,0,302
063571407,377,0,2,0,379
063571408,353,3,0,0,356
063571409,311,5,2,0,318
063571501,350,0,1,0,351
063571502,208,0,0,0,208
063571503,266,6,0,0,272
063571504,349,2,0,0,351
063571505,356,0,0,0,356
063571506,241,3,0,0,244
063571507,700,1,0,0,701
063571508,357,3,0,0,360
063571509,293,0,0,0,293
063571510,297,5,0,0,302
063571511,162,0,0,0,162
063571601,266,1,0,0,267
063571602,259,3,0,0,262
063571603,284,1,0,0,285
063571604,320,1,0,0,321
063571605,195,2,4,0,201
063571606,216,1,0,0,217
063571607,188,0,0,0,188
063571608,217,1,0,0,218
063571609,155,0,0,0,155
063571610,166,0,0,0,166
063571611,169,1,0,0,170
063571612,157,0,1,0,158
063571613,205,0,0,0,205
063571701,258,4,0,0,262
063571702,108,0,0,0,108
063571703,180,1,0,0,181
063571704,193,5,0,0,198
063571705,300,30,44,0,374
063571706,189,2,0,0,191
063571707,168,0,0,0,168
063571708,244,3,0,0,247
063571709,226,0,0,0,226
063571710,184,0,0,0,184
063571801,281,0,0,0,281
063571802,191,0,0,0,191
063571803,140,0,0,0,140
063571804,222,0,0,0,222
063571805,321,0,0,0,321
063571806,254,1,0,0,255
063571807,247,0,0,0,247
063571808,306,1,0,0,307
063571809,234,0,0,0,234
063571810,209,0,0,0,209
063571901,286,2,0,0,288
063571902,166,0,0,0,166
063571903,154,1,0,0,155
063571904,82,0,0,0,82
063571905,162,0,0,0,162
063571906,127,0,0,0,127
063571907,234,0,0,0,234
063571908,208,0,1,0,209
063571909,123,0,0,0,123
063571910,110,0,0,0,110
063571911,146,0,0,0,146
063572001,175,3,0,0,178
063572002,329,0,0,0,329
063572003,173,1,0,0,174
063572004,151,0,0,0,151
063572005,104,0,0,0,104
063572006,112,0,0,0,112
063572007,151,0,0,0,151
063572008,44,0,0,0,44
063572009,92,0,0,0,92
063572101,156,1,0,0,157
063572102,264,3,0,0,267
063572103,210,4,0,0,214
063572104,131,0,0,0,131
063572105,304,0,0,0,304
063572106,196,0,0,0,196
063572107,196,0,0,0,196
063572108,215,1,0,0,216
063572201,194,0,0,0,194
063572202,110,0,0,0,110
063572203,193,0,0,0,193
063572204,165,0,0,0,165
063572205,180,0,0,0,180
063572206,242,0,0,0,242
063572207,193,0,0,0,193
063572208,224,0,0,0,224
063572209,247,0,0,0,247
063572210,173,0,0,0,173
063572211,167,1,0,0,168
063572212,186,0,0,0,186
063572213,136,0,0,0,136
063572214,204,0,0,0,204
063572301,165,0,0,0,165
063572302,198,1,0,0,199
063572303,110,0,0,0,110
063572304,166,0,0,0,166
063572305,93,0,0,0,93
063572306,176,0,0,0,176
063572307,110,0,0,0,110
063572308,58,0,0,0,58
063572401,68,0,0,0,68
063572402,51,0,0,0,51
063572403,155,0,1,0,156
063572404,144,0,0,0,144
063572405,238,0,0,0,238
063572501,249,0,0,0,249
063572502,241,0,0,0,241
063572503,138,0,0,0,138
063572601,243,0,0,0,243
063572602,323,0,0,0,323
063572603,264,0,0,0,264
063572604,276,0,0,0,276
063572701,178,0,0,0,178
063572702,182,0,0,0,182
063572703,240,0,0,0,240
063572704,163,0,0,0,163
063572705,239,0,0,0,239
063572801,246,0,0,0,246
063572802,132,0,0,0,132
063572803,159,0,0,0,159
063572804,133,0,0,0,133
063572805,201,0,0,0,201
063572806,177,0,0,0,177
063572901,149,0,0,0,149
063572902,110,0,0,0,110
063572903,137,0,0,0,137
063572904,206,0,0,0,206
063572905,51,0,0,0,51
063572906,277,3,0,0,280
063573001,172,0,0,0,172
063573002,160,0,1,0,161
063573003,77,0,0,0,77
063573004,181,0,0,0,181
063573005,159,0,0,0,159
063573006,247,0,0,0,247
063573007,130,0,0,0,130
063573008,100,0,0,0,100
063573009,213,0,0,0,213
063573010,160,0,0,0,160
063573011,205,0,0,0,205
063573101,272,0,0,0,272
063573102,213,0,0,0,213
063573103,179,0,0,0,179
063573104,111,0,0,0,111
063573105,208,0,0,0,208
063573106,189,0,0,0,189
063573107,302,0,0,0,302
063573108,253,0,0,0,253
063573109,256,0,0,0,256
063573201,242,1,0,0,243
063573202,260,0,0,0,260
063573203,245,0,0,0,245
063573204,311,0,0,0,311
063573205,139,0,0,0,139
063573206,219,0,0,0,219
063573207,226,0,0,0,226
063573208,117,0,0,0,117
063573209,252,0,0,0,252
063573210,197,3,0,0,200
063573301,270,0,0,0,270
063573302,337,1,0,0,338
063573303,304,1,0,0,305
063573304,306,0,0,0,306
063573305,271,0,0,0,271
063573306,226,0,0,0,226
063573307,276,1,0,0,277
063573308,240,0,0,0,240
063573309,180,0,0,0,180
063573310,137,0,0,0,137
063573311,170,0,0,0,170
063573401,176,0,0,0,176
063573402,197,0,0,0,197
063573403,151,0,0,0,151
063573404,365,0,0,0,365
063573405,176,0,0,0,176
063573406,162,0,0,0,162
063573407,188,1,0,0,189
063573408,98,0,0,0,98
063573501,256,0,0,0,256
063573502,313,1,0,0,314
063573503,156,0,0,0,156
063573504,196,0,0,0,196
063573505,269,0,0,0,269
063573506,217,0,0,0,217
063573507,231,0,0,0,231
063573508,273,0,0,0,273
063573509,239,0,0,0,239
063573510,132,0,0,0,132
063573601,239,0,1,0,240
063573602,260,0,0,0,260
063573603,172,1,0,0,173
063573604,253,0,0,0,253
063573605,57,0,0,0,57
063573701,213,0,0,0,213
063573702,219,0,0,0,219
063573703,206,0,0,0,206
063573704,143,0,0,0,143
063573705,211,2,0,0,213
063573706,170,0,0,0,170
063573707,159,0,0,0,159
063573708,125,0,0,0,125
063573801,238,0,0,0,238
063573802,179,0,0,0,179
063573803,212,0,0,0,212
063573804,109,2,0,0,111
063573901,205,0,0,0,205
063573902,162,0,0,0,162
063573903,168,0,0,0,168
063573904,290,0,0,0,290
063573905,136,0,0,0,136
063573906,93,0,0,0,93
063573907,209,0,0,0,209
063573908,173,0,0,0,173
063573909,100,0,1,0,101
063574001,24,0,0,0,24
063574002,194,20,25,4,243
063574003,160,0,0,0,160
063574004,207,0,0,0,207
063574005,143,0,0,0,143
063574006,161,0,0,0,161
063574007,268,0,0,0,268
063574008,194,0,0,0,194
063574101,297,2,0,0,299
063574102,266,1,0,0,267
063574103,261,0,0,0,261
063574104,207,0,0,0,207
063574105,208,0,0,0,208
063574106,62,0,0,0,62
063574107,115,0,0,0,115
063574201,163,0,0,0,163
063574202,128,0,0,0,128
063574203,92,0,0,0,92
063574204,68,0,0,0,68
063574205,137,0,0,0,137
063574206,170,0,0,0,170
063574207,92,1,0,0,93
063574301,80,0,0,0,80
063574302,89,0,0,0,89
063574303,107,0,0,0,107
063574304,166,0,0,0,166
063574305,55,0,0,0,55
063574306,104,0,0,0,104
063574307,135,0,0,0,135
063574308,46,1,0,0,47
063574309,102,0,0,0,102
063574310,96,0,0,0,96
063574311,81,0,0,0,81
063574312,92,0,0,0,92
063574401,27,0,0,0,27
063574402,63,0,0,0,63
063574403,232,3,0,0,235
063574404,235,0,0,0,235
063574405,208,0,1,0,209
063574406,111,1,0,0,112
063574407,151,0,0,0,151
063574408,126,0,0,0,126
063574409,84,0,0,0,84
063574501,171,0,0,0,171
063574502,184,0,0,0,184
063574503,222,0,0,0,222
063574504,227,0,0,0,227
063574505,151,0,0,0,151
063574506,314,1,0,0,315
063574507,280,1,0,0,281
063574508,268,1,0,0,269
063574509,330,5,0,1,336
063574510,255,0,0,0,255
063574511,126,0,0,0,126
063574512,134,0,0,0,134
063574513,74,0,0,0,74
063574514,97,0,0,0,97
063574515,162,0,0,0,162
063574516,267,1,0,0,268
063574601,178,0,0,0,178
063574602,194,1,0,0,195
063574603,238,0,0,0,238
063574604,149,0,0,0,149
063574605,282,0,0,0,282
063574606,308,1,0,0,309
063574607,197,0,0,0,197
063574608,200,2,0,0,202
063574609,273,0,0,0,273
063574610,260,0,0,0,260
063574611,243,1,0,0,244
063574612,247,2,0,0,249
063574613,195,0,0,0,195
063574701,317,0,0,0,317
063574702,276,2,0,0,278
063574703,316,1,0,0,317
063574704,261,0,0,0,261
063574705,346,2,0,0,348
063574706,183,2,0,0,185
063574707,173,0,0,0,173
063574708,287,0,0,0,287
063574709,300,0,0,0,300
063574710,326,1,0,0,327
063574801,363,0,0,0,363
063574802,323,2,0,0,325
063574803,295,2,0,0,297
063574804,144,1,1,1,147
063574805,203,1,0,0,204
063574806,160,3,3,0,166
063574807,198,1,0,0,199
063574808,197,0,0,0,197
063574809,172,0,0,0,172
063574810,319,2,0,0,321
063574811,297,2,0,0,299
063574812,187,1,0,0,188
063574813,206,4,0,0,210
063574814,237,0,0,0,237
063574815,212,0,1,0,213
063574901,234,0,0,0,234
063574902,305,4,1,0,310
063574903,221,1,0,0,222
063574904,226,0,0,0,226
063574905,286,1,0,0,287
063574906,244,1,0,0,245
063574907,291,0,0,0,291
063574908,246,0,0,0,246
063575001,251,4,1,0,256
063575002,303,4,2,0,309
063575003,297,3,1,0,301
063575004,336,5,2,0,343
063575005,343,4,2,0,349
063575006,343,2,3,0,348
063575007,315,17,32,1,365
063575008,534,0,0,0,534
063575009,623,1,0,0,624
063575010,207,0,1,0,208
063575011,150,2,3,0,155
063575012,350,2,0,0,352
063575013,190,2,0,0,192
063575014,201,0,0,0,201
063575101,231,3,3,0,237
063575102,283,0,0,0,283
063575103,352,2,3,0,357
063575104,283,0,2,0,285
063575105,318,5,9,0,332
063575106,269,3,19,0,291
063575107,353,4,1,0,358
063575108,259,7,19,1,286
063575109,402,7,6,0,415
063575201,34,176,216,2,428
063575202,226,71,92,3,392
063575203,349,6,23,0,378
063575204,345,15,17,0,377
063575205,274,4,4,0,282
063575206,222,7,12,0,241
063575207,354,14,8,0,376
063575208,217,34,18,0,269
063575209,238,3,1,0,242
063575210,373,46,50,0,469
063575211,265,45,45,0,355
063575212,226,49,48,0,323
063575213,239,45,54,0,338
063575214,128,47,201,0,376
063575215,17,223,185,1,426
063575216,10,217,206,1,434
063575301,326,3,3,0,332
063575302,331,7,4,0,342
063575303,373,4,1,0,378
063575304,287,5,1,0,293
063575305,243,9,11,1,264
063575306,211,17,28,0,256
063575307,368,8,9,0,385
063575308,315,13,12,1,341
063575309,404,5,2,0,411
063575310,337,10,6,0,353
063575311,289,10,21,0,320
063575312,315,15,30,0,360
063575313,236,7,8,0,251
063575314,198,12,21,0,231
063575315,255,14,20,1,290
063575316,234,9,10,0,253
063575401,286,8,4,0,298
063575402,318,4,2,0,324
063575403,369,0,0,0,369
063575404,394,4,3,0,401
063575405,278,2,0,0,280
063575406,224,1,1,0,226
063575407,240,0,0,0,240
063575408,231,1,0,0,232
063575501,197,0,2,0,199
063575502,266,5,1,0,272
063575503,361,4,0,0,365
063575504,436,2,0,0,438
063575505,183,2,0,0,185
063575506,257,0,0,0,257
063575507,227,0,0,0,227
063575508,438,0,0,0,438
063575601,340,0,0,0,340
063575602,350,2,0,0,352
063575603,311,1,0,0,312
063575604,373,0,0,0,373
063575605,287,1,0,0,288
063575606,280,4,0,0,284
063575607,344,0,2,0,346
063575608,322,0,0,0,322
063575609,281,1,2,0,284
063575610,160,0,0,0,160
063575611,397,0,0,0,397
063575612,287,0,0,0,287
063575701,411,6,53,0,470
063575702,343,1,2,0,346
063575703,276,4,0,0,280
063575704,416,1,0,0,417
063575705,184,2,1,0,187
063575706,340,1,2,0,343
063575707,222,0,1,0,223
063575708,205,2,1,0,208
063575709,366,2,8,0,376
063575710,233,4,0,0,237
063575801,266,3,2,0,271
063575802,275,2,0,0,277
063575803,279,1,0,0,280
063575804,296,1,1,0,298
063575805,348,2,0,0,350
063575806,351,2,2,0,355
063575807,282,8,3,0,293
063575808,426,5,2,0,433
063575901,353,0,0,0,353
063575902,300,0,1,0,301
063575903,251,1,0,0,252
063575904,291,0,0,0,291
063575905,284,2,0,0,286
063575906,414,0,0,0,414
063575907,186,24,69,7,286
063575908,308,0,1,0,309
063575909,181,0,0,0,181
063575910,191,1,0,0,192
063575911,313,3,2,0,318
063576001,317,3,1,0,321
063576002,220,3,2,0,225
063576003,292,0,0,0,292
063576004,203,1,1,0,205
063576005,274,3,3,0,280
063576006,337,0,0,0,337
063576007,308,5,2,0,315
063576008,233,7,0,0,240
063576009,208,4,0,0,212
063576010,224,7,8,0,239
063576011,204,18,5,0,227
063576101,308,2,0,0,310
063576102,382,4,2,0,388
063576103,160,2,0,0,162
063576104,221,0,2,0,223
063576105,280,2,2,0,284
063576106,371,2,0,0,373
063576107,150,0,5,0,155
063576108,11,0,0,0,11
063576109,209,1,0,0,210
063576110,319,2,1,0,322
063576111,202,0,0,0,202
063576112,82,2,0,0,84
063576113,237,1,0,0,238
063576201,321,11,2,0,334
063576202,187,1,0,0,188
063576203,167,1,1,0,169
063576204,288,4,0,0,292
063576205,274,2,0,0,276
063576206,265,1,0,0,266
063576207,202,7,17,2,228
063576208,181,2,0,0,183
063576209,257,4,0,0,261
063576210,100,1,1,0,102
063576211,216,0,0,0,216
063576301,2,2,0,0,4
063576302,54,2,0,0,56
063576303,68,3,0,0,71
063576304,91,23,10,0,124
063576305,112,15,6,0,133
063576306,58,0,1,0,59
063576307,57,0,0,0,57
063576308,80,3,0,0,83
063576309,54,1,0,0,55
063576401,347,1,3,0,351
063576402,338,9,8,0,355
063576403,182,8,11,0,201
063576404,209,6,8,0,223
063576405,197,5,2,0,204
063576406,132,10,1,0,143
063576407,164,5,1,0,170
063576408,135,3,2,0,140
063576409,81,0,0,0,81
063576410,63,2,1,0,66
063576411,102,1,5,0,108
063576501,174,1,2,0,177
063576502,193,10,22,1,226
063576503,0,0,0,0,0
063576504,315,16,3,0,334
063576505,215,0,0,0,215
063576506,190,3,0,0,193
063576507,248,3,1,0,252
063576508,317,3,3,0,323
063576509,259,3,0,0,262
063576510,182,5,0,0,187
063576511,192,7,0,0,199
063576512,176,17,8,1,202
063576513,62,8,0,0,70
063576514,98,0,0,0,98
063576601,249,12,23,0,284
063576602,285,3,1,0,289
063576603,351,12,34,2,399
063576604,336,4,10,0,350
063576605,256,5,2,0,263
063576606,252,0,1,0,253
063576607,261,5,6,0,272
063576608,206,4,2,0,212
063576701,182,1,2,0,185
063576702,234,3,4,0,241
063576703,316,5,1,0,322
063576704,280,10,3,0,293
063576705,310,7,2,0,319
063576706,232,7,1,0,240
063576707,384,6,6,0,396
063576708,246,1,1,0,248
063576709,266,11,12,0,289
063576710,299,5,15,0,319
063576711,354,7,10,0,371
063576712,317,9,4,0,330
063576713,201,0,4,0,205
063576714,188,6,8,0,202
063576715,334,5,17,0,356
063576801,424,3,3,2,432
063576802,348,11,21,0,380
063576803,234,1,7,1,243
063576804,195,4,1,0,200
063576805,179,2,1,0,182
063576806,248,2,1,0,251
063576807,262,3,7,1,273
063576808,231,1,2,0,234
063576809,270,4,5,0,279
063576810,317,0,5,0,322
063576901,231,6,3,0,240
063576902,218,3,2,0,223
063576903,182,5,2,0,189
063576904,238,5,4,1,248
063576905,240,3,4,0,247
063576906,249,2,0,0,251
063576907,337,19,14,1,371
063576908,251,23,10,0,284
063576909,264,12,8,0,284
063576910,291,9,21,0,321
063576911,181,5,3,0,189
063577001,166,16,72,2,256
063577002,328,4,7,0,339
063577003,427,11,7,0,445
063577004,414,4,1,0,419
063577005,200,4,0,0,204
063577006,223,3,1,0,227
063577007,377,2,1,0,380
063577008,373,1,1,0,375
063577009,227,5,0,0,232
063577010,217,13,4,0,234
063577011,250,2,9,0,261
063577012,204,0,3,0,207
063577013,238,9,17,0,264
063577014,264,5,13,0,282
063577101,143,8,73,0,224
063577102,291,12,3,0,306
063577103,394,0,1,0,395
063577104,404,2,1,0,407
063577105,267,0,0,0,267
063577106,372,5,13,0,390
063577107,319,1,1,0,321
063577108,421,3,0,0,424
063577109,416,4,0,0,420
063577110,254,16,20,0,290
063577111,261,38,86,0,385
063577201,208,18,52,1,279
063577202,242,42,23,6,313
063577203,196,22,27,0,245
063577204,284,32,36,0,352
063577205,323,18,21,1,363
063577206,264,8,17,0,289
063577207,317,10,13,1,341
063577208,211,0,0,0,211
063577209,219,34,103,2,358
063577210,382,20,22,0,424
063577211,313,15,15,1,344
063577301,2,10,52,0,64
063577302,0,155,188,4,347
063577303,0,0,9,1,10
063577304,1,26,35,1,63
063577305,299,22,27,0,348
063577306,345,2,0,0,347
063577307,0,17,51,0,68
063577308,0,43,93,3,139
063577309,1,87,69,1,158
063577310,0,2,1,0,3
063577311,0,63,47,3,113
063577312,0,46,28,0,74
063577401,273,63,0,0,336
063577402,2,186,126,0,314
063577403,12,162,54,0,228
063577404,24,77,160,3,264
063577405,8,21,187,5,221
063577406,4,105,256,3,368
063577407,0,170,54,0,224
063577408,1,122,133,0,256
063577409,2,121,54,0,177
063577410,7,128,46,0,181
063577411,5,119,7,0,131
063577412,13,138,12,0,163
063577413,38,98,75,0,211
063577414,56,137,137,0,330
063577415,1,117,57,0,175
063577416,2,136,20,0,158
063577417,4,137,52,0,193
063577418,4,133,39,1,177
063577501,65,62,22,0,149
063577502,44,13,14,0,71
063577503,20,6,1,0,27
063577504,5,94,16,0,115
063577505,17,35,12,0,64
063577506,18,93,17,0,128
063577507,4,87,105,0,196
063577508,10,64,64,0,138
063577509,7,40,35,0,82
063577510,24,29,20,0,73
063577511,19,73,19,0,111
063577512,5,117,40,0,162
063577513,2,106,42,1,151
063577514,0,65,26,1,92
063577515,0,51,23,0,74
063577516,1,36,21,0,58
063577601,0,37,59,1,97
063577602,1,96,50,0,147
063577603,0,47,9,0,56
063577604,1,83,19,0,103
063577605,1,76,15,0,92
063577606,0,40,5,0,45
063577607,1,72,21,0,94
063577608,3,113,14,1,131
063577609,0,96,40,1,137
063577610,0,165,74,0,239
063577611,0,71,37,0,108
063577612,0,57,30,2,89
063577613,2,40,38,0,80
063577614,0,41,8,0,49
063577615,0,51,28,0,79
063577616,0,61,18,0,79
063577617,0,42,24,0,66
063577701,2,108,84,1,195
063577702,4,114,64,2,184
063577703,1,47,11,0,59
063577704,0,33,8,2,43
063577705,0,34,18,0,52
063577706,0,16,5,0,21
063577707,0,31,27,0,58
063577708,0,35,7,0,42
063577709,2,98,29,1,130
063577710,0,48,21,0,69
063577711,0,39,22,0,61
063577712,0,40,17,1,58
063577713,1,35,23,0,59
063577714,0,49,14,0,63
063577715,0,36,12,0,48
063577716,1,55,9,0,65
063577717,0,19,15,0,34
063577718,0,14,25,1,40
063577801,0,9,3,0,12
063577802,3,60,99,0,162
063577803,5,44,58,1,108
063577804,41,136,107,0,284
063577805,114,46,100,4,264
063577806,0,22,20,1,43
063577807,0,40,63,5,108
063577808,0,114,78,4,196
063577809,61,33,132,0,226
063577810,6,96,188,2,292
063577811,2,100,247,4,353
063577812,6,156,251,0,413
063577813,26,75,153,0,254
063577814,2,84,249,0,335
063577815,4,60,125,1,190
063577816,2,91,108,0,201
063577901,0,1,1,0,2
063577902,274,7,3,0,284
063577903,1,29,46,2,78
063577904,2,75,144,0,221
063577905,0,100,120,0,220
063577906,1,79,136,0,216
063577907,8,13,165,4,190
063577908,11,96,196,1,304
063577909,3,190,177,1,371
063577910,3,85,131,1,220
063577911,4,84,75,0,163
063577912,133,46,36,0,215
063577913,254,54,54,1,363
063577914,294,50,64,0,408
063577915,400,60,81,2,543
063577916,0,13,48,0,61
063577917,1,0,41,0,42
063578001,222,43,81,3,349
063578002,119,86,42,0,247
063578003,62,143,80,3,288
063578004,1,110,182,1,294
063578005,2,228,166,0,396
063578006,2,190,130,1,323
063578007,0,109,62,1,172
063578008,0,108,72,0,180
063578009,0,78,45,1,124
063578010,0,49,60,1,110
063578011,1,67,75,0,143
063578012,0,26,72,0,98
063578013,0,66,78,5,149
063578014,0,84,50,0,134
063578015,0,2,1,0,3
063578016,1,166,61,0,228
063578017,0,97,42,1,140
063578018,1,70,30,0,101
063578101,0,29,55,1,85
063578102,0,18,0,0,18
063578103,0,9,1,0,10
063578104,0,47,30,0,77
063578105,1,42,26,0,69
063578106,2,69,64,0,135
063578107,0,74,46,1,121
063578108,0,92,61,0,153
063578109,7,103,51,0,161
063578110,1,118,56,1,176
063578111,0,145,26,0,171
063578112,3,126,38,0,167
063578113,0,67,86,0,153
063578114,0,185,148,1,334
063578201,0,9,22,4,35
063578202,0,30,16,0,46
063578203,0,117,92,4,213
063578204,1,108,60,0,169
063578205,0,136,125,3,264
063578206,0,122,89,2,213
063578207,8,55,15,0,78
063578208,1,78,11,0,90
063578209,1,59,6,0,66
063578210,3,56,13,0,72
063578211,1,132,18,0,151
063578212,4,124,25,0,153
063578213,0,63,57,0,120
063578301,0,48,25,1,74
063578302,0,64,69,5,138
063640101,96,101,130,0,327
063640102,192,25,10,0,227
063640103,289,49,24,3,365
063640104,91,86,74,1,252
063640105,262,17,22,0,301
063640106,104,103,64,0,271
063640107,10,77,125,1,213
063640108,0,78,166,2,246
063640109,0,104,131,3,238
063640110,0,122,127,1,250
063640111,2,169,77,1,249
063640112,1,138,45,1,185
063640113,0,128,72,2,202
063640114,259,91,59,0,409
063640115,183,4,9,0,196
063640116,200,7,0,0,207
063640117,189,2,0,0,191
063640118,199,1,2,0,202
063640119,342,21,16,0,379
063640201,0,103,69,1,173
063640202,34,151,111,0,296
063640203,108,115,134,1,358
063640204,2,63,132,4,201
063640205,1,176,124,0,301
063640206,46,97,84,0,227
063640207,4,71,253,4,332
063640208,133,36,59,1,229
063640209,0,116,112,1,229
063640210,112,123,43,3,281
063640211,2,37,72,0,111
063640212,0,76,22,1,99
063640213,0,56,83,1,140
063640214,1,81,33,1,116
063640301,0,48,149,2,199
063640302,7,94,146,3,250
063640303,4,95,123,2,224
063640304,0,119,78,1,198
063640305,0,76,108,1,185
063640306,214,53,34,0,301
063640307,9,276,156,0,441
063640308,13,159,122,3,297
063640309,8,50,88,2,148
063640310,1,71,81,1,154
063640311,134,1,1,0,136
063640312,272,1,0,0,273
063640313,106,0,0,0,106
063640314,0,0,0,0,0
063640315,167,0,0,0,167
063640316,0,0,0,0,0
063640317,5,39,50,0,94
063640318,39,126,124,0,289
063640401,2,234,128,3,367
063640402,0,148,163,9,320
063640403,0,157,182,3,342
063640404,1,33,72,5,111
063640405,2,158,153,8,321
063640406,0,121,82,4,207
063640407,1,101,82,1,185
063640408,0,80,133,4,217
063640409,0,84,135,3,222
063640410,2,118,121,2,243
063640411,1,94,61,3,159
063640412,0,70,131,2,203
063640413,0,68,121,1,190
063640414,0,14,31,1,46
063640501,0,120,167,4,291
063640502,1,21,1,0,23
063640503,0,9,5,0,14
063640504,0,19,84,0,103
063640601,0,4,8,0,12
063640602,0,9,5,0,14
063640603,0,17,7,0,24
063640604,0,5,10,0,15
063640701,0,201,60,0,261
063640702,0,201,55,1,257
063640703,8,124,86,0,218
063640704,150,70,109,1,330
063640705,265,4,1,0,270
063640706,300,5,4,0,309
063640707,216,18,16,0,250
063640708,238,13,6,0,257
063640709,377,16,2,0,395
063640710,156,3,1,0,160
063640711,196,10,4,0,210
063640712,397,14,9,0,420
063640713,252,15,10,0,277
063640714,230,26,16,0,272
063640715,70,75,80,1,226
063640716,0,61,113,1,175
063640717,2,73,76,1,152
063640801,4,116,21,0,141
063640802,0,59,78,5,142
063640803,0,94,83,1,178
063640804,2,92,54,2,150
063640805,2,63,175,3,243
063640806,0,90,107,2,199
063640807,0,133,113,1,247
063640808,1,113,82,2,198
063640809,0,163,82,4,249
063640810,0,159,107,3,269
063640811,0,92,59,0,151
063640812,0,69,72,3,144
063640813,1,185,65,0,251
063640814,0,121,64,3,188
063640815,0,110,70,4,184
063640816,0,129,88,0,217
063640817,0,123,100,5,228
063640818,0,149,106,0,255
063640819,2,119,137,3,261
063640820,0,67,128,0,195
063640821,0,68,80,2,150
063640822,0,106,63,2,171
063640823,0,132,156,5,293
063850101,10,86,150,1,247
063850102,0,3,9,2,14
063850103,0,9,6,0,15
063850104,0,1,0,0,1
063850105,0,6,3,0,9
063850106,2,50,115,11,178
063850107,0,93,130,1,224
063850201,1,63,53,0,117
063850202,0,8,3,0,11
063850203,0,6,13,0,19
063850204,0,5,6,0,11
063850301,0,0,6,0,6
063850302,0,2,6,0,8
063850303,0,5,8,0,13
063850401,0,30,30,0,60
063850402,0,7,11,0,18
063850403,0,2,11,0,13
063850404,0,4,6,0,10
063850405,0,3,1,0,4
063850501,0,4,3,0,7
063850601,0,10,8,0,18
063850701,181,73,62,0,316
063850702,160,59,68,2,289
063850703,62,71,67,0,200
063850704,110,45,142,0,297
063850705,267,21,22,1,311
063850706,159,27,20,0,206
063850707,325,2,0,0,327
063850708,299,6,4,0,309
063850709,35,111,116,2,264
063850710,60,92,106,3,261
063850711,137,27,44,0,208
063850712,0,13,33,0,46
063850713,2,110,125,1,238
063850714,109,64,106,3,282
063850715,213,17,38,1,269
063850716,210,2,2,0,214
063850717,212,1,4,0,217
063850718,2,23,26,2,53
063850801,0,19,13,1,33
063850802,0,8,10,0,18
063850901,0,19,11,0,30
063850902,0,16,9,0,25
063851001,313,0,0,0,313
063851002,288,72,101,1,462
063851101,0,14,2,0,16
063851102,0,5,14,0,19
063920101,117,43,68,2,230
063920102,212,91,127,1,431
063920103,212,4,4,0,220
063920104,196,6,4,0,206
063920105,353,4,1,0,358
063920106,375,4,6,0,385
063920107,253,25,34,0,312
063920108,278,17,22,0,317
063920109,315,36,15,0,366
063920110,132,53,121,0,306
063920111,81,109,57,1,248
063920112,291,4,6,0,301
063920113,297,10,5,0,312
063920114,229,28,44,0,301
063920115,179,25,53,0,257
063920116,194,3,6,0,203
063920201,0,14,4,0,18
063920202,0,10,9,0,19
063920203,0,1,12,0,13
063920204,0,2,4,0,6
063920301,1,109,143,2,255
063920302,0,2,7,1,10
063920303,0,3,15,0,18
063920304,0,2,4,0,6
063920305,1,11,8,1,21
063920306,0,14,15,0,29
063920401,1,54,67,2,124
063920402,0,7,4,0,11
063920403,0,8,13,1,22
063920404,0,1,5,0,6
063920405,0,5,6,0,11
063920501,0,0,6,0,6
063920502,0,14,14,0,28
063920503,0,2,9,0,11
063920504,0,3,4,0,7
063920505,0,1,0,0,1
063920601,0,25,69,0,94
063920602,0,14,9,0,23
063920603,0,6,1,0,7
063920604,0,16,10,0,26
063920605,0,11,43,0,54
063920701,0,0,10,2,12
063920702,0,114,86,1,201
063920703,0,25,31,2,58
063920704,0,5,12,0,17
063920705,3,28,78,2,111
063920706,94,5,19,1,119
063920707,77,27,8,0,112
063920708,109,24,13,0,146
063920709,0,11,12,0,23
063920710,0,1,19,2,22
063920801,4,193,55,1,253
063920802,0,13,18,0,31
063920803,0,24,18,0,42
063920804,0,8,9,0,17
063920805,2,15,6,0,23
063920806,0,289,84,0,373
063920901,1,176,132,0,309
063920902,0,48,26,1,75
063920903,0,39,54,1,94
063920904,0,17,18,0,35
063920905,0,1,19,0,20
063920906,1,76,50,1,128
063920907,0,74,96,2,172
063921001,0,16,3,0,19
063921002,0,4,7,0,11
063921003,0,3,3,0,6
063921004,0,12,7,0,19
063921005,0,28,13,2,43
063921006,0,8,0,0,8
063921101,1,3,4,0,8
063921102,2,10,7,1,20
063921103,0,2,0,0,2
063921201,17,88,132,5,242
063921202,35,63,161,12,271
063921203,27,160,103,2,292
063921204,0,20,20,1,41
063921205,0,9,7,0,16
063921206,4,142,99,0,245
063921207,0,62,44,1,107
063921208,0,5,10,0,15
063921209,0,16,3,0,19
063921301,1,14,9,0,24
063921302,0,15,11,0,26
063921303,0,25,0,1,26
063921401,0,3,13,0,16
063921402,0,6,3,1,10
063921403,0,2,0,0,2
063921404,0,7,3,0,10
063921501,2,136,80,1,219
063921502,1,167,46,1,215
063921503,0,27,28,0,55
063921504,0,2,21,0,23
063921505,0,4,6,0,10
063921506,0,79,61,2,142
063921507,0,9,2,0,11
063990101,200,45,36,0,281
063990102,144,39,48,0,231
063990103,110,18,12,0,140
063990104,0,11,12,0,23
063990105,156,36,45,0,237
063990106,229,20,39,3,291
063990107,95,7,27,0,129
063990108,137,20,21,0,178
063990109,119,25,37,0,181
063990201,0,6,5,0,11
063990202,1,15,22,0,38
063990301,0,23,18,2,43
063990302,0,14,44,0,58
063990303,0,74,59,1,134
063990304,5,106,115,0,226
063990401,0,10,11,0,21
063990402,0,9,7,1,17
063990501,2,259,153,0,414
063990502,0,52,98,3,153
063990503,0,26,19,1,46
063990504,0,40,28,0,68
063990601,0,33,17,0,50
063990602,0,10,27,1,38
063990701,0,4,4,0,8
063990702,57,26,9,0,92
063990703,222,21,28,1,272
063990704,188,53,30,0,271
063990705,137,44,34,2,217
063990706,195,12,15,0,222
063990801,0,18,2,0,20
063990802,0,15,12,0,27
063990803,0,12,8,0,20
063990804,0,11,13,1,25
063990805,0,15,5,0,20
064060101,0,1,2,0,3
064060102,0,1,0,0,1
064060103,0,6,10,0,16
064060104,0,0,7,0,7
064060105,0,4,5,0,9
064060106,0,7,1,0,8
064060107,0,0,1,0,1
064060201,216,40,23,0,279
064060202,218,75,27,0,320
064060203,200,67,36,2,305
064060204,253,42,50,2,347
064060205,233,88,27,0,348
064060206,228,67,33,0,328
064060207,107,53,63,0,223
064060208,0,20,2,0,22
064060209,0,3,2,0,5
064060210,65,16,21,0,102
064060211,1,7,12,0,20
064060212,0,1,5,0,6
064060213,0,11,7,0,18
064060214,118,60,42,1,221
064060215,195,72,31,0,298
064060216,82,62,63,6,213
064060301,0,5,5,0,10
064060302,0,33,14,0,47
064060303,0,2,7,1,10
064060304,0,23,1,0,24
064060305,0,11,3,2,16
064060306,0,0,14,0,14
064060307,0,3,2,0,5
064060308,0,28,8,0,36
064060309,0,1,5,0,6
064130101,17,25,229,1,272
064130102,259,9,23,0,291
064130103,271,10,9,0,290
064130104,370,1,1,0,372
064130105,247,5,2,0,254
064130106,348,3,1,0,352
064130107,298,1,1,0,300
064130108,290,5,4,0,299
064130109,278,5,1,0,284
064130110,341,0,3,0,344
064130201,276,53,68,0,397
064130202,262,17,12,0,291
064130203,294,10,17,0,321
064130204,182,24,59,1,266
064130205,241,10,73,2,326
064130206,218,25,45,0,288
064130207,343,15,9,0,367
064130208,310,2,2,0,314
064130209,309,2,0,0,311
064130210,322,0,0,0,322
064130211,295,1,1,0,297
064130212,298,2,1,0,301
064130213,210,13,35,0,258
064130301,127,1,3,0,131
064130302,254,2,0,0,256
064130303,313,0,0,0,313
064130304,215,0,0,0,215
064130305,239,1,0,0,240
064130306,272,0,2,0,274
064130307,355,3,4,0,362
064130308,181,8,24,0,213
064130309,259,6,45,0,310
064130310,252,10,23,1,286
064130311,261,2,3,0,266
064130401,261,3,1,0,265
064130402,225,0,0,0,225
064130403,321,3,0,0,324
064130404,393,1,9,0,403
064130405,287,1,0,0,288
064130406,291,1,0,0,292
064130407,253,0,3,0,256
064130408,435,2,2,0,439
064130409,381,1,4,0,386
064130410,191,1,1,0,193
064130411,343,3,4,0,350
064130412,240,6,2,0,248
064130413,368,2,5,1,376
064130501,396,0,3,0,399
064130502,295,2,1,0,298
064130503,327,1,1,0,329
064130504,317,1,0,0,318
064130505,159,0,0,0,159
064130506,266,0,0,0,266
064130507,381,2,1,0,384
064130508,271,0,0,0,271
064130509,327,0,0,0,327
064130510,195,4,10,0,209
064130511,330,0,0,0,330
064130512,330,5,2,0,337
064130513,148,0,0,0,148
064130601,156,2,3,0,161
064130602,271,4,1,0,276
064130603,336,2,0,0,338
064130604,361,4,7,0,372
064130605,336,3,0,0,339
064130606,301,4,2,0,307
064130607,344,3,3,0,350
064130608,245,1,3,0,249
064130609,293,17,18,0,328
064130610,214,12,10,0,236
064130611,286,2,6,1,295
064130612,222,4,17,1,244
064130703,37,0,0,0,37
064130704,25,0,7,0,32
064130901,6,11,25,0,42
064130902,4,0,4,0,8
064131101,0,13,28,1,42
064131106,13,25,2,0,40
064131301,0,43,68,2,113
064131302,254,22,50,0,326
064131303,9,32,123,1,165
064131304,231,7,45,2,285
064131305,62,24,69,1,156
064131306,1,3,27,1,32
064131307,238,47,66,0,351
064131308,2,29,105,1,137
064131309,137,22,55,0,214
064131401,0,8,26,1,35
064131402,0,7,29,0,36
064131403,0,4,80,0,84
064131404,24,0,0,0,24
064131405,0,1,0,0,1
064131406,93,10,40,1,144
064131407,355,3,2,0,360
064131408,129,9,28,1,167
064131409,102,4,21,1,128
064131501,1,42,61,0,104
064131502,0,0,27,0,27
064131503,0,1,21,0,22
064131504,0,0,2,0,2
064131505,0,24,16,0,40
064131506,0,5,2,0,7
064131507,2,39,27,0,68
064131508,1,25,8,0,34
064131509,0,11,23,0,34
064131601,0,6,1,0,7
064131801,0,46,53,1,100
064131802,2,25,8,0,35
064131803,0,12,2,0,14
064131804,0,3,0,0,3
064131805,0,1,3,0,4
064131806,0,6,10,1,17
064131901,1,5,9,0,15
064131902,2,74,84,2,162
064131903,0,37,1,0,38
064131904,0,37,9,0,46
064131905,0,28,15,0,43
064131906,0,19,15,0,34
064132101,418,4,11,1,434
064132102,289,4,10,0,303
064132103,225,1,1,0,227
064132104,443,5,4,0,452
064132105,280,3,4,0,287
064132106,200,6,4,0,210
064132107,263,3,0,1,267
064132108,420,7,9,1,437
064132109,433,11,15,0,459
064132110,374,7,3,0,384
064132201,2,45,66,0,113
064132202,8,19,88,0,115
064132203,0,29,13,0,42
064132204,7,19,23,0,49
064132205,8,41,115,6,170
064132206,22,35,49,0,106
064132207,3,10,48,1,62
064132208,9,43,57,0,109
064132209,97,20,11,0,128
064132210,151,1,5,0,157
064132211,200,0,2,0,202
064132212,94,1,2,0,97
064200101,0,7,0,0,7
064200102,59,55,39,1,154
064200103,28,40,40,1,109
064200104,61,108,52,0,221
064200105,81,11,0,0,92
064200106,53,26,4,0,83
064200107,56,2,1,0,59
064200108,67,11,3,0,81
064200109,70,44,17,2,133
064200110,139,32,10,0,181
064200111,119,0,2,0,121
064200112,50,8,0,0,58
064200113,60,2,1,0,63
064200114,68,0,0,0,68
064200115,64,5,0,0,69
064200116,161,7,3,0,171
064200201,26,3,0,0,29
064200202,36,1,0,0,37
064200203,36,0,0,0,36
064200204,47,0,0,0,47
064200205,23,0,0,0,23
064200206,26,0,0,0,26
064200207,55,0,0,0,55
064200208,87,1,0,0,88
064200209,66,1,0,0,67
064200210,58,1,0,0,59
064200211,61,2,0,0,63
064200212,108,3,2,0,113
064200213,180,10,6,0,196
064200214,94,2,0,0,96
064200215,130,2,0,0,132
064200216,177,32,16,0,225
064200301,69,5,2,0,76
064200302,73,5,0,0,78
064200303,32,11,20,0,63
064200304,14,66,24,0,104
064200305,70,24,9,0,103
064200306,84,1,0,0,85
064200307,67,20,10,0,97
064200308,26,77,38,0,141
064200309,11,38,29,5,83
064200310,10,31,28,0,69
064200311,4,97,27,2,130
064200312,3,67,22,0,92
064200313,0,24,16,0,40
064200314,1,33,15,0,49
064200315,0,15,5,0,20
064200316,29,3,2,0,34
064200317,51,6,0,1,58
064200318,11,22,5,1,39
064200319,0,29,29,0,58
064200320,1,91,36,1,129
064200401,45,6,2,0,53
064200402,57,4,8,0,69
064200403,9,57,62,0,128
064200404,9,46,42,0,97
064200405,66,4,9,0,79
064200406,75,25,1,0,101
064200407,98,11,5,0,114
064200408,55,2,0,0,57
064200409,42,4,0,0,46
064200410,8,94,15,0,117
064200411,0,81,19,0,100
064200412,2,63,38,0,103
064200413,54,4,3,0,61
064200414,67,5,5,0,77
064200415,67,4,1,0,72
064200416,66,0,4,0,70
064200417,35,3,0,0,38
064200418,37,3,2,0,42
064200419,8,60,10,0,78
064200501,1,2,0,1,4
064200502,34,3,0,0,37
064200503,100,61,6,0,167
064200504,151,4,0,3,158
064200505,111,18,11,0,140
064200506,206,18,4,0,228
064200507,148,20,6,0,174
064200508,90,86,36,0,212
064200509,119,98,45,1,263
064200510,82,12,3,0,97
064200511,79,2,1,0,82
064200512,75,4,0,0,79
064200601,77,2,0,0,79
064200602,18,0,1,0,19
064200603,69,0,0,0,69
064200604,56,0,1,0,57
064200605,47,1,1,0,49
064200606,15,0,0,0,15
064200607,41,1,0,0,42
064200608,75,2,0,0,77
064200609,64,2,0,0,66
064200610,46,0,0,0,46
064200611,8,0,0,0,8
064200612,28,0,0,0,28
064200701,52,2,1,0,55
064200702,28,1,1,0,30
064200703,13,0,0,0,13
064200704,35,5,0,0,40
064200705,52,1,1,0,54
064200706,84,3,1,0,88
064200707,62,5,1,0,68
064200708,53,0,0,0,53
064200709,24,0,0,0,24
064200710,40,0,1,0,41
064200711,39,2,0,0,41
064200801,87,120,56,3,266
064200802,65,116,80,0,261
064200803,56,49,18,0,123
064200804,85,26,9,0,120
064200805,86,38,25,1,150
064200806,89,0,3,0,92
064200807,104,4,2,0,110
064200808,86,0,0,0,86
064200809,52,1,0,0,53
064200901,85,107,129,2,323
064200902,11,93,54,0,158
064200903,19,116,61,3,199
064200904,60,24,17,0,101
064200905,70,1,4,1,76
064200906,37,20,3,0,60
064200907,76,7,3,0,86
064200908,36,25,21,0,82
064200909,47,2,1,0,50
064200910,44,4,0,0,48
064200911,28,21,15,0,64
064200912,21,2,0,0,23
064201001,1,60,43,3,107
064201002,31,18,3,0,52
064201003,22,4,3,0,29
064201004,31,23,18,0,72
064201005,38,51,28,1,118
064201006,44,38,23,0,105
064201007,19,70,37,3,129
064201008,37,9,4,0,50
064201009,37,16,6,0,59
064201010,50,33,13,0,96
064201011,78,26,16,0,120
064201012,25,25,8,0,58
064201013,53,32,12,0,97
064201101,19,26,22,0,67
064201102,40,6,0,0,46
064201103,36,6,1,0,43
064201104,65,1,1,0,67
064201105,56,1,1,1,59
064201106,19,34,36,0,89
064201107,52,3,2,0,57
064201108,33,6,0,0,39
064201109,36,3,0,0,39
064201110,65,34,20,0,119
064201111,56,9,7,0,72
064201112,19,44,32,0,95
064201113,62,13,4,1,80
064201114,67,2,5,0,74
064201115,60,9,2,0,71
064201116,68,28,19,0,115
064201117,3,66,59,3,131
064201201,1,75,39,0,115
064201202,0,5,7,2,14
064201203,3,78,16,1,98
064201204,1,38,5,0,44
064201205,1,49,15,0,65
064201206,2,37,23,0,62
064201207,2,36,7,0,45
064201208,2,64,24,0,90
064201209,0,0,0,0,0
064201210,1,11,7,0,19
064201211,0,50,9,0,59
064201212,0,21,25,0,46
064201213,1,25,23,0,49
064201214,49,40,19,0,108
064201301,21,3,0,0,24
064201302,36,6,1,0,43
064201303,35,5,4,0,44
064201304,13,3,0,0,16
064201305,29,1,1,0,31
064201306,51,4,4,0,59
064201307,71,10,5,0,86
064201308,37,0,2,0,39
064201309,41,3,2,0,46
064201310,54,16,7,0,77
064201311,42,20,12,0,74
064201401,44,8,4,0,56
064201402,35,1,0,0,36
064201403,57,33,16,1,107
064201404,128,18,18,1,165
064201405,36,2,0,0,38
064201406,25,0,0,0,25
064201407,23,0,0,0,23
064201408,30,1,0,0,31
064201409,32,1,0,0,33
064201410,22,3,0,0,25
064201501,12,0,0,0,12
064201502,24,0,0,0,24
064201503,24,3,0,0,27
064201504,16,1,0,0,17
064201505,25,1,0,0,26
064201506,56,0,0,0,56
064201507,29,1,0,0,30
064201508,129,12,13,0,154
064201509,91,7,1,1,100
064201510,39,64,61,0,164
064201601,21,1,0,0,22
064201602,17,2,0,0,19
064201603,30,0,0,0,30
064201604,15,0,0,0,15
064201605,13,0,0,0,13
064201606,17,0,0,0,17
064201607,15,1,0,0,16
064201608,23,1,1,0,25
064201609,36,0,0,0,36
064201610,34,3,0,0,37
064201611,141,23,6,0,170
064201612,151,21,37,1,210
064201701,56,13,6,0,75
064201702,4,0,0,0,4
064201703,25,0,0,0,25
064201704,30,2,1,0,33
064201705,33,1,0,0,34
064201706,26,1,0,0,27
064201707,43,1,0,0,44
064201708,119,8,2,0,129
064201709,186,2,7,0,195
064201710,27,44,45,0,116
064201801,16,0,0,0,16
064201802,15,0,0,0,15
064201803,32,0,1,0,33
064201804,22,0,1,0,23
064201805,23,0,0,0,23
064201806,21,0,0,0,21
064201807,21,2,0,0,23
064201808,102,7,5,0,114
064201809,37,1,0,0,38
064201810,23,0,0,0,23
064201811,9,1,0,0,10
064201812,161,3,9,1,174
064201901,10,0,0,0,10
064201902,15,1,1,0,17
064201903,92,4,3,0,99
064201904,125,7,1,0,133
064201905,142,6,8,0,156
064201906,158,16,4,0,178
064201907,131,7,10,0,148
064201908,78,0,1,0,79
064201909,60,0,1,0,61
064201910,114,8,8,0,130
064201911,88,14,5,0,107
064201912,51,3,0,0,54
064202001,202,4,0,0,206
064202002,125,5,0,0,130
064202003,88,4,0,0,92
064202004,44,0,0,0,44
064202005,42,2,0,0,44
064202006,49,2,0,0,51
064202007,32,0,0,0,32
064202008,25,0,0,0,25
064202009,51,0,0,0,51
064202010,70,0,0,0,70
064202011,46,0,0,0,46
064202012,58,0,0,0,58
064202013,80,5,1,0,86
064202101,79,0,1,0,80
064202102,63,2,2,0,67
064202103,144,3,2,0,149
064202104,115,14,15,0,144
064202105,122,9,8,1,140
064202106,232,5,3,0,240
064202107,199,21,5,0,225
064202108,282,15,11,2,310
064202109,238,80,62,1,381
064202110,183,4,12,0,199
064202111,153,29,13,1,196
064202112,206,37,33,1,277
064202201,10,55,96,4,165
064202202,151,49,37,0,237
064202203,94,32,19,0,145
064202204,63,1,1,0,65
064202205,78,1,2,0,81
064202206,49,43,23,1,116
064202207,27,18,16,3,64
064202208,7,48,14,0,69
064202209,18,51,57,2,128
064202210,1,28,34,0,63
064202211,1,23,33,1,58
064202212,0,39,15,1,55
064202213,0,37,27,0,64
064202214,1,18,7,0,26
064410101,299,0,0,0,299
064410102,297,0,4,0,301
064410103,222,0,10,0,232
064410104,255,0,3,0,258
064410105,228,0,0,0,228
064410106,208,0,0,0,208
064410107,243,0,0,0,243
064410108,189,0,0,0,189
064410109,301,2,2,0,305
064410110,340,0,0,0,340
064410111,193,0,1,0,194
064410112,305,0,0,0,305
064410113,180,0,0,0,180
064410201,211,0,1,0,212
064410202,233,0,0,0,233
064410203,280,1,0,0,281
064410204,208,0,0,0,208
064410205,242,0,0,0,242
064410206,305,0,0,0,305
064410207,412,0,0,0,412
064410208,44,0,0,0,44
064410209,392,0,0,0,392
064410210,377,0,5,0,382
064410211,219,1,2,0,222
064410301,212,1,1,0,214
064410302,415,0,0,0,415
064410303,189,0,0,0,189
064410304,247,0,0,0,247
064410305,258,0,0,0,258
064410306,297,0,0,0,297
064410307,365,0,0,0,365
064410308,238,0,0,0,238
064410401,374,0,0,0,374
064410402,354,0,0,0,354
064410403,372,0,0,0,372
064410404,191,0,0,0,191
064410405,199,0,0,0,199
064410406,235,0,0,0,235
064410407,312,1,0,0,313
064410408,294,0,0,0,294
064410409,290,0,0,0,290
064410410,272,0,0,0,272
064410411,353,0,0,0,353
064410412,286,0,0,0,286
064410413,206,0,1,0,207
064410414,245,0,0,0,245
064410501,303,0,0,0,303
064410502,276,0,0,0,276
064410503,220,3,0,0,223
064410504,251,0,0,0,251
064410505,176,0,0,0,176
064410506,219,0,0,0,219
064410507,144,0,1,0,145
064410508,210,0,0,0,210
064410509,155,2,0,0,157
064410601,247,1,0,0,248
064410602,172,0,0,0,172
064410603,223,0,0,0,223
064410604,188,2,0,0,190
064410605,271,0,0,0,271
064410606,204,0,0,0,204
064410607,219,0,0,0,219
064410608,189,1,0,0,190
064410609,298,0,0,0,298
064410701,147,0,0,0,147
064410702,189,2,0,0,191
064410703,285,1,1,0,287
064410704,225,0,0,0,225
064410705,321,0,0,0,321
064410706,181,0,0,0,181
064410707,269,0,0,0,269
064410708,172,0,0,0,172
064410709,244,0,1,0,245
064410801,316,0,0,0,316
064410802,256,0,0,0,256
064410803,119,0,0,0,119
064410804,141,0,0,0,141
064410805,156,1,0,0,157
064410806,42,0,0,0,42
064410807,180,0,0,0,180
064410808,230,1,0,0,231
064410809,245,0,0,0,245
064410901,151,2,0,0,153
064410902,293,0,0,0,293
064410903,201,0,0,0,201
064410904,308,0,0,0,308
064410905,231,0,0,0,231
064410906,266,0,0,0,266
064410907,245,1,0,0,246
064410908,212,0,0,0,212
064410909,242,1,0,0,243
064410910,71,0,0,0,71
064410911,210,0,0,0,210
064410912,278,0,6,0,284
064410913,234,0,0,0,234
064410914,194,1,0,0,195
064411001,391,5,0,1,397
064411002,209,0,1,0,210
064411003,217,3,2,0,222
064411004,207,0,2,0,209
064411005,178,1,0,0,179
064411006,308,4,0,0,312
064411007,207,0,0,0,207
064411008,233,1,0,0,234
064411009,369,1,0,1,371
064411010,195,0,0,0,195
064411011,193,0,0,0,193
064411012,248,0,0,0,248
064411013,241,1,0,0,242
064411014,191,0,0,0,191
064411015,177,0,0,0,177
064411101,194,1,0,0,195
064411102,274,0,0,0,274
064411103,193,0,0,0,193
064411104,172,1,0,0,173
064411105,227,1,0,0,228
064411106,179,1,0,0,180
064411107,170,3,0,0,173
064411108,192,0,0,0,192
064411109,184,1,0,0,185
064411110,182,1,0,0,183
064411111,297,1,0,0,298
064411112,364,6,0,0,370
064411113,297,0,0,0,297
064411114,293,0,0,0,293
064411115,201,1,0,0,202
064411116,203,0,0,0,203
064411201,215,0,0,0,215
064411202,248,0,0,0,248
064411203,149,0,0,0,149
064411204,215,2,0,0,217
064411205,307,1,0,0,308
064411206,189,0,0,0,189
064411207,234,0,0,0,234
064411208,130,1,0,0,131
064411209,163,0,0,0,163
064411210,106,0,0,0,106
064411211,265,0,0,0,265
064411212,160,1,0,0,161
064411213,200,0,0,0,200
064411214,169,0,0,0,169
064411215,154,2,0,0,156
064411216,175,2,0,0,177
064411301,192,0,0,0,192
064411302,268,0,0,0,268
064411303,100,0,0,0,100
064411304,281,0,0,0,281
064411305,142,0,0,0,142
064411306,149,0,0,0,149
064411307,215,0,0,0,215
064411308,200,0,0,0,200
064411309,255,1,1,0,257
064411401,171,1,0,0,172
064411402,155,0,0,0,155
064411403,189,1,0,0,190
064411404,262,0,0,0,262
064411405,301,0,0,0,301
064411406,159,0,0,0,159
064411407,215,0,0,0,215
064411408,231,0,0,0,231
064411409,190,1,0,0,191
064411501,290,0,0,0,290
064411502,282,1,0,0,283
064411503,228,0,0,0,228
064411504,239,2,0,0,241
064411505,275,1,0,0,276
064411506,212,0,0,0,212
064411507,234,0,0,0,234
064411508,202,0,0,0,202
064411509,327,2,0,0,329
064411510,270,0,0,0,270
064411511,246,1,0,0,247
064411512,195,0,0,0,195
064411601,323,2,0,0,325
064411602,205,1,0,0,206
064411603,213,1,0,0,214
064411604,213,2,1,0,216
064411605,181,0,0,0,181
064411606,350,0,1,0,351
064411607,353,3,0,0,356
064411608,200,0,0,0,200
064411609,219,1,0,0,220
064411610,395,3,0,0,398
064411611,352,2,1,0,355
064411612,267,1,0,0,268
064411613,165,1,0,0,166
064411614,331,1,0,0,332
064411615,89,0,0,0,89
064411701,190,2,0,0,192
064411702,213,0,0,0,213
064411703,263,0,1,0,264
064411704,201,1,0,0,202
064411705,313,1,0,0,314
064411706,189,0,1,0,190
064411707,192,1,0,0,193
064411708,243,2,0,0,245
064411709,195,0,1,0,196
064411710,179,0,0,0,179
064411711,203,2,0,0,205
064411712,297,1,0,0,298
064411713,200,2,8,0,210
064411801,160,0,0,0,160
064411802,223,0,0,0,223
064411803,172,0,0,0,172
064411804,178,1,0,0,179
064411805,241,2,1,0,244
064411806,168,0,0,0,168
064411807,239,0,0,0,239
064411808,290,0,0,0,290
064411809,204,0,0,0,204
064411810,253,3,0,0,256
064411811,381,5,5,0,391
064411812,209,1,0,0,210
064411813,202,1,0,0,203
064411901,273,2,0,0,275
064411902,314,2,0,0,316
064411903,230,0,0,0,230
064411904,225,1,0,0,226
064411905,157,0,0,0,157
064411906,250,1,0,0,251
064411907,221,1,0,0,222
064411908,170,0,0,0,170
064411909,204,0,0,0,204
064411910,184,0,0,0,184
064411911,241,0,0,0,241
064412001,319,3,0,0,322
064412002,226,0,0,0,226
064412003,268,0,0,0,268
064412004,164,2,0,0,166
064412005,214,0,0,0,214
064412006,208,1,0,0,209
064412007,185,0,0,0,185
064412008,228,0,0,0,228
064412009,260,2,0,0,262
064412010,176,1,0,0,177
064412011,140,0,0,0,140
064412012,131,0,0,0,131
064412013,147,0,1,0,148
064412014,57,0,0,0,57
064412015,158,0,0,0,158
064412016,151,0,0,0,151
064412017,147,0,0,0,147
064412101,189,4,0,0,193
064412102,214,1,3,0,218
064412103,382,0,1,0,383
064412104,366,5,0,0,371
064412105,318,0,0,0,318
064412106,197,0,0,0,197
064412107,199,0,0,0,199
064412108,196,0,0,0,196
064412109,202,2,0,0,204
064412110,223,2,0,0,225
064412111,189,0,0,0,189
064412112,203,0,0,0,203
064412113,351,1,0,0,352
064412114,200,2,0,1,203
064412115,350,0,0,0,350
064412201,259,2,2,0,263
064412202,285,2,1,0,288
064412203,360,1,1,0,362
064412204,371,7,0,0,378
064412205,295,4,1,0,300
064412206,230,0,3,0,233
064412207,215,1,0,0,216
064412208,251,2,0,0,253
064412209,252,1,0,0,253
064412301,254,2,0,0,256
064412302,185,0,1,0,186
064412303,234,0,0,0,234
064412304,190,1,0,0,191
064412305,225,3,3,0,231
064412306,224,2,1,0,227
064412307,251,1,1,0,253
064412308,236,1,0,1,238
064412309,165,0,0,0,165
064412401,204,0,0,0,204
064412402,208,0,0,0,208
064412403,185,1,0,0,186
064412404,211,1,0,0,212
064412405,408,1,1,0,410
064412406,321,2,2,0,325
064412407,190,0,0,0,190
064412408,193,0,0,0,193
064412409,275,1,0,0,276
064412410,185,2,0,0,187
064412411,376,1,0,0,377
064412501,230,2,0,0,232
064412502,264,1,0,0,265
064412503,197,1,0,0,198
064412504,187,0,0,0,187
064412505,331,0,0,0,331
064412506,231,0,0,0,231
064412507,214,1,0,0,215
064412508,223,1,0,0,224
064412509,198,0,0,0,198
064412510,274,0,0,0,274
064412601,218,2,0,0,220
064412602,213,0,1,0,214
064412603,234,0,0,0,234
064412604,164,1,0,0,165
064412605,191,2,1,0,194
064412606,311,1,1,0,313
064412607,262,3,0,0,265
064412608,169,0,1,0,170
064412609,199,4,0,0,203
064412610,396,3,0,0,399
064412611,219,0,0,0,219
064412612,247,1,1,0,249
064412613,215,1,0,0,216
064412614,271,2,0,0,273
064412701,330,0,1,0,331
064412702,357,1,0,0,358
064412703,313,0,0,0,313
064412704,330,1,0,0,331
064412705,381,3,0,0,384
064412706,214,0,0,0,214
064412707,237,1,0,0,238
064412708,382,0,1,0,383
064412709,347,0,0,0,347
064412801,232,0,0,0,232
064412802,285,3,1,0,289
064412803,238,2,0,0,240
064412804,170,1,0,0,171
064412805,212,1,0,0,213
064412806,197,0,0,0,197
064412807,168,2,1,0,171
064412808,216,1,0,0,217
064412809,242,1,0,0,243
064412810,271,2,0,1,274
064412811,313,0,0,0,313
064412812,369,2,0,0,371
064412813,350,5,1,0,356
064412901,208,2,0,0,210
064412902,206,3,1,0,210
064412903,239,1,1,0,241
064412904,186,1,2,0,189
064412905,234,0,0,0,234
064412906,192,5,0,0,197
064412907,241,1,0,0,242
064412908,191,0,0,0,191
064412909,303,0,0,0,303
064412910,201,1,0,0,202
064412911,188,1,0,0,189
064412912,180,0,0,0,180
064412913,327,3,0,0,330
064412914,335,2,0,0,337
064413001,75,133,102,1,311
064413002,25,204,126,0,355
064413003,269,13,3,0,285
064413004,355,6,6,0,367
064413005,228,6,5,0,239
064413006,353,9,0,0,362
064413007,192,1,1,0,194
064413008,219,4,0,0,223
064413009,288,12,7,0,307
064413101,355,7,14,0,376
064413102,209,7,13,0,229
064413103,213,1,1,0,215
064413104,177,0,0,0,177
064413105,203,0,0,0,203
064413106,265,3,0,0,268
064413107,231,0,1,0,232
064413108,208,3,0,0,211
064413109,232,3,0,0,235
064413110,218,0,0,0,218
064413111,397,3,0,0,400
064413112,288,2,2,0,292
064413113,205,8,3,0,216
064413114,249,5,6,0,260
064413115,235,3,0,0,238
064413116,228,1,0,0,229
064413201,202,4,0,0,206
064413202,179,1,1,0,181
064413203,391,12,2,0,405
064413204,402,5,2,1,410
064413205,375,7,7,0,389
064413206,299,7,0,1,307
064413207,330,4,0,0,334
064413208,280,20,14,0,314
064413209,224,9,14,0,247
064413210,158,59,70,0,287
064413211,283,43,52,0,378
064413301,344,1,0,0,345
064413302,146,3,0,0,149
064413303,272,2,2,0,276
064413304,215,6,2,0,223
064413305,253,10,3,0,266
064413306,394,20,15,0,429
064413307,239,2,2,0,243
064413308,222,8,0,0,230
064413309,394,3,4,0,401
064413310,310,3,1,0,314
064413311,416,5,2,0,423
064413401,187,24,3,1,215
064413402,234,8,9,0,251
064413403,340,17,9,1,367
064413404,250,4,4,0,258
064413405,310,3,4,0,317
064413406,244,3,0,0,247
064413407,241,6,0,0,247
064413408,348,6,2,0,356
064413409,221,2,0,0,223
064413410,201,24,11,0,236
064413411,121,72,28,2,223
064413412,161,2,1,1,165
064413413,18,145,119,5,287
064413414,1,122,156,0,279
064413415,10,204,238,1,453
064413501,361,8,9,0,378
064413502,379,9,0,0,388
064413503,207,0,0,0,207
064413504,193,5,3,0,201
064413505,371,1,5,0,377
064413506,203,4,4,0,211
064413507,204,19,58,0,281
064413508,217,119,28,0,364
064413509,334,9,18,0,361
064413510,229,73,28,0,330
064413511,429,1,0,0,430
064413512,326,13,10,0,349
064413513,366,1,1,0,368
064413514,299,1,0,0,300
064413515,38,117,252,1,408
064413516,198,95,378,13,684
064413601,282,3,2,0,287
064413602,264,4,0,0,268
064413603,208,18,8,0,234
064413604,211,7,2,0,220
064413605,297,16,31,8,352
064413606,30,106,179,6,321
064413607,80,136,50,0,266
064413608,234,21,9,0,264
064413609,239,37,25,0,301
064413610,342,21,6,0,369
064413611,275,15,21,0,311
064413612,247,42,33,0,322
064413701,42,151,139,1,333
064413702,11,174,174,1,360
064413703,3,51,137,0,191
064413704,2,44,147,5,198
064413705,6,112,204,0,322
064413706,297,16,29,2,344
064413707,238,8,5,0,251
064413708,208,68,12,0,288
064413709,372,2,0,0,374
064413710,261,58,91,0,410
064413711,208,93,73,4,378
064413712,320,32,49,2,403
064413713,24,123,97,1,245
064413714,4,145,140,1,290
064413801,472,12,16,0,500
064413802,15,28,197,2,242
064413803,10,67,186,0,263
064413804,14,65,139,1,219
064413805,272,10,6,0,288
064413806,290,9,5,0,304
064413807,329,11,8,0,348
064413808,5,40,149,0,194
064413809,187,49,65,0,301
064413810,275,0,30,0,305
064413901,306,2,0,0,308
064413902,227,5,0,0,232
064413903,230,1,1,0,232
064413904,253,11,1,0,265
064413905,274,3,0,0,277
064413906,263,5,1,1,270
064413907,225,7,5,0,237
064413908,284,3,8,0,295
064413909,266,4,1,0,271
064413910,367,40,19,0,426
064414001,257,10,8,0,275
064414002,217,22,23,2,264
064414003,236,2,0,0,238
064414004,225,1,0,0,226
064414005,177,5,0,0,182
064414006,330,4,13,0,347
064414007,251,26,12,0,289
064414008,212,23,27,0,262
064414009,181,35,51,3,270
064414010,300,15,45,0,360
064414011,322,30,22,1,375
064414012,92,64,154,3,313
064414013,369,20,30,3,422
064414101,16,178,369,3,566
064414102,6,90,225,2,323
064414103,6,53,286,2,347
064414104,34,211,169,0,414
064414105,248,78,76,0,402
064414106,250,16,5,0,271
064414107,258,19,8,0,285
064414108,342,51,43,0,436
064414109,137,58,135,1,331
064414110,54,83,133,2,272
064414111,2,47,60,3,112
064414112,21,95,62,1,179
064414201,5,133,344,7,489
064414202,19,82,87,5,193
064414203,39,179,127,0,345
064414204,3,176,142,3,324
064414205,0,215,130,0,345
064414206,3,157,262,4,426
064414207,6,134,208,14,362
064414208,119,71,40,0,230
064414209,65,94,110,1,270
064414210,42,134,254,4,434
064414211,17,153,120,0,290
064414212,19,171,93,0,283
064414213,4,53,74,0,131
064414214,1,37,81,1,120
064414215,1,88,336,6,431
064414216,199,63,96,0,358
064414217,316,52,31,0,399
064414218,306,58,29,0,393
064414219,222,61,77,2,362
064414301,65,107,90,2,264
064414302,184,63,50,0,297
064414303,238,2,1,0,241
064414304,338,4,1,0,343
064414305,228,4,2,0,234
064414306,301,5,8,0,314
064414307,9,138,80,0,227
064414308,6,146,90,0,242
064414309,107,185,74,0,366
064414310,281,37,87,1,406
064414311,181,16,8,1,206
064414312,179,23,12,1,215
064414313,103,67,70,1,241
064414314,11,152,160,1,324
064414315,37,152,249,6,444
064414401,14,167,98,0,279
064414402,17,136,94,0,247
064414403,8,151,204,0,363
064414404,7,148,99,0,254
064414405,156,100,40,0,296
064414406,101,115,74,1,291
064414407,11,209,99,1,320
064414408,3,126,91,0,220
064414409,1,49,181,2,233
064414410,11,160,392,9,572
064414501,8,180,37,1,226
064414502,8,181,73,1,263
064414503,11,100,186,0,297
064414504,10,175,153,1,339
064414505,6,121,121,1,249
064414506,8,146,143,5,302
064414507,5,159,139,0,303
064414508,6,167,126,0,299
064414509,13,103,225,1,342
064414510,19,137,165,1,322
064414511,7,144,205,3,359
064414601,9,177,101,0,287
064414602,3,175,167,3,348
064414603,46,137,97,0,280
064414604,272,16,5,0,293
064414605,131,72,42,0,245
064414606,162,63,6,0,231
064414607,289,7,6,0,302
064414608,176,61,85,0,322
064414609,105,102,111,0,318
064414701,258,147,108,2,515
064414702,25,226,112,0,363
064414703,174,67,66,0,307
064414704,194,197,64,0,455
064414705,219,69,65,1,354
064414706,170,77,36,1,284
064414707,322,56,115,0,493
064414708,30,168,134,0,332
064414709,24,244,303,4,575
064414710,33,59,162,0,254
064414801,70,174,83,0,327
064414802,145,19,9,0,173
064414803,197,26,21,0,244
064414804,414,2,0,0,416
064414805,178,0,0,0,178
064414806,178,28,67,0,273
064414807,331,1,0,0,332
064414808,196,1,0,0,197
064414809,229,4,2,1,236
064414901,296,13,4,0,313
064414902,273,0,0,0,273
064414903,295,3,2,0,300
064414904,216,0,0,0,216
064414905,187,3,0,0,190
064414906,259,3,2,0,264
064414907,279,3,0,0,282
064414908,189,2,2,0,193
064414909,244,6,0,0,250
064414910,201,0,0,0,201
064415001,187,11,0,0,198
064415002,189,14,1,0,204
064415003,400,4,1,0,405
064415004,202,1,1,0,204
064415005,198,0,0,0,198
064415006,233,2,0,0,235
064415007,179,0,0,0,179
064415008,232,3,0,0,235
064415009,250,2,0,0,252
064415010,260,2,0,0,262
064415101,400,63,107,10,580
064415102,176,17,57,5,255
064415103,207,3,1,0,211
064415104,270,13,8,0,291
064415105,363,22,10,0,395
064415106,55,35,76,0,166
064415107,159,39,44,0,242
064415108,257,15,9,0,281
064415109,215,0,0,0,215
064415110,166,5,0,0,171
064415111,245,2,0,0,247
064415112,173,0,3,0,176
064415113,211,1,1,0,213
064415114,225,1,1,0,227
064415115,211,0,2,0,213
064415116,133,5,20,0,158
064415117,411,5,2,0,418
064415118,328,3,2,0,333
064415201,113,24,137,0,274
064415202,240,12,2,0,254
064415203,201,3,0,0,204
064415204,295,17,6,27,345
064415205,244,3,1,19,267
064415206,167,4,0,0,171
064415207,281,13,9,12,315
064415208,245,17,7,12,281
064415209,181,4,1,0,186
064415210,248,2,1,0,251
064415301,205,5,2,0,212
064415302,363,11,3,0,377
064415303,181,6,4,0,191
064415304,287,9,0,0,296
064415305,167,22,32,152,373
064415306,212,13,5,1,231
064415307,209,5,0,0,214
064415308,256,15,4,0,275
064415309,88,220,58,0,366
064415310,19,110,242,6,377
064415401,244,24,29,0,297
064415402,153,56,51,2,262
064415403,256,17,14,0,287
064415404,238,11,1,0,250
064415405,347,35,5,0,387
064415406,145,8,1,0,154
064415407,247,5,0,0,252
064415408,166,1,1,0,168
064415409,207,4,2,0,213
064415410,275,8,10,0,293
064415411,186,7,1,0,194
064415412,181,102,25,0,308
064415413,41,59,25,1,126
064415414,3,159,81,0,243
064415415,6,60,126,2,194
064415416,1,167,66,0,234
064415417,9,258,84,1,352
064415418,310,7,0,0,317
064415501,89,246,135,3,473
064415502,9,257,201,1,468
064415503,8,150,48,0,206
064415504,3,167,56,0,226
064415505,142,134,42,0,318
064415506,313,13,9,0,335
064415507,233,8,2,0,243
064415508,324,8,1,0,333
064415509,20,179,43,0,242
064415510,1,62,54,11,128
064415511,3,128,62,2,195
064415601,258,8,2,0,268
064415602,363,4,2,0,369
064415603,181,10,1,0,192
064415604,252,10,3,0,265
064415605,377,14,12,0,403
064415606,343,32,9,2,386
064415607,273,20,2,0,295
064415608,404,12,10,0,426
064415701,5,32,4,0,41
064415702,218,27,7,0,252
064415703,31,115,42,0,188
064415704,149,82,10,0,241
064415705,73,205,76,2,356
064415706,103,247,59,0,409
064415707,134,121,177,2,434
064415708,209,62,18,0,289
064415709,70,127,44,4,245
064415710,41,126,60,4,231
064415711,223,79,33,2,337
064415712,303,30,10,0,343
064415713,205,31,8,0,244
064415801,247,0,0,0,247
064415802,239,2,0,0,241
064415803,274,1,0,1,276
064415804,180,0,0,0,180
064415805,168,0,0,0,168
064415806,195,2,0,0,197
064415807,134,85,8,0,227
064415808,191,2,0,0,193
064415901,224,2,2,0,228
064415902,230,3,5,0,238
064415903,198,6,0,0,204
064415904,282,0,0,0,282
064415905,238,5,3,0,246
064415906,64,108,50,0,222
064415907,9,230,59,2,300
064415908,30,201,98,0,329
064415909,150,102,14,0,266
064415910,117,209,58,0,384
064416001,196,108,53,0,357
064416002,199,20,5,0,224
064416003,194,37,22,0,253
064416004,240,81,50,4,375
064416005,100,153,134,0,387
064416006,151,68,28,0,247
064416007,12,172,102,1,287
064416008,2,190,30,0,222
064416009,8,228,99,1,336
064416010,94,160,37,0,291
064416101,249,2,0,0,251
064416102,187,11,14,0,212
064416103,185,31,10,0,226
064416104,177,33,17,0,227
064416105,245,32,11,0,288
064416106,194,138,34,0,366
064416107,6,149,106,2,263
064416108,37,24,34,0,95
064416109,1,162,57,2,222
064416110,1,178,36,0,215
064416111,7,244,12,0,263
064416112,9,136,95,0,240
064416201,8,79,21,3,111
064416202,226,18,11,0,255
064416203,214,7,5,0,226
064416204,265,9,3,0,277
064416205,65,0,0,0,65
064416206,282,2,2,0,286
064416207,193,3,5,0,201
064416208,308,20,3,0,331
064416209,176,18,1,1,196
064416210,57,64,58,0,179
064416211,5,243,181,0,429
064416212,2,127,45,2,176
064416213,13,129,194,2,338
064416301,15,160,41,0,216
064416302,6,191,21,0,218
064416303,4,248,21,0,273
064416304,5,190,88,5,288
064416305,0,154,24,0,178
064416306,4,191,57,0,252
064416307,3,194,26,0,223
064416308,2,97,83,0,182
064416309,0,83,56,1,140
064416310,1,172,46,1,220
064416311,3,77,56,0,136
064416401,2,280,116,1,399
064416402,0,104,30,0,134
064416403,0,30,101,0,131
064416404,6,35,110,1,152
064416405,0,32,89,2,123
064416406,0,66,88,0,154
064416407,4,80,69,0,153
064416408,0,22,26,0,48
064416409,2,169,192,11,374
064416410,2,24,11,0,37
064416411,0,142,35,2,179
064416412,2,90,28,0,120
064416413,41,42,6,1,90
064416414,0,132,31,1,164
064416415,4,223,94,3,324
064416416,0,101,45,0,146
064416417,1,90,121,1,213
064416418,145,28,4,0,177
064416419,2,183,120,2,307
064416501,0,61,104,1,166
064416502,0,61,94,1,156
064416503,0,33,134,1,168
064416504,2,11,26,1,40
064416505,0,9,55,0,64
064416506,0,20,54,3,77
064416507,1,28,35,0,64
064416508,0,30,12,0,42
064416509,4,45,155,0,204
064416510,6,221,190,8,425
064416511,1,126,187,4,318
064416512,0,23,71,3,97
064416513,2,73,73,0,148
064416514,1,84,107,2,194
064416515,193,36,70,2,301
064416516,218,23,21,1,263
064416517,222,37,56,0,315
064416518,74,47,53,1,175
064416519,13,72,236,4,325
064416520,1,63,108,19,191
064416521,2,79,32,0,113
064416601,2,85,136,2,225
064416602,145,56,32,0,233
064416603,155,105,191,2,453
064416604,246,13,47,0,306
064416605,2,1,14,1,18
064416606,9,107,136,0,252
064416607,322,18,44,0,384
064416608,223,28,40,1,292
064416609,269,13,28,0,310
064416610,184,7,4,0,195
064416611,349,15,7,0,371
064416612,298,18,16,1,333
064416613,126,32,41,0,199
064416614,5,112,107,5,229
064416615,31,103,225,2,361
064416616,4,159,96,0,259
064416617,7,144,169,8,328
064416618,4,176,104,0,284
064416701,0,43,75,1,119
064416702,0,9,32,1,42
064416703,0,59,28,0,87
064416704,1,32,70,3,106
064416801,2,87,133,0,222
064416802,33,220,183,0,436
064416803,3,184,50,0,237
064416804,15,125,92,0,232
064416805,227,90,34,3,354
064416806,0,93,62,3,158
064416807,0,71,91,3,165
064416808,0,126,19,1,146
064416809,0,97,43,0,140
064416810,2,52,18,0,72
064416811,0,52,53,3,108
064416812,1,61,32,1,95
064416813,0,24,12,0,36
064416814,0,99,68,0,167
064416815,0,79,60,2,141
064416816,8,44,78,0,130
064416817,0,12,24,1,37
064416901,20,145,162,2,329
064416902,165,68,95,2,330
064416903,28,199,94,3,324
064416904,13,206,155,1,375
064416905,12,134,154,2,302
064416906,36,236,170,3,445
064416907,5,118,94,0,217
064416908,6,167,163,1,337
064416909,8,86,239,4,337
064416910,181,31,18,1,231
064416911,7,174,128,3,312
064416912,1,72,25,0,98
064417001,5,282,130,0,417
064417002,33,124,99,1,257
064417003,3,166,52,1,222
064417004,12,223,186,1,422
064417005,7,169,157,1,334
064417006,10,58,217,5,290
064417007,5,128,81,0,214
064417101,47,0,0,0,47
064480101,1,37,70,4,112
064480102,0,2,5,0,7
064480103,0,4,9,0,13
064480201,0,6,4,0,10
064480202,0,1,5,0,6
064480203,0,1,14,0,15
064480301,0,2,5,0,7
064480302,0,3,2,0,5
064480303,0,2,3,0,5
064480401,0,0,8,0,8
064480402,0,1,2,0,3
064480403,0,0,0,0,0
064480501,0,3,8,0,11
064480502,0,3,5,0,8
064480503,0,3,0,1,4
064480601,297,50,115,0,462
064480602,223,88,45,0,356
064480603,65,59,125,0,249
064480604,204,25,26,0,255
064480605,74,51,75,0,200
064480606,181,38,110,4,333
064480607,162,50,72,0,284
064480608,209,74,101,0,384
064480609,154,25,27,0,206
064480610,0,26,36,0,62
064480611,0,2,3,0,5
064480612,32,0,0,0,32
064480613,0,2,0,0,2
064480614,146,17,81,0,244
064480701,0,2,7,1,10
064480702,0,0,1,0,1
064480703,0,0,5,0,5
064480801,0,0,5,0,5
064480802,0,6,2,0,8
064480803,0,3,4,0,7
064480901,0,0,5,0,5
064480902,0,1,6,0,7
064480903,0,0,3,0,3
064480904,0,5,1,0,6
064481001,0,0,6,0,6
064481002,0,0,7,0,7
064481003,0,3,0,0,3
064481004,0,1,2,0,3
064481101,0,0,5,0,5
064481102,0,3,6,0,9
064481103,0,4,2,0,6
064481201,0,3,3,0,6
064481202,0,0,5,0,5
064481203,0,0,8,0,8
064481204,0,4,0,0,4
064481205,0,6,10,0,16
064481206,0,4,0,0,4
064550101,219,20,69,6,314
064550102,234,14,20,0,268
064550103,243,3,4,0,250
064550104,222,3,1,0,226
064550105,230,18,9,0,257
064550106,258,11,6,0,275
064550107,40,18,118,0,176
064550108,183,26,53,0,262
064550109,238,6,19,0,263
064550110,253,8,10,0,271
064550111,10,21,110,0,141
064550112,43,67,74,2,186
064550113,162,13,35,0,210
064550114,143,32,80,1,256
064550115,96,26,31,0,153
064550201,0,27,4,1,32
064550301,0,21,24,2,47
064550401,1,23,55,1,80
064550501,0,9,16,1,26
064550601,0,22,37,0,59
064550602,0,3,12,0,15
064550603,0,11,29,0,40
064550604,0,21,32,3,56
064550605,0,2,20,0,22
064550606,0,8,7,0,15
064550607,0,25,30,0,55
064550701,0,26,39,0,65
064550801,0,8,10,0,18
064550802,0,5,18,1,24
064550901,0,6,29,0,35
064551001,0,11,13,0,24
064551101,0,15,43,1,59
064551201,0,18,42,1,61
064551301,5,38,98,2,143
064551401,278,12,13,2,305
064551402,156,68,200,0,424
064551403,10,47,86,0,143
064551404,109,22,28,0,159
064551405,206,38,36,0,280
064551406,263,15,32,0,310
064551407,274,17,13,1,305
064551408,252,17,39,2,310
064551409,26,15,25,0,66
064551410,11,133,133,1,278
064551411,78,55,77,0,210
064551412,176,78,99,1,354
064551413,293,12,16,0,321
064551414,238,2,2,0,242
064620101,0,5,7,0,12
064620201,0,9,23,1,33
064620202,0,6,6,0,12
064620203,0,3,3,0,6
064620301,0,6,2,0,8
064620401,52,10,49,0,111
064620402,163,53,58,0,274
064620403,206,69,114,1,390
064620404,0,2,36,0,38
064620405,4,12,19,1,36
064620406,55,34,21,0,110
064620501,0,1,5,0,6
064620502,0,8,2,0,10
064620601,1,42,56,0,99
064620602,0,3,5,0,8
064620603,0,11,7,0,18
064620604,1,0,10,2,13
064620605,0,6,8,0,14
064620701,161,70,80,1,312
064620702,228,41,19,1,289
064620703,278,34,74,1,387
064620704,178,32,86,1,297
064620705,302,4,6,0,312
064620706,304,47,87,1,439
064620707,220,43,127,1,391
064620708,180,48,53,0,281
064620709,0,3,6,0,9
064620710,4,14,22,0,40
064620711,1,4,2,0,7
064620712,0,3,0,0,3
064620801,0,9,18,2,29
064620802,290,10,25,0,325
064620901,0,3,10,0,13
064621001,0,18,2,0,20
064621002,186,42,91,2,321
064621101,0,9,7,0,16
064621102,0,0,8,0,8
064621201,23,36,52,1,112
064621202,259,96,83,1,439
064621203,175,51,72,0,298
064621204,0,0,8,0,8
064621205,0,19,73,3,95
064621206,0,1,12,0,13
064621207,0,4,18,0,22
064690101,163,33,71,0,267
064690102,344,1,1,0,346
064690103,193,16,27,0,236
064690104,427,13,20,0,460
064690105,194,33,16,0,243
064690106,357,1,8,0,366
064690107,258,3,1,0,262
064690108,339,6,9,0,354
064690109,302,72,61,0,435
064690110,168,17,49,1,235
064690111,253,23,21,0,297
064690112,213,3,2,0,218
064690113,236,8,17,0,261
064690114,121,33,102,1,257
064690201,278,2,0,0,280
064690202,286,30,29,0,345
064690203,159,62,96,0,317
064690204,277,56,53,2,388
064690205,291,4,1,0,296
064690206,203,5,3,1,212
064690207,313,5,1,0,319
064690208,272,51,68,1,392
064690209,153,25,28,0,206
064690210,124,26,125,0,275
064690211,136,44,81,0,261
064690212,20,66,176,0,262
064690213,161,5,14,0,180
064690214,143,53,77,0,273
064690301,0,13,22,2,37
064690302,1,1,8,2,12
064690303,0,2,6,2,10
064690304,0,15,11,1,27
064690305,0,4,6,0,10
064690306,1,3,8,3,15
064690401,9,93,93,0,195
064690402,0,4,16,0,20
064690403,0,3,6,0,9
064690404,0,8,6,0,14
064690405,0,7,5,0,12
064690406,0,4,11,0,15
064690501,0,5,6,0,11
064690502,0,2,2,0,4
064690503,0,2,6,0,8
064690504,0,2,4,0,6
064690601,67,77,106,1,251
064690602,405,5,0,0,410
064690603,91,44,104,1,240
064690604,1,40,105,1,147
064690605,272,40,66,3,381
064690606,171,81,103,0,355
064690701,0,2,7,0,9
064690702,0,3,3,1,7
064690703,1,2,12,0,15
064690801,1,179,48,0,228
064690802,0,32,14,0,46
064690803,0,4,19,0,23
064690804,0,19,19,0,38
064690805,0,4,18,1,23
064690806,1,5,25,0,31
064690807,1,103,82,0,186
064690901,2,145,93,0,240
064690902,0,10,0,0,10
064690903,0,72,41,1,114
064690904,0,4,6,1,11
064690905,0,6,0,0,6
064690906,0,10,3,1,14
064690907,0,9,5,0,14
064690908,0,6,12,0,18
064690909,3,124,107,1,235
064691001,0,91,34,0,125
064691002,0,50,31,0,81
064691003,0,14,12,0,26
064691004,0,5,15,1,21
064691005,0,3,0,0,3
064691006,0,4,0,0,4
064691007,0,130,39,0,169
064691101,0,23,69,0,92
064691102,0,9,0,1,10
064691103,0,4,0,0,4
064691104,0,1,12,0,13
064691105,0,7,3,0,10
064691106,1,135,47,1,184
064691107,0,15,13,0,28
064691201,0,3,5,0,8
064691202,0,3,6,0,9
064691203,0,7,5,0,12
064691204,0,8,2,0,10
064691301,0,170,94,0,264
064691302,8,232,195,0,435
064691303,0,19,10,2,31
064691304,0,2,8,0,10
064691305,2,56,58,1,117
064691306,0,10,7,0,17
064691307,2,140,114,0,256
064691401,1,3,13,0,17
064691402,0,5,5,0,10
064691403,7,0,17,0,24
064691404,0,8,3,0,11
064691501,1,258,65,0,324
064691502,0,11,2,0,13
064691503,0,2,1,1,4
064691504,0,0,1,0,1
064691505,0,3,1,0,4
064691506,0,4,9,3,16
064691507,1,32,35,0,68
064691508,0,182,88,3,273
064760101,208,11,13,0,232
064760102,266,10,12,1,289
064760103,185,4,5,0,194
064760104,181,7,2,0,190
064760105,204,3,2,0,209
064760106,245,2,8,1,256
064760107,253,4,5,2,264
064760108,242,17,34,1,294
064760201,4,254,146,3,407
064760202,4,42,9,0,55
064760203,0,25,15,1,41
064760204,0,15,8,1,24
064760205,0,17,19,0,36
064760206,0,8,15,0,23
064760207,0,3,22,0,25
064760208,0,5,15,0,20
064760301,0,8,19,1,28
064760302,0,4,13,0,17
064760303,1,6,2,0,9
064760401,0,0,7,0,7
064760402,0,2,6,0,8
064760403,0,2,5,0,7
064760404,0,3,12,0,15
064760501,0,11,10,0,21
064760502,0,15,7,0,22
064760503,1,13,1,0,15
064760504,0,9,5,1,15
064760505,0,6,4,1,11
064760601,1,3,5,0,9
064760602,0,6,6,0,12
064760603,0,15,21,1,37
064760604,0,1,6,0,7
064760701,1,6,89,0,96
064760702,1,15,30,0,46
064760703,0,22,59,0,81
064760704,1,14,31,0,46
064760705,0,21,29,0,50
064760706,0,0,6,0,6
064760707,21,29,75,3,128
064760708,119,10,47,6,182
064760709,0,7,7,0,14
064760801,0,13,6,0,19
064760802,0,5,12,0,17
064760803,0,7,7,0,14
064760804,0,1,13,2,16
064760901,0,9,9,0,18
064760902,0,4,12,0,16
064760903,0,1,12,1,14
064760904,0,7,0,1,8
064760905,0,5,1,0,6
064761001,0,13,17,0,30
064761002,0,2,8,0,10
064761003,0,2,8,0,10
064761101,0,2,7,1,10
064761102,1,11,3,0,15
064761103,0,9,11,0,20
064761104,0,4,4,0,8
064761105,1,4,12,0,17
064761201,0,3,0,0,3
064761202,0,8,16,1,25
064761203,0,15,10,0,25
064761204,0,13,8,0,21
064761205,2,20,3,0,25
064761206,0,14,9,3,26
064761301,0,18,20,0,38
064761401,134,22,82,1,239
064761402,237,14,29,0,280
064761403,286,8,27,0,321
064761404,209,25,15,8,257
064761405,200,11,9,0,220
064761406,198,6,4,0,208
064761407,145,1,1,0,147
064761408,260,23,26,0,309
064830101,227,123,95,3,448
064830102,227,99,40,1,367
064830103,262,84,41,0,387
064830104,242,4,6,0,252
064830105,272,5,0,0,277
064830106,252,34,21,0,307
064830107,214,1,0,0,215
064830108,232,3,2,0,237
064830109,261,14,4,0,279
064830110,304,1,1,0,306
064830111,17,196,44,0,257
064830112,34,96,75,0,205
064830113,14,155,69,0,238
064830114,10,170,119,0,299
064830115,8,123,80,1,212
064830116,4,129,88,1,222
064830117,7,176,92,1,276
064830118,7,144,85,1,237
064830201,0,9,4,0,13
064830202,0,3,29,0,32
064830203,0,11,11,0,22
064830301,1,38,48,0,87
064830302,1,31,51,0,83
064830303,1,37,35,0,73
064830304,0,18,33,0,51
064830401,326,87,97,0,510
064830402,0,111,67,0,178
064830403,4,99,51,0,154
064830404,11,202,145,1,359
064830405,4,186,83,1,274
064830406,0,56,45,8,109
064830407,82,165,122,0,369
064830408,44,151,63,1,259
064830409,9,185,94,0,288
064830410,0,123,59,0,182
064830411,19,122,60,0,201
064830412,19,131,119,0,269
064830413,2,195,184,6,387
064830414,7,175,84,1,267
064830415,3,185,133,1,322
064830416,7,108,110,0,225
064830417,0,79,36,3,118
064830501,2,237,88,1,328
064830502,0,10,30,1,41
064830503,0,8,49,0,57
064830504,1,38,29,1,69
064830505,1,23,14,4,42
064830506,0,5,4,0,9
064830601,0,22,8,0,30
064830602,1,68,49,0,118
064830701,0,62,46,2,110
064830702,0,26,21,2,49
064830703,0,12,18,0,30
064830704,0,4,4,0,8
064830705,0,11,5,0,16
064830706,0,12,18,0,30
064830801,0,77,29,0,106
064830802,0,22,20,1,43
064830803,1,17,12,0,30
064830804,1,15,20,0,36
064830805,0,4,12,0,16
064830806,2,73,60,2,137
064830901,0,63,23,1,87
064830902,0,19,22,0,41
064830903,1,34,38,1,74
064830904,0,27,6,1,34
064830905,0,34,5,0,39
064830906,0,26,2,0,28
064830907,0,15,12,0,27
064830908,1,51,32,0,84
064831001,0,19,10,0,29
064831002,0,25,21,1,47
064970101,378,2,1,0,381
064970102,199,3,0,0,202
064970103,199,2,3,0,204
064970104,310,1,1,0,312
064970105,294,0,1,0,295
064970106,324,2,1,0,327
064970107,194,16,4,0,214
064970108,170,39,20,0,229
064970109,77,69,50,0,196
064970110,126,88,38,0,252
064970111,108,109,60,0,277
064970112,130,76,42,0,248
064970201,0,99,66,0,165
064970202,0,11,11,0,22
064970203,1,32,8,0,41
064970204,0,8,12,0,20
064970205,0,4,4,0,8
064970206,0,7,8,0,15
064970207,0,31,16,0,47
064970301,3,4,2,0,9
064970302,3,203,162,0,368
064970303,2,136,91,1,230
064970304,0,18,6,0,24
064970305,2,177,33,0,212
064970306,2,94,102,1,199
064970307,5,115,285,9,414
064970308,1,142,192,2,337
064970309,0,47,113,3,163
064970310,4,31,81,0,116
064970311,2,123,143,0,268
064970312,2,208,157,2,369
064970401,0,16,18,0,34
064970402,0,47,13,0,60
064970403,0,72,38,0,110
064970404,0,124,91,0,215
064970405,0,94,87,0,181
064970406,1,80,88,2,171
064970407,8,132,55,0,195
064970408,0,46,40,0,86
064970409,1,107,102,2,212
064970410,4,100,126,3,233
064970501,182,37,8,0,227
064970502,197,10,9,0,216
064970503,300,20,4,0,324
064970504,2,88,210,17,317
064970505,5,78,316,1,400
064970506,2,85,265,8,360
064970507,126,88,124,0,338
064970508,245,38,42,1,326
064970509,365,30,14,0,409
064970510,161,116,144,0,421
064970511,7,164,186,2,359
064970512,124,103,85,3,315
064970513,274,34,43,0,351
064970601,260,22,54,0,336
064970602,287,18,25,1,331
064970603,1,60,97,2,160
064970604,268,21,6,0,295
064970605,66,108,132,0,306
064970606,3,57,39,0,99
064970607,5,141,205,1,352
064970608,1,14,11,0,26
064970609,100,54,32,1,187
064970610,1,79,123,0,203
064970611,0,165,24,0,189
064970612,0,36,20,5,61
064970613,0,66,129,1,196
064970614,0,40,86,1,127
064970701,293,1,3,0,297
064970702,127,0,0,0,127
064970703,146,1,0,0,147
064970704,141,1,0,0,142
064970705,302,4,0,0,306
064970706,289,1,1,0,291
064970707,154,0,1,0,155
064970708,294,1,0,0,295
064970709,173,20,14,0,207
064970710,215,23,0,0,238
064970801,9,170,40,0,219
064970802,1,123,148,2,274
064970803,3,150,77,1,231
064970804,0,32,38,0,70
064970805,0,14,30,3,47
064970806,1,96,116,0,213
064970807,0,150,79,1,230
064970808,0,39,40,0,79
064970809,0,151,140,1,292
064970810,1,197,94,0,292
064970811,1,324,75,0,400
064970812,1,347,152,0,500
064970813,3,166,36,0,205
064970814,0,177,39,1,217
064970815,0,185,131,0,316
064970901,0,18,7,0,25
064971001,1,120,91,0,212
064971002,0,36,10,2,48
064971003,0,7,10,0,17
064971004,0,13,17,0,30
064971005,0,7,4,0,11
064971006,0,13,9,0,22
064971007,0,7,3,1,11
064971008,2,160,162,1,325
064971101,346,7,6,0,359
064971102,363,6,4,0,373
064971103,308,7,12,0,327
064971104,384,12,1,0,397
064971105,351,2,3,0,356
064971106,375,5,2,0,382
064971107,274,21,12,0,307
064971108,243,17,5,0,265
064971201,2,150,148,1,301
064971202,4,219,186,1,410
064971203,232,26,34,0,292
064971204,216,32,16,0,264
064971205,307,40,21,0,368
064971206,208,77,10,0,295
064971207,73,117,130,0,320
064971208,102,14,2,0,118
064971209,1,28,16,0,45
064971210,57,34,34,0,125
064971211,1,76,53,0,130
064971212,0,49,41,0,90
064971301,5,217,230,4,456
064971302,16,208,129,1,354
064971303,1,119,45,0,165
064971304,0,95,42,0,137
064971305,0,59,18,0,77
064971306,5,206,108,0,319
064971307,7,165,89,0,261
064971308,2,171,100,0,273
064971309,1,130,28,0,159
064971310,0,27,2,0,29
064971311,0,3,1,0,4
064971401,150,174,92,0,416
064971402,202,81,110,0,393
064971403,184,178,134,1,497
064971404,0,4,19,0,23
064971405,19,147,160,0,326
064971406,262,66,59,2,389
064971407,153,6,3,0,162
064971408,182,36,6,0,224
064971409,21,173,115,0,309
064971410,145,81,65,0,291
065050101,0,16,11,0,27
065050102,0,8,27,1,36
065050103,0,31,23,0,54
065050104,0,4,4,0,8
065050105,0,14,19,0,33
065050106,0,5,10,0,15
065050201,117,19,12,0,148
065050202,0,17,7,0,24
065050203,0,7,4,0,11
065050204,0,75,32,0,107
065050205,0,52,40,1,93
065050206,0,29,14,1,44
065050207,0,10,3,0,13
065050208,0,14,10,0,24
065050209,5,19,10,0,34
065050210,127,40,15,1,183
065050211,126,16,29,0,171
065050212,93,30,23,0,146
065050301,1,23,23,0,47
065050302,0,48,15,0,63
065050303,0,39,20,0,59
065050304,1,37,26,0,64
065050305,0,35,17,0,52
065050306,117,85,133,0,335
065050307,101,42,25,1,169
065050308,223,9,25,0,257
065050309,124,61,48,0,233
065050310,84,31,45,1,161
065050311,238,14,4,0,256
065050312,233,6,4,0,243
065050313,129,14,17,0,160
065050314,210,32,21,0,263
065050315,169,69,41,0,279
065050316,3,56,27,1,87
065050317,5,51,35,0,91
065050318,43,43,19,0,105
065050319,256,43,11,0,310
065050320,107,48,22,0,177
065050321,22,76,62,0,160
065050322,31,54,94,1,180
065050401,0,59,35,0,94
065050402,1,60,35,1,97
065050403,1,16,13,0,30
065050404,0,13,23,0,36
065050405,0,15,4,0,19
065050406,0,29,9,0,38
065050407,4,30,12,0,46
065110101,0,0,18,0,18
065110102,0,1,8,0,9
065110201,0,1,16,0,17
065110202,0,3,23,0,26
065110301,0,3,28,2,33
065110302,0,1,11,0,12
065110303,0,14,7,0,21
065110304,0,23,17,0,40
065110401,0,14,13,0,27
065110402,0,0,5,1,6
065110501,14,26,59,0,99
065110502,169,50,81,0,300
065110503,135,91,149,3,378
065110504,174,36,64,1,275
065110505,20,89,194,0,303
065110506,230,5,3,0,238
065110507,255,16,24,1,296
065110508,178,48,93,1,320
065110509,4,47,142,5,198
065110510,0,2,3,2,7
065110511,0,0,14,2,16
065110512,316,13,27,1,357
065110513,31,52,111,1,195
065110601,2,65,65,0,132
065110602,0,9,18,0,27
065110603,0,6,18,0,24
065110701,0,9,14,2,25
065110702,0,7,10,0,17
065180101,173,3,9,0,185
065180102,77,31,15,0,123
065180103,146,12,26,0,184
065180104,0,13,42,0,55
065180105,0,3,4,0,7
065180106,0,1,2,0,3
065180107,0,5,6,0,11
065180108,0,3,3,0,6
065180109,0,8,1,0,9
065180110,0,1,2,0,3
065180111,12,18,18,4,52
065180112,2,5,19,0,26
065180113,3,10,4,0,17
065180114,119,12,12,0,143
065180115,182,9,6,0,197
065180201,69,15,12,0,96
065180202,116,34,41,1,192
065180203,233,9,5,0,247
065180204,290,17,25,0,332
065180205,341,8,8,1,358
065180206,7,67,113,2,189
065180207,0,11,7,0,18
065180208,0,6,28,0,34
065180209,21,8,49,0,78
065180210,0,0,0,0,0
065180211,121,34,59,0,214
065180212,47,30,83,1,161
065180301,1,29,44,0,74
065180302,1,31,77,0,109
065180303,0,33,31,1,65
065180304,0,16,25,0,41
065180305,0,14,13,0,27
065180401,0,9,4,0,13
065180402,0,5,15,0,20
065180403,0,0,6,0,6
065180404,0,5,15,1,21
065180405,0,3,11,0,14
065180406,0,6,0,0,6
065180407,0,5,0,1,6
065180408,0,5,4,0,9
065180409,0,3,2,0,5
065180410,0,4,1,0,5
065180411,0,0,2,1,3
065180412,0,9,2,0,11
065180501,0,9,2,0,11
065180502,0,5,6,0,11
065180503,0,5,9,2,16
065180504,0,116,117,2,235
065180505,0,4,3,0,7
065180506,0,25,41,1,67
065180507,0,3,5,0,8
065180508,0,0,6,0,6
065180509,0,3,0,0,3
065180510,0,6,15,1,22
065180511,0,17,16,0,33
065180601,3,29,21,0,53
065180602,1,61,15,1,78
065180603,2,53,24,0,79
065180604,2,169,19,0,190
065180605,0,72,2,0,74
065180606,0,75,11,0,86
065180607,0,53,12,0,65
065180608,0,4,0,0,4
065180609,0,50,11,0,61
065180610,0,22,15,0,37
065180611,0,40,12,0,52
065180612,0,63,12,0,75
065180613,0,44,16,0,60
065180614,0,73,22,0,95
065180615,0,8,1,0,9
065180701,1,5,20,0,26
065180702,0,35,6,0,41
065180703,0,56,14,0,70
065180704,6,59,11,0,76
065180705,0,90,11,0,101
065180706,0,38,14,0,52
065180707,0,39,14,0,53
065180708,0,101,26,0,127
065180709,0,78,27,0,105
065180710,2,91,10,0,103
065180711,1,151,36,1,189
065180712,3,143,42,0,188
065180713,0,104,26,0,130
065180714,3,83,27,0,113
065180715,2,98,23,0,123
065180716,3,90,8,0,101
065180717,1,76,19,0,96
065180801,0,2,0,0,2
065180802,0,24,18,0,42
065180803,0,62,16,0,78
065180804,3,31,15,0,49
065180805,0,2,0,1,3
065180806,0,5,3,0,8
065180807,1,23,12,0,36
065180808,1,65,16,0,82
065180809,1,97,14,0,112
065180810,0,45,9,0,54
065180811,0,7,8,0,15
065180812,0,63,2,0,65
065180813,0,5,2,0,7
065180814,0,3,0,0,3
065250101,4,38,106,2,150
065250102,0,50,101,0,151
065250103,16,78,35,1,130
065250104,6,75,105,0,186
065250105,134,85,59,0,278
065250106,91,113,110,0,314
065250107,268,40,13,0,321
065250108,289,23,19,0,331
065250109,216,72,59,0,347
065250110,227,22,9,0,258
065250111,82,188,125,0,395
065250112,11,38,136,1,186
065250113,50,62,48,0,160
065250114,4,104,125,2,235
065250201,0,13,19,0,32
065250202,4,11,25,0,40
065250203,0,158,141,1,300
065250204,2,134,10,0,146
065250301,0,16,14,0,30
065250302,0,23,9,0,32
065250303,8,129,293,2,432
065250304,0,133,114,0,247
065250401,8,233,166,2,409
065250402,1,188,228,0,417
065250403,0,38,158,2,198
065250404,10,159,163,3,335
065250405,16,173,225,2,416
065250406,12,167,301,0,480
065250407,31,96,142,0,269
065250408,400,9,2,0,411
065250409,335,3,0,0,338
065250410,0,3,9,2,14
065250411,0,10,62,1,73
065250412,0,20,39,1,60
065250413,7,37,27,1,72
065250414,5,197,160,0,362
065250415,121,32,104,3,260
065250416,2,53,76,0,131
065250417,148,132,152,1,433
065250418,193,95,90,1,379
065250501,2,215,279,9,505
065250502,0,25,8,0,33
065250503,0,16,3,0,19
065250504,2,51,64,1,118
065250601,1,50,74,2,127
065250602,3,39,71,2,115
065250603,1,68,73,2,144
065250604,25,100,60,0,185
065250605,36,61,99,0,196
065250606,400,38,36,0,474
065250607,287,106,144,5,542
065250608,34,80,115,0,229
065250609,1,68,194,0,263
065250610,156,127,71,1,355
065250611,413,34,35,0,482
065250612,3,136,161,0,300
065250613,252,30,20,0,302
065250614,115,48,7,0,170
065320101,530,19,24,0,573
065320102,368,3,6,0,377
065320103,287,6,6,0,299
065320104,326,3,2,0,331
065320105,291,1,0,0,292
065320106,316,1,2,2,321
065320107,244,1,1,0,246
065320108,269,0,0,0,269
065320109,229,2,0,0,231
065320110,283,0,1,0,284
065320111,286,14,35,0,335
065320112,302,7,1,0,310
065320201,233,2,0,0,235
065320202,292,1,2,0,295
065320203,301,0,3,0,304
065320204,277,3,2,0,282
065320205,197,2,3,1,203
065320206,247,1,0,0,248
065320207,336,1,11,0,348
065320208,258,0,0,0,258
065320301,240,16,59,0,315
065320302,393,25,83,1,502
065320303,270,4,6,0,280
065320304,159,28,31,1,219
065320305,56,34,195,5,290
065320306,197,37,56,0,290
065320307,121,57,121,0,299
065320308,212,32,92,0,336
065320309,198,62,157,0,417
065320310,35,60,177,2,274
065320311,65,108,90,0,263
065320312,224,5,1,0,230
065320313,22,121,47,1,191
065320401,0,34,45,0,79
065320402,0,7,16,0,23
065320403,0,28,60,0,88
065320501,0,7,4,0,11
065320502,2,20,8,0,30
065320503,1,20,25,2,48
065320504,0,20,29,0,49
065320601,0,1,5,0,6
065320602,0,4,4,0,8
065320603,0,4,9,0,13
065320604,0,2,7,0,9
065320701,0,24,18,0,42
065320801,0,8,14,0,22
065320802,0,20,9,0,29
065320803,0,3,11,0,14
065320804,0,18,16,0,34
065320805,0,19,24,0,43
065320901,254,122,109,0,485
065320902,62,76,72,4,214
065320903,0,64,56,0,120
065320904,2,98,88,0,188
065320905,36,76,63,1,176
065320906,0,42,51,0,93
065320907,0,48,64,4,116
065320908,2,76,52,1,131
065320909,0,102,51,3,156
065320910,12,276,490,1,779
065320911,5,131,101,0,237
065320912,0,64,37,0,101
065321001,0,144,183,3,330
065321002,0,10,8,3,21
065321003,0,27,5,0,32
065321004,0,15,3,0,18
065321005,0,9,14,0,23
065321101,0,26,35,0,61
065321102,0,26,36,0,62
065321103,0,13,11,1,25
065321104,0,6,4,0,10
065321201,0,4,12,0,16
065321202,0,2,7,0,9
065321203,0,1,15,0,16
065321301,0,1,12,0,13
065321302,0,2,9,0,11
065321303,0,5,1,0,6
065321401,276,0,1,0,277
065321402,273,12,2,0,287
065321403,341,7,2,1,351
065321404,312,1,3,0,316
065321405,289,3,0,0,292
065321406,275,1,0,0,276
065321407,195,0,0,0,195
065321408,277,1,0,0,278
065321501,213,35,14,0,262
065321502,226,48,40,0,314
065321503,246,17,15,0,278
065321504,66,69,168,0,303
065321505,142,44,118,2,306
065321506,298,23,16,0,337
065321507,124,29,102,0,255
065321508,83,111,98,0,292
065321509,70,132,160,0,362
065321510,205,22,17,0,244
065321511,407,0,2,0,409
065321512,360,28,5,0,393
065470101,0,19,15,0,34
065470102,0,8,14,0,22
065470201,3,130,65,0,198
065470202,0,14,16,0,30
065470203,0,25,19,0,44
065470301,0,17,15,0,32
065470302,0,25,18,0,43
065470303,0,20,6,0,26
065470304,0,16,16,0,32
065470305,21,89,129,0,239
065470306,248,88,72,0,408
065470307,363,5,32,0,400
065470308,35,51,26,0,112
065470309,140,44,75,1,260
065470310,9,52,60,0,121
065470311,28,48,41,0,117
065470312,344,27,31,1,403
065470313,0,30,32,1,63
065470401,0,9,2,0,11
065470402,1,34,23,0,58
065470501,0,14,13,0,27
065470502,0,23,8,0,31
065470503,1,15,6,0,22
065470601,0,49,24,0,73
065470602,0,22,9,0,31
065470603,1,62,15,2,80
065470701,1,3,11,0,15
065470702,0,15,5,0,20
065470703,0,34,3,0,37
065470801,0,46,24,1,71
065470802,0,20,21,0,41
065470901,67,75,70,2,214
065470902,10,141,158,1,310
065470903,54,103,153,0,310
065470904,339,52,54,0,445
065470905,319,48,55,2,424
065470906,338,8,11,0,357
065470907,392,16,6,1,415
065470908,321,20,19,1,361
065470909,298,2,1,0,301
065470910,252,13,18,0,283
065530101,234,7,12,0,253
065530102,116,17,9,0,142
065530103,142,2,3,0,147
065530104,46,2,0,0,48
065530105,67,9,0,0,76
065530106,57,23,8,0,88
065530107,51,7,0,0,58
065530108,85,0,1,0,86
065530109,50,0,0,0,50
065530110,35,2,0,0,37
065530111,16,0,1,0,17
065530201,0,3,2,0,5
065530202,0,31,2,0,33
065530203,1,49,10,0,60
065530204,270,50,58,2,380
065530205,1,28,21,0,50
065530301,0,45,23,0,68
065530302,37,32,11,2,82
065530303,46,8,9,0,63
065530304,44,19,13,0,76
065530305,83,9,7,0,99
065530306,68,11,3,0,82
065530307,64,9,0,0,73
065530308,33,1,3,0,37
065530309,40,2,0,0,42
065530310,21,1,0,0,22
065530311,18,0,0,0,18
065530312,24,6,1,0,31
065530313,27,8,5,0,40
065530314,15,21,6,0,42
065740101,0,1,20,0,21
065740102,0,6,19,1,26
065740201,0,2,12,0,14
065740202,0,10,45,1,56
065740301,0,3,7,0,10
065740302,0,26,6,0,32
065740303,0,20,35,1,56
065740401,0,20,51,0,71
065740402,50,125,199,0,374
065740403,53,92,207,1,353
065740404,190,42,63,0,295
065740405,30,80,140,0,250
065740406,124,9,96,2,231
065740407,258,17,14,0,289
065740408,280,19,12,0,311
065740409,227,22,9,1,259
065740410,296,20,35,0,351
065740411,169,52,34,0,255
065740412,37,83,141,1,262
065740413,0,4,4,0,8
065740414,84,88,140,1,313
065740415,53,99,126,0,278
065740416,10,91,136,0,237
065740501,0,3,23,0,26
065740502,1,11,27,0,39
065740503,0,9,32,0,41
065740601,0,8,35,0,43
065740602,0,11,14,0,25
065740701,0,26,142,1,169
065740702,1,7,57,0,65
065740703,0,5,22,0,27
065740704,0,4,11,0,15
065740705,0,9,22,0,31
065740706,1,13,13,0,27
065740707,0,6,16,0,22
065740708,0,11,13,0,24
065740801,0,48,56,0,104
065740802,0,12,16,0,28
065740803,0,22,5,0,27
065740804,0,13,8,2,23
065740805,1,52,41,0,94
065740901,0,3,12,0,15
065740902,0,10,14,1,25
065740903,0,4,33,0,37
065810101,309,14,30,1,354
065810102,321,10,43,0,374
065810103,347,12,28,0,387
065810104,367,5,8,0,380
065810105,412,4,4,0,420
065810106,240,3,0,0,243
065810107,270,4,4,0,278
065810108,202,30,31,0,263
065810109,235,2,39,0,276
065810110,168,31,55,1,255
065810111,216,13,8,0,237
065810201,269,2,18,0,289
065810202,235,1,2,0,238
065810203,144,0,0,0,144
065810204,250,0,3,0,253
065810205,164,1,0,0,165
065810206,296,2,0,0,298
065810207,279,2,10,0,291
065810208,281,2,6,0,289
065810209,266,0,1,0,267
065810210,193,17,37,0,247
065810211,138,18,95,4,255
065810212,193,14,30,2,239
065810301,294,0,9,0,303
065810302,310,4,11,0,325
065810303,279,12,3,0,294
065810304,200,1,2,0,203
065810305,207,1,7,0,215
065810306,208,0,2,0,210
065810307,259,4,4,0,267
065810308,202,2,2,0,206
065810401,340,9,11,0,360
065810402,202,7,0,0,209
065810403,192,4,1,0,197
065810404,227,4,1,0,232
065810405,276,25,68,2,371
065810406,148,1,2,0,151
065810407,206,6,1,1,214
065810408,259,1,1,0,261
065810409,237,3,0,0,240
065810410,185,0,0,0,185
065810411,211,1,0,0,212
065810501,77,0,0,0,77
065810502,52,0,0,0,52
065810503,122,1,0,0,123
065810504,82,1,0,0,83
065810505,73,0,0,0,73
065810506,149,0,0,0,149
065810507,94,0,0,0,94
065810508,102,0,0,0,102
065810601,0,4,5,2,11
065810602,0,13,20,0,33
065810603,0,17,14,0,31
065810604,0,6,4,1,11
065810701,0,42,136,5,183
065810702,0,0,7,0,7
065810703,0,3,22,0,25
065810704,0,13,6,0,19
065810705,0,7,7,0,14
065810706,0,10,12,0,22
065810707,0,13,25,0,38
065810708,2,110,68,4,184
065810709,2,120,92,0,214
065810710,5,105,65,0,175
065810711,1,107,63,2,173
065810712,1,47,106,3,157
065810801,4,93,88,3,188
065810802,0,76,115,0,191
065810803,0,9,24,0,33
065810804,0,13,14,0,27
065810805,0,7,10,0,17
065810806,1,7,6,1,15
065810807,0,1,1,0,2
065810808,0,4,14,0,18
065810809,1,18,157,3,179
065810810,1,58,114,0,173
065810901,0,4,3,0,7
065810902,0,3,7,0,10
065810903,0,0,6,0,6
065810904,0,0,6,1,7
065810905,0,1,2,0,3
065810906,0,7,1,0,8
065810907,0,0,4,0,4
065810908,0,0,2,0,2
065810909,0,1,2,0,3
065810910,0,0,4,0,4
065810911,0,1,1,0,2
065810912,0,1,7,0,8
065810913,0,0,11,0,11
065811001,6,34,97,1,138
065811002,0,5,17,0,22
065811003,0,2,10,1,13
065811004,0,7,0,0,7
065811005,0,2,7,0,9
065811006,0,6,7,0,13
065811101,0,1,1,0,2
065811102,0,0,8,0,8
065811103,0,6,9,1,16
065811104,0,3,5,0,8
065811105,0,7,20,0,27
065811106,0,1,3,0,4
065811107,0,14,4,0,18
065811108,0,6,3,0,9
065811109,0,3,2,0,5
065811201,0,3,6,2,11
065811202,0,3,5,0,8
065811203,0,7,7,1,15
065811204,0,9,11,1,21
065811205,0,6,28,0,34
065811206,0,7,35,0,42
065811207,0,9,6,1,16
065811301,159,11,78,0,248
065811302,221,1,0,0,222
065811303,274,5,5,0,284
065811304,236,10,29,0,275
065811305,277,0,4,0,281
065811306,518,2,2,0,522
065811307,2,23,58,1,84
065811308,4,83,97,2,186
065811309,156,11,14,0,181
065811310,133,45,27,0,205
065811311,277,2,1,0,280
065811401,10,20,64,1,95
065811402,121,49,102,0,272
065811403,200,18,111,1,330
065811404,51,30,71,0,152
065811405,4,32,123,0,159
065811406,55,24,63,1,143
065811407,64,48,115,2,229
065811408,167,51,52,0,270
065811409,124,33,94,3,254
065811410,148,31,87,0,266
065811411,40,29,149,0,218
065811412,294,23,76,0,393
065811501,4,5,113,0,122
065811502,196,24,104,0,324
065811503,176,5,13,0,194
065811504,335,12,11,1,359
065811505,268,17,12,1,298
065811506,209,22,44,0,275
065811507,302,12,85,1,400
065811508,253,8,17,1,279
065811509,320,3,6,0,329
065811510,286,4,17,0,307
065811511,269,6,6,0,281
065811601,309,3,1,0,313
065811602,330,6,5,0,341
065811603,300,6,5,0,311
065811604,245,66,8,0,319
065811605,216,7,1,0,224
065811606,320,34,60,1,415
065811607,226,22,13,2,263
065811608,180,12,77,0,269
065811701,200,2,1,0,203
065811702,233,5,0,0,238
065811703,251,1,0,0,252
065811704,188,0,1,0,189
065811705,273,1,0,0,274
065811706,207,7,20,0,234
065811707,216,0,0,0,216
065811708,142,0,0,0,142
065811709,82,0,0,0,82
065811710,175,4,0,0,179
065811711,241,12,10,1,264
065811801,291,1,0,0,292
065811802,104,0,0,0,104
065811803,107,0,0,0,107
065811804,94,0,0,0,94
065811805,110,0,0,0,110
065811806,94,0,0,0,94
065811807,179,0,0,0,179
065811808,145,0,0,0,145
065811809,102,0,0,0,102
065811901,1,31,50,0,82
065811902,20,7,12,1,40
065811903,77,11,36,0,124
065811904,96,22,20,0,138
065811905,181,31,55,0,267
065811906,2,17,108,1,128
065811907,30,48,58,0,136
065811908,283,20,47,1,351
065811909,114,13,78,0,205
065811910,137,9,20,0,166
065811911,173,16,10,0,199
065811912,187,14,26,0,227
065880101,326,13,16,1,356
065880102,285,1,0,0,286
065880103,339,17,24,0,380
065880104,321,3,10,0,334
065880105,312,1,1,0,314
065880106,302,1,2,0,305
065880107,215,10,9,0,234
065880108,193,14,23,0,230
065880109,138,50,38,6,232
065880110,197,7,5,0,209
065880111,372,24,20,0,416
065880112,183,44,12,0,239
065880113,198,19,31,0,248
065880114,209,15,22,0,246
065880115,201,4,7,0,212
065880116,165,28,47,1,241
065880117,115,60,62,0,237
065880201,308,13,20,0,341
065880202,291,26,17,0,334
065880203,201,19,22,0,242
065880204,286,12,28,5,331
065880205,82,13,6,0,101
065880206,198,0,0,0,198
065880207,225,0,1,0,226
065880208,240,2,1,0,243
065880301,44,28,77,0,149
065880302,146,26,19,0,191
065880303,167,32,32,0,231
065880304,65,8,14,0,87
065880305,0,9,7,0,16
065880306,0,2,15,0,17
065880307,0,8,4,0,12
065880308,0,7,10,0,17
065880309,0,8,33,1,42
065880401,0,2,19,0,21
065880501,0,100,69,2,171
065880502,0,5,12,0,17
065880503,0,4,6,1,11
065880504,0,3,5,0,8
065880505,0,20,35,0,55
065880601,1,22,31,4,58
065880701,0,33,14,0,47
065880702,0,33,52,4,89
065880703,0,21,72,0,93
065880801,0,16,42,1,59
065880802,0,6,19,1,26
065880901,252,11,3,0,266
065880902,283,30,28,0,341
065880903,70,51,28,0,149
065880904,1,36,86,2,125
065880905,0,65,38,0,103
065880906,1,52,68,1,122
065880907,49,68,72,0,189
065880908,23,118,165,2,308
065880909,187,66,38,0,291
065880910,8,102,163,1,274
065880911,6,151,208,1,366
065880912,80,97,162,1,340
065880913,242,30,71,0,343
065880914,113,41,29,0,183
065880915,2,82,143,2,229
065881001,0,40,87,1,128
065881002,0,25,52,0,77
065881003,0,6,11,0,17
065881004,0,4,1,0,5
065881005,0,31,8,0,39
065881006,0,9,10,0,19
065881007,0,21,7,1,29
065881008,0,4,15,0,19
065881009,0,2,2,0,4
065881010,0,2,6,0,8
065881011,0,3,6,0,9
065881012,5,65,65,0,135
065881101,1,5,3,1,10
065881102,0,0,14,0,14
065881201,0,15,19,1,35
065881202,0,1,8,0,9
065881203,0,14,20,0,34
065881301,5,88,87,0,180
065881302,0,8,10,1,19
065881303,0,10,13,1,24
065881304,0,7,14,1,22
065881305,0,7,18,1,26
065881401,2,39,60,0,101
065881402,0,44,85,3,132
065881403,0,1,5,0,6
065881404,0,1,18,0,19
065881501,1,61,59,1,122
065881502,0,6,5,0,11
065881503,0,5,1,1,7
065881504,0,6,12,0,18
065881601,177,48,54,0,279
065881602,227,68,40,1,336
065881603,40,62,137,0,239
065881604,0,0,11,0,11
065881605,0,3,1,0,4
065881606,0,3,7,2,12
065881607,0,0,0,0,0
065881608,0,2,8,0,10
065881609,0,1,2,0,3
065881701,289,5,4,0,298
065881702,284,6,4,0,294
065881703,215,12,13,0,240
065881704,242,21,52,2,317
065881705,299,9,13,0,321
065881706,321,2,3,0,326
065881707,234,1,0,0,235
065881708,204,2,5,0,211
065950101,9,105,177,0,291
065950102,1,137,103,0,241
065950103,50,178,167,0,395
065950104,41,135,186,1,363
065950105,345,5,9,0,359
065950106,262,4,6,0,272
065950107,279,16,6,0,301
065950108,337,10,25,0,372
065950109,2,124,132,2,260
065950110,334,9,28,0,371
065950201,275,2,1,0,278
065950202,300,10,4,0,314
065950203,285,4,0,0,289
065950204,324,0,0,0,324
065950205,223,0,1,0,224
065950206,289,2,0,0,291
065950207,302,3,0,0,305
065950208,357,1,4,0,362
065950209,211,2,3,0,216
065950210,410,7,6,0,423
065950211,208,5,4,0,217
065950212,255,0,0,0,255
065950213,196,1,0,0,197
065950214,186,10,9,0,205
065950215,199,1,1,0,201
065950301,121,62,43,0,226
065950302,299,3,1,0,303
065950303,299,1,0,0,300
065950304,316,1,0,0,317
065950305,259,2,0,0,261
065950306,293,1,1,0,295
065950307,258,0,0,0,258
065950308,251,3,1,0,255
065950309,234,0,0,0,234
065950310,257,91,37,0,385
065950311,169,127,43,0,339
065950312,249,7,0,0,256
065950313,133,53,35,0,221
065950401,34,109,82,0,225
065950402,397,3,0,0,400
065950403,184,29,85,0,298
065950404,176,58,103,0,337
065950405,180,56,107,0,343
065950406,16,130,74,0,220
065950407,90,89,81,1,261
065950408,65,121,65,0,251
065950409,22,186,122,0,330
065950410,6,135,135,0,276
065950411,7,116,117,0,240
065950412,62,126,179,0,367
065950413,12,172,162,0,346
065950501,0,19,37,1,57
065950601,13,35,33,1,82
065950602,0,1,15,6,22
065950603,1,55,52,0,108
065950701,1,27,35,1,64
065950801,1,49,118,4,172
065950802,0,11,46,1,58
065950901,0,24,40,1,65
065951001,0,29,25,0,54
065951101,0,18,25,0,43
065951201,0,8,26,0,34
065951301,0,30,21,0,51
065951401,0,47,47,1,95
065951501,1,29,19,1,50
065951601,24,93,140,2,259
065951602,6,177,172,0,355
065951603,6,161,220,1,388
065951604,1,45,39,2,87
065951605,1,28,9,0,38
065951606,3,175,61,0,239
065951607,6,138,113,0,257
065951608,5,324,133,0,462
065951609,235,0,0,0,235
065951610,194,0,0,0,194
065951611,206,0,0,0,206
065951612,221,3,0,0,224
065951613,189,0,0,0,189
065951701,0,0,46,0,46
065951801,0,0,6,0,6
065951802,0,8,1,0,9
065951803,0,9,11,0,20
065951804,0,0,3,0,3
065951901,6,95,53,0,154
065951902,5,97,94,0,196
065951903,4,196,116,0,316
065951904,9,79,43,1,132
065951905,0,54,39,1,94
065951906,0,39,55,0,94
065951907,1,60,43,0,104
065951908,2,126,76,0,204
065951909,1,72,58,0,131
065951910,4,153,15,2,174
065951911,0,193,119,1,313
065951912,1,135,39,0,175
065951913,0,30,17,0,47
065951914,79,138,129,1,347
065952001,15,141,100,0,256
065952002,0,2,10,1,13
065952101,0,120,54,0,174
065952102,11,147,56,0,214
065952103,3,131,25,0,159
065952104,2,195,27,0,224
065952105,3,207,74,0,284
065952106,0,0,1,0,1
065952107,10,25,24,0,59
065952201,0,15,54,2,71
065952301,0,63,28,1,92
065952401,271,10,2,0,283
065952402,295,7,5,0,307
065952403,283,5,1,0,289
065952404,276,2,5,0,283
065952405,264,3,10,0,277
065952406,260,9,6,0,275
065952407,321,14,15,0,350
065952408,2,206,215,3,426
065952409,50,118,128,1,297
065952410,2,86,165,0,253
065952411,217,4,1,0,222
065952412,52,67,152,0,271
065952501,360,5,2,0,367
065952502,237,16,9,0,262
065952503,335,14,15,0,364
065952504,135,171,73,0,379
065952505,48,200,45,0,293
065952506,4,229,38,0,271
065952507,2,159,91,0,252
065952508,149,93,56,0,298
065952509,240,7,8,0,255
065952510,40,116,111,0,267
065952511,39,167,94,0,300
065952512,5,104,101,2,212
065952513,5,109,98,1,213
065952601,2,27,75,2,106
065952602,11,248,156,1,416
065952603,1,55,170,3,229
065952604,26,106,102,2,236
065952605,29,137,184,2,352
065952606,72,81,18,0,171
065952607,187,47,86,1,321
065952608,5,174,140,0,319
065952609,5,70,168,1,244
065952610,10,156,157,1,324
065952611,6,204,158,1,369
065952612,3,225,159,2,389
065952613,0,128,102,1,231
065952614,0,77,96,0,173
065952701,60,231,40,2,333
065952702,217,190,35,0,442
065952703,0,83,112,2,197
065952704,0,142,88,1,231
065952705,0,2,17,0,19
065952706,1,46,13,0,60
065952707,35,83,91,2,211
065952708,5,73,20,0,98
065952709,14,178,50,0,242
065952710,3,101,89,0,193
065952711,2,141,96,0,239
065952712,7,88,90,1,186
066020101,0,30,34,0,64
066020201,3,97,34,11,145
066020202,0,23,20,9,52
066020203,0,40,24,5,69
066020204,0,6,14,0,20
066020205,0,13,22,0,35
066020206,0,2,13,1,16
066020207,0,12,18,2,32
066020301,84,234,84,0,402
066020302,2,81,108,0,191
066020303,0,5,5,2,12
066020304,11,97,64,3,175
066020305,0,5,5,0,10
066020306,0,11,20,1,32
066020307,0,2,6,0,8
066020308,153,155,116,0,424
066020309,35,122,88,3,248
066020401,0,7,11,2,20
066020501,0,7,2,0,9
066020601,0,1,10,1,12
066020701,0,0,9,1,10
066020801,12,174,51,2,239
066020802,7,215,33,2,257
066020803,2,92,20,0,114
066020804,1,96,26,0,123
066020805,0,38,49,6,93
066020806,0,1,12,1,14
066020901,0,19,15,0,34
066020902,0,8,14,1,23
066020903,0,3,8,0,11
066021001,0,6,7,0,13
066021002,0,0,6,0,6
066021101,6,200,82,0,288
066021102,69,76,49,4,198
066021103,201,72,91,2,366
066021104,322,0,0,0,322
066021105,210,12,2,0,224
066021106,232,7,2,0,241
066021107,252,7,2,0,261
066021108,410,13,5,0,428
066021109,403,21,9,0,433
066021110,1,0,9,0,10
066021111,329,12,13,0,354
066021112,259,11,7,0,277
066021113,263,18,6,0,287
066021201,0,14,28,0,42
066021301,1,52,15,0,68
066021401,0,19,17,1,37
066021402,0,34,5,0,39
066021403,0,39,10,0,49
066021404,0,36,5,0,41
066021405,0,35,7,0,42
066021406,2,23,17,1,43
066021501,0,0,1,0,1
066021601,6,76,91,2,175
066021602,80,31,54,0,165
066021603,333,31,32,0,396
066021604,141,47,34,0,222
066021605,237,37,7,0,281
066021606,224,51,18,1,294
066021607,220,44,15,0,279
066021608,231,18,5,0,254
066021609,189,71,57,3,320
066021610,265,32,14,0,311
066021611,19,74,121,7,221
066021612,0,9,5,1,15
066090101,208,107,89,0,404
066090102,159,124,119,0,402
066090103,187,86,57,0,330
066090104,248,13,11,0,272
066090105,269,14,2,0,285
066090106,13,152,51,0,216
066090107,15,135,162,0,312
066090108,1,121,87,2,211
066090109,3,124,169,0,296
066090110,116,106,96,0,318
066090201,196,95,54,1,346
066090202,260,11,3,0,274
066090203,198,2,4,0,204
066090204,245,20,7,0,272
066090205,48,217,64,0,329
066090206,34,182,192,2,410
066090207,3,139,67,0,209
066090208,13,254,172,7,446
066090209,43,264,97,0,404
066090210,236,11,7,0,254
066090211,12,188,137,2,339
066090212,0,180,131,2,313
066090213,12,197,219,0,428
066090214,4,172,78,2,256
066090215,2,176,40,0,218
066090301,0,4,1,0,5
066090302,0,2,2,0,4
066090303,0,1,3,1,5
066090304,0,6,8,0,14
066090401,0,8,81,0,89
066090402,0,3,7,0,10
066090403,0,4,10,0,14
066090404,0,26,16,1,43
066090501,0,4,6,0,10
066090502,0,16,11,0,27
066090503,0,21,13,2,36
066090601,0,7,16,2,25
066090602,0,0,6,0,6
066090603,1,8,4,0,13
066090604,0,1,5,0,6
066090605,0,13,10,0,23
066090606,1,13,11,0,25
066090607,1,68,17,1,87
066090608,25,27,26,1,79
066090609,1,9,7,0,17
066090610,0,18,38,0,56
066090611,0,1,10,1,12
066090612,0,0,2,0,2
066090613,1,51,17,1,70
066090701,0,2,2,0,4
066090702,0,1,3,0,4
066090703,0,1,2,3,6
066090704,0,3,1,0,4
066090705,0,6,12,3,21
066090801,0,0,2,0,2
066090802,0,3,0,0,3
066090803,0,1,0,0,1
066090804,0,0,5,0,5
066090901,0,9,12,0,21
066090902,3,169,67,0,239
066090903,1,127,87,4,219
066090904,0,113,63,0,176
066090905,0,85,63,1,149
066090906,0,3,10,2,15
066091001,1,57,115,4,177
066091002,0,91,46,1,138
066091003,0,3,6,1,10
066091004,0,4,6,0,10
066091005,0,13,11,3,27
066091006,0,3,2,0,5
066091007,0,51,80,5,136
066091101,0,6,7,0,13
066091102,0,9,8,0,17
066091201,0,4,8,2,14
066091202,0,5,10,0,15
066091301,0,50,24,0,74
066091302,0,8,3,0,11
066091303,0,3,1,0,4
066091304,0,17,7,0,24
066091305,0,4,4,0,8
066091306,0,21,0,1,22
066091401,0,8,4,1,13
066091402,0,10,10,0,20
066091501,0,46,27,0,73
066091502,0,6,1,0,7
066091503,0,1,2,0,3
066091601,0,4,3,0,7
066091602,0,4,6,0,10
066091603,0,12,4,0,16
066091604,0,0,0,0,0
066091701,6,233,84,0,323
066091702,0,206,75,0,281
066091703,0,18,7,0,25
066091704,0,11,2,0,13
066091705,0,0,1,0,1
066091706,0,4,1,0,5
066091707,0,13,10,0,23
066091708,0,10,1,0,11
066091709,0,2,5,0,7
066091801,0,5,7,0,12
066091802,0,3,0,0,3
066091901,239,40,141,2,422
066091902,89,85,34,2,210
066091903,239,91,67,3,400
066091904,223,11,16,1,251
066091905,187,8,8,0,203
066091906,315,16,7,0,338
066091907,178,149,45,0,372
066091908,241,75,72,1,389
066091909,186,22,46,0,254
066160101,14,6,5,0,25
066160102,0,12,11,0,23
066160103,0,15,18,0,33
066160104,0,39,19,4,62
066160105,0,7,18,0,25
066160106,0,1,0,0,1
066160107,0,11,29,0,40
066160108,0,3,14,0,17
066160109,0,10,1,0,11
066160110,0,9,19,0,28
066160201,0,9,1,0,10
066160202,0,3,5,0,8
066160301,194,13,23,0,230
066160302,192,41,54,0,287
066160303,197,21,37,0,255
066160304,221,19,13,1,254
066160305,196,11,16,0,223
066160306,133,23,15,3,174
066160307,151,13,23,0,187
066160308,10,22,10,0,42
066160309,122,14,14,0,150
066230101,115,54,86,0,255
066230102,314,37,25,0,376
066230103,359,13,23,0,395
066230104,308,16,22,0,346
066230105,307,10,13,0,330
066230106,342,3,17,2,364
066230107,328,14,12,0,354
066230108,359,9,20,1,389
066230109,248,16,15,0,279
066230110,76,34,56,0,166
066230111,241,3,5,0,249
066230112,153,37,51,1,242
066230201,212,18,27,0,257
066230202,239,6,0,2,247
066230203,303,3,3,0,309
066230204,309,2,2,0,313
066230205,227,1,4,0,232
066230206,281,6,5,0,292
066230207,252,10,7,0,269
066230208,288,2,1,0,291
066230209,299,12,14,1,326
066230301,170,5,9,0,184
066230302,325,35,21,0,381
066230303,239,1,0,0,240
066230304,215,0,0,0,215
066230305,255,0,0,0,255
066230306,287,0,0,0,287
066230307,257,0,0,0,257
066230308,236,0,0,0,236
066230309,223,0,0,0,223
066230310,267,0,0,0,267
066230311,211,15,4,0,230
066230401,338,2,5,0,345
066230402,316,2,2,0,320
066230403,297,4,0,0,301
066230404,255,2,2,0,259
066230405,311,10,9,0,330
066230406,367,29,8,0,404
066230407,310,7,14,0,331
066230408,312,55,24,1,392
066230409,220,28,50,0,298
066230410,215,24,37,0,276
066230501,293,20,24,0,337
066230502,208,19,27,0,254
066230503,296,12,35,0,343
066230504,248,9,65,0,322
066230505,353,16,53,1,423
066230506,318,16,66,1,401
066230507,268,2,119,0,389
066230508,246,10,71,0,327
066230509,204,20,46,0,270
066230510,312,26,32,0,370
066230601,0,1,3,0,4
066230602,0,6,4,0,10
066230603,0,0,0,0,0
066230701,3,114,60,1,178
066230702,1,133,80,0,214
066230703,0,11,9,2,22
066230704,0,1,15,0,16
066230705,0,1,8,0,9
066230801,0,28,27,3,58
066230802,0,3,4,2,9
066230803,1,4,5,0,10
066230901,0,11,8,0,19
066230902,1,132,34,0,167
066230903,0,52,43,0,95
066230904,0,12,16,0,28
066231001,0,3,4,0,7
066231002,0,8,7,0,15
066231003,0,0,6,0,6
066231101,0,7,13,0,20
066231102,1,9,16,2,28
066231103,3,77,76,0,156
066231104,0,56,118,5,179
066231201,0,4,8,0,12
066231202,0,2,7,0,9
066231301,0,3,0,0,3
066231302,1,3,4,0,8
066231401,3,187,86,0,276
066231402,1,146,105,2,254
066231403,0,17,8,0,25
066231404,0,43,22,0,65
066231501,1,15,62,1,79
066231502,0,3,13,0,16
066231503,0,5,8,0,13
066231601,0,44,79,3,126
066231602,0,10,4,1,15
066231603,0,3,12,0,15
066231604,4,9,7,0,20
066231605,5,145,78,1,229
066231701,0,4,14,0,18
066231702,0,1,4,0,5
066231703,0,3,9,0,12
066231801,0,4,14,0,18
066231802,0,92,31,2,125
066231803,1,134,78,0,213
066231804,1,11,3,0,15
066231901,0,4,2,0,6
066231902,0,8,12,0,20
066232001,8,78,134,3,223
066232002,146,65,164,4,379
066232003,270,8,19,0,297
066232004,45,13,46,0,104
066232005,116,16,151,7,290
066232006,177,16,61,2,256
066232007,375,29,39,0,443
066232008,379,15,2,0,396
066232009,204,23,109,1,337
066232010,148,43,58,1,250
066232011,218,82,215,1,516
066232012,22,14,114,4,154
066232101,0,81,56,1,138
066232102,1,47,32,0,80
066232103,0,4,1,0,5
066232104,231,8,0,0,239
066232105,1,19,2,0,22
066232106,3,21,45,0,69
066232107,0,86,53,0,139
066232201,206,41,20,0,267
066232202,181,35,29,0,245
066232203,215,35,11,0,261
066232204,209,20,65,0,294
066232205,252,35,34,0,321
066232206,213,38,47,0,298
066232207,245,49,33,1,328
066232208,285,4,101,0,390
066232209,74,5,4,0,83
066232210,102,19,49,0,170
066232211,5,2,3,0,10
066232212,5,9,4,0,18
066232213,107,55,39,0,201
066232214,20,22,14,0,56
066232301,0,134,47,0,181
066232302,0,10,1,1,12
066232303,0,6,7,0,13
066232304,0,66,49,1,116
066232305,0,12,12,1,25
066232306,0,129,31,0,160
066232401,0,6,13,1,20
066232402,0,1,5,0,6
066232403,0,6,10,0,16
066232404,0,3,4,0,7
066232501,0,57,61,0,118
066232502,0,7,10,0,17
066232503,0,6,5,0,11
066232504,0,16,58,2,76
066232505,0,5,8,0,13
066232506,2,44,55,0,101
066232601,0,4,21,0,25
066232602,0,22,4,0,26
066232701,0,76,65,1,142
066232702,0,1,3,0,4
066232703,0,2,8,0,10
066232704,0,5,4,0,9
066232801,168,65,185,1,419
066232802,232,58,77,0,367
066232803,154,18,2,0,174
066232804,325,2,3,0,330
066232805,335,1,5,0,341
066232806,413,8,2,0,423
066232807,261,28,50,3,342
066232808,183,97,80,1,361
066232809,274,57,33,5,369
066232810,209,31,27,0,267
066232811,72,40,64,1,177
066232812,201,78,92,1,372
066232813,411,23,11,2,447
066232901,158,26,185,0,369
066232902,225,50,118,2,395
066232903,141,42,71,4,258
066232904,131,5,37,0,173
066232905,201,33,12,0,246
066232906,203,60,67,2,332
066232907,23,64,228,2,317
066232908,79,25,71,2,177
066232909,112,48,106,1,267
066232910,153,12,66,5,236
066232911,82,73,65,3,223
066300101,1,49,59,0,109
066300201,0,3,8,0,11
066300202,250,21,8,0,279
066300203,110,26,37,0,173
066300204,111,28,22,0,161
066300205,163,14,6,2,185
066300301,0,3,35,3,41
066300401,0,11,36,1,48
066300501,0,13,54,2,69
066300601,0,64,64,4,132
066380101,0,14,33,0,47
066380102,0,268,193,4,465
066380103,0,184,88,0,272
066380104,0,57,44,0,101
066380105,0,126,63,1,190
066380106,4,120,192,5,321
066380107,2,137,183,6,328
066380108,0,163,304,3,470
066380109,1,250,168,3,422
066380110,1,195,227,4,427
066380111,229,249,154,1,633
066380112,585,89,45,3,722
066380113,362,143,254,3,762
066380114,270,19,16,3,308
066380201,340,1,0,0,341
066380202,33,315,38,0,386
066380203,2,157,82,1,242
066380204,3,213,184,0,400
066380205,0,240,98,1,339
066380206,0,149,85,11,245
066380207,0,133,131,1,265
066380208,1,170,77,0,248
066380209,0,203,94,1,298
066380210,1,253,73,0,327
066380211,7,365,92,1,465
066380212,3,185,65,0,253
066380213,1,213,77,0,291
066380214,0,138,109,0,247
066380301,1,153,160,4,318
066380302,1,202,192,3,398
066380303,10,216,167,0,393
066380304,6,207,286,4,503
066380305,1,142,72,2,217
066380306,1,156,71,0,228
066380307,161,2,0,0,163
066380308,141,1,0,0,142
066380309,669,116,41,0,826
066380310,139,73,25,1,238
066380311,6,260,212,1,479
066380312,9,325,195,0,529
066380313,24,197,170,0,391
066380401,5,145,209,2,361
066380402,3,278,160,0,441
066380403,4,158,139,2,303
066380404,1,152,82,0,235
066380405,1,212,330,0,543
066380406,194,37,63,0,294
066380407,0,186,141,3,330
066380408,2,235,108,1,346
066380409,4,182,62,0,248
066380410,0,230,59,2,291
066380411,25,136,80,1,242
066380412,257,12,1,0,270
066380501,0,68,22,0,90
066380502,28,37,0,0,65
066380503,42,41,1,0,84
066380504,57,0,0,0,57
066380505,65,124,2,0,191
066380506,92,50,5,0,147
066380507,0,146,63,1,210
066380508,1,99,172,0,272
066380509,0,118,134,4,256
066380510,1,237,107,2,347
066380511,0,237,105,3,345
066380512,4,173,114,0,291
066380513,6,93,198,5,302
066380514,5,227,123,1,356
066380601,2,258,123,2,385
066380602,4,228,67,0,299
066380603,8,252,145,2,407
066380604,3,245,149,2,399
066380605,12,197,207,0,416
066380606,1,150,219,2,372
066380607,1,187,175,2,365
066380608,8,165,55,0,228
066380609,0,132,22,0,154
066380610,1,245,172,2,420
066380611,3,120,191,4,318
066380612,7,213,85,1,306
066380613,5,205,168,1,379
066380614,1,331,107,0,439
066380615,0,231,137,1,369
066380701,2,129,373,4,508
066380702,2,94,179,0,275
066380703,28,112,163,1,304
066380704,3,207,123,0,333
066380705,1,182,67,0,250
066380706,3,127,28,0,158
066380707,16,329,68,1,414
066380708,0,151,64,0,215
066380709,1,164,55,0,220
066380710,1,185,151,0,337
066380711,0,173,63,0,236
066380712,2,219,89,0,310
066380713,6,191,66,14,277
066380801,216,11,0,0,227
066380802,182,34,4,0,220
066380803,243,44,8,0,295
066380804,158,0,0,0,158
066380805,137,1,13,0,151
066380806,2,142,52,0,196
066380807,5,128,33,0,166
066380808,13,258,223,0,494
066380809,1,101,36,0,138
066380810,0,128,68,0,196
066380811,1,173,17,0,191
066380812,1,134,21,0,156
066380813,9,80,34,1,124
066380814,1,64,78,2,145
066380815,2,29,13,0,44
066380816,55,78,40,2,175
066380901,37,108,33,0,178
066380902,1,140,26,0,167
066380903,1,196,82,1,280
066380904,0,106,74,0,180
066380905,2,230,73,0,305
066380906,2,243,150,3,398
066380907,1,254,305,0,560
066380908,2,176,166,3,347
066380909,7,180,151,3,341
066380910,1,204,139,0,344
066380911,0,238,126,0,364
066380912,0,177,157,0,334
066380913,2,196,224,0,422
066381001,1,197,149,0,347
066381002,0,182,126,1,309
066381003,3,253,97,0,353
066381004,2,125,159,0,286
066381005,1,220,49,0,270
066381006,1,212,219,0,432
066381007,1,211,224,2,438
066381008,0,266,232,6,504
066381009,2,198,168,1,369
066381010,5,197,218,3,423
066381011,3,221,86,0,310
066381101,0,40,105,3,148
066381102,1,24,117,2,144
066381103,12,207,341,2,562
066381104,0,251,181,3,435
066381105,2,223,103,3,331
066381106,2,191,82,3,278
066381107,5,271,92,2,370
066381108,1,211,184,3,399
066381109,0,149,188,0,337
066381110,2,131,311,3,447
066381111,0,90,160,9,259
066381112,2,83,93,2,180
066381201,5,73,34,1,113
066381202,21,24,7,0,52
066381203,5,301,77,1,384
066381204,0,74,20,0,94
066381205,402,46,49,0,497
066381206,214,82,31,0,327
066381207,11,0,0,0,11
066381208,14,1,0,0,15
066381209,133,10,7,0,150
066381210,0,49,55,0,104
066381211,1,55,100,0,156
066381301,0,275,71,0,346
066381302,0,141,152,2,295
066381303,1,100,140,0,241
066381304,2,158,77,0,237
066381305,1,222,157,4,384
066381306,1,203,302,4,510
066381307,1,315,153,5,474
066381308,0,124,137,4,265
066381309,2,151,116,0,269
066381310,0,110,198,5,313
066381311,0,82,205,2,289
066381312,232,6,1,0,239
066381313,319,46,13,0,378
066381314,1,61,39,0,101
066381315,1,55,56,0,112
066381316,0,53,111,1,165
066381317,1,86,24,0,111
066381318,5,292,111,0,408
066381319,1,146,47,0,194
066381401,59,88,22,0,169
066381402,169,22,39,1,231
066381403,2,204,199,2,407
066381404,0,114,130,1,245
066381405,0,98,186,0,284
066381406,0,170,167,2,339
066381407,23,135,222,1,381
066381408,28,141,174,1,344
066381409,5,135,198,2,340
066381501,1,95,31,0,127
066381502,1,96,47,0,144
066381503,100,163,76,0,339
066381504,49,133,163,0,345
066381505,2,109,68,1,180
066381506,236,47,54,0,337
066381507,140,139,153,1,433
066381508,237,109,114,0,460
066381509,3,173,174,0,350
066381510,92,105,194,1,392
066381511,192,17,58,3,270
066381512,1,310,118,0,429
066381513,1,294,158,1,454
066381514,1,141,182,4,328
066381601,353,7,3,0,363
066381602,199,4,0,0,203
066381603,350,4,10,0,364
066381604,216,2,11,0,229
066381605,137,46,16,0,199
066381606,234,39,44,0,317
066381607,346,36,8,0,390
066381608,271,7,4,0,282
066381609,116,79,89,1,285
066381610,7,133,187,2,329
066381611,182,77,95,1,355
066381701,113,113,79,1,306
066381702,165,34,15,0,214
066381703,190,74,61,0,325
066381704,146,75,70,0,291
066381705,198,28,18,0,244
066381706,186,3,4,0,193
066381707,164,58,43,0,265
066381708,350,1,1,0,352
066381709,161,3,1,0,165
066381710,198,5,0,0,203
066381711,181,5,3,0,189
066381712,217,95,60,0,372
066381713,391,14,7,0,412
066381714,330,8,1,0,339
066381801,3,249,561,53,866
066381802,4,168,240,6,418
066381803,6,229,154,4,393
066381804,242,149,21,0,412
066381805,1,85,62,0,148
066381806,0,174,154,4,332
066381807,0,161,165,4,330
066381808,9,141,202,6,358
066381809,13,107,192,0,312
066381810,0,59,122,6,187
066381901,6,198,91,4,299
066381902,111,244,95,3,453
066381903,16,187,117,2,322
066381904,0,61,104,1,166
066381905,151,109,94,24,378
066381906,0,119,22,0,141
066382001,0,10,14,0,24
066382002,1,210,50,1,262
066382003,61,164,78,0,303
066382004,5,20,0,0,25
066382005,3,80,129,2,214
066382006,3,78,87,2,170
066382007,0,157,66,0,223
066382008,0,133,28,0,161
066382009,1,153,64,2,220
066382101,2,42,66,0,110
066382102,0,36,20,0,56
066382103,11,55,4,0,70
066382104,172,80,38,0,290
066382105,19,37,4,0,60
066382106,0,9,7,0,16
066382107,249,5,6,0,260
066382108,0,3,0,0,3
066382201,14,284,277,0,575
066382202,0,116,144,1,261
066382203,3,126,113,0,242
066382204,1,131,248,1,381
066382205,17,125,155,3,300
066382206,13,306,305,1,625
066382207,5,128,95,0,228
066382208,29,94,174,0,297
066382209,5,128,129,1,263
066382210,2,124,39,0,165
066382211,0,66,94,3,163
066382212,3,91,53,0,147
066382213,0,95,132,5,232
066382214,3,223,160,0,386
066382301,0,93,95,2,190
066382302,1,66,187,4,258
066382303,1,41,26,2,70
066382304,3,165,36,1,205
066382305,0,0,6,0,6
066382306,0,26,6,0,32
066382307,27,18,14,0,59
066440101,32,21,12,0,65
066440102,36,21,0,0,57
066440103,106,8,0,0,114
066440104,40,3,0,0,43
066440105,33,0,0,0,33
066440106,10,41,1,0,52
066440107,26,19,3,0,48
066440108,20,0,0,0,20
066440109,8,0,4,0,12
066440110,33,0,0,0,33
066440111,23,5,0,0,28
066440201,19,146,28,1,194
066440202,65,25,5,0,95
066440203,39,6,3,0,48
066440204,27,6,0,0,33
066440205,30,5,1,0,36
066440206,30,36,5,0,71
066440207,37,53,9,0,99
066440208,42,30,8,0,80
066440301,3,189,39,0,231
066440302,7,125,29,0,161
066440303,0,3,2,0,5
066440304,3,143,25,0,171
066440305,4,76,7,2,89
066440306,2,20,27,0,49
066440307,1,79,10,0,90
066440308,2,27,5,0,34
066440309,2,35,3,0,40
066440310,0,26,4,0,30
066440311,0,52,6,0,58
066440312,1,25,5,0,31
066440313,31,34,15,0,80
066440314,0,18,3,0,21
066440315,5,9,3,0,17
066440316,2,7,1,0,10
066440401,37,35,5,0,77
066440402,36,29,2,0,67
066440403,7,38,11,0,56
066440404,4,40,3,0,47
066440405,6,44,11,0,61
066440406,3,16,6,0,25
066440407,33,12,2,0,47
066440408,29,6,0,0,35
066440501,6,31,4,0,41
066440502,6,105,27,0,138
066440503,183,8,15,0,206
066440504,114,20,9,0,143
066440505,403,24,17,0,444
066440506,383,10,5,0,398
066440507,215,2,1,0,218
066440508,97,2,1,0,100
066440509,91,7,1,0,99
066440510,47,0,0,0,47
066440511,53,0,0,0,53
066440512,72,3,0,0,75
066440513,35,0,0,0,35
066440601,150,48,55,2,255
066440602,2,78,70,4,154
066440603,5,97,30,0,132
066440604,78,24,14,0,116
066440605,68,17,6,0,91
066440606,13,91,16,0,120
066440607,6,94,77,0,177
066440608,38,154,89,2,283
066440609,16,126,90,0,232
066440610,3,125,65,0,193
066440611,0,46,33,0,79
066440612,5,153,130,3,291
066440613,8,156,73,3,240
066440614,2,98,54,1,155
066440615,9,122,109,0,240
066440616,6,86,27,1,120
066440617,5,49,3,0,57
066440618,6,51,11,0,68
066440619,5,67,13,0,85
066440620,5,87,14,0,106
066440621,4,82,10,0,96
066440622,2,91,64,1,158
066480101,2,220,131,1,354
066480102,8,227,84,1,320
066480103,11,311,122,0,444
066480104,6,250,77,0,333
066480105,7,216,163,0,386
066480106,1,297,77,0,375
066480107,0,199,64,1,264
066480108,5,211,52,0,268
066480109,1,155,95,1,252
066480110,2,231,211,0,444
066480111,4,211,124,2,341
066480112,13,194,155,1,363
066480113,3,201,120,0,324
066480114,4,195,238,2,439
066480115,0,114,129,1,244
066480116,3,174,95,0,272
066480117,0,130,129,2,261
066480118,7,106,168,1,282
066480119,2,128,170,0,300
066480201,4,163,209,3,379
066480202,1,76,158,4,239
066480203,96,39,25,0,160
066480204,0,133,155,2,290
066480205,2,101,146,12,261
066480206,1,66,180,6,253
066480207,1,216,166,2,385
066480208,36,170,154,3,363
066480209,8,236,80,0,324
066480210,2,275,118,0,395
066480211,4,138,87,0,229
066480212,3,276,80,0,359
066480213,9,309,80,1,399
066480301,11,248,52,0,311
066480302,3,229,113,1,346
066480303,0,31,26,0,57
066480304,1,166,143,3,313
066480305,0,124,108,1,233
066480306,1,153,117,5,276
066480307,1,89,121,6,217
066480308,6,172,240,6,424
066480309,19,213,162,4,398
066480310,2,212,183,1,398
066480311,2,39,179,6,226
066480312,0,198,116,0,314
066480313,2,161,15,0,178
066480314,0,97,13,1,111
066480315,0,155,159,0,314
066480316,0,38,59,2,99
066480401,0,148,128,4,280
066480402,0,117,106,3,226
066480403,0,104,190,3,297
066480404,0,123,176,0,299
066480405,2,4,11,0,17
066480406,0,137,92,1,230
066480407,1,24,4,0,29
066480408,0,6,1,0,7
066480409,0,15,21,0,36
066480410,0,27,16,0,43
066480411,26,20,1,0,47
066480501,0,104,112,4,220
066480502,5,167,206,5,383
066480503,2,123,123,0,248
066480504,3,156,135,4,298
066480505,0,102,139,5,246
066480506,10,227,216,3,456
066480507,9,254,190,4,457
066480508,2,155,103,0,260
066480509,8,330,113,1,452
066480510,7,161,81,2,251
066480511,2,201,154,2,359
066480512,9,119,109,2,239
066480513,2,281,145,1,429
066480514,2,192,101,0,295
066510101,0,4,3,0,7
066510102,1,2,5,0,8
066510103,0,7,19,1,27
066510104,3,173,27,0,203
066510105,10,191,73,0,274
066510106,7,123,72,2,204
066510107,7,141,35,0,183
066510108,52,215,72,0,339
066510109,15,145,67,0,227
066510110,18,201,57,0,276
066510111,6,135,41,0,182
066510112,0,1,5,0,6
066510201,0,7,5,0,12
066510301,0,10,1,0,11
066510302,0,3,5,0,8
066510303,0,1,5,0,6
066510304,0,7,0,0,7
066510401,0,4,7,0,11
066510402,0,6,1,0,7
066510403,0,0,15,0,15
066510404,0,8,2,0,10
066510405,0,2,4,0,6
066510406,0,2,1,0,3
066510407,0,1,13,0,14
066510501,0,0,3,0,3
066510502,0,2,1,0,3
066510503,0,9,1,0,10
066510504,12,102,96,1,211
066510505,2,109,77,0,188
066510506,132,131,60,0,323
066510507,94,107,35,0,236
066510508,196,118,49,0,363
066510509,162,107,44,1,314
066510510,132,71,66,1,270
066510511,194,107,22,0,323
066510601,0,2,6,0,8
066510602,0,2,5,0,7
066510603,1,4,3,0,8
066510604,0,1,8,1,10
066510605,0,2,1,0,3
066510606,0,7,2,0,9
066510607,0,9,4,0,13
066510608,0,1,3,0,4
066510609,0,7,0,0,7
066510610,0,4,2,0,6
066510701,6,113,21,0,140
066510702,0,8,4,0,12
066510703,0,8,0,0,8
066510704,0,2,3,0,5
066510705,0,0,4,0,4
066510706,0,5,3,0,8
066510707,0,8,2,0,10
066510708,0,4,0,0,4
066510709,0,2,1,0,3
066510710,0,0,5,0,5
066510711,0,2,3,0,5
066510712,0,4,2,0,6
066510713,0,3,7,0,10
066510714,4,176,67,2,249
066510715,4,207,42,0,253
066510716,0,86,32,1,119
066510801,0,65,25,0,90
066510802,0,116,20,1,137
066510803,0,1,0,0,1
066510804,0,3,4,0,7
066510805,0,1,1,0,2
066510806,0,1,2,0,3
066510807,0,1,1,0,2
066510808,0,8,3,0,11
066510809,0,6,2,0,8
066510810,0,3,8,0,11
066510811,0,3,1,0,4
066510812,0,2,1,0,3
066510813,0,1,7,0,8
066510814,0,1,3,0,4
066510815,0,3,2,0,5
066510816,0,2,1,0,3
066510817,0,13,2,0,15
066510818,2,113,40,0,155
066510901,0,1,6,0,7
066510902,0,11,5,0,16
066511001,0,38,14,0,52
066511002,0,0,4,0,4
066511003,0,6,4,1,11
066511004,0,2,2,0,4
066511005,0,3,0,0,3
066511101,0,5,3,1,9
066511102,0,1,5,0,6
066511103,0,4,3,0,7
066511104,0,2,7,1,10
066511201,0,2,4,1,7
066511202,0,8,1,0,9
066511203,0,10,4,0,14
066511301,0,3,0,0,3
066511302,0,17,18,1,36
066511303,1,9,5,0,15
066511304,0,7,3,1,11
066511305,0,5,4,0,9
066511306,0,7,7,0,14
066511307,0,12,6,0,18
066511308,3,97,20,2,122
066511309,0,112,28,0,140
066511310,0,55,18,1,74
066511311,0,10,5,0,15
066511312,0,6,3,0,9
066550101,0,7,12,1,20
066550102,0,8,8,0,16
066550103,1,15,22,0,38
066550104,0,7,20,1,28
066550105,0,32,17,1,50
066550106,0,9,10,0,19
066550201,0,14,22,0,36
066550202,182,21,22,0,225
066550203,204,6,6,0,216
066550204,241,46,18,0,305
066550205,176,26,28,2,232
066550206,56,59,44,1,160
066550207,0,18,10,1,29
066550208,0,6,19,0,25
066550209,0,41,18,0,59
066550210,33,96,29,0,158
066550211,20,104,51,0,175
066550301,1,23,12,1,37
066550302,1,22,7,1,31
066550303,0,18,23,1,42
066550304,1,21,19,0,41
066550305,0,32,33,0,65
066550306,0,35,16,0,51
066550307,2,32,8,0,42
066550308,3,75,39,2,119
066550309,206,28,39,0,273
066550310,159,43,65,0,267
066550311,317,34,52,0,403
066550312,203,5,0,0,208
066650101,2,144,89,0,235
066650102,3,92,95,0,190
066650103,0,2,0,3,5
066650104,0,4,9,0,13
066650105,0,29,37,0,66
066650201,19,3,0,0,22
066650202,297,0,7,0,304
066650203,392,3,6,0,401
066650204,328,6,5,0,339
066650205,391,10,36,3,440
066650206,141,16,48,2,207
066650207,339,6,5,0,350
066650208,131,84,65,2,282
066650209,1,4,21,1,27
066650301,2,9,5,0,16
066650302,191,19,71,1,282
066650303,32,57,137,3,229
066650304,0,0,17,0,17
066650305,144,2,4,0,150
066650306,162,5,2,0,169
066650307,103,3,26,0,132
066650308,65,11,8,0,84
066650309,215,10,53,0,278
066650310,443,10,4,0,457
066650311,0,15,17,1,33
066650401,2,50,68,3,123
066650402,20,10,17,0,47
066650403,0,16,10,0,26
066650404,0,7,9,2,18
066650501,0,7,3,0,10
066650502,0,11,15,1,27
066650503,0,14,17,1,32
066650601,0,4,9,0,13
066650701,0,8,28,0,36
066650801,0,6,7,0,13
066650901,0,10,15,0,25
066651001,170,66,69,1,306
066651002,191,35,92,0,318
066651003,0,0,14,0,14
066651004,0,8,14,0,22
066651005,2,1,4,0,7
066651006,0,6,2,0,8
066651007,157,62,104,1,324
066651008,42,75,258,3,378
066651101,0,3,13,5,21
066651201,0,0,0,0,0
066651202,0,0,1,1,2
066651301,0,5,2,2,9
066651302,0,0,0,0,0
066651303,256,12,37,1,306
066651304,308,5,2,0,315
066651305,355,17,36,0,408
066651306,359,9,47,0,415
066651307,262,2,3,1,268
066651308,190,27,35,1,253
066651309,256,13,92,0,361
066651310,294,8,8,1,311
066651311,364,5,9,1,379
066651312,400,15,84,0,499
066720101,0,1,9,0,10
066720102,0,2,19,0,21
066720103,0,1,6,0,7
066720104,0,9,5,0,14
066720201,0,2,9,1,12
066720202,1,8,6,0,15
066720301,0,1,2,0,3
066720302,0,3,12,0,15
066720303,0,2,10,0,12
066720401,0,6,5,2,13
066720402,0,5,13,1,19
066720403,0,13,25,2,40
066720404,0,6,9,0,15
066720501,0,3,10,0,13
066720502,0,3,2,1,6
066720503,0,6,2,0,8
066720504,0,2,4,0,6
066720601,0,0,7,0,7
066720602,0,4,5,0,9
066720603,0,2,2,0,4
066720604,0,1,5,0,6
066720701,0,8,26,0,34
066720702,0,10,19,0,29
066720801,0,0,13,0,13
066720802,0,4,10,0,14
066720901,0,3,15,0,18
066720902,0,1,12,0,13
066720903,0,8,7,0,15
066721001,0,9,9,0,18
066721002,0,11,9,0,20
066721101,0,3,4,0,7
066721102,0,3,13,0,16
066721103,0,2,13,0,15
066721104,0,4,11,0,15
066721201,411,19,43,0,473
066721202,253,5,5,0,263
066721203,314,5,12,0,331
066721204,354,13,7,1,375
066721205,329,10,8,0,347
066721206,332,10,4,0,346
066721207,364,6,8,0,378
066721208,336,17,31,0,384
066721209,255,10,20,0,285
066721210,548,35,62,2,647
066721211,0,5,15,0,20
066721212,0,14,26,2,42
066721213,1,2,7,2,12
066721214,92,17,58,3,170
066721215,243,17,31,2,293
066721216,274,6,6,0,286
066721301,0,8,5,0,13
066721302,0,0,10,0,10
066721303,0,6,13,0,19
066721401,0,1,8,0,9
066721402,0,25,25,0,50
066721403,3,24,31,4,62
066790101,0,65,13,0,78
066790102,0,10,11,0,21
066790103,0,5,12,0,17
066790104,0,7,2,1,10
066790105,0,64,26,0,90
066790201,0,13,1,2,16
066790202,1,11,0,0,12
066790301,0,9,12,0,21
066790302,5,115,25,1,146
066790303,0,126,31,1,158
066790304,0,87,24,0,111
066790305,3,71,31,0,105
066790306,0,12,2,0,14
066790401,0,0,6,0,6
066790402,0,3,9,0,12
066790403,0,10,1,0,11
066790404,0,3,5,0,8
066790405,0,5,1,0,6
066790501,0,1,3,0,4
066790502,0,13,10,2,25
066790503,0,4,6,0,10
066790601,203,96,60,2,361
066790602,117,73,68,2,260
066790603,139,42,56,0,237
066790604,154,66,48,0,268
066790605,318,46,23,0,387
066790606,216,30,16,1,263
066790607,184,25,51,2,262
066790608,44,85,55,0,184
066790609,128,85,31,0,244
066790610,250,32,8,0,290
066790611,207,30,28,0,265
066790612,158,45,13,0,216
066790613,199,40,0,0,239
066790701,0,1,11,0,12
066790702,0,2,10,0,12
066790801,0,2,19,0,21
066790802,0,11,11,0,22
066790901,0,98,60,3,161
066790902,0,9,20,0,29
066790903,0,13,0,0,13
066790904,0,36,43,0,79
066790905,1,77,84,1,163
066791001,182,64,16,0,262
066791002,0,7,3,0,10
066791003,0,17,4,0,21
066791101,0,1,14,2,17
066791102,0,16,23,2,41
066791103,0,13,3,1,17
066791201,0,44,50,0,94
066791202,0,6,8,0,14
066791203,0,9,7,2,18
066791204,0,7,22,0,29
066791205,0,1,1,0,2
066791206,0,12,13,0,25
066860101,175,13,10,0,198
066860102,372,12,11,0,395
066860103,299,12,34,0,345
066860104,287,17,33,1,338
066860105,269,6,6,0,281
066860106,241,1,18,0,260
066860107,226,3,6,0,235
066860108,247,4,3,0,254
066860109,244,3,8,0,255
066860110,287,13,41,0,341
066860201,3,151,87,0,241
066860202,2,78,61,1,142
066860203,1,11,16,0,28
066860204,0,1,1,0,2
066860205,0,2,1,0,3
066860206,0,3,0,0,3
066860207,0,2,0,0,2
066860208,1,4,0,0,5
066860209,0,5,5,0,10
066860210,0,1,0,0,1
066860301,0,9,5,0,14
066860302,0,9,12,1,22
066860303,0,6,7,0,13
066860304,0,10,11,0,21
066860401,0,1,3,0,4
066860402,0,5,2,0,7
066860403,0,0,4,0,4
066860501,0,3,7,0,10
066860502,0,4,10,0,14
066860601,154,12,10,0,176
066860602,2,32,22,0,56
066860603,0,10,14,0,24
066860604,0,17,6,1,24
066860605,0,9,9,0,18
066860606,0,9,9,0,18
066860607,0,7,1,0,8
066860608,101,25,52,0,178
066860609,101,35,51,2,189
066860701,0,7,14,0,21
066860702,0,7,3,0,10
066860703,0,15,0,0,15
066860704,0,1,0,0,1
066860705,0,0,7,0,7
066860706,0,7,0,0,7
066860707,0,6,8,2,16
066860801,0,4,3,0,7
066860802,0,1,4,0,5
066860803,0,1,8,0,9
066860804,0,4,4,0,8
066860805,0,12,18,2,32
066860901,0,3,4,0,7
066860902,0,2,5,0,7
066860903,0,7,2,0,9
066861001,0,1,3,0,4
066861002,6,19,10,0,35
066861003,0,6,8,1,15
066861101,0,136,183,2,321
066861102,0,2,8,0,10
066861103,0,8,5,0,13
066861201,0,3,7,0,10
066861202,0,3,1,0,4
066861203,0,8,7,0,15
066861204,0,0,6,0,6
066861301,51,25,59,1,136
066861302,41,22,128,0,191
066861303,178,2,1,0,181
066861304,118,41,101,0,260
066861305,28,41,198,2,269
066861306,177,3,2,0,182
066861307,187,14,33,0,234
066861308,47,45,53,1,146
066861309,272,10,19,0,301
066861310,278,9,12,0,299
066861311,256,9,3,0,268
066861312,260,4,2,0,266
066861313,276,7,0,0,283
066861314,178,11,1,0,190
066930101,0,10,32,3,45
066930102,0,11,11,0,22
066930201,0,14,18,0,32
066930202,0,20,20,0,40
066930203,0,5,10,1,16
066930301,0,23,27,1,51
066930302,0,19,12,0,31
066930303,1,36,19,0,56
066930304,0,32,25,0,57
066930305,2,64,74,1,141
066930306,2,93,86,0,181
066930307,42,286,105,1,434
066930308,150,54,28,2,234
066930309,121,52,7,0,180
066930310,54,72,51,0,177
066930311,182,129,82,0,393
066930312,192,35,14,0,241
066930313,20,201,47,1,269
066930314,66,84,36,0,186
066930315,0,1,3,0,4
066930316,246,22,40,4,312
066930317,175,64,14,0,253
066930318,118,85,33,0,236
066930319,153,72,53,1,279
066930401,2,35,25,2,64
066930402,0,27,17,1,45
066930501,0,12,4,0,16
066930502,0,8,12,0,20
066930601,0,7,8,0,15
066930602,0,12,3,0,15
066930603,0,2,9,0,11
066930604,0,17,2,0,19
066930701,0,13,4,0,17
066930702,0,13,3,0,16
066930703,0,58,34,0,92
066930704,0,22,28,0,50
067000101,1,60,54,0,115
067000102,1,137,34,2,174
067000103,0,4,2,1,7
067000104,0,4,1,0,5
067000105,0,1,5,0,6
067000106,0,0,6,0,6
067000107,0,4,8,0,12
067000108,0,3,1,0,4
067000109,0,0,2,0,2
067000110,0,126,65,1,192
067000201,0,0,12,2,14
067000202,0,2,9,0,11
067000203,0,1,4,0,5
067000204,60,14,4,0,78
067000205,148,32,13,1,194
067000206,207,20,0,0,227
067000207,145,4,1,0,150
067000208,190,0,0,0,190
067000209,354,0,6,0,360
067000210,208,4,3,0,215
067000211,177,28,31,0,236
067000212,204,14,17,1,236
067000213,283,6,6,1,296
067000214,285,13,7,0,305
067000215,292,7,15,0,314
067000216,265,17,7,1,290
067000301,0,3,4,0,7
067000302,0,10,0,0,10
067000303,0,5,1,0,6
067000401,0,8,7,0,15
067000402,0,10,4,0,14
067000501,0,30,35,0,65
067000502,0,6,0,0,6
067000503,0,5,2,0,7
067000504,0,3,3,0,6
067000505,0,8,11,0,19
067000601,0,2,1,0,3
067000602,1,4,7,0,12
067000603,2,121,29,0,152
067000604,6,177,68,0,251
067000605,1,179,56,0,236
067000606,3,133,46,1,183
067000701,0,120,77,2,199
067000702,0,6,1,0,7
067000703,0,2,8,0,10
067000704,0,6,2,0,8
067000705,0,0,13,2,15
067000706,0,3,5,0,8
067000707,0,5,6,0,11
067000801,0,1,6,0,7
067000802,0,4,2,0,6
067000803,0,1,3,0,4
067000804,0,5,1,0,6
067000805,0,2,4,0,6
067000806,0,1,2,0,3
067000807,0,7,0,0,7
067000808,0,0,0,0,0
067000809,0,2,3,0,5
067000901,0,4,2,0,6
067000902,0,4,1,0,5
067000903,0,4,1,0,5
067000904,0,6,3,0,9
067001001,0,4,0,0,4
067001002,0,8,0,0,8
067001003,0,19,35,0,54
067001004,0,2,2,0,4
067001101,0,8,6,0,14
067001102,0,5,0,0,5
067001201,0,2,6,0,8
067001202,0,11,5,0,16
067001203,0,8,0,0,8
067001204,222,6,5,0,233
067001205,169,4,8,0,181
067001206,144,4,0,0,148
067001207,301,2,3,0,306
067001208,0,2,0,0,2
067001209,172,2,0,0,174
067001210,265,1,1,0,267
067001211,312,6,1,0,319
067001212,360,10,5,0,375
067001213,186,9,4,0,199
067070101,259,27,48,0,334
067070102,360,43,47,0,450
067070103,174,12,35,0,221
067070104,145,25,54,1,225
067070105,338,16,39,2,395
067070106,392,5,6,0,403
067070107,266,4,8,0,278
067070108,217,3,2,0,222
067070109,283,11,8,1,303
067070110,159,20,55,3,237
067070111,0,36,107,0,143
067070112,4,98,126,0,228
067070113,19,66,152,1,238
067070114,30,82,39,0,151
067070115,31,133,80,2,246
067070116,10,78,87,1,176
067070117,5,90,196,1,292
067070201,0,4,22,0,26
067070202,0,13,19,0,32
067070301,0,24,63,0,87
067070401,1,53,84,0,138
067070402,1,38,60,1,100
067070403,26,99,140,6,271
067070404,0,26,28,0,54
067070405,180,33,65,0,278
067070501,0,33,43,0,76
067070502,0,13,18,1,32
067070503,1,11,21,0,33
067070504,0,16,28,0,44
067070601,1,6,2,0,9
067070602,0,11,31,0,42
067070603,3,67,60,0,130
067070604,0,84,70,1,155
067070605,2,70,73,0,145
067070606,0,26,29,0,55
067070607,0,103,55,0,158
067070608,0,15,15,0,30
067070701,0,0,0,1,1
067070702,0,16,30,1,47
067070801,0,37,44,0,81
067070802,2,28,30,0,60
067070803,0,15,30,0,45
067070901,0,24,32,1,57
067070902,0,17,49,0,66
067070903,0,9,20,1,30
067071001,0,13,10,0,23
067071002,2,18,12,1,33
067071101,246,41,45,0,332
067071102,57,64,204,16,341
067071103,83,46,119,0,248
067071104,247,47,82,0,376
067071105,142,51,78,1,272
067071106,270,5,3,0,278
067071107,293,7,4,0,304
067071108,293,5,4,0,302
067071109,207,7,4,0,218
067071110,317,31,30,1,379
067071111,179,31,21,0,231
067071112,100,52,48,0,200
067071113,139,108,90,0,337
067140101,295,48,64,0,407
067140102,188,70,97,1,356
067140103,291,2,18,0,311
067140104,299,14,8,0,321
067140105,353,12,3,0,368
067140106,298,3,5,0,306
067140107,291,18,27,0,336
067140108,305,8,0,0,313
067140109,297,0,1,0,298
067140110,331,16,27,0,374
067140111,182,27,19,0,228
067140112,285,4,9,0,298
067140113,75,50,68,2,195
067140114,9,111,165,1,286
067140115,173,11,26,0,210
067140201,0,1,5,0,6
067140202,0,7,6,2,15
067140203,0,7,3,0,10
067140204,0,4,3,0,7
067140205,0,3,4,0,7
067140206,0,1,9,0,10
067140207,0,6,6,0,12
067140301,2,295,312,3,612
067140302,0,2,6,0,8
067140303,0,0,3,0,3
067140304,0,3,3,0,6
067140305,0,0,8,1,9
067140306,0,2,1,1,4
067140401,0,5,6,2,13
067140402,0,6,11,0,17
067140403,0,6,14,0,20
067140404,0,1,8,0,9
067140501,1,108,107,0,216
067140502,0,3,11,0,14
067140503,0,7,14,0,21
067140504,0,36,19,2,57
067140505,0,14,15,0,29
067140601,225,57,41,0,323
067140602,305,14,15,1,335
067140603,30,55,49,0,134
067140604,2,112,127,3,244
067140605,21,70,210,0,301
067140606,65,78,94,0,237
067140607,68,46,140,0,254
067140608,23,113,126,0,262
067140609,129,34,91,2,256
067140610,84,45,32,0,161
067140611,121,99,104,3,327
067140612,81,90,111,0,282
067140613,109,153,196,7,465
067140614,0,1,6,0,7
067140615,1,51,66,2,120
067140616,5,56,138,1,200
067140617,7,105,175,0,287
067140701,0,3,3,0,6
067140702,0,34,22,1,57
067140703,0,4,6,0,10
067140801,0,72,63,2,137
067140802,0,1,4,0,5
067140803,0,0,8,0,8
067140804,0,6,34,1,41
067140805,1,8,10,0,19
067140806,0,26,34,4,64
067140807,0,0,8,0,8
067140808,0,3,11,0,14
067140809,0,84,107,1,192
067140901,0,7,42,0,49
067140902,1,4,8,0,13
067140903,0,7,5,0,12
067140904,0,8,10,0,18
067140905,0,5,1,0,6
067140906,0,6,5,0,11
067210101,4,170,52,1,227
067210102,0,5,17,0,22
067210103,0,6,10,0,16
067210104,0,5,27,0,32
067210201,137,56,39,0,232
067210202,75,25,8,0,108
067210203,156,60,7,0,223
067210204,143,147,119,0,409
067210205,146,111,109,0,366
067210206,123,66,47,0,236
067210207,101,120,51,0,272
067210208,0,0,7,0,7
067210209,0,11,12,0,23
067210210,0,3,0,0,3
067210211,0,0,12,0,12
067210212,0,7,5,0,12
067210213,0,6,7,0,13
067210214,100,72,66,0,238
067210215,20,144,71,0,235
067210216,116,61,42,0,219
067210217,126,62,58,0,246
067280101,2,190,110,2,304
067280102,1,27,31,1,60
067280201,0,50,48,1,99
067280202,1,40,33,0,74
067280203,0,20,2,0,22
067280204,0,5,10,0,15
067280301,0,12,2,0,14
067280302,0,5,10,0,15
067280303,0,18,9,0,27
067280304,0,0,10,0,10
067280401,0,6,8,2,16
067280402,0,1,1,0,2
067280403,0,1,3,0,4
067280501,0,0,17,0,17
067280502,0,0,9,0,9
067280503,0,4,11,0,15
067280601,1,3,5,0,9
067280602,0,7,7,0,14
067280603,0,0,4,0,4
067280701,0,5,7,0,12
067280702,0,7,1,0,8
067280703,0,7,21,0,28
067280801,0,19,13,3,35
067280802,0,14,7,1,22
067280803,1,1,16,0,18
067280901,2,33,74,2,111
067280902,1,30,56,1,88
067280903,5,77,47,1,130
067280904,2,107,113,0,222
067281001,7,75,128,0,210
067281002,53,53,55,1,162
067281003,175,49,45,0,269
067281004,102,23,43,0,168
067281005,71,54,26,0,151
067281006,84,26,30,0,140
067281007,93,52,17,0,162
067281008,48,71,64,0,183
067281009,83,38,60,0,181
067281010,100,80,84,1,265
067281011,98,85,45,0,228
067281012,77,46,41,0,164
067281013,105,56,47,1,209
067281014,102,40,29,0,171
067281015,110,58,26,0,194
067281016,121,46,38,1,206
067281017,76,54,52,0,182
067281018,100,68,78,1,247
067281019,101,95,106,1,303
067281020,80,77,97,1,255
067281021,67,107,92,1,267
067281022,42,119,121,0,282
067281023,0,16,35,2,53
067281024,2,81,178,0,261
067281025,0,16,22,0,38
067281026,0,0,13,0,13
067281101,0,0,6,0,6
067281102,0,0,23,2,25
067281103,0,10,10,2,22
067281201,0,9,12,0,21
067281202,0,13,8,0,21
067281301,0,60,95,0,155
067281302,0,20,13,0,33
067281303,0,11,10,0,21
067281401,0,14,25,0,39
067281402,0,55,102,0,157
067281403,0,5,24,3,32
067281404,0,3,21,1,25
067281405,1,9,21,1,32
067281406,0,23,29,0,52
067281407,0,7,11,0,18
067281408,0,17,10,0,27
067281501,1,12,33,3,49
067281502,0,10,9,0,19
067281503,0,4,17,1,22
067281601,0,4,6,0,10
067281602,0,5,4,0,9
067281603,0,9,9,0,18
067350101,1,66,85,0,152
067350102,64,59,46,0,169
067350103,211,22,21,1,255
067350104,204,18,17,0,239
067350105,348,23,15,0,386
067350106,201,59,119,0,379
067350107,239,47,42,1,329
067350108,183,23,27,0,233
067350109,147,118,129,1,395
067350110,105,125,173,0,403
067350201,0,61,120,2,183
067350202,0,14,8,0,22
067350203,0,0,4,0,4
067350204,3,15,29,0,47
067350205,0,30,13,0,43
067350206,2,4,26,0,32
067350207,0,13,8,0,21
067350208,0,3,11,0,14
067350301,2,47,98,2,149
067350302,0,19,7,0,26
067350303,0,0,15,0,15
067350304,0,6,10,0,16
067350305,0,7,15,0,22
067350306,0,21,18,0,39
067350307,0,6,25,0,31
067350308,0,85,91,0,176
067350401,1,6,5,0,12
067350402,0,10,43,0,53
067350403,0,18,4,0,22
067350404,7,82,35,0,124
067350501,0,1,7,0,8
067350502,0,1,3,0,4
067350503,0,4,10,0,14
067350504,0,0,2,0,2
067350601,0,0,13,1,14
067350602,0,3,6,0,9
067350603,0,1,1,0,2
067350701,49,70,109,0,228
067350702,7,158,180,0,345
067350703,97,159,117,0,373
067350704,2,54,92,0,148
067350705,88,109,171,0,368
067350706,114,91,188,0,393
067350707,12,132,200,0,344
067350708,51,138,155,0,344
067350709,13,113,187,0,313
067350710,1,110,128,0,239
067420101,0,2,16,0,18
067420201,1,14,42,0,57
067420301,0,8,19,0,27
067420401,314,13,11,0,338
067420402,236,27,45,1,309
067420403,224,10,7,0,241
067420404,251,5,3,0,259
067420405,212,7,10,0,229
067420406,159,5,20,0,184
067420407,203,13,29,0,245
067420408,184,2,7,1,194
067420409,0,6,27,0,33
067420410,35,3,62,0,100
067420411,0,1,0,0,1
067420412,0,2,1,0,3
067420413,229,20,9,0,258
067420414,100,30,58,1,189
067420501,0,4,22,3,29
067420601,0,3,6,1,10
067420701,0,1,18,0,19
067420702,0,16,39,0,55
067420801,0,11,18,0,29
067420901,0,7,31,0,38
067421001,0,10,5,0,15
067421002,0,41,21,0,62
067630101,218,118,17,0,353
067630102,318,7,2,0,327
067630103,335,35,14,0,384
067630104,355,3,3,0,361
067630105,250,22,42,0,314
067630106,207,0,1,0,208
067630107,210,0,0,0,210
067630108,345,0,0,0,345
067630109,386,0,3,0,389
067630110,306,1,0,0,307
067630111,351,2,1,0,354
067630112,228,1,0,0,229
067630113,251,23,12,0,286
067630114,223,33,12,0,268
067630115,356,22,13,0,391
067630201,119,0,0,0,119
067630202,10,15,41,2,68
067630203,252,4,0,0,256
067630204,293,9,7,0,309
067630205,416,6,2,1,425
067630206,355,2,5,0,362
067630207,308,4,5,1,318
067630208,162,0,0,0,162
067630209,320,2,0,0,322
067630210,319,4,2,0,325
067630211,344,5,0,1,350
067630212,169,0,0,0,169
067630213,100,0,0,0,100
067630301,340,2,0,0,342
067630302,353,2,0,0,355
067630303,227,1,0,0,228
067630304,341,0,0,0,341
067630305,235,0,0,0,235
067630306,305,0,0,0,305
067630307,379,0,0,0,379
067630308,364,2,0,0,366
067630309,392,6,5,0,403
067630310,258,3,0,0,261
067630311,276,7,2,0,285
067630401,162,17,136,5,320
067630402,375,8,0,0,383
067630403,303,3,1,0,307
067630404,218,6,6,0,230
067630405,315,9,0,0,324
067630406,279,0,1,0,280
067630407,157,6,29,1,193
067630408,314,1,0,0,315
067630409,270,0,1,0,271
067630410,209,2,3,0,214
067630501,220,6,4,0,230
067630502,110,25,120,18,273
067630503,244,0,8,0,252
067630504,156,6,2,0,164
067630505,82,94,67,2,245
067630506,130,134,92,0,356
067630507,232,77,25,1,335
067630508,70,83,61,0,214
067630509,72,67,111,1,251
067630510,209,9,14,0,232
067630511,409,12,9,0,430
067630512,118,7,15,0,140
067630513,231,73,16,0,320
067630514,136,108,104,0,348
067630515,264,7,2,0,273
067630516,116,83,24,0,223
067630517,101,115,48,0,264
067630518,170,46,80,0,296
067630601,347,30,37,0,414
067630602,6,114,141,2,263
067630603,3,117,168,0,288
067630604,6,173,192,1,372
067630605,1,118,181,5,305
067630606,5,169,159,5,338
067630607,5,162,227,1,395
067630608,2,139,248,0,389
067630609,5,131,147,1,284
067630610,124,81,86,2,293
067630611,5,120,138,2,265
067630612,4,146,100,1,251
067630613,277,13,11,0,301
067630614,11,168,163,2,344
067630615,7,240,162,2,411
067630701,0,11,14,0,25
067630702,2,71,154,14,241
067630703,240,26,75,0,341
067630704,19,234,55,0,308
067630705,29,189,90,0,308
067630706,19,203,220,0,442
067630707,87,206,36,0,329
067630708,122,89,22,0,233
067630709,125,69,27,0,221
067630710,282,108,21,0,411
067630711,11,205,278,2,496
067630712,1,78,85,1,165
067630801,4,135,99,0,238
067630802,5,158,149,1,313
067630803,5,198,31,0,234
067630804,8,296,104,0,408
067630805,3,153,149,0,305
067630806,8,132,181,1,322
067630807,6,170,122,0,298
067630808,6,250,115,1,372
067630809,4,186,148,1,339
067630810,9,48,181,2,240
067630811,6,169,116,1,292
067630812,2,29,90,5,126
067630813,3,162,110,1,276
067630901,242,4,0,0,246
067630902,97,21,67,0,185
067630903,0,42,51,2,95
067630904,0,42,61,0,103
067631001,0,10,5,2,17
067631002,0,1,2,0,3
067631101,233,62,78,1,374
067631102,260,67,64,3,394
067631103,2,8,7,0,17
067631201,1,91,55,0,147
067631202,0,10,8,0,18
067631203,0,6,16,0,22
067631301,0,0,6,0,6
067631302,0,0,17,0,17
067631401,183,60,43,1,287
067631402,0,6,3,0,9
067631403,0,10,7,1,18
067631501,0,6,16,2,24
067631601,118,53,22,0,193
067631602,154,61,29,0,244
067631603,0,3,16,0,19
067631701,384,6,3,0,393
067631702,287,1,0,0,288
067631703,263,13,2,0,278
067631704,287,63,29,0,379
067631705,166,84,25,0,275
067631706,153,87,73,2,315
067631707,196,145,106,1,448
067631708,104,99,38,0,241
067631709,91,100,53,1,245
067631801,18,194,132,1,345
067631802,270,1,3,0,274
067631803,8,172,171,0,351
067631804,8,123,97,0,228
067631805,3,135,75,0,213
067631806,38,55,107,0,200
067631807,175,5,2,0,182
067631808,169,0,0,0,169
067631809,211,0,0,1,212
067631810,370,0,0,0,370
067631811,305,0,0,0,305
067631812,0,66,93,0,159
067631813,0,3,8,0,11
067631814,7,193,93,1,294
067631815,1,72,104,0,177
067631816,2,113,102,0,217
067631901,0,7,5,0,12
067631902,0,0,7,0,7
067631903,30,16,19,0,65
067631904,0,6,13,0,19
067631905,279,37,30,0,346
067631906,139,19,21,0,179
067631907,3,8,6,0,17
067631908,0,8,34,0,42
067631909,255,11,16,0,282
067631910,281,11,3,0,295
067631911,180,5,3,1,189
067632001,37,52,14,0,103
067632002,0,54,30,1,85
067632003,3,154,74,1,232
067632004,1,36,3,0,40
067632005,0,40,43,0,83
067632006,353,7,8,0,368
067632007,143,8,3,0,154
067632008,379,2,9,0,390
067632009,302,4,2,0,308
067632010,229,1,1,0,231
067632011,115,48,21,0,184
067632012,225,2,6,0,233
067632013,8,147,103,0,258
067632101,0,0,5,5,10
067700101,23,39,57,0,119
067700102,136,9,43,0,188
067700103,424,13,52,3,492
067700104,303,14,35,0,352
067700105,371,7,12,2,392
067700106,382,6,4,0,392
067700107,362,6,11,0,379
067700108,301,0,0,0,301
067700109,292,3,0,0,295
067700110,215,18,26,0,259
067700111,155,52,125,0,332
067700201,4,2,0,0,6
067700202,0,23,28,1,52
067700203,1,11,30,2,44
067700204,0,10,7,1,18
067700205,195,30,61,3,289
067700206,90,44,60,0,194
067700207,82,27,160,1,270
067700208,1,3,10,0,14
067700301,0,2,11,0,13
067700302,0,1,3,0,4
067700303,0,5,2,0,7
067700304,0,2,3,0,5
067700305,0,0,3,0,3
067700401,0,3,4,1,8
067700402,0,0,4,0,4
067700403,0,1,6,0,7
067700404,0,2,3,0,5
067700501,0,1,0,0,1
067700502,0,1,0,0,1
067700503,0,0,1,0,1
067700504,0,3,1,0,4
067700601,0,0,3,0,3
067700602,0,2,6,0,8
067700701,0,3,4,2,9
067700702,0,0,2,0,2
067700703,0,1,0,0,1
067700704,0,2,3,0,5
067700705,0,1,6,0,7
067700801,0,5,18,0,23
067700802,0,1,3,0,4
067700803,0,5,5,0,10
067700804,0,3,4,0,7
067700805,0,1,2,0,3
067700901,164,9,21,0,194
067700902,0,18,1,0,19
067700903,2,2,19,0,23
067700904,0,0,3,0,3
067700905,0,0,5,0,5
067700906,0,19,24,1,44
067700907,0,11,2,0,13
067700908,0,22,20,0,42
067701001,241,2,7,2,252
067701002,166,29,76,1,272
067701003,256,6,7,1,270
067701004,124,18,73,1,216
067701005,325,14,11,1,351
067701006,324,8,30,1,363
067701007,314,9,42,1,366
067701008,317,9,34,6,366
067701009,327,4,3,0,334
067701010,290,2,3,0,295
067701011,143,1,1,1,146
067701012,76,5,30,0,111
067701013,15,76,316,66,473
067701014,2,3,21,0,26
067701101,1,9,25,0,35
067701102,1,3,10,0,14
067701103,0,12,31,0,43
067701104,1,12,2,0,15
067701105,2,14,12,0,28
067701201,89,72,275,5,441
067701202,0,2,30,2,34
067701203,5,27,99,1,132
067701204,0,1,7,0,8
067701205,0,0,12,0,12
067701206,0,3,2,1,6
067701301,0,5,7,0,12
067701302,0,3,10,0,13
067701303,0,2,15,0,17
067701304,0,10,10,0,20
067701305,0,4,5,0,9
067701306,0,0,7,1,8
067701307,0,0,11,0,11
067701401,0,3,3,0,6
067701402,0,5,10,0,15
067701403,0,1,3,0,4
067701501,0,1,2,0,3
067701502,0,6,1,0,7
067701503,0,3,3,0,6
067701504,0,1,4,0,5
067701505,1,7,2,1,11
067701601,0,98,184,3,285
067701602,2,116,112,8,238
067701603,4,79,153,6,242
067701604,0,5,4,0,9
067701605,0,29,6,0,35
067701606,0,3,5,0,8
067701607,0,8,1,0,9
067701701,0,0,6,0,6
067701702,0,0,7,0,7
067701703,0,2,2,0,4
067701704,0,0,5,0,5
067701705,0,11,3,0,14
067701801,1,107,57,0,165
067701802,0,4,4,0,8
067701803,0,6,1,0,7
067701804,0,8,1,0,9
067701805,0,4,12,0,16
067701806,0,8,0,0,8
067701901,0,1,3,0,4
067701902,0,1,2,0,3
067701903,0,2,6,0,8
067701904,0,1,4,0,5
067702001,1,4,2,0,7
067702002,0,0,2,0,2
067702101,244,1,3,0,248
067702102,294,5,2,0,301
067702103,252,2,0,0,254
067702104,287,2,2,0,291
067702105,309,2,1,0,312
067702106,266,0,0,0,266
067702107,404,4,3,0,411
067702108,238,1,5,0,244
067702109,257,0,0,0,257
067702110,262,2,1,0,265
067702201,59,36,143,4,242
067702202,225,17,60,0,302
067702203,411,5,9,1,426
067702204,408,9,25,12,454
067702205,324,4,12,0,340
067702206,379,8,13,0,400
067702207,233,5,31,1,270
067702208,244,11,7,0,262
067702209,221,5,5,1,232
067702210,282,4,2,0,288
067702211,281,2,2,0,285
067702212,325,0,0,0,325
067702213,193,5,1,0,199
067702214,369,4,17,0,390
067702301,0,0,0,21,21
067780101,261,10,6,0,277
067780102,210,17,5,0,232
067780103,193,26,13,0,232
067780104,126,26,66,0,218
067780105,267,45,34,4,350
067780106,245,46,49,0,340
067780107,122,51,39,0,212
067780108,41,63,130,1,235
067780109,1,96,132,1,230
067780110,0,14,21,1,36
067780111,1,44,8,0,53
067780201,0,90,117,1,208
067780202,4,67,74,0,145
067780203,9,63,83,0,155
067780204,9,119,122,2,252
067780205,48,200,137,2,387
067780206,169,43,43,0,255
067780207,127,90,161,0,378
067780208,224,11,4,0,239
067780209,305,18,33,0,356
067780210,286,12,7,0,305
067780211,111,38,29,1,179
067780212,91,43,73,2,209
067780213,19,46,94,1,160
067780214,219,28,21,1,269
067780215,115,58,125,1,299
067780216,7,56,76,1,140
067780217,4,62,106,2,174
067780218,18,84,109,2,213
067780301,1,24,26,0,51
067780401,2,9,8,0,19
067780402,0,5,26,1,32
067780403,0,38,23,0,61
067780404,0,54,67,4,125
067780405,0,100,59,2,161
067780406,2,41,60,2,105
067780407,4,156,144,0,304
067780501,155,13,29,3,200
067780502,0,19,54,0,73
067780503,0,10,4,0,14
067780504,1,5,23,0,29
067780505,0,20,6,0,26
067780506,192,59,58,1,310
067780507,132,26,80,0,238
067780601,0,2,2,0,4
067780602,110,56,10,0,176
067780603,0,62,73,0,135
067780604,39,159,119,2,319
067780701,0,7,8,0,15
067780702,1,5,11,0,17
067780703,0,1,10,0,11
067780704,0,4,10,0,14
067780801,0,6,10,0,16
067780802,0,0,2,0,2
067780803,0,11,5,0,16
067780901,1,8,0,0,9
067780902,4,66,53,0,123
067780903,3,149,102,3,257
067780904,2,74,52,1,129
067780905,107,145,111,4,367
067780906,31,234,87,1,353
067780907,3,86,63,0,152
067780908,1,38,66,1,106
067780909,171,45,25,0,241
067780910,168,43,30,0,241
067780911,297,23,10,0,330
067780912,272,21,16,0,309
067780913,275,17,14,0,306
067781001,332,36,31,1,400
067781002,181,19,34,3,237
067781003,73,45,117,6,241
067781004,274,19,14,0,307
067781005,304,8,7,0,319
067781006,189,11,4,0,204
067781007,307,14,16,0,337
067781008,162,52,149,7,370
067781009,276,70,55,0,401
067781010,193,4,0,0,197
067781011,242,11,9,1,263
067781012,232,39,24,0,295
067781013,171,79,152,3,405
067781014,28,72,141,3,244
067781015,0,78,139,5,222
067840101,0,1,3,0,4
067840102,0,0,12,0,12
067840201,0,5,0,0,5
067840202,5,43,95,16,159
067840203,0,8,7,0,15
067840204,0,3,2,0,5
067840301,0,0,7,0,7
067840302,0,0,12,0,12
067840303,0,0,4,0,4
067840401,0,2,1,0,3
067840402,0,9,4,0,13
067840403,0,2,3,0,5
067840404,0,2,4,0,6
067840501,0,0,7,0,7
067840502,0,0,6,0,6
067840503,0,4,5,0,9
067840601,0,1,9,0,10
067840701,0,0,10,0,10
067840702,0,1,8,0,9
067840703,0,8,0,0,8
067840704,0,5,6,0,11
067840801,2,12,10,0,24
067840802,1,17,60,1,79
067840803,90,81,103,0,274
067840804,123,40,166,1,330
067840805,156,59,31,0,246
067840806,151,36,46,0,233
067840807,191,61,38,0,290
067840808,242,74,66,2,384
067840809,86,59,114,2,261
067840810,148,35,48,0,231
067840811,146,88,98,0,332
067840812,0,4,11,0,15
067840813,0,17,9,0,26
067840901,0,8,1,0,9
067840902,0,2,3,0,5
067841001,0,4,5,0,9
067841002,0,2,1,0,3
067841003,0,0,11,0,11
067841004,0,0,8,0,8
067841101,0,1,4,0,5
067841102,0,1,7,0,8
067841103,0,0,12,0,12
067841104,0,0,3,0,3
067841201,0,1,10,0,11
067841202,0,8,2,0,10
067841203,2,3,21,0,26
067841204,0,4,2,0,6
067910101,389,17,9,0,415
067910102,176,1,1,0,178
067910103,226,3,2,1,232
067910104,167,3,2,0,172
067910105,202,3,1,0,206
067910106,291,4,7,0,302
067910107,367,3,1,0,371
067910108,203,0,0,0,203
067910109,221,2,3,0,226
067910110,339,2,3,0,344
067910111,204,5,0,0,209
067910201,178,4,2,0,184
067910202,293,5,5,0,303
067910203,238,11,17,0,266
067910204,229,18,21,0,268
067910205,250,15,5,0,270
067910206,361,4,5,0,370
067910207,269,5,6,0,280
067910208,298,6,5,0,309
067910209,253,1,1,0,255
067910210,351,3,1,0,355
067910211,325,1,7,0,333
067910212,297,1,1,0,299
067910213,334,8,3,0,345
067910214,263,12,4,0,279
067910215,290,5,2,0,297
067910216,253,5,1,0,259
067910217,288,2,3,0,293
067910218,358,33,55,4,450
067910301,297,7,5,0,309
067910302,202,3,1,0,206
067910303,224,7,10,0,241
067910304,378,10,6,0,394
067910305,157,1,3,0,161
067910306,199,2,1,0,202
067910307,380,2,5,0,387
067910308,244,0,0,0,244
067910309,276,33,19,0,328
067910310,392,8,3,0,403
067910401,222,3,0,0,225
067910402,250,2,2,0,254
067910403,222,3,0,0,225
067910404,208,6,1,0,215
067910405,158,0,1,0,159
067910406,220,2,2,0,224
067910407,209,0,0,0,209
067910408,274,0,0,0,274
067910409,187,3,1,0,191
067910410,198,1,1,0,200
067910411,222,2,0,0,224
067910412,192,1,0,0,193
067910501,0,13,19,1,33
067910502,0,5,16,4,25
067910503,0,5,1,0,6
067910601,1,36,29,1,67
067910602,0,12,22,4,38
067910603,0,16,6,1,23
067910701,0,35,16,1,52
067910702,0,10,24,3,37
067910801,0,0,15,0,15
067910802,0,8,29,2,39
067910803,0,10,12,1,23
067910901,0,7,27,0,34
067910902,30,14,20,1,65
067910903,0,12,22,1,35
067910904,0,12,15,2,29
067910905,0,16,11,2,29
067910906,0,15,34,0,49
067911001,0,18,16,0,34
067911002,1,45,37,0,83
067911003,0,38,47,1,86
067911004,0,17,17,1,35
067911005,0,4,38,0,42
067911006,7,125,182,1,315
067911007,1,57,72,3,133
067911008,0,34,111,1,146
067911009,0,11,15,0,26
067911101,0,20,6,1,27
067911102,0,19,10,0,29
067911103,0,9,12,0,21
067911104,0,9,48,2,59
067911105,0,15,19,0,34
067911201,4,26,187,22,239
067911202,280,15,57,0,352
067911203,207,60,154,5,426
067911204,186,32,68,2,288
067911205,178,23,42,0,243
067911206,242,67,78,2,389
067911207,302,11,31,0,344
067911208,375,19,27,0,421
067911209,336,18,21,0,375
067911210,303,16,14,0,333
067911211,194,18,11,0,223
067911212,181,17,25,0,223
067911213,359,19,26,0,404
067911301,172,105,214,1,492
067911302,139,42,82,1,264
067911303,134,43,78,5,260
067911304,123,86,106,0,315
067911305,172,89,219,0,480
067911306,414,25,89,0,528
067911307,129,49,68,0,246
067911308,175,37,46,0,258
067911309,112,63,71,0,246
067911310,77,28,151,1,257
067911311,116,48,107,0,271
067911312,130,35,91,0,256
067911313,252,28,18,0,298
067911314,257,9,19,0,285
067911401,0,10,17,0,27
067911402,0,5,42,0,47
067911403,1,31,30,1,63
067911404,0,12,31,2,45
067911405,0,8,50,10,68
067911406,0,11,27,1,39
067911501,0,44,19,0,63
067911502,1,48,40,14,103
067911503,0,14,15,1,30
067911504,0,22,21,3,46
067911505,0,8,11,1,20
067911506,0,0,14,0,14
067911601,0,10,19,0,29
067911602,0,33,9,1,43
067911701,0,24,14,1,39
067911702,3,12,15,1,31
067911801,199,12,3,0,214
067911802,214,7,0,0,221
067911803,185,2,1,0,188
067911804,248,2,3,0,253
067911805,178,4,9,0,191
067911806,227,6,2,0,235
067911807,272,7,6,0,285
067911808,255,6,4,0,265
067911809,255,6,2,0,263
067911811,154,20,36,0,210
067911812,184,25,25,0,234
067911813,279,12,12,0,303
067911814,287,24,13,0,324
067911901,207,5,0,0,212
067911902,234,0,0,0,234
067911903,288,3,2,0,293
067911904,303,0,0,0,303
067911905,418,3,3,0,424
067911906,257,2,2,0,261
067911907,179,0,1,0,180
067911908,223,0,0,0,223
067911909,175,0,0,0,175
067911910,202,0,0,0,202
067911911,242,1,0,0,243
067912001,251,6,44,0,301
067912002,214,48,48,1,311
067912003,253,47,134,0,434
067912004,165,62,117,0,344
067912005,276,18,11,0,305
067912006,374,11,2,0,387
067912007,319,2,5,0,326
067912008,1,141,28,0,170
067912009,315,12,6,0,333
067912101,0,70,128,2,200
067912102,5,112,240,0,357
067912103,1,77,194,1,273
067912104,50,58,122,0,230
067912105,387,16,29,0,432
067912106,359,32,24,0,415
067912107,256,12,3,0,271
067912108,220,5,7,0,232
067912109,441,19,19,0,479
067912110,2,119,241,5,367
067912111,8,49,217,0,274
067912112,3,116,206,7,332
067912113,76,30,79,1,186
067912114,0,41,67,0,108
067912115,2,39,72,3,116
067912116,82,69,63,2,216
067912201,17,37,77,0,131
067912202,22,45,80,0,147
067912203,4,165,38,0,207
067912204,10,62,107,2,181
067912205,181,41,61,0,283
067912206,302,21,28,0,351
067912207,280,80,100,0,460
067912208,332,31,40,0,403
067912209,282,8,2,0,292
067912210,363,1,1,0,365
067912211,242,1,0,0,243
067912212,247,5,2,0,254
067912213,235,1,4,0,240
067912214,229,0,0,0,229
067912215,250,14,0,1,265
067912216,170,68,72,0,310
067912217,10,95,52,0,157
067912218,14,43,67,0,124
067980101,4,9,7,0,20
067980102,0,5,16,0,21
067980103,0,4,14,1,19
067980201,1,7,13,1,22
067980202,0,1,4,0,5
067980203,0,10,19,1,30
067980301,0,1,13,0,14
067980302,0,10,9,1,20
067980401,0,3,5,0,8
067980402,0,7,9,0,16
067980501,0,16,27,6,49
067980502,0,14,13,1,28
067980503,0,0,8,0,8
067980504,0,2,7,0,9
067980505,0,10,9,3,22
067980506,0,3,10,1,14
067980507,0,0,13,0,13
067980601,22,15,38,2,77
067980701,58,51,89,0,198
067980702,255,58,85,1,399
067980703,289,13,16,0,318
067980704,126,33,60,1,220
067980705,130,14,30,0,174
067980706,0,7,30,0,37
067980707,137,14,24,1,176
067980708,354,12,44,0,410
067980709,56,34,83,2,175
067980710,84,66,50,2,202
067980711,200,31,30,0,261
067980801,0,1,13,0,14
067980901,0,9,10,0,19
067980902,0,1,11,0,12
067980903,0,7,5,0,12
067980904,0,1,14,0,15
067980905,0,4,6,0,10
067981001,0,9,11,0,20
067981002,0,6,18,0,24
067981003,0,1,16,0,17
067981004,0,13,6,0,19
067981005,0,4,10,1,15
067981006,0,0,6,0,6
068120101,0,7,13,0,20
068120102,0,11,17,0,28
068120201,0,2,6,0,8
068120202,0,2,6,0,8
068120301,0,14,6,0,20
068120302,0,3,4,0,7
068120303,0,2,0,0,2
068120401,0,7,23,0,30
068120402,0,2,7,1,10
068120403,0,3,6,0,9
068120501,0,0,9,1,10
068120502,0,157,15,0,172
068120503,0,138,78,0,216
068120504,0,2,1,0,3
068120601,0,0,4,0,4
068120602,0,3,3,0,6
068190101,0,54,17,0,71
068190102,0,20,8,1,29
068190103,0,23,7,0,30
068190104,1,31,27,0,59
068190201,0,33,12,1,46
068190202,0,17,14,0,31
068190301,0,8,10,0,18
068190302,0,10,18,1,29
068190401,254,38,27,0,319
068190402,390,18,14,1,423
068190403,251,10,20,1,282
068190404,293,26,18,0,337
068190405,265,12,16,0,293
068190406,270,32,23,0,325
068190407,188,36,35,0,259
068190408,0,35,24,0,59
068190409,1,28,37,1,67
068190501,0,20,0,0,20
068190502,0,19,5,0,24
068190503,0,13,7,3,23
068190504,0,74,4,24,102
068190505,1,112,6,21,140
068190601,0,18,11,0,29
068190602,0,33,5,6,44
068190603,0,7,14,0,21
068190701,2,3,18,1,24
068190801,0,17,3,1,21
068190802,6,16,10,0,32
068190901,0,52,8,0,60
068190902,0,56,10,4,70
068190903,0,144,28,0,172
068190904,3,127,27,9,166
068190905,4,131,26,0,161
068190906,1,80,23,2,106
068190907,4,46,11,9,70
068190908,0,11,1,0,12
068190909,0,42,8,0,50
068190910,1,129,25,1,156
068190911,1,85,59,1,146
068190912,1,129,35,0,165
068260101,497,29,92,2,620
068260102,267,11,5,0,283
068260103,303,14,6,0,323
068260104,159,9,6,0,174
068260105,179,3,2,0,184
068260106,240,8,4,0,252
068260107,284,22,7,0,313
068260108,303,13,4,0,320
068260109,171,10,8,0,189
068260110,127,1,3,0,131
068260111,182,11,5,0,198
068260112,194,3,6,0,203
068260113,208,10,7,1,226
068260114,186,7,3,0,196
068260115,236,8,2,0,246
068260116,152,2,3,0,157
068260117,145,7,7,0,159
068260118,191,12,6,0,209
068260119,183,4,7,0,194
068260120,253,9,12,0,274
068260201,263,14,3,0,280
068260202,401,1,2,0,404
068260203,221,4,4,0,229
068260204,178,8,3,0,189
068260205,138,9,4,0,151
068260206,137,5,8,0,150
068260207,149,4,1,0,154
068260208,150,1,1,0,152
068260209,256,11,2,0,269
068260210,151,2,5,0,158
068260211,139,4,2,0,145
068260212,279,7,5,0,291
068260213,100,1,0,0,101
068260214,107,2,0,0,109
068260301,0,10,3,0,13
068260302,0,1,4,1,6
068260303,0,7,7,0,14
068260401,0,2,15,0,17
068260402,10,5,24,1,40
068260403,221,23,37,0,281
068260501,43,11,33,0,87
068260502,1,1,10,0,12
068260503,0,4,3,1,8
068260601,0,17,11,0,28
068260602,0,13,11,2,26
068260701,371,13,9,0,393
068260702,179,4,0,0,183
068260703,0,15,33,0,48
068260704,16,107,53,2,178
068260705,0,15,10,0,25
068260706,310,44,26,0,380
068260707,0,2,18,0,20
068260708,1,25,22,0,48
068260709,5,24,26,0,55
068260801,1,35,25,2,63
068260802,14,0,0,0,14
068260901,0,18,2,0,20
068260902,0,16,5,0,21
068261001,0,18,27,1,46
068261002,0,16,16,0,32
068261101,0,12,18,1,31
068261102,0,6,17,0,23
068261201,0,13,8,0,21
068261301,1,3,27,2,33
068261302,0,13,12,0,25
068261303,0,26,16,3,45
068261401,0,18,4,0,22
068261402,0,6,4,0,10
068261501,0,18,22,0,40
068261502,1,2,20,1,24
068261601,0,8,39,0,47
068261602,0,23,19,0,42
068261603,0,27,9,0,36
068261604,55,14,20,0,89
068261605,89,18,6,0,113
068261606,87,68,81,1,237
068261607,134,33,28,0,195
068261608,273,55,61,3,392
068261609,127,23,9,0,159
068261610,174,10,22,0,206
068261611,121,31,41,0,193
068261701,0,2,15,0,17
068261702,0,21,0,0,21
068261703,0,2,12,1,15
068261704,0,4,2,0,6
068261801,2,47,6,3,58
068261802,0,11,11,1,23
068261803,0,19,9,0,28
068261804,0,16,26,0,42
068261805,0,6,11,0,17
068261901,269,11,4,0,284
068261902,298,6,4,0,308
068261903,184,5,5,0,194
068261904,183,2,3,1,189
068261905,153,5,7,0,165
068261906,219,0,0,1,220
068261907,165,5,9,0,179
068261908,189,15,10,0,214
068261909,320,9,4,0,333
068261910,245,4,2,0,251
068261911,187,4,3,0,194
068330101,199,8,8,0,215
068330102,312,8,6,0,326
068330103,265,1,0,0,266
068330104,322,11,21,0,354
068330105,182,25,18,0,225
068330106,301,12,23,0,336
068330107,360,3,1,0,364
068330108,316,1,0,0,317
068330109,291,7,25,0,323
068330110,350,11,12,0,373
068330111,309,2,0,0,311
068330112,398,22,16,0,436
068330113,410,11,29,0,450
068330114,390,3,2,0,395
068330115,18,11,49,0,78
068330116,208,2,0,0,210
068330201,289,2,0,0,291
068330202,369,3,6,0,378
068330203,336,3,0,0,339
068330204,305,0,0,0,305
068330205,271,0,0,0,271
068330206,192,2,1,0,195
068330207,308,2,0,0,310
068330208,331,2,0,0,333
068330209,266,0,0,0,266
068330210,317,3,0,0,320
068330211,337,4,1,0,342
068330212,380,1,0,0,381
068330213,324,6,16,0,346
068330301,0,1,0,0,1
068330302,0,6,0,0,6
068330303,0,0,4,0,4
068330304,0,0,4,0,4
068330305,0,2,3,0,5
068330401,0,12,19,0,31
068330402,0,9,13,0,22
068330403,0,4,12,0,16
068330501,0,5,2,0,7
068330502,0,0,7,0,7
068330503,0,1,4,0,5
068330601,1,0,3,0,4
068330602,0,2,1,0,3
068330603,0,0,10,0,10
068330604,0,4,4,0,8
068330701,0,5,4,0,9
068330702,0,1,11,0,12
068330703,0,9,8,0,17
068330704,0,7,9,2,18
068330705,0,8,13,0,21
068330706,0,7,12,0,19
068330801,0,3,20,0,23
068330802,0,10,15,7,32
068330803,0,5,2,0,7
068330901,0,3,8,0,11
068330902,0,1,12,0,13
068330903,0,13,13,0,26
068331001,4,31,35,0,70
068331002,109,14,99,3,225
068331003,0,2,4,0,6
068331004,366,39,21,0,426
068331005,364,21,35,0,420
068331006,140,103,108,1,352
068331007,245,108,63,0,416
068331008,234,90,150,1,475
068331009,121,49,201,2,373
068331010,201,10,12,1,224
068331011,173,36,101,1,311
068331012,289,98,124,2,513
068331013,3,15,31,0,49
068331101,0,90,96,5,191
068331102,0,1,2,0,3
068331103,0,4,5,0,9
068331104,0,4,4,0,8
068331105,0,3,1,0,4
068331201,0,10,2,0,12
068331202,0,7,3,0,10
068331203,0,3,2,1,6
068331301,0,7,0,0,7
068331302,0,83,23,0,106
068331303,1,31,8,0,40
068331304,0,41,13,0,54
068331401,6,132,64,1,203
068331402,0,27,7,0,34
068331403,0,4,1,0,5
068331404,0,1,4,0,5
068331405,0,30,5,0,35
068331406,0,0,0,0,0
068331407,0,7,0,0,7
068331408,0,90,46,1,137
068331501,0,33,42,0,75
068331502,0,8,7,0,15
068331503,0,3,8,0,11
068331504,0,10,2,0,12
068331505,0,8,1,0,9
068331506,0,48,70,0,118
068331601,0,7,7,0,14
068331602,0,6,2,1,9
068331603,0,1,5,0,6
068331604,0,2,0,0,2
068331605,0,16,3,0,19
068331701,1,72,61,0,134
068331702,2,145,64,0,211
068331703,0,109,76,0,185
068331704,0,10,23,0,33
068331705,0,24,53,0,77
068331706,0,10,1,1,12
068331707,0,7,6,0,13
068331708,0,11,5,0,16
068331709,1,144,41,0,186
068331801,0,25,44,0,69
068331802,2,79,80,0,161
068331803,0,68,37,0,105
068331804,0,45,23,0,68
068331805,6,49,42,0,97
068331806,2,31,19,0,52
068331807,0,49,28,0,77
068331808,0,17,9,0,26
068331809,1,58,68,0,127
068331810,0,0,10,0,10
068331811,0,33,24,0,57
068331901,4,43,210,4,261
068331902,0,37,35,0,72
068331903,313,23,37,1,374
068331904,168,48,36,1,253
068331905,159,113,169,1,442
068331906,5,97,197,1,300
068331907,1,100,195,3,299
068331908,154,60,75,1,290
068331909,115,40,141,1,297
068331910,107,63,33,1,204
068331911,0,107,156,2,265
068331912,2,89,129,0,220
068331913,189,50,123,1,363
068331914,6,18,84,1,109
068331915,0,4,43,0,47
068470101,0,125,31,2,158
068470102,0,292,57,1,350
068470103,0,219,92,0,311
068470104,0,233,148,0,381
068470105,0,227,41,0,268
068470106,0,11,3,0,14
068470107,0,19,26,1,46
068470108,0,2,1,0,3
068470109,0,4,5,0,9
068470110,0,1,22,0,23
068470111,0,254,83,6,343
068470112,0,106,69,2,177
068470113,0,130,62,4,196
068470114,0,222,63,0,285
068470115,0,133,31,0,164
068470201,0,37,19,0,56
068470202,0,6,0,0,6
068470203,0,13,11,0,24
068470204,0,2,30,0,32
068470205,0,5,3,1,9
068540101,17,23,134,1,175
068540102,277,9,6,1,293
068540103,250,8,38,3,299
068540104,152,49,66,0,267
068540105,202,46,61,0,309
068540106,249,3,5,0,257
068540107,264,1,5,0,270
068540108,257,14,26,0,297
068540109,103,97,169,1,370
068540110,284,53,54,0,391
068540111,177,154,258,1,590
068540112,187,61,37,1,286
068540113,73,122,157,0,352
068540114,94,20,96,0,210
068540115,5,37,108,1,151
068540201,5,77,301,2,385
068540202,31,132,276,2,441
068540203,146,51,132,1,330
068540204,265,10,11,0,286
068540205,238,2,2,0,242
068540206,265,11,33,0,309
068540207,131,52,158,0,341
068540208,256,13,12,0,281
068540209,162,55,196,1,414
068540210,62,44,80,5,191
068540211,86,37,137,0,260
068540301,0,29,61,1,91
068540302,0,18,10,0,28
068540303,0,17,13,0,30
068540401,2,120,64,1,187
068540402,0,60,27,3,90
068540403,2,35,41,2,80
068540501,0,19,23,0,42
068540502,0,26,28,0,54
068540503,0,6,12,0,18
068540601,0,16,48,0,64
068540602,2,37,109,1,149
068540701,0,11,15,0,26
068540702,0,10,21,0,31
068540801,1,34,66,0,101
068540802,1,30,45,2,78
068540803,0,5,25,1,31
068540901,0,15,31,0,46
068541001,78,43,50,0,171
068541002,133,61,52,0,246
068541003,178,59,50,0,287
068541004,135,96,84,0,315
068541005,123,67,79,0,269
068541006,55,77,166,9,307
068541007,1,46,52,2,101
068541008,1,53,56,2,112
068541009,0,38,23,0,61
068541010,0,26,26,0,52
068541011,0,22,22,2,46
068541012,0,10,25,1,36
068541013,1,42,38,2,83
068541014,2,80,97,0,179
068541015,1,61,41,3,106
068541101,0,10,21,0,31
068541102,0,9,17,0,26
068541103,1,5,17,0,23
068541201,0,9,45,0,54
068541202,0,3,16,0,19
068541203,0,9,20,0,29
068541301,0,15,32,0,47
068541302,0,15,21,1,37
068541401,0,76,75,2,153
068541402,0,26,70,2,98
068541403,0,25,35,1,61
068541404,0,1,13,0,14
068541405,0,21,5,1,27
068541406,1,72,78,0,151
068680101,6,237,239,0,482
068680102,5,109,116,0,230
068680103,3,160,48,0,211
068680104,67,113,24,0,204
068680105,92,6,4,0,102
068680106,69,5,0,0,74
068680107,63,0,0,0,63
068680108,193,6,6,0,205
068680109,218,35,26,0,279
068680110,132,91,52,2,277
068680201,169,8,1,0,178
068680202,50,0,0,0,50
068680203,75,3,0,0,78
068680204,157,14,3,0,174
068680205,346,14,6,0,366
068680206,195,10,6,0,211
068680207,68,5,0,0,73
068680208,8,1,0,0,9
068680209,26,0,0,0,26
068680210,70,1,0,0,71
068680211,34,0,0,0,34
068680212,82,2,2,0,86
068680213,34,281,140,0,455
068680301,31,137,229,2,399
068680302,125,104,79,1,309
068680303,175,10,11,0,196
068680304,146,31,5,0,182
068680305,100,12,0,0,112
068680306,181,18,5,0,204
068680307,163,4,1,0,168
068680308,42,0,1,0,43
068680309,34,2,0,0,36
068680310,37,3,4,0,44
068680311,32,1,0,0,33
068680312,34,3,1,0,38
068680313,37,0,0,0,37
068680401,24,2,2,0,28
068680402,23,1,0,0,24
068680403,19,0,0,0,19
068680404,5,0,0,0,5
068680405,30,1,1,0,32
068680406,9,0,0,0,9
068680407,51,4,1,0,56
068680408,76,3,0,0,79
068680409,28,1,0,0,29
068680410,15,12,1,1,29
068680501,0,13,1,0,14
068680502,14,184,145,0,343
068680503,25,153,190,0,368
068680504,12,121,48,6,187
068680505,6,50,10,1,67
068680506,6,57,5,0,68
068680507,5,79,10,0,94
068680508,0,124,22,1,147
068680509,0,91,24,0,115
068680510,2,56,13,0,71
068680511,0,0,0,0,0
068680601,26,3,2,0,31
068680602,34,2,1,0,37
068680603,72,3,0,0,75
068680604,81,8,1,0,90
068680605,34,0,0,0,34
068680606,19,0,0,0,19
068680607,35,4,0,0,39
068680608,26,3,0,0,29
068680609,73,2,1,0,76
068680610,23,1,0,0,24
068680701,15,155,112,2,284
068680702,161,63,20,1,245
068680703,40,48,31,0,119
068680704,69,20,1,0,90
068680705,64,6,0,0,70
068680706,100,4,2,0,106
068680707,24,3,0,0,27
068680708,42,4,1,0,47
068680709,25,1,0,0,26
068680710,20,1,0,0,21
068680711,45,1,2,0,48
068680712,13,10,22,0,45
068680801,47,173,82,1,303
068680802,14,165,71,2,252
068680803,14,61,42,0,117
068680804,105,44,28,0,177
068680805,22,1,0,0,23
068680806,31,4,3,0,38
068680807,24,0,1,0,25
068680808,25,0,0,0,25
068680809,55,54,54,1,164
068680810,33,9,3,0,45
068750101,0,8,3,0,11
068750201,1,42,22,0,65
068750301,1,18,39,0,58
068750401,0,38,14,0,52
068750402,1,14,23,0,38
068750403,0,33,17,0,50
068750501,0,4,7,0,11
068750502,0,27,17,1,45
068750601,7,200,49,0,256
068750602,2,147,40,0,189
068750603,3,73,38,0,114
068750604,15,312,87,1,415
068750605,3,186,71,5,265
068750606,0,39,41,8,88
068750607,0,15,9,0,24
068750608,5,203,106,5,319
068750609,54,94,27,0,175
068750701,0,28,12,2,42
068750801,1,45,15,0,61
068750802,1,103,53,2,159
068750803,3,101,34,0,138
068750804,2,131,31,0,164
068750805,0,77,50,6,133
068750901,2,46,30,0,78
068750902,0,13,34,1,48
068751001,0,14,12,0,26
068751101,0,4,7,0,11
068751201,0,62,47,4,113
068751301,0,10,4,1,15
068751302,0,39,25,1,65
068751401,2,34,14,2,52
068751402,0,35,11,0,46
068751501,3,196,42,2,243
068751502,48,59,17,1,125
068751503,15,55,34,6,110
068751504,0,86,56,9,151
068751505,1,20,16,2,39
068751506,3,86,193,38,320
068751507,3,162,118,4,287
068751508,10,190,76,4,280
068751509,31,127,27,0,185
068751601,0,81,51,4,136
068751602,315,62,45,4,426
068751603,260,107,122,8,497
068751604,3,154,91,14,262
068751605,84,189,97,6,376
068751606,8,140,138,2,288
068751607,187,36,9,0,232
068751608,243,5,7,0,255
068751609,180,9,6,0,195
068751610,189,44,103,23,359
068751611,158,24,11,1,194
068751612,0,134,54,3,191
068751613,1,143,126,5,275
068751614,2,114,153,7,276
068751615,0,107,196,34,337
068751701,2,63,65,6,136
068751801,0,9,11,0,20
068820101,340,2,11,0,353
068820102,389,2,5,0,396
068820103,380,8,12,0,400
068820104,407,7,5,0,419
068820105,415,5,67,1,488
068820106,325,5,2,0,332
068820107,349,1,0,0,350
068820108,328,5,0,0,333
068820109,283,3,1,0,287
068820110,327,1,10,0,338
068820201,387,3,19,0,409
068820202,262,6,6,0,274
068820203,226,0,0,0,226
068820204,254,0,0,0,254
068820205,313,1,0,0,314
068820206,258,0,0,0,258
068820207,310,2,0,0,312
068820208,352,0,0,0,352
068820209,307,1,0,0,308
068820210,273,1,5,0,279
068820211,385,3,3,0,391
068820212,38,12,190,0,240
068820213,320,0,1,0,321
068820214,135,7,66,0,208
068820301,9,0,29,18,56
068820302,299,1,18,0,318
068820303,331,21,15,6,373
068820304,355,7,14,0,376
068820305,284,2,7,0,293
068820306,339,3,0,0,342
068820307,280,2,0,0,282
068820308,383,2,1,0,386
068820401,283,20,61,0,364
068820402,0,9,19,0,28
068820403,3,17,41,4,65
068820501,79,10,26,0,115
068820502,205,60,184,3,452
068820503,325,60,70,0,455
068820504,258,85,99,1,443
068820505,41,0,7,0,48
068820506,17,2,25,0,44
068820507,126,18,21,0,165
068820508,212,57,70,0,339
068820509,274,51,109,0,434
068820601,1,36,14,0,51
068820701,24,7,25,0,56
068820702,0,61,81,2,144
068820703,16,61,129,0,206
068820801,84,109,181,41,415
068820802,265,47,74,1,387
068820803,355,11,27,0,393
068820804,209,17,108,11,345
068820805,322,0,0,0,322
068820806,335,1,0,0,336
068820807,302,1,0,0,303
068820808,307,0,0,0,307
068820809,293,0,0,0,293
068820810,276,2,0,0,278
068820811,217,1,16,0,234
068820812,314,1,0,0,315
068820813,124,41,231,0,396
068820901,14,125,312,5,456
068820902,12,152,158,0,322
068820903,288,12,66,0,366
068820904,59,133,184,0,376
068820905,17,80,141,2,240
068820906,8,91,340,1,440
068820907,24,99,347,2,472
068820908,228,28,56,0,312
068820909,259,6,4,0,269
068820910,378,3,13,0,394
068820911,137,46,65,1,249
068820912,47,112,202,4,365
068820913,12,79,190,3,284
068820914,215,22,65,0,302
068821001,276,1,0,0,277
068821002,228,0,0,0,228
068821003,299,4,0,0,303
068821004,250,0,0,0,250
068821005,251,3,0,0,254
068821006,381,2,43,1,427
068821007,227,9,5,0,241
068821008,59,52,161,0,272
068821009,354,8,64,1,427
068821010,26,106,409,3,544
068821011,6,34,377,3,420
068821101,0,109,115,4,228
068821201,2,49,79,0,130
068821301,29,59,73,2,163
068821401,1,70,86,0,157
068821501,0,19,19,1,39
068821601,343,0,2,0,345
068821602,388,7,1,0,396
068821603,433,1,6,0,440
068821604,314,9,30,0,353
068821605,398,12,48,0,458
068821606,198,13,36,0,247
068821607,23,56,227,1,307
068821608,11,59,302,1,373
068821701,70,46,230,0,346
068821702,4,64,224,0,292
068821703,52,150,217,2,421
068821704,30,133,298,0,461
068821705,13,29,440,5,487
068821706,6,25,108,0,139
068821707,13,111,48,0,172
068821708,19,93,75,0,187
068821709,27,13,44,1,85
068821710,10,114,218,3,345
068821711,2,98,190,2,292
068821801,0,12,27,14,53
068821802,0,0,10,6,16
068821803,0,0,11,12,23
100070101,0,11,2,0,13
100070102,0,31,20,0,51
100070103,0,17,9,0,26
100070104,0,84,8,0,92
100070105,0,95,25,0,120
100070201,0,118,39,2,159
100070202,0,53,30,0,83
100070203,0,13,18,0,31
100070204,0,41,31,2,74
100070301,0,54,42,1,97
100070302,0,9,17,0,26
100070401,0,2,16,0,18
100070402,0,18,8,0,26
100070403,0,1,2,0,3
100070404,0,73,33,0,106
100070405,0,2,9,0,11
100070406,0,61,22,0,83
100070407,0,48,35,0,83
100070408,0,45,37,0,82
100070409,0,28,21,0,49
100140101,0,60,30,7,97
100140102,0,2,16,2,20
100140103,0,4,9,3,16
100140104,0,1,2,0,3
100140201,0,53,23,2,78
100140202,0,9,19,1,29
100140301,0,0,25,1,26
100140302,0,5,3,1,9
100140303,0,0,1,0,1
100140401,0,8,16,2,26
100140402,0,15,7,3,25
100140501,0,11,11,0,22
100140502,0,8,16,5,29
100140503,0,15,12,1,28
100140601,0,15,11,0,26
100140602,0,2,21,1,24
100140701,0,36,12,4,52
100140702,0,1,10,1,12
100140801,0,12,9,2,23
100140802,0,16,7,0,23
100140803,0,18,4,0,22
100140901,0,15,11,0,26
100140902,0,6,6,2,14
100210101,1,52,35,0,88
100210102,0,0,0,0,0
100210103,7,331,69,0,407
100210104,105,163,46,1,315
100210105,16,229,64,0,309
100210106,47,149,71,0,267
100210107,0,222,88,0,310
100210108,19,170,58,3,250
100210109,15,186,39,0,240
100210110,196,85,33,0,314
100210111,9,210,90,2,311
100210112,2,175,53,0,230
100210113,1,162,36,4,203
100210114,1,85,2,0,88
100210201,0,2,1,1,4
100210202,91,77,88,3,259
100210301,0,34,24,0,58
100210401,0,43,48,2,93
100210501,0,4,7,4,15
100210601,0,0,7,4,11
100210701,0,28,17,1,46
100210801,0,18,21,3,42
100210901,0,3,12,5,20
100210902,0,7,33,4,44
100211001,1,65,68,2,136
100211002,0,9,50,2,61
100211003,0,40,47,0,87
100211004,0,52,35,0,87
100211005,0,63,32,3,98
100211006,0,49,23,0,72
100280101,1,27,34,4,66
100280201,0,3,17,10,30
100280202,96,24,54,16,190
100280301,0,1,9,1,11
100280302,0,3,6,14,23
100350101,26,92,118,6,242
100350102,1,0,2,3,6
100350103,223,23,22,1,269
100350104,189,4,7,1,201
100350105,340,10,4,0,354
100350106,268,16,15,0,299
100350107,156,6,10,1,173
100350108,210,24,16,1,251
100350109,174,17,24,1,216
100350110,185,35,16,2,238
100350111,71,32,47,1,151
100350112,293,20,12,1,326
100350113,240,10,9,0,259
100350114,178,7,11,4,200
100350115,160,13,45,0,218
100350201,1,27,42,3,73
100350202,1,3,8,10,22
100350203,0,3,16,2,21
100350204,60,102,123,9,294
100350205,75,45,36,0,156
100350206,87,28,52,1,168
100350301,0,38,29,1,68
100350302,0,27,5,1,33
100350303,0,27,37,6,70
100350304,1,9,38,5,53
100350305,1,21,44,1,67
100350306,6,64,56,10,136
100350307,0,20,50,5,75
100350401,1,33,55,14,103
100350402,0,6,17,3,26
100350501,0,27,80,1,108
100350502,0,76,37,9,122
100350503,0,107,32,11,150
100350504,0,0,3,4,7
100350505,0,0,4,11,15
100350506,0,3,1,16,20
100350507,0,0,3,1,4
100350508,4,106,121,16,247
100350601,36,6,14,1,57
100350602,0,8,35,2,45
100350603,1,25,14,2,42
100350604,0,6,14,8,28
100350605,0,21,38,1,60
100350606,1,65,45,5,116
100350607,0,11,10,21,42
100350608,0,143,64,9,216
100420101,0,13,7,2,22
100420102,0,32,14,3,49
100420103,0,129,36,4,169
100420104,0,156,36,0,192
100420105,0,149,61,0,210
100420106,0,177,53,8,238
100420107,0,172,58,1,231
100420201,0,25,16,0,41
100420202,0,84,62,2,148
100420203,0,9,5,1,15
100420204,0,42,24,4,70
100420205,0,46,27,2,75
100420206,0,186,22,1,209
100420207,0,258,75,5,338
100420301,0,121,42,2,165
100420302,0,142,28,4,174
100420303,0,247,71,1,319
100420304,0,18,18,0,36
100420305,0,167,43,2,212
100420306,0,182,51,3,236
100420307,0,26,2,0,28
100420401,0,36,56,0,92
100420402,0,65,42,0,107
100420501,0,16,5,0,21
100420502,0,49,32,0,81
100420601,0,4,7,1,12
100420602,0,86,25,1,112
100420603,0,24,9,2,35
100420604,0,25,20,4,49
100490101,30,1,10,0,41
100490102,10,323,94,0,427
100490103,232,20,16,0,268
100490104,166,1,0,0,167
100490105,323,2,0,0,325
100490106,265,8,1,0,274
100490107,214,8,0,0,222
100490108,208,32,1,0,241
100490109,134,6,15,0,155
100490110,184,108,88,5,385
100490111,59,134,158,41,392
100490112,325,29,4,0,358
100490113,356,58,18,0,432
100490114,331,17,20,0,368
100490115,294,2,3,0,299
100490201,50,152,36,1,239
100490202,204,40,15,1,260
100490203,199,27,65,2,293
100490204,254,16,2,0,272
100490205,203,19,44,0,266
100490206,184,14,0,0,198
100490207,330,15,10,0,355
100490208,353,7,0,0,360
100490209,290,1,0,0,291
100490210,227,2,0,0,229
100490211,169,10,3,0,182
100490212,210,0,0,0,210
100490213,180,0,0,0,180
100490214,219,0,0,0,219
100490215,203,0,0,0,203
100490216,385,3,2,0,390
100490217,283,7,0,0,290
100490218,214,8,2,0,224
100490219,262,20,5,1,288
100490220,117,11,19,0,147
100490221,167,11,4,0,182
100490301,346,5,5,0,356
100490302,225,5,0,0,230
100490303,258,36,9,0,303
100490304,220,43,13,0,276
100490305,229,10,18,0,257
100490306,188,42,22,0,252
100490307,207,7,7,0,221
100490308,308,1,2,1,312
100490309,346,19,49,3,417
100490310,194,8,6,0,208
100490311,364,8,9,0,381
100490312,247,3,2,0,252
100490313,196,5,1,0,202
100490314,249,11,6,0,266
100490315,258,13,3,0,274
100490316,181,3,3,0,187
100490317,361,11,2,0,374
100490318,186,9,2,0,197
100490319,285,6,1,0,292
100490320,301,5,4,0,310
100490321,167,8,0,0,175
100490322,136,0,0,0,136
100490323,176,0,0,0,176
100490324,223,8,1,0,232
100490401,214,1,0,0,215
100490402,203,1,0,0,204
100490403,238,3,1,0,242
100490404,265,43,14,0,322
100490405,219,52,27,0,298
100490406,240,42,33,0,315
100490407,252,54,40,0,346
100490408,216,11,1,0,228
100490409,339,33,7,0,379
100490410,198,58,17,0,273
100490411,170,64,30,0,264
100490412,178,50,33,0,261
100490413,197,28,16,3,244
100490414,105,107,32,0,244
100490415,203,52,25,1,281
100490416,338,17,5,0,360
100490417,214,2,0,0,216
100490418,278,8,2,1,289
100490419,281,22,20,0,323
100490501,227,1,3,0,231
100490502,178,1,0,0,179
100490503,183,11,14,0,208
100490504,180,15,11,1,207
100490505,200,35,21,1,257
100490506,168,18,20,0,206
100490507,199,5,5,0,209
100490508,292,1,3,0,296
100490509,230,2,3,0,235
100490510,276,40,10,1,327
100490511,204,9,3,0,216
100490512,315,18,50,1,384
100490513,271,51,102,3,427
100490514,159,9,7,0,175
100490515,311,39,60,1,411
100490516,125,90,148,9,372
100490517,71,38,44,1,154
100490601,279,8,5,0,292
100490602,198,2,4,0,204
100490603,208,3,0,0,211
100490604,171,5,0,0,176
100490605,202,5,0,0,207
100490606,243,14,7,0,264
100490607,287,23,10,0,320
100490608,148,4,0,0,152
100490609,266,15,3,0,284
100490610,209,18,7,0,234
100490611,281,15,9,0,305
100490612,204,5,11,0,220
100490613,309,40,14,1,364
100490614,195,22,10,0,227
100490615,322,23,14,0,359
100490616,246,12,30,0,288
100490617,178,7,6,0,191
100490618,277,10,3,0,290
100490619,220,3,1,0,224
100490701,176,70,38,0,284
100490702,120,56,28,0,204
100490703,203,28,19,1,251
100490704,214,13,12,0,239
100490705,151,6,3,1,161
100490706,322,25,27,0,374
100490707,376,25,28,1,430
100490708,266,4,5,0,275
100490709,257,6,13,0,276
100490710,251,13,17,1,282
100490711,284,19,3,0,306
100490712,255,88,36,0,379
100490801,168,0,0,0,168
100490802,252,0,0,0,252
100490803,345,1,0,0,346
100490804,232,1,0,0,233
100490805,238,16,27,0,281
100490806,212,6,0,0,218
100490807,216,55,12,0,283
100490808,249,123,34,1,407
100490809,199,27,16,0,242
100490810,278,46,23,0,347
100490811,240,17,11,0,268
100490812,152,24,12,0,188
100490813,364,54,19,0,437
100490901,2,29,40,8,79
100490902,4,42,32,10,88
100490903,226,2,2,0,230
100490904,255,1,0,0,256
100490905,148,0,0,0,148
100490906,381,34,8,0,423
100490907,158,43,69,4,274
100490908,72,54,105,3,234
100490909,152,82,76,5,315
100490910,89,26,113,1,229
100490911,203,3,0,0,206
100490912,299,3,1,0,303
100490913,217,9,13,1,240
100490914,276,9,10,0,295
100560101,0,4,0,0,4
100560102,0,72,41,0,113
100560103,0,25,9,0,34
100560104,0,4,6,0,10
100560201,0,6,7,3,16
100560202,0,4,11,0,15
100560203,0,10,9,1,20
100560204,0,3,7,1,11
100560205,0,156,52,0,208
100560301,0,4,7,2,13
100560302,0,9,28,5,42
100560303,0,19,16,1,36
100560304,0,7,19,0,26
100560401,0,12,15,0,27
100560402,0,3,5,2,10
100560403,0,25,13,1,39
100560501,0,1,9,2,12
100560502,0,36,45,3,84
100560503,0,27,35,2,64
100560504,0,8,23,15,46
100560601,0,7,24,1,32
100560602,0,0,0,3,3
100560603,0,2,11,7,20
100560701,0,11,21,3,35
100630101,158,11,7,0,176
100630102,2,41,17,0,60
100630103,0,35,30,1,66
100630201,0,79,18,0,97
100630202,3,170,29,0,202
100630203,3,108,51,0,162
100630204,12,180,20,0,212
100630205,3,242,20,0,265
100630206,3,175,9,1,188
100630207,3,190,4,0,197
100630208,0,165,35,0,200
100630209,11,175,27,0,213
100630210,2,164,20,1,187
100630211,3,171,15,1,190
100630212,1,198,18,0,217
100630213,2,238,47,3,290
100630214,0,3,1,0,4
100630215,0,0,0,0,0
100630216,0,0,0,0,0
100630217,0,0,0,0,0
100630218,0,0,0,0,0
100700101,0,8,10,6,24
100700102,0,0,16,17,33
100700103,19,226,108,4,357
100700104,46,161,57,2,266
100700105,128,119,21,3,271
100700106,36,139,46,2,223
100700107,187,66,49,0,302
100700108,159,68,24,4,255
100700109,54,125,53,3,235
100700110,147,134,78,7,366
100700111,68,130,83,6,287
100700112,115,107,51,4,277
100700113,11,112,62,3,188
100700201,0,25,59,3,87
100700202,0,29,40,7,76
100700203,2,155,62,0,219
100700204,0,63,72,32,167
100700205,0,56,43,6,105
100700301,2,163,78,5,248
100700302,0,45,20,0,65
100700303,0,35,70,2,107
100700304,0,8,3,7,18
100700305,0,221,47,3,271
100700306,2,206,48,0,256
100700307,8,168,74,10,260
100700308,2,143,52,3,200
100700309,0,3,12,25,40
100700401,0,22,12,17,51
100700402,0,9,29,3,41
100700403,0,5,33,16,54
100700404,1,118,138,5,262
100770101,0,10,4,1,15
100770102,1,67,6,0,74
100770103,4,30,15,0,49
100770104,171,10,8,0,189
100770105,200,9,5,0,214
100770201,1,12,22,1,36
100770202,2,52,15,0,69
100770203,0,15,6,0,21
100770301,0,35,14,0,49
100770401,1,40,19,1,61
100770402,0,16,12,0,28
100770501,0,3,17,0,20
100770502,2,32,29,4,67
100770601,0,42,53,0,95
100770602,0,14,27,1,42
100770603,0,52,22,1,75
100840101,0,103,59,3,165
100840102,0,4,7,0,11
100840103,0,156,37,0,193
100840104,0,158,30,1,189
100840105,0,132,42,1,175
100840106,0,146,25,0,171
100840107,0,6,1,0,7
100840201,0,16,4,1,21
100840202,0,78,53,0,131
100840203,0,101,51,1,153
100840204,0,85,50,0,135
100840301,0,5,6,1,12
100840302,0,5,0,11,16
100840303,0,77,53,0,130
100840304,0,166,95,10,271
100840305,0,102,12,4,118
100840306,0,160,36,1,197
100840307,0,195,41,1,237
100840401,0,113,46,7,166
100840402,0,14,4,0,18
100840403,0,73,19,0,92
100910101,0,1,1,0,2
100910102,52,10,8,6,76
100910103,76,85,50,4,215
100910104,187,40,27,4,258
100910105,212,37,10,0,259
100910106,135,41,24,0,200
100910107,185,45,21,1,252
100910108,114,123,126,14,377
100910109,204,62,40,4,310
100910110,263,5,5,0,273
100910111,159,89,41,1,290
100910112,19,64,82,7,172
100910113,119,41,26,6,192
100910114,3,119,56,22,200
100910115,98,19,15,1,133
100910201,4,57,52,7,120
100910202,0,32,14,3,49
100910301,0,0,0,0,0
100910302,5,82,73,33,193
100910303,3,135,51,28,217
100910401,0,0,3,2,5
100910402,0,0,0,0,0
100910403,1,235,109,24,369
100910404,0,46,59,5,110
100910405,0,0,2,4,6
100910501,1,44,62,43,150
100910502,0,68,56,38,162
100910503,2,94,38,13,147
100910504,2,94,55,3,154
100910505,0,87,134,17,238
100910506,0,9,0,13,22
100910507,0,20,47,23,90
100910508,0,13,35,20,68
100910509,0,38,11,6,55
100910510,0,4,4,9,17
100910511,0,0,0,1,1
100910601,1,2,13,24,40
100910602,0,0,2,17,19
100910603,0,0,9,24,33
100910604,0,0,4,2,6
100910701,0,0,0,13,13
100910702,0,6,1,34,41
100910703,0,0,4,16,20
100980101,0,40,52,8,100
100980102,0,110,94,2,206
100980103,0,3,5,0,8
100980104,0,5,34,10,49
100980201,0,9,21,2,32
100980202,0,4,18,2,24
100980203,0,117,72,3,192
100980204,0,23,19,3,45
100980205,0,133,28,1,162
100980206,0,92,53,3,148
100980207,0,18,40,4,62
100980208,0,14,23,0,37
100980301,0,18,25,2,45
100980302,0,13,10,0,23
100980303,0,54,48,1,103
100980401,0,30,36,3,69
100980402,0,178,40,3,221
100980403,0,137,39,2,178
100980404,0,343,43,2,388
100980405,0,189,81,7,277
100980406,0,10,8,0,18
100980407,0,113,41,1,155
100980408,0,145,42,0,187
100980409,0,152,23,1,176
100980410,0,4,9,0,13
101050101,0,5,17,7,29
101050102,0,120,58,9,187
101050103,57,55,21,8,141
101050104,17,203,65,8,293
101050105,86,105,59,2,252
101050106,78,31,61,2,172
101050107,87,88,79,1,255
101050108,173,6,0,0,179
101050109,87,119,53,1,260
101050110,12,102,42,0,156
101050111,68,120,71,1,260
101050112,198,44,28,2,272
101050113,0,72,44,6,122
101050114,166,97,37,3,303
101050115,4,212,62,3,281
101050201,0,24,35,1,60
101050202,0,93,78,7,178
101050301,0,1,2,1,4
101050302,0,132,78,2,212
101050303,0,170,65,4,239
101050304,17,168,50,3,238
101050305,0,139,31,3,173
101050306,1,139,39,1,180
101050307,1,103,30,1,135
101050401,1,80,29,4,114
101050402,0,42,10,4,56
101050501,0,24,33,1,58
101050502,0,1,1,1,3
101050601,0,0,1,0,1
101050602,1,94,51,5,151
101050701,0,33,26,6,65
101050702,0,107,96,2,205
101050703,1,12,10,0,23
101050704,0,5,0,0,5
101050705,0,9,11,0,20
101050706,0,14,10,8,32
101050707,0,24,29,6,59
101050708,2,77,47,1,127
101050709,2,100,23,1,126
101050801,0,14,20,0,34
101050802,0,0,9,0,9
101120101,0,87,28,2,117
101120201,0,20,13,0,33
101120202,0,28,30,0,58
101120301,0,14,12,0,26
101120302,0,66,24,0,90
101120303,0,42,3,1,46
101120401,0,19,5,0,24
101120402,0,180,14,0,194
101120403,0,335,29,1,365
101120404,0,239,88,2,329
101120405,0,309,24,1,334
101120406,0,296,25,0,321
101120407,0,228,8,0,236
101120408,0,296,35,0,331
101120409,0,271,37,0,308
101120410,0,222,13,0,235
101120411,0,168,25,1,194
101120501,0,8,5,0,13
101120502,0,197,20,0,217
101120503,0,249,11,1,261
101120504,0,190,42,0,232
101120505,0,175,56,0,231
101120506,0,217,54,1,272
101120507,0,207,37,2,246
101120508,0,203,7,2,212
101120509,0,283,23,0,306
101120510,0,189,87,2,278
101120511,0,227,23,2,252
101120512,0,152,46,11,209
101120513,0,226,54,3,283
101120514,0,137,50,2,189
101120515,0,149,62,1,212
140070101,0,11,2,3,16
140070102,1,63,20,13,97
140070103,1,58,8,6,73
140070104,0,17,2,5,24
140070105,1,55,10,1,67
140070106,0,15,13,3,31
140070107,0,9,1,0,10
140070108,0,89,23,1,113
140070110,0,106,10,17,133
140070111,1,142,23,23,189
140070112,0,129,18,8,155
140070113,60,83,8,7,158
140070201,1,79,10,3,93
140070202,0,16,7,8,31
140070203,0,20,14,0,34
140070204,4,110,22,2,138
140070205,1,136,12,6,155
140070206,65,192,49,11,317
140070207,144,105,19,3,271
140070208,88,183,20,0,291
140070209,47,127,31,1,206
140070210,120,32,5,0,157
140070211,21,222,38,11,292
140070212,78,98,8,0,184
140070213,57,108,13,1,179
140070214,135,50,10,3,198
140070215,85,85,14,0,184
140070216,1,62,11,3,77
140070301,0,9,5,2,16
140070302,0,14,0,0,14
140070303,0,3,1,0,4
140070304,0,11,6,0,17
140070305,0,55,9,6,70
140070306,0,21,5,0,26
140070307,0,27,1,3,31
140070308,1,70,2,1,74
140070309,3,227,35,0,265
140070310,0,182,14,0,196
140070311,0,205,35,6,246
140070312,0,213,35,0,248
140070401,0,15,3,1,19
140070402,0,2,0,4,6
140070403,0,21,2,1,24
140070404,0,2,0,0,2
140070405,1,33,9,0,43
140070406,1,49,10,4,64
140070407,0,69,5,2,76
140070408,0,10,7,2,19
140070409,0,3,4,1,8
140070410,0,5,3,1,9
140070411,0,14,2,3,19
140070412,0,11,5,11,27
140070413,0,20,3,1,24
140070414,2,180,34,50,266
140070415,2,50,4,0,56
140070416,0,107,22,2,131
140070501,0,174,11,14,199
140070502,4,100,13,0,117
140070503,2,125,37,1,165
140070504,5,146,15,2,168
140070505,7,164,11,0,182
140070506,1,200,13,8,222
140070507,2,133,25,7,167
140070508,0,138,10,4,152
140070509,5,240,22,0,267
140070510,1,291,34,1,327
140070511,3,266,31,3,303
140070512,6,253,40,0,299
140070513,9,231,18,1,259
140070514,4,160,14,1,179
140070515,1,180,13,1,195
140070516,0,104,16,1,121
140070517,1,253,17,0,271
140070518,2,151,56,22,231
140070601,0,8,3,0,11
140070602,0,59,20,1,80
140070603,0,22,8,10,40
140070604,0,5,14,1,20
140070605,0,59,6,1,66
140070606,1,53,9,0,63
140070607,4,221,32,1,258
140070608,1,202,22,2,227
140070609,2,136,11,3,152
140070610,0,115,16,5,136
140070611,2,199,16,2,219
140070612,1,145,14,6,166
140070613,2,111,7,6,126
140070614,0,179,46,21,246
140070615,2,107,28,1,138
140070616,1,95,13,0,109
140070701,0,13,7,0,20
140070702,0,11,10,3,24
140070703,0,7,3,0,10
140070704,0,2,2,1,5
140070705,0,15,6,1,22
140070706,2,241,39,4,286
140070707,0,9,4,1,14
140070708,0,6,4,1,11
140070709,0,4,0,2,6
140070710,0,9,0,1,10
140070711,0,2,0,8,10
140070712,0,11,1,0,12
140070713,0,10,12,1,23
140070714,0,2,2,1,5
140070715,0,17,37,11,65
140070716,0,8,4,0,12
140070717,0,4,2,2,8
140070718,0,26,2,0,28
140070719,0,147,22,0,169
140070720,0,14,5,0,19
140070801,0,8,2,1,11
140070802,19,20,13,7,59
140070803,127,105,19,21,272
140070804,0,63,5,1,69
140070805,15,265,50,11,341
140070806,52,120,27,1,200
140070807,6,234,34,5,279
140070808,205,76,12,1,294
140070809,98,130,21,4,253
140070810,0,17,13,2,32
140070811,0,8,4,2,14
140070812,0,9,3,3,15
140070813,0,12,3,1,16
140070814,1,283,32,12,328
140070815,4,306,16,3,329
140070816,3,179,26,2,210
140070817,82,232,16,0,330
140070818,1,257,16,3,277
140070819,12,19,4,0,35
140070820,6,155,30,2,193
140070901,0,1,3,1,5
140070902,1,3,5,9,18
140070903,0,4,8,2,14
140070904,1,197,47,2,247
140070905,0,8,5,0,13
140070906,0,7,15,0,22
140070907,0,4,5,0,9
140070908,3,88,9,0,100
140140101,112,4,37,1,154
140140102,24,213,71,2,310
140140103,24,280,54,2,360
140140104,5,148,34,1,188
140140105,27,262,13,0,302
140140106,5,305,30,2,342
140140107,11,227,10,0,248
140140108,3,209,20,0,232
140140109,7,338,47,2,394
140140110,39,229,5,0,273
140140111,10,171,9,0,190
140140112,25,248,41,0,314
140140113,10,286,22,1,319
140140201,174,57,7,3,241
140140202,167,268,17,0,452
140140203,79,225,42,0,346
140140204,30,249,3,0,282
140140205,96,131,0,0,227
140140206,130,53,0,0,183
140140207,322,34,2,0,358
140140208,264,15,0,0,279
140140209,251,17,0,0,268
140140210,253,11,1,0,265
140140211,96,89,4,0,189
140140212,229,10,0,0,239
140140213,339,18,3,0,360
140140214,21,249,96,1,367
140140215,50,300,27,0,377
140140301,3,92,32,0,127
140140302,6,345,177,4,532
140140303,4,296,77,8,385
140140304,6,204,133,0,343
140140305,13,230,56,0,299
140140306,13,151,66,1,231
140140307,4,160,60,2,226
140140308,3,235,87,7,332
140140309,11,187,142,4,344
140140310,196,67,7,0,270
140140311,164,103,5,0,272
140140312,310,44,10,0,364
140140313,302,84,16,0,402
140140401,3,320,62,2,387
140140402,4,249,32,1,286
140140403,1,86,13,0,100
140140404,29,187,55,1,272
140140405,353,100,12,0,465
140140406,92,229,97,0,418
140140407,8,273,17,0,298
140140408,14,369,52,2,437
140140409,5,247,39,0,291
140140410,7,287,68,7,369
140140411,8,327,66,2,403
140140501,1,165,65,4,235
140140502,272,60,2,0,334
140140503,212,7,11,4,234
140140504,282,69,12,3,366
140140505,101,271,57,6,435
140140506,3,177,33,2,215
140140507,4,175,66,0,245
140140508,9,252,118,1,380
140140509,3,209,45,3,260
140140510,5,360,27,0,392
140140511,3,290,12,2,307
140140512,10,239,63,4,316
140140513,3,302,30,0,335
140140514,7,255,65,1,328
140140515,381,2,0,0,383
140140601,1,165,52,2,220
140140602,3,33,7,0,43
140140603,0,47,17,0,64
140140604,0,111,82,11,204
140140605,3,166,49,6,224
140140606,62,189,15,2,268
140140607,11,373,43,5,432
140140608,4,107,38,4,153
140140609,1,272,33,2,308
140140610,0,273,29,5,307
140140701,6,319,28,0,353
140140702,23,217,5,0,245
140140703,4,141,32,0,177
140140704,118,91,43,0,252
140140705,7,221,75,1,304
140140706,0,4,6,1,11
140140707,1,149,36,0,186
140140708,103,118,73,1,295
140140709,246,97,13,0,356
140140710,0,38,15,3,56
140140711,4,116,41,4,165
140140712,0,77,36,6,119
140140713,242,3,0,0,245
140140714,259,11,9,1,280
140140715,192,29,13,0,234
140140801,1,1,1,0,3
140140802,202,4,0,0,206
140140803,3,109,2,0,114
140140804,6,94,172,2,274
140140805,32,286,121,9,448
140140806,20,217,9,1,247
140140807,16,262,11,1,290
140140808,3,164,13,12,192
140140809,4,308,137,4,453
140140810,11,228,126,3,368
140140811,1,290,74,2,367
140140812,204,12,40,0,256
140140901,0,3,1,4,8
140140902,8,232,58,28,326
140140903,1,82,168,12,263
140140904,13,193,55,1,262
140140905,1,338,57,1,397
140140906,11,182,56,2,251
140140907,6,94,36,1,137
140140908,295,85,7,0,387
140140909,58,259,68,2,387
140140910,7,287,47,1,342
140140911,14,373,25,0,412
140140912,4,348,110,8,470
140140913,1,267,44,2,314
140140914,138,106,20,1,265
140140915,1,1,3,2,7
140141001,149,6,2,0,157
140141002,21,403,20,0,444
140141003,4,193,21,2,220
140141004,5,241,13,0,259
140141005,4,188,10,2,204
140141006,26,321,26,0,373
140141007,23,97,36,1,157
140141008,8,472,16,0,496
140141009,26,300,4,1,331
140141010,39,243,65,1,348
140141011,9,360,55,1,425
140141012,22,189,17,0,228
140141013,7,245,37,5,294
140141014,2,183,7,1,193
140141015,219,1,1,0,221
140141016,238,24,7,1,270
140141017,14,190,11,10,225
140141018,154,40,0,4,198
140141101,1,81,25,0,107
140141102,6,214,15,2,237
140141103,228,44,3,0,275
140141104,192,5,2,0,199
140141105,14,186,68,2,270
140141106,0,195,41,1,237
140141107,4,168,57,1,230
140141108,242,14,10,0,266
140141109,232,69,79,5,385
140141110,3,238,24,1,266
140141111,6,242,26,3,277
140141201,5,121,108,0,234
140141202,4,276,50,6,336
140141203,15,219,107,0,341
140141204,5,332,35,1,373
140141205,21,362,23,5,411
140141206,0,226,38,1,265
140141207,26,198,55,2,281
140141208,7,284,34,3,328
140141209,22,283,15,1,321
140141301,1,124,13,0,138
140141302,15,328,27,0,370
140141303,2,243,33,1,279
140141304,4,271,73,1,349
140141305,34,156,14,0,204
140141306,4,111,67,1,183
140141307,6,252,72,2,332
140141308,289,14,1,0,304
140141309,177,202,58,0,437
140141310,2,85,49,4,140
140141401,12,273,59,2,346
140141402,90,310,83,9,492
140141403,136,163,36,3,338
140141404,4,138,49,7,198
140141405,2,221,28,0,251
140141406,5,298,57,2,362
140141407,9,357,18,2,386
140141408,2,33,13,1,49
140141501,5,181,14,3,203
140141502,13,216,18,1,248
140141503,9,181,6,2,198
140141504,289,2,0,0,291
140141505,308,0,0,0,308
140141506,419,26,5,0,450
140141507,8,151,39,1,199
140141508,230,5,34,0,269
140141509,394,1,0,0,395
140141510,257,36,27,4,324
140141511,402,2,1,0,405
140141512,3,185,3,0,191
140141513,29,443,66,1,539
140141514,32,296,21,3,352
140141515,27,195,21,4,247
140141516,4,112,49,1,166
140141517,27,151,119,14,311
140141518,7,174,13,33,227
140141519,2,194,12,52,260
140141520,17,274,59,41,391
140141601,151,133,53,0,337
140141602,379,18,0,0,397
140141603,7,223,182,13,425
140141604,10,142,45,0,197
140141605,7,165,93,1,266
140141606,9,272,46,3,330
140141607,206,94,26,0,326
140141608,163,11,9,0,183
140141609,134,104,23,0,261
140141610,44,154,48,1,247
140141611,196,56,55,2,309
140141612,18,72,135,1,226
140141613,6,96,151,8,261
140141614,18,83,140,3,244
140141615,2,133,81,6,222
140141616,2,103,287,30,422
140141617,1,171,82,23,277
140141618,360,14,17,0,391
140141701,6,379,20,1,406
140141702,8,251,58,3,320
140141703,3,248,23,1,275
140141704,4,347,28,3,382
140141705,3,265,35,0,303
140141706,9,393,40,3,445
140141707,11,192,26,3,232
140141708,4,263,30,1,298
140141709,7,217,10,0,234
140141710,7,306,25,1,339
140141711,11,198,123,2,334
140141712,4,247,20,0,271
140141713,13,300,133,2,448
140141714,0,233,31,0,264
140141715,58,218,95,2,373
140141716,6,406,46,4,462
140141717,3,432,28,2,465
140141718,10,257,71,2,340
140141719,18,250,26,1,295
140141720,4,182,6,0,192
140141721,1,368,30,0,399
140141801,21,342,67,3,433
140141802,5,232,35,1,273
140141803,158,114,7,0,279
140141804,20,206,9,0,235
140141805,47,329,43,2,421
140141806,3,153,70,4,230
140141807,3,193,26,0,222
140141808,4,416,42,1,463
140141809,16,308,19,0,343
140141810,6,217,22,0,245
140141811,20,307,29,0,356
140141812,8,271,47,1,327
140141813,17,256,33,3,309
140141814,12,317,17,0,346
140141815,2,211,66,0,279
140141816,6,325,93,13,437
140141817,62,228,15,1,306
140141818,47,215,50,0,312
140141901,6,364,25,1,396
140141902,6,212,15,0,233
140141903,5,204,47,1,257
140141904,2,237,57,1,297
140141905,3,184,63,3,253
140141906,22,273,56,0,351
140141907,14,320,78,2,414
140141908,3,198,206,2,409
140141909,4,215,65,7,291
140141910,17,154,30,1,202
140141911,12,305,86,0,403
140141912,5,156,79,3,243
140141913,5,313,27,0,345
140141914,16,238,76,0,330
140141915,7,376,57,0,440
140141916,8,302,69,22,401
140141917,5,215,26,0,246
140141918,26,185,36,0,247
140141919,1,22,197,4,224
140142001,5,249,15,6,275
140142002,2,225,7,1,235
140142003,5,243,6,0,254
140142004,2,311,13,0,326
140142005,54,304,35,0,393
140142006,5,211,35,0,251
140142007,12,207,33,2,254
140142008,3,160,50,0,213
140142009,3,221,3,0,227
140142010,3,244,19,0,266
140142011,0,238,0,0,238
140142012,15,278,6,0,299
140142013,8,248,33,0,289
140142014,33,242,35,0,310
140142015,9,156,23,0,188
140142016,10,345,22,2,379
140142101,4,194,46,11,255
140142102,248,11,22,1,282
140142103,67,155,30,5,257
140142104,381,2,0,0,383
140142105,209,2,1,0,212
140142201,191,7,0,0,198
140142202,319,2,0,1,322
140142203,156,48,10,2,216
140142204,8,187,12,0,207
140142205,4,119,3,0,126
140142206,426,8,2,0,436
140142207,192,11,0,0,203
140142208,347,6,2,0,355
140142209,236,6,3,0,245
140142210,284,25,1,0,310
140142211,277,25,7,0,309
140142212,343,33,1,0,377
140142213,0,0,2,0,2
140142214,38,171,48,0,257
140142215,226,92,4,0,322
140142216,26,251,13,1,291
140142217,3,203,100,9,315
140142218,9,204,150,30,393
140142301,9,217,18,0,244
140142302,22,296,14,0,332
140142303,6,211,0,0,217
140142304,12,142,31,0,185
140142305,15,131,36,0,182
140142306,10,233,16,0,259
140142307,3,230,29,0,262
140142308,7,279,48,0,334
140142309,1,172,9,0,182
140142310,5,243,11,0,259
140142311,7,201,10,0,218
140142312,8,218,26,0,252
140142313,21,392,36,1,450
140142314,35,210,7,0,252
140142315,4,250,16,1,271
140142316,23,162,15,0,200
140142401,7,321,8,0,336
140142402,13,318,10,0,341
140142403,19,279,3,0,301
140142404,14,394,10,0,418
140142405,215,47,6,0,268
140142406,103,193,15,0,311
140142407,132,111,15,0,258
140142408,218,29,4,0,251
140142409,13,284,16,0,313
140142410,10,147,37,0,194
140142411,7,177,47,0,231
140142412,19,166,3,0,188
140142413,24,189,7,0,220
140142414,9,170,20,0,199
140142501,277,3,0,0,280
140142502,194,15,2,1,212
140142503,81,7,1,0,89
140142504,313,29,1,0,343
140142505,217,25,5,0,247
140142506,317,19,10,0,346
140142507,307,19,8,0,334
140142508,172,6,7,0,185
140142509,206,14,5,0,225
140142510,211,9,0,0,220
140142511,235,17,3,0,255
140142512,225,9,5,0,239
140142513,226,7,0,0,233
140142514,201,7,3,0,211
140142515,348,18,2,1,369
140142516,337,5,2,0,344
140142517,219,9,4,0,232
140142518,311,5,0,0,316
140142601,211,22,3,0,236
140142602,181,6,11,0,198
140142603,253,10,4,0,267
140142604,157,14,2,0,173
140142605,166,6,5,0,177
140142606,231,13,6,0,250
140142607,239,5,3,0,247
140142608,355,8,6,1,370
140142609,247,8,8,0,263
140142610,187,14,2,0,203
140142611,343,26,7,0,376
140142612,272,4,3,0,279
140142613,188,23,4,0,215
140142614,233,25,1,0,259
140142615,290,17,1,1,309
140142616,263,1,3,0,267
140142701,233,11,5,0,249
140142702,242,73,6,0,321
140142703,297,20,25,5,347
140142704,271,22,3,0,296
140142705,181,14,0,0,195
140142706,227,8,1,0,236
140142707,269,29,3,0,301
140142708,302,17,4,0,323
140142709,201,19,4,0,224
140142710,279,14,4,1,298
140142711,260,10,2,0,272
140142712,203,8,3,0,214
140142801,20,365,15,0,400
140142802,10,285,32,1,328
140142803,5,343,33,0,381
140142804,6,418,16,0,440
140142805,12,310,28,0,350
140142806,27,165,15,0,207
140142807,5,211,20,1,237
140142808,15,340,39,0,394
140142809,3,288,11,1,303
140142810,10,271,59,1,341
140142811,2,249,39,0,290
140142812,2,231,24,0,257
140142813,24,275,88,1,388
140142814,16,263,50,4,333
140142815,15,250,0,0,265
140142816,40,241,132,8,421
140142901,313,2,0,0,315
140142902,267,1,0,0,268
140142903,294,18,2,0,314
140142904,8,253,64,0,325
140142905,66,260,36,1,363
140142906,373,3,0,0,376
140142907,214,11,7,0,232
140142908,270,7,3,0,280
140142909,8,279,27,7,321
140142910,7,227,59,1,294
140142911,16,160,58,0,234
140142912,3,235,30,7,275
140142913,245,20,2,0,267
140142914,267,15,6,0,288
140142915,383,23,9,2,417
140142916,283,17,3,0,303
140142917,231,87,18,0,336
140142918,86,86,71,1,244
140142919,137,37,59,0,233
140143001,10,237,10,0,257
140143002,25,346,32,0,403
140143003,25,210,36,0,271
140143004,12,268,85,2,367
140143005,13,204,16,0,233
140143006,4,277,23,1,305
140143007,13,137,21,1,172
140143008,5,268,11,1,285
140143009,13,354,29,0,396
140143010,24,253,35,1,313
140143011,5,290,5,0,300
140143012,7,291,32,0,330
140143013,24,284,10,1,319
140143014,11,278,41,0,330
140143015,1,243,30,0,274
140143101,127,146,15,1,289
140143102,21,346,101,1,469
140143103,10,374,47,0,431
140143104,248,53,8,1,310
140143105,201,131,33,0,365
140143106,222,40,0,0,262
140143107,13,385,26,0,424
140143108,184,129,11,0,324
140143109,12,393,37,2,444
140143110,8,210,38,0,256
140143111,11,257,5,1,274
140143112,9,297,93,0,399
140143113,16,212,56,0,284
140143114,6,238,45,1,290
140143115,6,240,3,4,253
140143116,10,275,70,0,355
140143201,34,201,9,0,244
140143202,61,326,27,0,414
140143203,173,44,12,0,229
140143204,117,119,9,0,245
140143205,4,321,32,0,357
140143206,193,114,20,0,327
140143207,312,48,13,0,373
140143208,70,137,59,0,266
140143209,192,41,6,0,239
140143210,371,43,17,0,431
140143211,175,67,26,0,268
140143212,129,88,21,0,238
140143213,278,11,1,0,290
140143301,43,221,19,1,284
140143302,7,184,41,0,232
140143303,12,233,23,1,269
140143304,39,182,20,0,241
140143305,13,161,43,1,218
140143306,14,171,21,0,206
140143307,15,268,24,0,307
140143308,42,294,9,0,345
140143309,220,38,7,0,265
140143310,227,25,9,0,261
140143311,255,30,6,0,291
140143312,230,24,0,0,254
140143313,249,38,5,0,292
140143314,190,42,5,0,237
140143315,237,44,1,0,282
140143316,192,17,7,0,216
140143317,267,59,8,0,334
140143318,276,78,23,0,377
140143319,126,145,14,0,285
140143320,191,33,3,0,227
140143401,0,196,41,2,239
140143402,5,276,8,0,289
140143403,5,210,39,3,257
140143404,7,115,12,0,134
140143405,15,138,23,0,176
140143406,10,153,13,0,176
140143407,6,192,11,0,209
140143408,2,172,43,1,218
140143409,1,216,32,0,249
140143410,0,204,3,0,207
140143411,6,182,8,0,196
140143412,7,189,40,0,236
140143413,0,230,14,0,244
140143414,7,185,27,0,219
140143415,3,182,33,0,218
140143416,33,182,34,0,249
140143417,6,181,9,0,196
140143418,41,305,17,0,363
140143419,124,69,9,0,202
140143501,12,219,29,1,261
140143502,140,264,24,1,429
140143503,142,54,16,0,212
140143504,51,310,37,4,402
140143505,3,167,16,0,186
140143506,8,86,642,26,762
140143507,24,321,8,0,353
140143508,11,249,17,0,277
140143509,9,190,40,0,239
140143510,6,177,55,0,238
140143511,10,298,15,1,324
140143512,10,269,24,0,303
140143513,9,197,58,0,264
140143514,36,320,28,1,385
140143601,235,10,0,0,245
140143602,229,4,0,0,233
140143603,308,30,11,0,349
140143604,261,41,8,0,310
140143605,294,19,0,0,313
140143606,230,18,2,0,250
140143607,258,2,1,0,261
140143608,107,135,23,2,267
140143609,211,11,4,0,226
140143610,132,66,4,0,202
140143611,24,217,13,2,256
140143612,246,6,1,0,253
140143613,232,0,1,0,233
140143614,207,0,1,0,208
140143701,369,31,19,0,419
140143702,164,20,7,1,192
140143703,193,27,22,0,242
140143704,220,34,4,0,258
140143705,223,34,7,0,264
140143706,53,187,38,2,280
140143707,225,54,24,0,303
140143708,273,37,20,0,330
140143709,208,20,12,0,240
140143710,173,50,10,0,233
140143711,368,50,10,0,428
140143712,235,6,2,0,243
140143713,212,25,2,0,239
140143714,195,8,2,1,206
140143715,212,3,1,0,216
140143716,184,4,4,0,192
140143717,179,1,0,0,180
140143718,163,2,0,0,165
140143719,214,1,1,0,216
140143720,202,3,4,0,209
140143721,158,4,1,0,163
140143801,346,25,7,0,378
140143802,324,13,1,0,338
140143803,327,16,3,0,346
140143804,297,8,3,0,308
140143805,226,9,0,0,235
140143806,243,11,0,0,254
140143807,238,8,4,0,250
140143808,344,15,5,1,365
140143809,238,11,2,0,251
140143810,314,2,1,0,317
140143811,253,7,0,0,260
140143812,209,13,3,0,225
140143813,290,6,1,0,297
140143814,295,5,0,0,300
140143815,245,2,0,1,248
140143816,222,8,1,0,231
140143901,164,4,7,1,176
140143902,282,8,62,8,360
140143903,344,1,0,0,345
140143904,222,5,0,1,228
140143905,189,1,1,0,191
140143906,215,3,2,0,220
140143907,143,37,27,0,207
140143908,254,5,2,0,261
140143909,263,9,11,3,286
140143910,234,25,1,0,260
140143911,242,0,0,0,242
140143912,321,3,0,0,324
140143913,152,8,18,1,179
140144001,237,8,6,0,251
140144002,199,17,7,0,223
140144003,209,16,6,0,231
140144004,176,23,1,0,200
140144005,145,12,1,0,158
140144006,178,0,0,0,178
140144007,227,11,8,0,246
140144008,236,52,30,0,318
140144009,224,7,6,0,237
140144010,295,13,4,1,313
140144011,202,16,5,0,223
140144012,244,9,2,0,255
140144101,242,15,0,0,257
140144102,191,16,3,0,210
140144103,287,29,4,0,320
140144104,184,7,4,0,195
140144105,197,15,1,0,213
140144106,226,18,0,0,244
140144107,190,27,5,0,222
140144108,150,10,1,0,161
140144109,204,18,0,0,222
140144110,274,15,2,0,291
140144111,202,7,1,0,210
140144112,286,15,2,0,303
140144113,267,16,10,0,293
140144114,297,11,2,0,310
140144115,250,11,2,0,263
140144116,190,5,2,0,197
140144117,248,8,4,0,260
140144118,247,7,1,0,255
140144119,204,11,2,0,217
140144201,8,158,27,0,193
140144202,8,131,0,0,139
140144203,2,114,23,0,139
140144204,5,162,11,0,178
140144205,147,40,2,0,189
140144206,200,23,5,1,229
140144207,254,20,1,0,275
140144208,137,233,10,0,380
140144209,185,16,1,0,202
140144210,179,15,1,0,195
140144211,233,11,2,0,246
140144212,250,23,4,0,277
140144213,211,12,3,0,226
140144214,275,26,4,0,305
140144215,11,179,11,0,201
140144216,293,9,1,0,303
140144217,228,12,5,0,245
140144218,9,229,26,3,267
140144219,315,4,2,0,321
140144220,311,12,3,0,326
140144301,309,17,4,0,330
140144302,152,236,44,2,434
140144303,6,228,80,1,315
140144304,60,187,88,3,338
140144305,56,76,39,1,172
140144306,301,76,64,0,441
140144307,152,97,47,1,297
140144308,24,203,135,7,369
140144309,123,198,27,5,353
140144310,211,11,4,0,226
140144311,176,95,9,0,280
140144401,523,16,0,0,539
140144402,5,226,28,0,259
140144403,12,268,9,4,293
140144404,5,185,16,0,206
140144405,16,203,4,1,224
140144406,163,307,16,1,487
140144407,324,40,2,0,366
140144408,188,15,5,0,208
140144409,3,140,118,9,270
140144410,13,236,7,1,257
140144411,5,394,21,3,423
140144501,115,130,112,1,358
140144502,330,48,103,4,485
140144503,189,34,33,5,261
140144504,280,26,22,1,329
140144505,289,11,18,0,318
140144506,295,3,0,0,298
140144507,67,226,37,2,332
140144508,181,101,3,3,288
140144509,322,7,1,0,330
140144510,70,274,47,2,393
140144511,8,248,27,1,284
140144512,14,210,46,0,270
140144513,16,174,10,0,200
140144601,146,87,36,0,269
140144602,275,74,26,2,377
140144603,195,88,12,1,296
140144604,176,25,12,0,213
140144605,215,22,8,1,246
140144606,213,47,21,0,281
140144607,227,17,5,1,250
140144608,210,22,2,0,234
140144609,257,42,13,0,312
140144610,289,28,14,0,331
140144611,391,10,9,0,410
140144612,319,17,4,0,340
140144613,135,11,4,0,150
140144614,305,42,11,0,358
140144615,264,32,20,0,316
140144616,250,28,9,0,287
140144701,151,7,0,0,158
140144702,181,3,0,0,184
140144703,288,17,5,0,310
140144704,153,5,0,0,158
140144705,168,17,6,0,191
140144706,228,0,1,0,229
140144707,272,12,0,0,284
140144708,248,61,17,1,327
140144709,203,1,0,0,204
140144710,185,3,4,0,192
140144711,201,47,1,0,249
140144712,420,19,4,1,444
140144801,171,3,0,0,174
140144802,269,0,0,0,269
140144803,276,2,0,0,278
140144804,233,1,0,0,234
140144805,233,3,1,0,237
140144806,213,3,2,0,218
140144807,304,4,0,0,308
140144808,228,0,0,0,228
140144809,159,1,0,0,160
140144810,333,1,1,0,335
140144811,257,0,0,0,257
140144812,235,3,1,0,239
140144813,253,10,3,0,266
140144814,223,10,4,0,237
140144815,361,26,1,0,388
140144816,259,5,4,0,268
140144901,145,1,0,0,146
140144902,172,3,0,0,175
140144903,144,4,0,0,148
140144904,201,4,0,0,205
140144905,211,6,0,0,217
140144906,145,2,1,0,148
140144907,325,10,1,1,337
140144908,278,16,6,0,300
140144909,309,6,0,3,318
140144910,148,0,0,0,148
140144911,124,0,0,0,124
140144912,172,0,0,0,172
140144913,342,1,0,0,343
140144914,231,1,0,0,232
140144915,249,1,1,0,251
140144916,343,3,1,0,347
140144917,152,1,0,0,153
140144918,160,1,0,0,161
140144919,218,0,0,0,218
140144920,197,1,0,1,199
140144921,295,2,0,0,297
140145001,284,5,0,0,289
140145002,263,6,0,0,269
140145003,206,6,1,0,213
140145004,118,83,34,0,235
140145005,182,32,4,0,218
140145006,208,3,0,0,211
140145007,281,3,0,0,284
140145008,240,2,2,0,244
140145009,356,2,0,0,358
140145010,251,6,1,0,258
140145011,204,45,4,0,253
140145012,218,10,0,0,228
140145013,195,1,0,0,196
140145014,240,1,0,0,241
140145015,270,3,2,0,275
140145101,224,29,16,0,269
140145102,172,53,37,0,262
140145103,131,51,21,0,203
140145104,121,130,25,0,276
140145105,201,39,6,2,248
140145106,293,31,2,0,326
140145107,279,31,9,0,319
140145108,234,23,10,0,267
140145109,257,39,16,0,312
140145110,207,22,8,0,237
140145111,219,26,5,0,250
140145112,302,31,5,0,338
140145113,265,32,8,0,305
140145114,232,30,6,0,268
140145115,172,19,11,0,202
140145116,13,115,31,2,161
140145117,153,167,53,0,373
140145118,46,223,12,1,282
140145119,254,77,20,1,352
140145120,84,156,247,5,492
140145121,4,57,151,24,236
140145201,219,3,0,0,222
140145202,299,40,1,0,340
140145203,219,7,6,0,232
140145204,76,68,227,20,391
140145205,153,6,2,0,161
140145206,182,7,2,0,191
140145207,211,10,2,0,223
140145208,202,9,1,0,212
140145209,162,23,1,1,187
140145210,143,31,6,0,180
140145211,133,21,8,1,163
140145212,212,56,26,1,295
140145213,211,16,21,0,248
140145214,232,9,1,0,242
140145215,157,34,6,0,197
140145216,165,50,36,0,251
140145217,143,42,39,0,224
140145218,271,10,22,1,304
140145219,224,55,16,0,295
140145301,241,1,0,0,242
140145302,217,4,1,0,222
140145303,134,5,1,0,140
140145304,164,0,0,0,164
140145305,175,2,1,0,178
140145306,273,0,0,0,273
140145307,217,3,0,0,220
140145308,258,39,2,0,299
140145309,224,1,0,0,225
140145310,281,3,0,0,284
140145311,251,0,0,0,251
140145312,207,1,0,0,208
140145313,190,0,0,0,190
140145314,187,4,2,0,193
140145315,338,0,0,0,338
140145316,159,1,1,0,161
140145317,172,2,0,0,174
140145318,206,0,0,0,206
140145319,198,13,0,0,211
140145320,141,0,0,0,141
140145401,180,1,0,0,181
140145402,188,0,1,0,189
140145403,214,2,0,0,216
140145404,212,0,0,0,212
140145405,143,0,0,0,143
140145406,279,1,0,0,280
140145407,157,0,0,0,157
140145408,194,0,0,0,194
140145409,251,1,0,0,252
140145410,173,0,0,0,173
140145411,114,0,0,0,114
140145412,223,0,0,0,223
140145413,427,1,0,0,428
140145414,257,0,0,0,257
140145415,244,0,0,0,244
140145416,197,0,0,0,197
140145501,224,3,0,0,227
140145502,222,1,0,0,223
140145503,121,2,0,0,123
140145504,122,0,0,0,122
140145505,144,0,0,0,144
140145506,105,0,1,0,106
140145507,150,0,0,0,150
140145508,57,0,0,0,57
140145509,169,0,0,0,169
140145510,158,0,0,0,158
140145511,216,1,0,0,217
140145512,155,0,0,0,155
140145513,128,0,0,0,128
140145514,151,0,0,0,151
140145515,91,0,0,0,91
140145516,202,0,0,0,202
140145517,342,0,0,0,342
140145518,136,0,0,0,136
140145519,284,0,0,0,284
140145601,217,0,0,0,217
140145602,218,1,0,0,219
140145603,224,2,0,0,226
140145604,161,0,0,0,161
140145605,157,3,0,0,160
140145606,149,0,0,0,149
140145607,130,0,0,0,130
140145608,122,0,0,0,122
140145609,138,0,0,0,138
140145610,88,1,0,0,89
140145611,279,0,0,0,279
140145612,109,1,0,0,110
140145613,144,1,0,0,145
140145614,126,0,0,0,126
140145615,129,0,0,0,129
140145616,143,0,0,0,143
140145617,178,1,0,0,179
140145618,210,0,0,0,210
140145619,164,1,0,0,165
140145701,383,0,0,0,383
140145702,225,1,0,0,226
140145703,248,0,0,0,248
140145704,399,0,0,0,399
140145705,151,1,0,0,152
140145706,113,0,0,0,113
140145707,194,0,0,0,194
140145708,71,0,0,0,71
140145709,140,0,0,0,140
140145710,152,1,2,0,155
140145711,172,0,0,0,172
140145712,135,0,0,0,135
140145713,232,0,0,0,232
140145714,262,0,0,0,262
140145715,311,0,0,0,311
140145716,107,0,0,0,107
140145801,123,15,0,0,138
140145802,275,3,3,0,281
140145803,155,6,2,0,163
140145804,220,0,1,1,222
140145805,278,2,0,0,280
140145806,289,2,0,1,292
140145807,199,0,1,0,200
140145808,297,4,0,0,301
140145809,261,1,1,0,263
140145810,122,0,0,0,122
140145811,299,2,1,0,302
140145812,271,3,1,0,275
140145813,90,1,0,0,91
140145901,285,12,7,1,305
140145902,154,1,1,0,156
140145903,284,4,0,0,288
140145904,269,3,0,0,272
140145905,236,7,3,0,246
140145906,223,1,0,0,224
140145907,210,2,0,0,212
140145908,116,0,0,0,116
140145909,240,0,0,0,240
140145910,208,4,1,0,213
140145911,181,1,0,0,182
140145912,325,0,0,0,325
140146001,251,29,9,0,289
140146002,233,10,3,0,246
140146003,196,16,0,0,212
140146004,279,13,6,2,300
140146005,346,19,1,0,366
140146006,248,11,1,0,260
140146007,223,6,1,0,230
140146008,178,2,1,0,181
140146009,264,4,2,0,270
140146010,211,10,5,0,226
140146011,369,8,1,0,378
140146012,156,7,0,0,163
140146013,215,4,1,0,220
140146014,359,4,6,0,369
140146015,314,7,1,0,322
140146016,236,16,4,0,256
140146017,321,15,2,0,338
140146018,304,13,0,0,317
140146101,29,207,62,4,302
140146102,4,229,35,3,271
140146103,19,172,49,1,241
140146104,2,173,43,1,219
140146105,15,115,157,5,292
140146106,5,190,35,0,230
140146107,2,151,88,0,241
140146108,35,174,71,1,281
140146109,6,207,21,3,237
140146110,5,194,31,1,231
140146111,11,159,85,5,260
140146112,7,301,122,11,441
140146113,17,252,87,7,363
140146114,4,119,82,32,237
140146115,18,168,124,2,312
140146201,270,7,1,0,278
140146202,259,19,5,0,283
140146203,257,14,3,0,274
140146204,198,15,5,0,218
140146205,201,11,3,0,215
140146206,179,65,14,0,258
140146207,2,220,15,4,241
140146208,9,232,30,0,271
140146209,316,20,3,0,339
140146210,289,28,2,1,320
140146211,6,332,73,6,417
140146212,10,292,12,0,314
140146213,134,112,21,2,269
140146301,201,13,0,1,215
140146302,219,4,1,0,224
140146303,210,5,0,0,215
140146304,221,4,6,0,231
140146305,360,14,1,0,375
140146306,301,11,0,0,312
140146307,257,22,5,0,284
140146308,263,15,11,0,289
140146309,259,17,3,1,280
140146310,165,48,6,0,219
140146311,203,1,1,0,205
140146312,156,17,4,0,177
140146313,168,48,9,0,225
140146401,208,4,0,0,212
140146402,385,4,7,0,396
140146403,288,11,6,0,305
140146404,292,6,2,0,300
140146405,216,8,3,1,228
140146406,215,1,0,0,216
140146407,331,19,4,0,354
140146408,294,13,1,0,308
140146409,307,16,3,0,326
140146410,310,20,9,0,339
140146411,237,19,20,1,277
140146501,214,1,0,0,215
140146502,316,4,2,0,322
140146503,215,0,0,0,215
140146504,152,8,2,0,162
140146505,203,8,1,0,212
140146506,264,12,0,0,276
140146507,123,14,20,5,162
140146508,153,0,0,0,153
140146509,190,1,0,0,191
140146510,179,4,4,0,187
140146511,265,13,2,0,280
140146512,304,2,1,0,307
140146513,174,8,6,0,188
140146514,374,28,5,0,407
140146515,112,13,0,0,125
140146516,288,12,3,4,307
140146601,351,1,0,0,352
140146602,413,1,0,0,414
140146603,146,0,0,0,146
140146604,233,0,0,0,233
140146605,192,1,0,0,193
140146606,228,1,0,0,229
140146607,245,0,0,0,245
140146608,77,0,0,0,77
140146609,217,5,0,0,222
140146610,163,0,0,0,163
140146611,134,0,0,0,134
140146612,215,2,0,0,217
140146613,177,0,0,0,177
140146614,367,2,0,0,369
140146701,213,1,0,0,214
140146702,100,0,0,0,100
140146703,358,1,0,0,359
140146704,169,1,0,0,170
140146705,213,0,0,0,213
140146706,307,0,0,0,307
140146707,201,1,0,0,202
140146708,257,0,0,0,257
140146709,272,1,0,0,273
140146710,233,0,0,0,233
140146711,472,0,0,0,472
140146801,192,1,0,0,193
140146802,139,0,0,0,139
140146803,311,5,2,0,318
140146804,438,0,0,0,438
140146805,119,0,1,0,120
140146806,255,0,0,0,255
140146807,159,1,1,0,161
140146808,87,0,1,1,89
140146809,268,4,2,1,275
140146810,211,0,0,0,211
140146811,111,1,5,0,117
140146812,157,14,9,0,180
140146813,111,1,1,0,113
140146814,308,2,1,0,311
140146901,230,0,0,0,230
140146902,130,0,0,0,130
140146903,210,3,1,1,215
140146904,218,0,0,0,218
140146905,268,2,1,0,271
140146906,198,25,6,0,229
140146907,196,8,4,0,208
140146908,209,26,24,0,259
140146909,170,0,0,0,170
140146910,160,20,8,0,188
140146911,394,31,27,0,452
140146912,185,0,0,0,185
140146913,85,0,0,0,85
140146914,352,2,0,0,354
140147001,297,0,0,0,297
140147002,280,0,0,0,280
140147003,350,1,0,0,351
140147004,194,1,0,0,195
140147005,339,1,0,0,340
140147006,348,1,0,0,349
140147007,254,0,0,0,254
140147008,277,0,0,0,277
140147009,240,0,0,0,240
140147010,345,0,0,0,345
140147011,216,1,0,0,217
140147101,177,0,0,0,177
140147102,382,0,0,0,382
140147103,286,0,0,0,286
140147104,375,1,0,0,376
140147105,291,0,0,0,291
140147106,360,1,1,0,362
140147107,428,0,0,0,428
140147108,256,0,0,0,256
140147109,445,1,0,0,446
140147110,409,0,0,0,409
140147111,266,1,0,0,267
140147201,623,0,1,0,624
140147202,712,2,0,0,714
140147203,661,1,0,0,662
140147204,580,1,0,0,581
140147205,259,0,0,0,259
140147206,584,3,0,0,587
140147207,690,4,2,0,696
140147301,110,80,31,0,221
140147302,182,29,2,0,213
140147303,164,27,5,0,196
140147304,238,5,0,0,243
140147305,212,10,1,0,223
140147306,229,19,5,0,253
140147307,34,28,97,0,159
140147308,174,37,12,0,223
140147309,266,27,13,0,306
140147310,191,2,0,0,193
140147311,226,3,0,0,229
140147312,194,9,4,0,207
140147313,205,14,4,0,223
140147401,237,42,24,1,304
140147402,182,30,44,2,258
140147403,168,22,23,0,213
140147404,194,25,4,0,223
140147405,204,34,11,0,249
140147406,241,83,27,2,353
140147407,238,38,9,0,285
140147408,225,66,11,0,302
140147409,149,85,15,0,249
140147410,240,18,4,0,262
140147411,157,88,87,1,333
140147412,306,28,7,0,341
140147413,238,4,2,0,244
140147414,267,17,1,0,285
140147415,127,160,18,3,308
140147416,206,10,3,0,219
140147417,253,4,4,0,261
140147418,248,11,5,0,264
140147501,119,46,147,0,312
140147502,20,183,43,2,248
140147503,13,183,73,0,269
140147504,0,148,88,0,236
140147505,14,174,43,7,238
140147506,21,158,145,0,324
140147507,2,242,80,0,324
140147508,5,178,62,4,249
140147509,24,243,34,7,308
140147510,7,239,103,5,354
140147511,8,270,55,5,338
140147512,8,253,34,0,295
140147513,14,305,107,1,427
140147514,5,312,101,5,423
140147515,8,342,62,0,412
140147516,14,232,34,1,281
140147517,7,290,35,0,332
140147518,10,194,87,1,292
140147519,211,182,41,2,436
140147601,6,386,23,5,420
140147602,6,271,29,0,306
140147603,5,228,10,2,245
140147604,4,273,12,0,289
140147605,5,246,43,0,294
140147606,13,558,18,0,589
140147607,10,235,29,0,274
140147608,8,234,9,1,252
140147609,3,273,34,2,312
140147610,3,269,26,0,298
140147611,12,250,23,1,286
140147612,6,287,27,3,323
140147613,6,210,16,0,232
140147614,20,266,10,0,296
140147615,15,204,23,1,243
140147616,66,267,33,5,371
140147617,32,267,48,1,348
140147701,320,25,2,0,347
140147702,197,37,8,2,244
140147703,145,26,7,0,178
140147704,248,14,5,0,267
140147705,268,24,2,0,294
140147706,128,132,12,3,275
140147707,17,328,14,1,360
140147708,4,258,10,2,274
140147709,35,203,18,9,265
140147710,213,69,4,0,286
140147711,212,9,2,0,223
140147712,203,29,27,1,260
140147713,201,100,80,8,389
140147714,44,169,30,2,245
140147715,51,211,40,1,303
140147716,149,73,18,0,240
140147717,7,265,35,2,309
140147718,12,219,10,0,241
140147719,10,226,32,3,271
140147720,10,310,16,2,338
140147721,2,174,22,0,198
140147722,9,243,31,0,283
140147801,307,35,6,0,348
140147802,155,20,9,1,185
140147803,214,14,10,0,238
140147804,206,30,10,0,246
140147805,234,3,5,0,242
140147806,124,7,2,0,133
140147807,228,55,15,2,300
140147808,246,25,7,0,278
140147809,212,73,25,0,310
140147810,278,22,2,0,302
140147811,368,11,1,0,380
140147812,292,1,0,0,293
140147813,201,5,0,0,206
140147814,418,5,3,0,426
140147815,179,3,1,1,184
140147816,187,4,5,0,196
140147901,262,23,13,0,298
140147902,271,16,3,0,290
140147903,202,15,6,0,223
140147904,204,1,1,0,206
140147905,217,10,2,0,229
140147906,294,13,2,0,309
140147907,295,28,5,0,328
140147908,192,24,13,0,229
140147909,379,0,0,0,379
140147910,198,33,10,0,241
140147911,169,126,11,0,306
140147912,95,67,25,0,187
140147913,109,95,53,4,261
140147914,162,14,19,0,195
140147915,243,40,50,6,339
140147916,258,16,4,0,278
140147917,260,19,2,1,282
140147918,137,112,7,0,256
140147919,79,157,14,7,257
140147920,20,228,17,2,267
140148001,246,1,0,0,247
140148002,221,2,0,0,223
140148003,190,0,0,0,190
140148004,190,0,0,0,190
140148005,268,0,0,0,268
140148006,379,1,0,0,380
140148007,154,2,0,0,156
140148008,154,0,0,0,154
140148009,211,0,0,0,211
140148010,239,0,0,0,239
140148011,185,16,8,0,209
140148012,167,9,5,0,181
140148013,67,51,19,0,137
140148014,19,65,52,1,137
140148101,264,0,0,0,264
140148102,341,0,0,0,341
140148103,598,0,0,0,598
140148104,541,0,0,0,541
140148105,528,0,0,0,528
140148106,678,1,1,0,680
140148107,233,0,0,0,233
140148108,267,0,0,0,267
140148109,249,0,0,0,249
140148110,150,40,5,1,196
140148201,315,0,0,0,315
140148202,414,0,0,0,414
140148203,322,0,0,0,322
140148204,540,0,0,0,540
140148205,212,1,0,0,213
140148206,152,0,0,0,152
140148207,353,1,0,0,354
140148208,618,1,0,0,619
140148209,311,2,0,0,313
140148210,193,1,1,0,195
140148211,218,1,0,0,219
140148301,226,37,13,0,276
140148302,266,26,7,0,299
140148303,252,14,9,0,275
140148304,189,28,12,1,230
140148305,201,17,5,1,224
140148306,142,32,6,0,180
140148307,281,24,10,1,316
140148308,142,33,5,1,181
140148309,309,16,14,0,339
140148310,202,15,1,0,218
140148311,161,64,10,0,235
140148312,172,68,35,0,275
140148313,190,33,14,0,237
140148314,189,51,19,0,259
140148315,147,37,10,0,194
140148316,130,31,1,0,162
140148401,251,41,4,0,296
140148402,266,12,6,1,285
140148403,249,19,8,0,276
140148404,177,16,1,1,195
140148405,263,21,8,0,292
140148406,172,15,0,0,187
140148407,165,8,1,0,174
140148408,203,22,8,0,233
140148409,236,12,1,0,249
140148410,212,17,4,0,233
140148411,215,21,7,0,243
140148412,248,8,1,0,257
140148501,220,45,4,0,269
140148502,206,19,5,0,230
140148503,209,10,0,0,219
140148504,255,13,0,0,268
140148505,291,18,2,0,311
140148506,318,11,1,0,330
140148507,223,12,5,0,240
140148508,327,64,15,0,406
140148509,6,369,21,1,397
140148510,22,287,29,2,340
140148511,25,243,66,4,338
140148512,12,250,38,2,302
140148513,5,238,88,4,335
140148514,155,182,15,0,352
140148515,194,17,5,0,216
140148516,277,10,2,0,289
140148601,0,83,111,11,205
140148602,5,84,69,1,159
140148603,4,145,108,1,258
140148604,2,143,155,2,302
140148605,1,239,117,0,357
140148606,0,253,57,1,311
140148607,10,249,75,2,336
140148608,1,205,51,4,261
140148609,4,123,118,5,250
140148610,9,199,164,1,373
140148611,12,183,40,1,236
140148612,17,196,35,1,249
140148701,7,261,43,2,313
140148702,62,190,21,5,278
140148703,6,168,12,5,191
140148704,7,198,18,1,224
140148705,5,361,37,2,405
140148706,0,189,29,0,218
140148707,24,183,31,2,240
140148708,186,140,65,1,392
140148709,1,142,60,1,204
140148710,2,230,24,0,256
140148711,23,210,50,0,283
140148712,11,196,76,1,284
140148713,26,132,18,0,176
140148801,18,193,30,1,242
140148802,29,257,15,0,301
140148803,28,243,11,4,286
140148804,3,234,26,1,264
140148805,4,108,18,0,130
140148806,14,237,32,3,286
140148807,11,273,11,6,301
140148808,2,233,15,9,259
140148809,10,240,15,2,267
140148810,12,228,39,1,280
140148811,7,333,39,0,379
140148812,4,279,4,1,288
140148813,12,252,29,7,300
140148814,281,78,0,0,359
140148815,6,269,55,1,331
140148901,12,212,27,2,253
140148902,2,193,3,0,198
140148903,47,327,21,0,395
140148904,152,195,19,1,367
140148905,86,120,22,0,228
140148906,145,166,10,1,322
140148907,6,230,23,1,260
140148908,40,170,12,0,222
140148909,24,241,10,1,276
140148910,3,213,14,2,232
140148911,9,177,9,1,196
140148912,14,193,25,5,237
140148913,87,171,4,1,263
140148914,122,95,10,0,227
140148915,303,72,2,0,377
140148916,28,362,33,19,442
140149001,200,71,10,0,281
140149002,166,18,57,5,246
140149003,52,71,67,0,190
140149004,144,48,5,0,197
140149005,87,132,10,0,229
140149006,69,212,19,1,301
140149007,100,193,43,3,339
140149008,190,18,1,0,209
140149009,243,14,4,0,261
140149010,147,26,2,0,175
140149011,112,96,8,1,217
140149012,11,221,48,2,282
140149013,6,164,153,16,339
140149014,165,72,7,0,244
140149015,247,20,4,0,271
140149101,6,369,9,0,384
140149102,6,291,13,0,310
140149103,43,199,12,1,255
140149104,22,325,13,2,362
140149105,144,121,13,0,278
140149106,341,5,0,0,346
140149107,37,285,7,0,329
140149108,30,257,8,0,295
140149109,30,156,1,8,195
140149110,16,251,56,0,323
140149111,58,232,13,2,305
140149112,14,295,18,0,327
140149113,12,238,45,1,296
140149114,10,394,12,2,418
140149115,23,261,19,1,304
140149116,41,189,16,0,246
140149117,4,249,11,1,265
140149118,6,258,45,0,309
140149119,6,284,20,0,310
140149120,23,204,7,0,234
140149201,23,273,16,3,315
140149202,14,138,22,0,174
140149203,85,86,7,0,178
140149204,11,200,38,0,249
140149205,25,203,40,1,269
140149206,13,221,11,3,248
140149207,18,155,15,1,189
140149208,11,151,35,4,201
140149209,19,244,33,1,297
140149210,16,221,19,1,257
140149211,7,271,16,1,295
140149212,19,276,35,0,330
140149213,25,133,11,3,172
140149214,23,271,17,1,312
140149215,20,208,16,2,246
140149216,4,277,10,1,292
140149217,18,255,23,2,298
140149218,191,24,1,3,219
140149301,11,184,38,6,239
140149302,16,193,39,2,250
140149303,24,241,86,0,351
140149304,338,59,13,2,412
140149305,231,32,8,0,271
140149306,288,40,31,1,360
140149307,5,240,33,0,278
140149308,269,105,34,1,409
140149309,41,205,12,3,261
140149310,18,316,13,1,348
140149311,209,179,10,3,401
140149312,399,14,0,0,413
140149313,192,27,9,0,228
140149314,155,12,3,0,170
140149315,9,231,8,6,254
140149316,11,198,35,2,246
140149317,16,384,29,2,431
140149318,304,2,0,0,306
140149319,242,16,48,2,308
140149320,103,54,5,0,162
140149321,224,58,5,0,287
140149401,15,264,34,0,313
140149402,9,257,20,0,286
140149403,0,183,38,0,221
140149404,4,330,79,1,414
140149405,127,197,18,2,344
140149406,5,245,24,1,275
140149407,13,360,32,2,407
140149408,17,370,40,1,428
140149409,8,257,37,3,305
140149410,35,179,36,0,250
140149411,6,204,55,2,267
140149412,2,233,58,0,293
140149413,0,226,27,2,255
140149414,1,189,11,0,201
140149501,6,201,26,0,233
140149502,1,237,5,0,243
140149503,1,194,9,1,205
140149504,4,257,40,1,302
140149505,17,286,9,0,312
140149506,26,243,31,0,300
140149507,242,30,0,0,272
140149508,328,15,2,1,346
140149509,8,258,6,0,272
140149510,8,315,18,2,343
140149511,3,124,75,11,213
140149512,4,347,8,0,359
140149513,13,305,43,0,361
140149514,3,354,24,3,384
140149601,10,210,15,3,238
140149602,3,210,12,1,226
140149603,12,282,37,2,333
140149604,8,307,11,1,327
140149605,7,206,24,9,246
140149606,6,197,7,1,211
140149607,7,196,12,0,215
140149608,34,238,23,0,295
140149609,21,236,6,3,266
140149610,14,299,9,1,323
140149611,1,242,14,2,259
140149612,25,269,23,0,317
140149613,11,312,11,2,336
140149614,10,225,3,0,238
140149615,10,189,28,2,229
140149616,31,277,37,3,348
140149617,149,194,71,17,431
140149701,4,315,104,9,432
140149702,0,181,9,0,190
140149703,195,29,7,0,231
140149704,152,29,6,0,187
140149705,203,23,7,0,233
140149706,379,21,7,1,408
140149707,15,211,67,0,293
140149708,7,286,75,7,375
140149709,17,265,113,4,399
140149710,6,259,61,1,327
140149711,11,277,70,3,361
140149712,2,213,42,2,259
140149713,1,156,31,9,197
140149714,415,37,18,0,470
140149715,282,31,6,0,319
140149716,4,271,12,0,287
140149717,11,315,125,1,452
140149801,2,240,37,2,281
140149802,13,260,83,3,359
140149803,1,212,18,0,231
140149804,11,206,22,2,241
140149805,8,106,52,0,166
140149806,11,227,15,2,255
140149807,13,295,90,5,403
140149808,26,159,52,2,239
140149809,19,269,42,2,332
140149810,16,163,30,2,211
140149811,42,174,18,0,234
140149812,11,186,37,1,235
140149813,21,306,77,4,408
140149901,16,275,35,0,326
140149902,6,298,28,1,333
140149903,10,323,11,2,346
140149904,3,210,19,3,235
140149905,7,193,19,4,223
140149906,46,230,28,2,306
140149907,3,207,18,4,232
140149908,25,341,50,1,417
140149909,11,235,69,1,316
140149910,7,293,31,1,332
140149911,0,156,29,3,188
140149912,7,182,46,3,238
140149913,2,376,52,3,433
140210101,1,20,2,0,23
140210102,2,15,6,3,26
140210103,0,38,5,7,50
140210104,12,81,11,2,106
140210105,2,59,11,1,73
140210106,1,165,5,0,171
140210107,0,136,14,6,156
140210108,2,115,27,10,154
140210109,1,158,7,6,172
140210110,0,90,8,19,117
140210201,0,14,1,1,16
140210202,0,20,4,2,26
140210203,0,12,3,1,16
140210204,0,24,26,1,51
140210205,4,74,14,2,94
140210206,1,67,6,11,85
140210207,2,145,0,3,150
140210208,1,79,4,15,99
140210209,3,167,17,10,197
140210210,2,108,1,9,120
140210211,1,86,0,1,88
140210212,0,113,4,5,122
140210213,0,105,31,4,140
140210301,2,33,11,2,48
140210302,13,95,13,0,121
140210303,3,150,33,1,187
140210304,7,194,19,0,220
140210305,1,108,16,1,126
140210306,0,79,25,1,105
140210307,6,26,8,0,40
140210308,0,94,10,3,107
140210309,2,142,20,6,170
140210310,0,72,25,3,100
140210311,1,108,6,6,121
140210312,0,89,26,1,116
140210313,1,51,33,7,92
140210314,2,217,44,5,268
140210315,4,131,103,5,243
140210316,10,160,28,2,200
140210401,2,59,25,2,88
140210402,0,38,29,7,74
140210403,0,48,38,17,103
140210404,2,71,22,1,96
140210405,0,53,20,10,83
140210406,3,239,23,4,269
140210407,4,251,23,8,286
140210408,1,60,19,1,81
140210409,3,308,51,4,366
140210410,1,220,30,5,256
140210501,0,30,10,2,42
140210502,0,71,13,0,84
140210503,0,8,4,1,13
140210504,0,51,6,3,60
140210505,0,39,10,3,52
140210506,3,105,12,1,121
140210507,9,189,19,2,219
140210508,3,223,7,0,233
140210601,0,55,6,4,65
140210602,0,22,2,2,26
140210603,0,21,3,0,24
140210604,1,34,10,2,47
140210605,1,77,12,0,90
140210606,0,14,3,0,17
140210607,1,33,7,12,53
140210608,7,196,34,4,241
140210609,5,264,20,1,290
140210610,7,133,23,9,172
140210611,2,315,90,4,411
140210612,6,325,29,3,363
140210613,3,234,20,1,258
140210614,1,377,24,3,405
140210615,9,348,47,2,406
140210616,5,277,19,0,301
140210701,0,36,23,1,60
140210702,15,121,32,3,171
140210703,2,43,35,3,83
140210704,8,145,12,1,166
140210705,11,298,53,1,363
140210706,1,219,71,6,297
140210707,3,225,56,1,285
140210708,1,211,51,4,267
140210709,231,3,0,0,234
140210710,189,3,0,0,192
140210711,4,218,23,1,246
140210712,5,165,23,0,193
140210713,2,41,13,0,56
140210714,8,88,57,0,153
140210715,1,133,110,2,246
140210716,0,104,38,3,145
140210801,0,32,9,0,41
140210802,0,66,71,6,143
140210803,14,266,48,6,334
140210804,12,237,34,2,285
140210805,1,251,48,2,302
140210806,2,63,51,0,116
140210807,0,318,39,1,358
140210808,5,181,36,2,224
140210809,12,296,65,3,376
140210810,3,217,24,6,250
140210811,1,202,20,1,224
140210812,0,196,22,0,218
140210813,0,204,48,2,254
140210814,0,185,74,0,259
140210901,97,130,10,0,237
140210902,136,92,25,0,253
140210903,172,36,5,0,213
140210904,168,29,0,0,197
140210905,151,28,9,1,189
140210906,230,37,8,0,275
140210907,176,26,3,0,205
140210908,153,23,3,0,179
140210909,161,36,5,0,202
140210910,201,54,21,1,277
140210911,206,158,38,0,402
140210912,161,31,11,0,203
140210913,230,59,10,0,299
140210914,277,33,15,0,325
140211001,333,41,10,0,384
140211002,231,28,6,0,265
140211003,263,53,4,0,320
140211004,290,56,25,0,371
140211005,61,151,20,0,232
140211006,249,59,7,0,315
140211007,153,17,3,0,173
140211008,244,41,14,0,299
140211009,197,32,11,0,240
140211010,253,51,11,0,315
140211011,316,46,13,1,376
140211012,384,42,10,1,437
140211013,304,44,10,0,358
140211014,328,54,12,0,394
140211015,110,14,1,0,125
140211016,222,7,0,0,229
140211101,7,173,47,1,228
140211102,8,188,52,4,252
140211103,11,171,11,0,193
140211104,13,204,25,0,242
140211105,24,238,3,0,265
140211106,6,99,10,0,115
140211107,1,225,26,2,254
140211108,17,239,11,1,268
140211109,7,334,41,0,382
140211110,9,152,21,0,182
140211111,3,196,9,0,208
140211112,6,355,23,1,385
140211113,5,251,24,0,280
140211114,7,208,6,0,221
140211115,11,194,11,0,216
140211116,10,203,9,0,222
140211117,11,229,26,0,266
140211118,20,295,35,1,351
140211119,11,273,13,0,297
140211201,0,164,19,3,186
140211202,1,134,20,2,157
140211203,0,247,23,3,273
140211204,2,195,17,8,222
140211205,1,191,34,1,227
140211206,4,190,31,4,229
140211207,2,177,16,1,196
140211208,0,126,5,3,134
140211209,0,130,6,1,137
140211210,3,228,24,1,256
140211211,2,221,19,12,254
140211212,1,140,25,9,175
140211213,0,167,21,4,192
140211214,1,237,24,3,265
140211301,2,199,34,4,239
140211302,1,148,6,1,156
140211303,4,188,8,5,205
140211304,3,145,21,10,179
140211305,1,275,19,7,302
140211306,4,179,21,4,208
140211307,3,148,9,8,168
140211308,0,308,34,4,346
140211309,2,156,22,5,185
140211310,3,213,21,0,237
140211311,2,175,23,2,202
140211312,0,194,11,1,206
140211313,1,231,28,0,260
140211314,5,260,10,0,275
140211401,6,176,28,2,212
140211402,2,156,6,2,166
140211403,4,195,10,0,209
140211404,1,262,24,2,289
140211405,0,261,21,2,284
140211406,1,199,31,7,238
140211407,0,345,21,3,369
140211408,1,188,15,1,205
140211409,1,181,12,7,201
140211410,1,224,18,1,244
140211411,2,262,22,5,291
140211412,1,202,16,1,220
140211501,2,185,12,10,209
140211502,8,199,34,13,254
140211503,6,187,16,0,209
140211504,0,251,12,3,266
140211505,6,187,17,1,211
140211506,3,254,27,1,285
140211507,3,199,15,9,226
140211508,0,81,6,21,108
140211509,2,137,21,2,162
140211510,0,197,1,3,201
140211511,1,186,16,5,208
140211601,4,221,28,20,273
140211602,4,318,44,23,389
140211603,6,190,17,4,217
140211604,0,207,32,2,241
140211605,2,201,19,6,228
140211606,3,193,35,5,236
140211607,6,243,9,6,264
140211608,1,228,12,2,243
140211609,8,199,15,1,223
140211610,3,172,33,9,217
140211611,2,299,35,8,344
140211701,3,156,43,24,226
140211702,0,170,18,19,207
140211703,0,176,12,21,209
140211704,0,192,16,16,224
140211705,3,168,11,10,192
140211706,2,288,30,6,326
140211707,8,278,8,4,298
140211708,6,332,34,47,419
140211709,3,358,44,6,411
140211710,0,272,38,9,319
140211801,8,186,24,14,232
140211802,3,194,16,1,214
140211803,3,175,13,3,194
140211804,5,267,18,1,291
140211805,13,264,21,0,298
140211806,5,184,14,2,205
140211807,4,211,20,3,238
140211808,2,214,20,9,245
140211809,0,199,47,9,255
140211810,2,277,17,1,297
140211811,22,183,21,4,230
140211812,2,350,25,7,384
140211813,3,312,71,3,389
140211814,4,210,11,2,227
140211815,9,290,21,7,327
140211816,51,244,18,2,315
140211901,4,213,18,3,238
140211902,4,248,26,2,280
140211903,9,154,15,0,178
140211904,7,150,4,1,162
140211905,0,187,9,4,200
140211906,15,172,13,0,200
140211907,9,149,10,1,169
140211908,0,143,9,0,152
140211909,5,236,13,0,254
140211910,10,274,27,5,316
140211911,57,206,16,4,283
140211912,1,195,4,2,202
140211913,7,199,8,2,216
140212001,0,120,50,5,175
140212002,1,141,20,2,164
140212003,39,219,47,4,309
140212004,139,66,17,5,227
140212005,62,161,62,7,292
140212006,190,7,0,0,197
140212007,11,189,82,3,285
140212008,2,180,35,2,219
140212009,5,172,23,0,200
140212010,4,157,48,0,209
140212011,156,28,1,0,185
140212012,3,231,17,0,251
140212013,101,132,5,0,238
140212014,39,276,22,2,339
140212015,7,280,21,1,309
140212016,3,169,16,1,189
140212017,5,173,13,0,191
140212018,1,177,77,3,258
140212101,124,111,6,16,257
140212102,2,132,41,5,180
140212103,1,131,29,14,175
140212104,4,27,24,0,55
140212105,2,208,54,0,264
140212106,10,232,45,1,288
140212107,8,181,23,2,214
140212108,29,168,15,1,213
140212109,3,178,25,0,206
140212110,9,213,79,7,308
140212111,0,72,15,5,92
140212112,1,106,27,18,152
140212113,4,207,51,4,266
140212114,0,158,33,1,192
140212115,1,172,17,0,190
140212116,4,270,19,1,294
140212117,2,161,8,0,171
140212118,2,327,37,1,367
140212119,1,163,9,9,182
140212120,2,169,17,2,190
140280101,0,1,10,10,21
140280102,0,34,34,1,69
140280103,7,29,17,2,55
140280104,2,77,75,15,169
140280105,0,64,43,7,114
140280106,0,30,26,2,58
140280107,0,22,2,1,25
140280108,1,34,25,2,62
140280109,2,126,38,9,175
140280110,4,250,76,7,337
140280111,23,155,51,3,232
140280201,32,180,133,11,356
140280202,18,188,41,3,250
140280203,74,144,37,3,258
140280204,56,287,71,1,415
140280205,84,85,42,1,212
140280206,139,48,14,0,201
140280207,191,24,6,0,221
140280208,51,221,53,4,329
140280209,221,58,22,0,301
140280210,30,160,40,1,231
140280211,217,111,28,2,358
140280212,110,184,33,1,328
140280213,6,280,31,0,317
140280214,244,43,26,0,313
140280215,228,109,22,0,359
140280216,144,187,40,0,371
140280301,7,207,56,2,272
140280302,45,241,30,2,318
140280303,11,254,58,0,323
140280304,110,221,29,0,360
140280305,1,279,58,0,338
140280306,145,84,11,0,240
140280307,220,24,9,1,254
140280308,205,20,7,0,232
140280309,237,54,11,1,303
140280310,4,263,22,0,289
140280311,3,250,38,1,292
140280312,2,103,50,5,160
140280401,0,2,4,0,6
140280402,0,24,38,4,66
140280403,2,24,30,17,73
140280404,0,48,39,3,90
140280405,0,34,15,8,57
140280406,1,137,39,17,194
140280407,1,139,52,10,202
140280408,1,156,31,15,203
140280409,1,184,57,6,248
140280410,0,142,52,5,199
140280501,2,83,61,3,149
140280502,5,71,36,3,115
140280503,0,19,13,1,33
140280504,0,58,34,8,100
140280505,4,185,38,6,233
140280506,4,227,43,9,283
140280507,1,228,34,3,266
140280508,11,211,36,2,260
140280509,5,209,8,0,222
140280510,4,207,11,0,222
140280511,4,177,25,4,210
140280512,2,182,22,3,209
140280513,0,188,21,2,211
140280514,2,354,36,1,393
140280515,1,92,12,2,107
140280601,0,13,6,0,19
140280602,0,70,13,3,86
140280603,0,109,11,8,128
140280604,0,33,20,0,53
140280605,0,11,3,1,15
140280606,2,162,22,4,190
140280607,6,218,41,3,268
140280701,0,32,3,0,35
140280702,0,29,7,2,38
140280703,0,7,9,0,16
140280704,0,5,3,2,10
140280705,0,9,5,0,14
140280706,2,28,14,2,46
140350101,0,6,12,0,18
140350102,0,7,6,0,13
140350103,0,20,25,2,47
140350104,0,8,18,1,27
140350105,0,20,0,1,21
140350106,0,33,9,1,43
140350107,0,31,77,7,115
140350108,1,196,124,14,335
140350109,0,257,38,1,296
140350110,0,185,31,2,218
140350201,0,17,10,0,27
140350202,0,10,21,2,33
140350203,0,14,3,3,20
140350204,1,5,10,0,16
140350205,0,18,0,0,18
140350206,0,61,37,1,99
140350207,0,10,13,0,23
140350208,0,19,11,2,32
140350209,0,18,1,0,19
140350210,1,78,66,27,172
140350211,0,79,101,11,191
140350212,0,302,59,0,361
140350213,2,290,49,3,344
140350214,6,242,26,2,276
140350215,1,273,32,5,311
140350301,0,18,16,2,36
140350302,0,15,3,0,18
140350303,2,59,16,1,78
140350304,0,47,27,0,74
140350305,0,40,35,2,77
140350306,0,45,14,5,64
140350307,0,122,60,3,185
140350308,0,35,6,0,41
140350309,1,18,20,0,39
140350310,25,83,47,0,155
140350311,231,57,11,0,299
140350312,229,35,8,8,280
140350313,187,48,18,3,256
140350314,185,30,13,1,229
140350315,242,39,11,0,292
140350316,0,182,83,3,268
140350317,0,275,82,11,368
140350318,4,327,37,1,369
140350401,0,16,11,1,28
140350402,1,17,34,4,56
140350403,0,41,29,3,73
140350404,25,98,85,5,213
140350405,100,104,54,0,258
140350406,94,210,32,0,336
140350407,82,150,37,2,271
140350408,94,83,13,0,190
140350409,86,133,18,0,237
140350410,107,83,14,0,204
140350411,83,80,9,0,172
140350412,74,140,45,0,259
140350413,103,97,46,0,246
140350414,35,177,64,3,279
140350415,89,174,24,2,289
140350501,0,4,9,0,13
140350502,0,30,9,1,40
140350503,0,22,5,1,28
140350504,0,30,10,1,41
140350505,0,20,14,1,35
140350506,0,21,12,3,36
140350507,0,16,0,0,16
140350508,3,140,85,0,228
140350509,2,120,74,12,208
140350510,4,121,68,8,201
140350511,1,201,55,2,259
140350512,0,254,122,4,380
140350513,0,221,64,6,291
140350514,4,143,54,4,205
140420101,0,29,11,0,40
140420102,0,24,5,0,29
140420103,0,39,19,0,58
140420104,1,29,6,0,36
140420105,1,43,44,6,94
140420106,1,9,31,0,41
140420107,1,46,13,1,61
140420108,0,44,27,7,78
140420109,2,300,37,6,345
140420110,3,219,8,0,230
140420111,5,237,37,4,283
140420112,2,107,22,0,131
140420201,0,9,26,0,35
140420202,2,45,16,1,64
140420203,0,22,23,2,47
140420204,0,15,13,1,29
140420205,0,18,67,1,86
140420206,0,13,16,0,29
140420207,1,22,20,0,43
140420208,2,45,77,0,124
140420209,25,21,59,17,122
140420210,1,176,29,10,216
140420301,0,47,39,3,89
140420302,0,57,19,1,77
140420303,0,20,36,0,56
140420304,0,21,30,1,52
140420305,0,29,24,1,54
140420306,0,1,9,0,10
140420307,29,67,67,0,163
140420308,23,94,62,2,181
140420309,3,247,25,1,276
140420310,0,227,83,7,317
140420311,5,243,18,0,266
140420312,1,103,15,1,120
140420313,11,353,57,0,421
140420314,5,331,56,1,393
140420401,282,27,10,0,319
140420402,205,19,17,0,241
140420403,163,37,33,2,235
140420404,332,47,9,0,388
140420405,329,27,21,0,377
140420406,309,12,9,0,330
140420407,284,18,33,2,337
140420408,255,50,18,0,323
140420409,195,33,37,1,266
140420410,232,35,22,1,290
140420411,257,50,24,2,333
140420412,232,34,29,0,295
140420413,156,120,48,6,330
140420414,127,41,74,0,242
140420415,164,91,116,1,372
140420416,134,37,35,0,206
140420417,88,64,70,0,222
140420418,235,15,37,0,287
140420419,118,41,36,0,195
140420501,0,17,8,1,26
140420502,0,8,16,0,24
140420503,0,16,6,0,22
140420504,0,17,23,2,42
140420505,0,14,14,2,30
140420506,0,20,12,1,33
140420507,1,35,4,0,40
140420508,0,38,33,2,73
140420509,3,25,26,1,55
140420510,3,103,64,0,170
140420511,0,148,25,1,174
140420512,1,174,42,2,219
140420513,7,172,29,3,211
140420514,4,220,44,0,268
140420515,3,160,21,0,184
140420516,3,137,53,1,194
140420517,4,272,35,3,314
140420601,67,92,96,2,257
140420602,176,49,15,0,240
140420603,211,54,59,0,324
140420604,308,1,0,0,309
140420605,289,5,1,0,295
140420606,336,1,0,0,337
140420607,236,4,0,0,240
140420608,405,9,9,0,423
140420609,297,5,2,0,304
140420610,203,1,2,0,206
140420611,301,0,0,0,301
140420612,177,1,0,0,178
140420613,300,1,1,0,302
140420614,295,2,0,0,297
140420615,31,160,121,1,313
140420616,326,38,17,0,381
140420617,294,3,1,0,298
140420618,149,31,21,1,202
140420619,176,2,0,0,178
140420620,177,0,1,0,178
140420621,373,41,1,0,415
140420701,170,93,108,3,374
140420702,179,52,83,1,315
140420703,253,95,52,4,404
140420704,252,4,6,0,262
140420705,367,4,2,0,373
140420706,255,2,0,0,257
140420707,308,2,3,0,313
140420708,285,19,5,0,309
140420709,229,64,50,2,345
140420710,213,68,55,0,336
140420711,491,46,27,1,565
140420712,202,26,27,1,256
140420713,229,9,8,0,246
140420714,166,0,2,0,168
140420715,291,13,24,0,328
140420801,224,0,1,0,225
140420802,160,1,0,0,161
140420803,324,2,2,0,328
140420804,176,0,0,0,176
140420805,301,1,0,0,302
140420806,245,1,0,0,246
140420807,281,1,1,0,283
140420808,211,1,2,0,214
140420809,281,0,0,0,281
140420810,345,3,1,0,349
140420811,223,3,1,0,227
140420812,325,1,0,0,326
140420813,175,0,1,0,176
140420814,251,3,0,0,254
140420815,3,82,203,0,288
140420816,11,125,123,2,261
140420817,192,0,0,0,192
140420818,272,5,1,0,278
140420819,98,208,97,8,411
140420820,205,0,0,0,205
140420821,183,1,0,0,184
140420822,183,8,5,0,196
140420823,231,3,6,0,240
140420901,5,98,133,1,237
140420902,288,10,7,0,305
140420903,232,19,1,0,252
140420904,0,184,50,1,235
140420905,88,193,30,0,311
140420906,255,52,11,0,318
140420907,203,4,0,0,207
140420908,204,1,0,1,206
140420909,371,5,1,0,377
140420910,173,11,21,0,205
140420911,200,0,0,0,200
140420912,121,2,0,0,123
140420913,258,1,0,0,259
140420914,327,1,0,0,328
140420915,252,0,1,0,253
140420916,254,28,6,0,288
140420917,223,18,7,0,248
140420918,234,2,1,0,237
140420919,237,39,13,0,289
140420920,219,14,20,3,256
140420921,108,73,79,2,262
140420922,195,5,0,0,200
140420923,188,1,0,0,189
140420924,213,0,0,0,213
140420925,220,1,0,0,221
140421001,0,8,37,1,46
140421002,0,20,24,1,45
140421003,0,3,0,0,3
140421004,0,6,18,3,27
140421005,0,16,19,1,36
140421006,1,16,8,0,25
140421007,0,19,7,1,27
140421008,4,179,36,4,223
140421009,7,214,40,8,269
140421010,0,171,44,12,227
140421011,3,135,33,2,173
140421012,1,238,38,0,277
140421013,3,165,44,4,216
140421014,2,173,36,2,213
140421015,8,231,30,0,269
140421016,3,286,55,2,346
140421101,209,17,4,0,230
140421102,217,5,2,0,224
140421103,255,1,1,0,257
140421104,245,5,2,0,252
140421105,245,60,20,0,325
140421106,132,56,23,1,212
140421107,33,192,205,0,430
140421108,5,285,90,1,381
140421109,198,137,21,1,357
140421110,275,7,5,0,287
140421111,279,6,4,0,289
140421112,291,3,0,0,294
140421113,191,3,7,0,201
140490101,0,29,7,0,36
140490102,0,14,25,2,41
140490103,0,35,18,4,57
140490104,1,27,3,0,31
140490105,1,7,17,2,27
140490106,0,0,13,0,13
140490107,0,11,10,1,22
140490108,0,38,13,1,52
140490109,1,45,52,2,100
140490110,0,13,3,0,16
140490111,2,107,15,2,126
140490112,5,93,14,3,115
140490113,14,213,69,5,301
140490114,1,199,20,2,222
140490115,1,149,22,0,172
140490116,1,242,90,3,336
140490201,5,92,68,4,169
140490202,0,12,17,1,30
140490203,0,25,6,0,31
140490204,0,44,15,5,64
140490205,0,20,3,1,24
140490206,0,15,5,0,20
140490207,0,18,15,1,34
140490208,0,6,3,0,9
140490209,0,8,14,0,22
140490210,1,21,20,1,43
140490211,1,95,21,2,119
140490212,0,22,5,0,27
140490213,1,44,14,1,60
140490214,1,74,57,3,135
140490215,0,60,20,4,84
140490301,2,113,50,1,166
140490302,1,127,40,3,171
140490303,3,256,48,2,309
140490304,2,144,17,2,165
140490305,2,198,28,0,228
140490306,3,145,16,0,164
140490307,13,252,1,0,266
140490308,7,210,19,0,236
140490309,4,278,23,0,305
140490310,0,234,6,0,240
140490311,3,288,32,5,328
140490312,2,229,28,0,259
140490313,1,204,15,2,222
140490314,3,167,32,3,205
140490315,2,114,5,0,121
140490316,1,192,18,2,213
140490317,0,173,23,0,196
140490318,6,207,16,0,229
140490319,3,332,21,2,358
140490320,4,276,19,1,300
140490321,0,180,33,0,213
140490322,5,283,32,0,320
140490323,2,169,35,0,206
140490324,5,114,39,4,162
140490325,6,233,22,4,265
140560101,0,48,11,2,61
140560102,3,45,16,1,65
140560103,1,30,24,1,56
140560104,182,164,28,2,376
140560105,26,287,61,6,380
140560106,22,304,36,1,363
140560107,121,152,9,2,284
140560108,18,261,45,11,335
140560109,39,142,51,14,246
140560110,75,144,37,9,265
140560111,23,188,34,6,251
140560112,186,36,19,1,242
140560113,278,25,6,0,309
140560114,181,40,4,1,226
140560115,129,54,7,0,190
140560116,207,25,4,3,239
140560117,213,95,45,5,358
140560118,156,66,24,2,248
140560201,0,12,21,0,33
140560202,0,9,11,0,20
140560203,0,6,3,0,9
140560204,165,40,7,1,213
140560205,263,48,7,0,318
140560206,264,37,5,0,306
140560207,154,4,0,0,158
140560208,215,14,2,0,231
140560209,186,52,13,0,251
140560210,291,39,5,0,335
140560211,294,48,21,0,363
140560212,278,41,30,0,349
140560213,425,41,5,0,471
140560214,330,94,14,0,438
140560301,0,3,3,0,6
140560302,0,23,6,2,31
140560303,0,46,15,0,61
140560304,2,27,21,2,52
140560305,0,32,6,0,38
140560306,0,9,3,0,12
140560307,0,7,4,0,11
140560308,0,22,7,0,29
140560309,0,28,10,0,38
140560310,0,19,29,0,48
140560311,2,260,30,3,295
140560312,9,260,19,1,289
140560313,11,313,30,0,354
140560314,1,210,29,1,241
140560315,1,182,16,0,199
140560316,5,245,25,3,278
140560317,5,160,14,2,181
140560318,0,172,9,3,184
140560319,5,291,55,2,353
140560320,0,176,33,2,211
140560401,0,22,12,0,34
140560402,0,22,22,1,45
140560403,0,7,3,0,10
140560404,0,10,1,0,11
140560405,0,16,16,2,34
140560406,0,16,4,0,20
140560407,1,263,94,20,378
140560408,3,103,36,10,152
140560409,4,161,50,0,215
140560410,1,100,92,3,196
140560411,5,173,56,3,237
140560412,5,121,54,7,187
140560413,6,205,74,6,291
140560414,2,206,78,2,288
140560415,0,195,78,1,274
140560501,0,19,6,1,26
140560502,0,7,12,2,21
140560503,0,10,7,0,17
140560504,0,27,12,4,43
140560505,0,1,9,0,10
140560506,0,49,13,0,62
140560507,0,18,28,6,52
140560508,1,169,30,2,202
140560509,1,172,27,1,201
140560601,0,22,42,1,65
140560602,2,19,15,2,38
140560603,0,28,1,0,29
140560604,0,10,10,0,20
140560605,0,20,10,0,30
140560606,0,19,4,0,23
140560607,0,21,7,0,28
140560608,0,24,25,1,50
140560609,0,48,32,2,82
140560610,0,24,16,1,41
140560611,0,23,30,1,54
140560612,0,47,18,0,65
140560613,0,35,27,6,68
140560614,0,16,6,0,22
140560615,5,195,39,8,247
140560616,19,190,16,1,226
140560617,2,219,38,10,269
140560618,6,141,36,5,188
140560701,182,22,26,0,230
140560702,142,64,12,0,218
140560703,166,58,64,1,289
140560704,166,25,54,1,246
140560705,153,10,33,0,196
140560706,217,74,40,3,334
140560707,206,4,3,0,213
140560708,304,41,4,0,349
140560709,236,128,32,1,397
140560710,194,24,9,0,227
140560711,185,123,44,2,354
140560712,126,122,151,1,400
140560713,5,155,133,4,297
140560714,211,8,4,6,229
140630101,0,14,13,1,28
140630102,0,6,23,0,29
140630103,0,9,14,0,23
140630104,0,6,5,0,11
140630105,0,7,10,0,17
140630106,0,11,23,1,35
140630107,0,14,3,0,17
140630108,0,16,3,0,19
140630109,0,157,119,2,278
140630201,0,6,25,0,31
140630202,0,26,41,3,70
140630203,3,10,16,0,29
140630204,2,9,19,0,30
140630205,0,7,8,1,16
140630206,0,23,10,0,33
140630207,0,4,25,0,29
140630208,0,8,24,1,33
140630209,0,10,13,0,23
140630210,0,30,7,0,37
140630211,0,16,13,0,29
140630212,188,98,46,1,333
140630213,92,128,41,2,263
140630214,64,86,49,0,199
140630215,1,82,53,1,137
140630301,0,9,5,0,14
140630302,13,12,12,0,37
140630303,1,53,49,2,105
140630304,178,28,40,1,247
140630305,235,18,16,1,270
140630306,281,18,11,0,310
140630307,226,14,6,0,246
140630308,207,22,27,0,256
140630309,178,15,3,2,198
140630310,183,22,16,0,221
140630311,200,48,24,3,275
140630401,0,8,4,0,12
140630402,0,8,15,0,23
140630403,0,3,11,0,14
140630404,1,10,9,0,20
140630405,0,10,18,2,30
140630406,0,3,6,0,9
140630407,1,192,123,2,318
140630408,1,215,48,0,264
140630409,1,116,60,0,177
140630410,11,144,41,0,196
140630411,2,154,37,0,193
140630412,3,116,48,0,167
140630413,197,98,36,0,331
140630414,175,76,12,0,263
140630415,59,96,56,1,212
140630501,2,23,39,2,66
140630502,0,18,34,0,52
140630503,0,19,7,0,26
140630504,121,40,24,0,185
140630505,194,71,17,0,282
140630506,192,68,15,0,275
140630507,156,44,28,1,229
140630508,3,153,120,2,278
140630509,0,133,58,0,191
140630510,3,209,120,8,340
140630511,1,153,65,2,221
140630512,1,91,94,2,188
140630513,0,183,105,0,288
140630514,0,150,110,0,260
140630515,5,182,150,1,338
140630516,3,143,149,1,296
140630517,2,48,79,0,129
140630601,0,5,0,0,5
140630602,0,2,2,0,4
140630603,0,23,21,0,44
140630604,0,19,17,1,37
140630605,0,11,7,2,20
140630606,0,21,8,2,31
140630607,1,225,58,2,286
140630608,5,196,17,1,219
140630609,6,201,75,6,288
140630610,3,222,26,0,251
140630611,8,238,59,0,305
140630612,2,216,9,1,228
140630613,2,246,34,5,287
140630614,0,89,44,5,138
140630615,2,203,44,2,251
140630701,0,46,46,0,92
140630702,0,41,5,1,47
140630703,0,25,10,0,35
140630704,0,15,12,1,28
140630705,0,32,8,1,41
140630706,5,217,56,1,279
140630707,3,192,62,2,259
140630708,7,287,16,1,311
140630709,5,280,21,0,306
140630710,1,60,49,4,114
140630711,6,143,42,14,205
140630801,0,11,13,0,24
140630802,0,9,22,0,31
140630803,0,23,18,1,42
140630804,0,44,11,0,55
140630805,0,14,4,1,19
140630806,0,12,9,0,21
140630807,0,96,46,6,148
140630808,0,220,26,1,247
140630809,2,205,12,0,219
140630810,2,211,22,2,237
140630811,2,148,35,10,195
140630812,2,160,37,4,203
140630901,0,7,13,1,21
140630902,0,24,12,2,38
140630903,0,36,36,0,72
140630904,0,50,14,1,65
140630905,0,11,19,0,30
140630906,0,0,21,0,21
140630907,0,21,10,1,32
140630908,0,34,1,0,35
140630909,0,35,21,0,56
140630910,0,155,31,0,186
140630911,5,159,22,1,187
140630912,5,169,46,1,221
140630913,0,62,93,3,158
140630914,0,181,82,9,272
140630915,1,245,82,3,331
140630916,8,227,75,1,311
140630917,0,86,39,3,128
140630918,2,230,46,0,278
140630919,0,180,34,0,214
140630920,4,219,48,0,271
140630921,0,239,51,7,297
140630922,1,181,137,17,336
140630923,0,148,37,3,188
140631001,2,57,87,8,154
140631002,169,101,37,0,307
140631003,225,93,35,0,353
140631004,27,154,48,0,229
140631005,172,16,6,0,194
140631006,241,13,8,0,262
140631007,278,45,32,1,356
140631008,202,13,2,0,217
140631009,219,26,11,0,256
140631010,69,96,58,0,223
140631011,203,22,12,1,238
140631012,5,190,147,2,344
140631013,8,203,162,1,374
140631101,301,27,31,3,362
140631102,226,26,24,2,278
140631103,191,10,9,2,212
140631104,132,25,106,2,265
140631105,357,9,1,2,369
140631106,179,10,10,0,199
140631107,246,0,2,0,248
140631108,20,127,76,1,224
140631109,168,7,17,2,194
140631110,322,22,11,0,355
140631111,250,1,2,0,253
140631112,155,1,0,0,156
140631113,306,0,0,0,306
140631114,240,1,0,0,241
140631115,223,1,0,0,224
140631116,348,13,8,0,369
140631201,177,27,21,0,225
140631202,200,2,5,0,207
140631203,258,1,1,0,260
140631204,168,1,1,1,171
140631205,359,0,1,0,360
140631206,269,16,34,0,319
140631207,265,5,7,1,278
140631208,255,2,3,0,260
140631209,281,11,45,3,340
140631210,193,28,120,1,342
140631211,168,33,80,1,282
140631212,269,15,17,0,301
140631213,236,14,13,0,263
140631214,300,14,13,0,327
140631215,235,25,56,1,317
140631216,206,31,49,0,286
140631301,1,226,96,9,332
140631302,0,111,85,3,199
140631303,0,234,104,0,338
140631304,1,173,69,1,244
140631305,2,366,54,0,422
140631306,4,259,21,0,284
140631307,4,140,33,0,177
140631308,0,250,16,0,266
140631309,3,285,54,0,342
140631310,0,128,30,0,158
140631311,12,182,38,0,232
140631312,13,176,14,0,203
140631313,0,151,41,0,192
140631314,8,255,30,0,293
140700101,0,28,28,17,73
140700102,0,7,7,10,24
140700103,0,66,12,7,85
140700104,0,15,9,1,25
140700105,0,38,33,4,75
140700201,0,19,14,2,35
140700202,0,9,18,2,29
140700203,0,29,20,12,61
140700204,0,8,11,5,24
140700205,0,35,14,8,57
140700206,0,50,21,5,76
140700207,0,48,8,1,57
140700208,0,8,4,3,15
140700209,0,22,10,3,35
140700210,0,43,16,2,61
140700211,0,79,10,1,90
140700212,0,128,6,1,135
140700213,0,264,14,1,279
140770101,0,4,1,3,8
140770102,0,0,1,0,1
140770103,0,3,17,1,21
140770104,0,4,0,7,11
140770105,0,3,32,0,35
140770106,0,3,25,4,32
140770107,0,5,7,2,14
140770108,0,11,8,0,19
140770109,0,12,6,0,18
140770110,0,62,40,2,104
140770201,0,32,10,0,42
140770202,0,48,22,3,73
140770203,0,48,31,16,95
140770204,0,55,53,22,130
140770205,0,30,18,1,49
140770206,0,12,3,1,16
140770207,0,32,7,5,44
140770208,0,26,0,2,28
140770209,0,21,5,2,28
140770210,0,207,19,2,228
140770211,0,183,10,3,196
140770212,0,46,5,0,51
140770213,0,45,4,0,49
140840101,0,23,23,2,48
140840102,0,24,25,0,49
140840103,0,28,13,3,44
140840104,1,14,4,0,19
140840105,1,14,6,0,21
140840106,2,272,73,3,350
140840107,0,214,50,0,264
140840108,46,286,50,1,383
140840109,0,233,62,1,296
140840110,2,194,80,3,279
140840111,0,223,63,7,293
140840201,0,15,6,2,23
140840202,0,12,13,0,25
140840203,0,6,18,0,24
140840204,1,27,17,0,45
140840205,0,7,20,0,27
140840206,0,34,19,1,54
140840207,0,29,16,0,45
140840208,0,23,14,0,37
140840209,3,86,32,0,121
140840210,0,262,15,0,277
140840301,0,12,18,1,31
140840302,0,34,14,0,48
140840303,1,5,18,0,24
140840304,1,8,16,0,25
140840305,0,23,18,0,41
140840306,0,9,11,0,20
140840307,0,15,6,0,21
140840308,0,4,24,1,29
140840309,0,10,17,0,27
140840310,0,10,8,3,21
140840311,0,3,15,0,18
140840312,0,27,5,0,32
140840313,1,153,52,1,207
140840314,8,164,52,1,225
140840315,0,93,78,3,174
140840316,0,128,21,5,154
140840401,0,26,9,0,35
140840402,0,44,4,4,52
140840403,0,14,0,0,14
140840404,1,31,43,1,76
140840405,0,48,40,0,88
140840406,21,130,63,0,214
140840407,140,39,52,0,231
140840408,112,92,88,1,293
140840409,167,78,55,0,300
140840501,195,54,16,0,265
140840502,0,110,71,10,191
140840503,4,95,96,2,197
140840504,21,217,80,4,322
140840505,83,98,67,1,249
140840506,92,108,40,1,241
140840507,188,36,23,2,249
140840508,235,100,11,0,346
140840509,217,28,11,0,256
140840510,196,16,3,0,215
140840511,261,16,8,0,285
140840512,223,65,22,1,311
140840513,192,58,6,0,256
140840514,236,102,26,0,364
140840515,254,9,8,0,271
140840516,289,18,5,0,312
140840517,195,18,1,0,214
140840518,130,90,21,3,244
140840519,34,158,40,3,235
140840520,165,13,6,0,184
140840521,105,134,54,1,294
140840522,263,12,8,0,283
140840523,134,79,45,0,258
140840524,123,77,20,7,227
140840525,181,19,3,0,203
140840526,174,21,11,1,207
140840527,118,46,9,0,173
140910101,133,70,20,3,226
140910102,93,17,2,7,119
140910103,202,19,1,0,222
140910104,9,182,29,9,229
140910105,36,36,16,4,92
140910106,159,53,12,0,224
140910107,227,11,3,0,241
140910108,233,14,0,0,247
140910109,132,17,1,1,151
140910110,179,17,8,0,204
140910111,90,67,17,1,175
140910112,174,19,11,0,204
140910113,227,15,13,0,255
140910114,149,82,11,1,243
140910115,23,52,23,3,101
140910116,179,29,7,0,215
140910117,93,38,18,0,149
140910118,97,103,29,1,230
140910119,2,96,43,1,142
140910201,0,57,22,0,79
140910202,0,15,10,0,25
140910203,0,46,15,8,69
140910204,1,23,17,3,44
140910205,0,2,2,0,4
140910206,0,11,5,4,20
140910207,0,2,0,1,3
140910208,0,6,0,0,6
140910209,0,222,38,3,263
140910210,4,175,69,0,248
140910211,1,76,22,0,99
140910212,0,1,3,0,4
140910301,0,5,0,0,5
140910302,0,8,4,3,15
140910303,36,139,31,9,215
140910304,20,188,68,2,278
140910305,93,120,11,0,224
140910306,50,107,21,0,178
140910307,30,127,37,7,201
140910308,10,166,29,9,214
140910309,210,63,9,0,282
140910310,79,95,22,0,196
140910311,20,126,29,0,175
140910401,15,160,78,4,257
140910402,210,58,18,1,287
140910403,163,58,13,0,234
140910404,141,83,38,1,263
140910405,152,65,39,1,257
140910406,217,14,11,0,242
140910407,123,168,29,1,321
140910408,82,118,27,0,227
140910409,294,40,10,0,344
140910410,134,12,1,0,147
140910411,243,60,12,1,316
140910412,76,26,8,0,110
140910413,246,92,16,0,354
140910414,216,12,2,0,230
140910415,16,136,68,18,238
140910416,88,71,19,0,178
140910417,271,37,17,2,327
140910418,172,62,17,0,251
140910419,0,136,56,2,194
140910420,7,201,76,3,287
140910501,1,0,2,0,3
140910502,39,88,15,4,146
140910503,52,132,56,1,241
140910504,157,106,50,1,314
140910505,21,185,64,0,270
140910506,105,85,6,0,196
140910507,48,88,21,1,158
140910508,3,62,30,2,97
140910509,4,134,51,0,189
140910510,20,130,48,0,198
140910601,0,1,0,0,1
140910602,1,57,33,3,94
140910603,0,22,1,0,23
140910604,0,14,2,2,18
140910605,0,13,7,0,20
140910606,9,207,32,1,249
140910607,5,276,23,1,305
140910608,2,256,28,4,290
140910609,9,144,25,0,178
140910610,4,296,24,1,325
140910611,6,183,21,0,210
140910612,5,144,26,3,178
140910613,3,177,42,1,223
140910614,4,178,13,0,195
140910615,3,140,21,7,171
140910616,2,143,16,2,163
140910617,5,159,23,2,189
140910618,1,99,31,4,135
140910701,0,6,6,1,13
140910702,3,180,12,1,196
140910703,14,270,46,4,334
140910704,1,209,16,1,227
140910705,4,177,18,1,200
140910706,2,131,11,2,146
140910707,5,249,16,0,270
140910708,6,258,14,0,278
140910709,17,277,34,0,328
140910710,1,141,7,0,149
140910711,7,265,14,1,287
140910712,2,257,30,0,289
140910713,102,258,44,1,405
140910714,126,105,19,1,251
140910715,2,329,25,0,356
140910716,7,230,50,1,288
140910717,0,117,32,5,154
140910718,5,285,18,0,308
140910719,2,152,34,0,188
140910720,9,341,36,0,386
140910721,4,364,25,1,394
140910722,6,286,36,2,330
140910723,6,163,59,3,231
140910801,0,6,3,1,10
140910802,0,57,12,3,72
140910803,0,3,1,0,4
140910804,1,70,13,3,87
140910805,2,142,20,1,165
140910806,1,176,20,1,198
140910807,1,150,20,2,173
140910808,1,99,22,9,131
140910809,3,202,8,0,213
140910810,10,191,26,2,229
140910811,0,149,17,5,171
140910812,8,164,40,27,239
140910813,9,245,24,28,306
140910901,6,198,27,23,254
140910902,8,146,8,0,162
140910903,50,90,14,1,155
140910904,27,234,33,30,324
140910905,3,288,42,20,353
140910906,55,214,17,2,288
140910907,10,183,9,24,226
140910908,20,200,21,0,241
140910909,190,28,18,0,236
140910910,159,11,0,0,170
140910911,107,21,1,0,129
140910912,10,178,22,8,218
140910913,46,132,25,6,209
140910914,2,236,23,8,269
140910915,14,285,16,6,321
140910916,3,288,41,11,343
140910917,3,192,40,6,241
140910918,130,10,0,0,140
140910919,7,186,15,9,217
140910920,7,210,29,6,252
140910921,3,316,55,19,393
140910922,3,335,28,3,369
140910923,0,0,0,0,0
140911001,20,161,25,7,213
140911002,4,182,25,1,212
140911003,35,163,24,0,222
140911004,96,217,26,0,339
140911005,13,184,19,3,219
140911006,25,237,24,4,290
140911007,20,129,6,0,155
140911008,175,64,0,0,239
140911009,190,24,8,0,222
140911010,10,160,68,0,238
140911011,9,192,17,0,218
140911012,181,19,8,0,208
140911013,85,184,5,0,274
140911014,142,33,3,0,178
140911015,8,196,32,0,236
140911016,6,131,55,0,192
140911017,146,47,6,0,199
140911018,144,66,5,0,215
140911019,25,118,38,0,181
140911020,9,92,11,0,112
140911101,201,11,2,0,214
140911102,153,4,0,0,157
140911103,110,77,4,0,191
140911104,109,75,7,3,194
140911105,134,140,11,2,287
140911106,91,7,6,0,104
140911107,141,5,0,0,146
140911108,185,14,1,0,200
140911109,193,8,0,1,202
140911110,300,19,1,0,320
140911111,138,16,2,0,156
140911112,23,187,34,0,244
140911113,113,51,19,1,184
140911114,139,40,5,1,185
140911115,200,19,2,0,221
140911116,161,12,1,0,174
140911117,120,1,0,0,121
140911118,150,35,13,0,198
140911201,78,198,36,2,314
140911202,120,105,8,0,233
140911203,158,97,6,1,262
140911204,67,216,6,2,291
140911205,31,257,27,1,316
140911206,18,153,20,0,191
140911207,9,224,38,1,272
140911208,7,234,83,11,335
140911209,18,179,19,1,217
140911210,3,249,14,4,270
140911211,2,237,33,6,278
140911212,0,139,21,14,174
140911213,4,187,25,6,222
140911214,8,227,35,1,271
140911215,5,242,34,1,282
140911216,4,122,9,1,136
140911217,1,145,10,28,184
140911218,3,162,25,2,192
140911219,9,233,31,1,274
140911220,24,178,16,0,218
140911221,17,194,9,0,220
140911222,1,174,55,2,232
140911223,2,117,47,1,167
140911301,0,1,2,0,3
140911302,0,8,0,1,9
140911303,0,25,1,0,26
140911304,0,3,1,0,4
140911305,0,5,0,2,7
140911306,0,8,0,0,8
140911307,0,6,0,0,6
140911308,0,2,1,2,5
140911309,1,89,15,2,107
140911310,0,83,14,3,100
140911311,3,247,13,14,277
140911312,0,155,8,5,168
140911313,7,203,14,11,235
140911314,4,116,14,0,134
140911315,7,203,12,14,236
140911316,0,89,7,2,98
140911317,14,95,1,11,121
140911318,8,95,12,5,120
140911319,0,84,16,5,105
140911320,2,87,9,6,104
140911321,1,74,13,1,89
140911322,0,72,12,0,84
140911323,2,160,15,4,181
140911401,0,1,1,1,3
140911402,0,9,8,2,19
140911403,0,7,2,1,10
140911404,0,11,4,0,15
140911405,0,19,11,1,31
140911406,5,116,17,0,138
140911407,5,242,37,3,287
140911408,2,214,20,1,237
140911409,6,233,33,0,272
140911410,6,283,66,1,356
140911411,0,151,37,0,188
140911412,3,173,26,2,204
140911413,8,235,37,0,280
140911414,4,220,26,0,250
140911415,0,149,18,2,169
140911501,0,5,0,0,5
140911502,33,58,44,1,136
140911503,37,125,33,6,201
140911504,80,84,27,1,192
140911505,25,88,46,3,162
140911506,110,80,19,0,209
140911507,24,131,52,0,207
140911508,42,142,25,0,209
140911509,147,45,24,0,216
140911510,131,92,18,0,241
140911601,0,3,1,1,5
140911602,0,3,11,2,16
140911603,0,1,1,1,3
140911604,0,2,4,0,6
140911605,0,21,32,3,56
140911606,0,16,5,2,23
140911607,0,4,1,0,5
140911608,3,96,35,3,137
140911609,1,97,23,5,126
140911610,0,64,13,3,80
140911701,0,0,0,2,2
140911702,0,0,2,0,2
140911703,0,6,1,2,9
140911704,0,2,0,0,2
140911705,0,1,1,0,2
140911706,2,196,30,2,230
140911707,3,114,32,9,158
140911708,0,188,7,1,196
140911709,2,196,23,1,222
140911710,2,118,29,0,149
140911711,1,142,27,0,170
140911712,0,117,21,4,142
140911713,7,193,39,20,259
140911714,6,139,4,11,160
140911715,0,70,19,3,92
140911801,0,2,4,1,7
140911802,0,4,1,0,5
140911803,0,8,2,1,11
140911804,0,45,15,3,63
140911805,1,36,7,2,46
140911806,9,91,14,3,117
140911807,2,51,10,18,81
140911808,2,169,11,10,192
140911809,4,122,11,31,168
140911810,1,32,3,0,36
140911901,0,25,3,10,38
140911902,0,27,3,1,31
140911903,0,0,1,0,1
140911904,0,10,2,1,13
140911905,0,5,0,6,11
140911906,0,132,14,47,193
140911907,3,99,11,12,125
140911908,0,177,28,18,223
140911909,5,168,7,18,198
140911910,3,162,23,5,193
140911911,2,239,34,10,285
140911912,0,35,4,3,42
140911913,2,172,18,2,194
140911914,2,108,23,8,141
140980101,0,3,3,0,6
140980102,0,18,0,0,18
140980103,0,30,1,0,31
140980104,0,12,10,1,23
140980105,0,10,1,0,11
140980106,0,13,5,0,18
140980107,0,8,7,1,16
140980108,1,142,30,2,175
140980109,0,220,18,1,239
140980110,0,206,41,8,255
140980111,2,176,34,0,212
140980112,1,171,31,1,204
140980113,4,213,25,2,244
140980114,1,172,31,5,209
140980115,20,210,12,1,243
140980116,0,229,16,0,245
140980117,2,233,42,7,284
140980201,0,10,0,0,10
140980202,0,15,17,2,34
140980203,0,77,5,2,84
140980204,1,32,12,0,45
140980205,0,31,5,0,36
140980206,0,5,9,1,15
140980207,0,9,9,0,18
140980208,15,239,5,0,259
140980209,16,122,38,7,183
140980210,2,247,16,0,265
140980211,1,300,4,0,305
140980301,0,14,4,0,18
140980302,0,19,6,0,25
140980303,0,14,0,0,14
140980304,3,185,52,4,244
140980305,11,267,16,2,296
140980306,1,281,28,2,312
140980307,3,203,5,0,211
140980308,5,266,19,0,290
140980309,7,178,20,3,208
140980310,4,165,23,2,194
140980311,0,209,32,7,248
140980401,0,19,3,0,22
140980402,0,35,13,0,48
140980403,0,6,18,0,24
140980404,0,14,5,1,20
140980405,0,13,8,0,21
140980406,0,32,13,0,45
140980407,1,172,27,6,206
140980408,1,167,58,2,228
140980409,0,59,41,1,101
140980501,0,12,5,0,17
140980502,0,25,29,1,55
140980503,0,4,18,1,23
140980504,0,7,5,0,12
140980505,1,76,29,0,106
140980506,55,61,16,0,132
140980507,0,26,9,2,37
140980508,0,9,10,0,19
140980509,0,23,24,2,49
140980510,6,134,132,0,272
140980511,1,216,29,0,246
140980512,3,241,48,0,292
140980513,3,170,58,0,231
140980514,0,144,56,0,200
140980515,3,191,31,1,226
140980516,24,145,32,0,201
140980517,55,214,29,0,298
140980601,0,14,7,1,22
140980602,0,31,24,5,60
140980603,0,25,18,0,43
140980604,0,12,25,1,38
140980605,0,21,10,2,33
140980606,0,20,28,0,48
140980607,0,51,24,0,75
140980608,6,51,36,0,93
140980609,0,22,13,1,36
140980701,0,10,15,1,26
140980702,0,10,22,0,32
140980703,1,24,21,0,46
140980704,1,34,33,2,70
140980705,3,11,4,1,19
140980706,2,14,15,0,31
140980707,0,28,22,3,53
140980708,3,20,25,0,48
140980801,0,33,13,0,46
140980802,0,31,15,3,49
140980803,1,29,32,2,64
140980804,0,22,41,5,68
140980805,0,0,18,0,18
140980806,0,27,43,1,71
140980807,26,100,41,2,169
140980808,17,192,70,1,280
140980809,5,101,89,0,195
140980810,0,105,42,1,148
140980811,0,71,26,5,102
140980901,0,26,17,3,46
140980902,2,57,81,2,142
140980903,7,20,32,1,60
140980904,13,79,104,1,197
140980905,108,77,41,3,229
140980906,186,53,24,0,263
140980907,196,31,15,0,242
140980908,176,42,23,3,244
140980909,73,87,84,6,250
140980910,156,34,22,2,214
140980911,92,20,6,0,118
140980912,258,45,53,5,361
140980913,210,56,12,1,279
140980914,184,50,24,1,259
140981001,0,3,8,1,12
140981002,0,10,9,0,19
140981003,0,11,146,5,162
140981004,0,26,23,1,50
140981005,0,29,14,1,44
140981006,0,10,25,2,37
140981007,0,27,25,1,53
140981008,1,28,32,1,62
140981009,131,21,14,0,166
140981010,181,8,12,0,201
140981011,270,18,15,0,303
140981012,187,22,7,1,217
140981013,224,26,30,1,281
140981014,95,96,48,6,245
140981101,0,61,23,2,86
140981102,1,40,48,0,89
140981103,0,15,7,0,22
140981104,0,6,14,0,20
140981105,0,24,7,0,31
140981106,0,54,31,2,87
140981107,0,51,13,0,64
140981108,0,15,21,1,37
140981109,4,206,40,0,250
140981110,16,142,31,1,190
140981111,7,199,59,2,267
140981201,0,24,48,0,72
140981202,1,50,25,5,81
140981203,4,34,65,8,111
140981204,0,79,49,3,131
140981205,0,20,14,0,34
140981206,0,19,73,1,93
140981207,252,8,2,0,262
140981208,254,7,3,0,264
140981209,176,6,4,0,186
140981210,177,4,11,1,193
140981211,176,1,0,0,177
140981212,130,68,16,0,214
140981301,0,28,13,0,41
140981302,0,10,36,0,46
140981303,0,4,31,2,37
140981304,0,11,24,1,36
140981305,0,10,20,1,31
140981306,0,4,23,1,28
140981307,0,2,11,0,13
140981308,0,0,31,0,31
140981309,0,30,25,7,62
140981310,0,19,43,1,63
140981311,1,147,76,1,225
140981312,4,216,98,1,319
140981313,0,54,94,9,157
140981401,0,23,28,1,52
140981402,0,19,25,1,45
140981403,0,24,22,0,46
140981404,0,26,29,0,55
140981405,0,38,10,1,49
140981406,0,21,18,0,39
140981407,0,13,22,3,38
140981408,0,16,10,5,31
140981409,0,75,53,2,130
140981410,51,61,152,4,268
140981501,63,125,120,1,309
140981502,2,136,148,11,297
140981503,145,147,54,0,346
140981504,203,56,29,0,288
140981505,4,155,74,3,236
140981506,150,37,29,0,216
140981507,249,16,20,0,285
140981508,220,11,7,0,238
140981509,106,127,95,1,329
140981510,129,123,91,0,343
140981511,275,3,0,0,278
140981512,127,35,3,0,165
140981513,178,83,87,4,352
140981514,308,7,9,0,324
140981515,242,5,0,0,247
140981601,16,162,102,0,280
140981602,205,75,79,4,363
140981603,137,23,26,4,190
140981604,170,12,17,0,199
140981605,373,11,15,0,399
140981606,128,14,19,0,161
140981607,182,11,28,2,223
140981608,185,3,5,0,193
140981609,373,28,25,1,427
140981610,366,13,13,1,393
140981611,339,2,3,0,344
140981612,350,3,0,0,353
140981613,186,0,0,0,186
140981614,197,0,0,0,197
140981615,176,0,0,0,176
140981701,11,254,153,10,428
140981702,1,158,119,1,279
140981703,219,53,25,0,297
140981704,72,86,12,0,170
140981705,330,32,37,1,400
140981706,121,85,27,0,233
140981707,131,59,11,2,203
140981708,293,19,4,1,317
140981709,175,53,20,0,248
140981710,240,17,6,3,266
140981711,295,17,10,0,322
140981712,299,70,63,0,432
140981713,238,17,19,0,274
140981801,344,46,26,0,416
140981802,333,47,16,0,396
140981803,348,45,58,0,451
140981804,384,42,12,0,438
140981805,281,60,37,0,378
140981806,263,16,16,0,295
140981807,293,13,9,0,315
140981808,279,33,15,0,327
140981809,389,35,24,0,448
140981810,265,79,81,0,425
140981811,310,5,3,0,318
140981812,265,25,14,0,304
140981813,211,20,66,10,307
140981901,1,164,30,0,195
140981902,9,193,315,39,556
140981903,192,20,88,7,307
140981904,13,81,113,9,216
140981905,16,96,87,6,205
140981906,86,79,47,7,219
140981907,61,63,87,4,215
140981908,155,36,72,2,265
140981909,203,1,9,2,215
140981910,220,6,6,0,232
140981911,279,17,14,0,310
140981912,311,18,3,1,333
140982001,67,36,12,0,115
140982002,213,7,10,0,230
140982003,285,2,0,0,287
140982004,178,1,0,0,179
140982005,139,0,0,0,139
140982006,328,4,2,0,334
140982007,243,11,2,0,256
140982008,365,5,3,0,373
140982009,149,14,51,1,215
140982010,288,4,2,0,294
140982011,183,0,0,0,183
140982012,208,3,0,0,211
140982013,222,1,0,0,223
140982014,229,1,0,0,230
140982015,155,0,0,0,155
140982016,282,1,1,0,284
140982017,316,0,0,0,316
140982018,329,8,0,0,337
140982019,93,0,0,0,93
140982020,199,1,0,0,200
140982021,236,0,0,0,236
140982022,209,1,0,0,210
140982101,118,22,120,0,260
140982102,124,24,38,1,187
140982103,392,15,11,0,418
140982104,260,0,0,0,260
140982105,235,1,1,0,237
140982106,196,1,0,0,197
140982107,231,2,0,0,233
140982108,339,5,3,0,347
140982109,339,0,0,0,339
140982110,316,5,6,0,327
140982111,324,12,1,0,337
140982112,164,49,31,0,244
140982113,237,25,19,3,284
140982114,316,7,11,0,334
140982201,382,7,9,0,398
140982202,396,0,1,0,397
140982203,337,6,2,0,345
140982204,169,14,14,0,197
140982205,397,0,1,0,398
140982206,357,1,2,0,360
140982207,291,29,15,0,335
140982208,257,30,13,2,302
140982209,117,52,88,1,258
140982210,193,64,82,3,342
140982211,265,1,22,2,290
140982212,87,81,53,1,222
140982301,355,3,0,0,358
140982302,257,4,3,1,265
140982303,220,7,4,0,231
140982304,401,5,3,0,409
140982305,177,1,0,0,178
140982306,265,0,0,0,265
140982307,187,3,4,0,194
140982308,325,3,3,0,331
140982309,242,7,8,0,257
140982310,246,4,3,0,253
140982311,245,3,7,0,255
140982312,409,6,7,0,422
140982313,294,22,17,0,333
140982314,128,34,25,1,188
140982401,293,2,0,0,295
140982402,212,0,0,0,212
140982403,135,3,0,0,138
140982404,321,3,4,0,328
140982405,363,3,2,0,368
140982406,373,1,1,0,375
140982407,188,1,0,0,189
140982408,201,0,0,0,201
140982409,311,0,0,0,311
140982410,297,1,0,0,298
140982411,363,1,1,0,365
140982412,314,1,0,0,315
140982413,303,20,2,2,327
140982414,356,0,0,0,356
140982415,224,5,0,0,229
140982416,289,1,0,0,290
140982417,292,4,3,0,299
140982418,236,2,0,0,238
140982419,169,0,0,0,169
140982420,354,0,0,0,354
140982421,247,2,1,0,250
140982501,293,4,9,0,306
140982502,365,6,3,3,377
140982503,278,9,3,0,290
140982504,265,11,5,0,281
140982505,335,15,24,0,374
140982506,323,18,9,4,354
140982507,17,159,141,4,321
140982508,206,46,73,3,328
140982509,208,7,14,1,230
140982510,231,7,3,1,242
140982511,373,17,33,0,423
140982512,191,44,152,6,393
140982601,268,14,6,0,288
140982602,284,3,9,1,297
140982603,427,18,2,0,447
140982604,359,13,9,0,381
140982605,272,9,8,0,289
140982606,247,1,2,0,250
140982607,309,3,13,1,326
140982608,291,4,10,1,306
140982609,167,38,43,3,251
140982610,148,66,34,0,248
140982611,86,67,109,0,262
140982612,226,15,44,0,285
140982613,98,27,42,5,172
140982701,8,208,131,7,354
140982702,140,206,31,1,378
140982703,255,98,10,0,363
140982704,175,34,17,0,226
140982705,130,115,26,0,271
140982706,184,51,22,0,257
140982707,182,122,28,2,334
140982708,217,77,17,0,311
140982801,11,244,118,4,377
140982802,25,221,73,5,324
140982803,80,91,24,1,196
140982804,23,110,43,10,186
140982805,20,100,69,10,199
140982806,1,176,34,11,222
140982807,0,64,141,5,210
140982808,129,42,9,0,180
140982809,152,68,52,1,273
140982810,43,136,73,3,255
140982811,2,112,67,3,184
140982812,14,122,129,6,271
140982901,5,178,70,0,253
140982902,2,135,139,4,280
140982903,0,118,39,3,160
140982904,0,153,64,1,218
140982905,1,102,84,0,187
140982906,1,136,93,1,231
140982907,2,99,37,0,138
140982908,0,130,37,0,167
140982909,0,110,73,0,183
140982910,1,186,69,3,259
140982911,4,178,48,0,230
140982912,1,122,90,1,214
140982913,1,183,79,1,264
140982914,2,256,48,3,309
141050101,1,59,14,3,77
141050102,0,14,15,2,31
141050103,1,81,30,5,117
141050104,0,21,6,3,30
141050105,0,16,2,2,20
141050106,3,44,20,6,73
141050107,1,26,18,9,54
141050108,0,38,37,3,78
141050109,0,83,40,1,124
141050110,0,49,17,4,70
141050111,0,42,18,0,60
141050112,1,178,10,0,189
141050113,2,160,29,5,196
141050114,2,216,39,6,263
141050201,0,9,8,6,23
141050202,0,13,2,0,15
141050203,0,49,6,5,60
141050204,0,22,3,5,30
141050205,0,38,24,2,64
141050206,0,39,17,2,58
141050207,0,15,7,3,25
141050208,0,40,15,2,57
141050209,0,37,8,3,48
141050210,8,123,3,0,134
141050211,5,219,15,0,239
141050212,7,193,12,0,212
141050213,2,197,8,2,209
141050214,6,225,20,1,252
141050215,4,297,6,3,310
141050216,6,314,27,4,351
141050217,1,240,43,17,301
141050301,0,13,3,1,17
141050302,0,17,22,4,43
141050303,0,48,3,0,51
141050304,0,18,2,3,23
141050305,1,81,15,5,102
141050306,0,34,6,4,44
141050307,0,26,10,0,36
141050308,1,107,15,4,127
141050309,3,325,34,1,363
141050310,6,243,40,1,290
141050311,0,148,8,0,156
141050312,3,212,12,0,227
141050313,112,185,29,2,328
141050314,62,234,11,1,308
141050315,4,280,41,4,329
141050316,4,268,14,0,286
141050401,0,9,4,0,13
141050402,0,33,13,1,47
141050403,0,16,3,0,19
141050404,1,19,33,0,53
141050405,0,27,11,1,39
141050406,0,38,9,3,50
141050407,0,41,13,3,57
141050408,0,19,5,1,25
141050409,0,11,21,7,39
141050410,0,74,15,4,93
141050411,0,19,4,0,23
141050412,0,31,7,2,40
141050413,0,21,7,2,30
141050414,0,118,19,0,137
141050415,2,216,23,3,244
141050416,0,59,22,1,82
141050501,0,25,15,2,42
141050502,3,38,42,11,94
141050503,1,81,81,50,213
141050504,1,77,45,29,152
141050505,10,305,11,0,326
141050506,15,222,5,0,242
141050507,4,214,11,0,229
141050508,4,283,10,1,298
141050509,3,205,2,0,210
141050510,5,265,14,0,284
141050511,3,203,10,0,216
141050512,14,185,21,2,222
141050513,1,138,1,0,140
141050514,14,275,60,17,366
141050515,3,201,37,2,243
141050601,0,51,12,2,65
141050602,0,34,34,5,73
141050603,0,27,25,3,55
141050604,0,76,28,4,108
141050605,1,52,20,9,82
141050606,2,152,18,0,172
141050607,1,166,16,0,183
141050608,1,277,16,0,294
141050609,3,281,12,3,299
141050610,19,334,10,1,364
141050611,6,290,17,1,314
141050612,7,346,20,6,379
141050613,0,76,16,6,98
141120101,0,8,1,5,14
141120102,0,19,11,5,35
141120103,0,20,16,2,38
141120104,0,51,26,7,84
141120105,0,29,11,2,42
141120106,0,57,12,15,84
141120107,0,6,4,13,23
141120108,0,29,10,6,45
141120109,0,179,13,2,194
141120110,0,183,12,0,195
141120111,0,124,8,1,133
141120112,0,257,30,1,288
141120113,0,191,7,0,198
141120114,0,100,10,1,111
141120115,0,162,13,0,175
141120201,0,98,58,20,176
141120202,0,14,6,3,23
141120203,0,5,6,4,15
141120204,0,9,5,1,15
141120205,0,0,7,1,8
141120206,0,7,5,5,17
141120207,0,101,16,17,134
141120301,0,21,7,5,33
141120302,0,60,23,2,85
141120303,0,6,17,6,29
141120304,0,126,41,6,173
141120305,0,19,34,3,56
141120306,0,27,58,16,101
141120307,0,20,18,14,52
141120308,0,3,20,3,26
141120309,0,20,22,14,56
141120310,0,175,29,1,205
141120311,0,132,48,5,185
141120312,0,214,34,2,250
141120313,0,176,48,3,227
141120314,0,61,2,1,64
141190101,0,169,59,11,239
141190102,0,52,16,2,70
141190103,0,33,18,0,51
141190104,2,15,0,0,17
141190105,1,7,18,0,26
141190106,2,182,15,3,202
141190107,1,177,10,0,188
141190108,3,287,36,1,327
141190109,0,330,35,0,365
141190110,0,145,7,1,153
141190111,3,239,12,0,254
141190112,1,267,49,5,322
141190113,3,236,10,0,249
141190114,12,242,23,0,277
141190115,0,289,23,3,315
141190201,0,9,3,0,12
141190202,1,15,4,1,21
141190203,0,11,2,0,13
141190204,0,8,7,1,16
141190205,0,38,9,3,50
141190206,0,5,2,1,8
141190207,0,3,1,0,4
141190208,0,2,2,0,4
141190209,0,15,7,0,22
141190210,0,13,1,0,14
141190211,1,20,5,0,26
141190212,1,106,32,2,141
141190213,7,272,34,3,316
141190214,9,204,11,9,233
141190215,6,188,15,2,211
141190301,0,89,18,2,109
141190302,0,69,11,2,82
141190303,0,46,21,1,68
141190304,3,21,16,0,40
141190305,6,16,10,0,32
141190306,2,279,8,1,290
141190307,19,226,24,8,277
141190308,2,245,32,3,282
141190309,0,89,6,1,96
141190310,197,37,6,0,240
141190311,161,41,20,3,225
141190312,158,27,8,2,195
141190313,176,33,3,0,212
141190314,340,55,8,0,403
141190315,258,46,11,2,317
141190316,273,56,7,0,336
141190401,0,4,8,1,13
141190402,0,28,2,0,30
141190403,0,16,0,0,16
141190404,0,23,4,2,29
141190405,0,6,12,1,19
141190406,0,29,8,1,38
141190407,2,34,19,2,57
141190408,0,33,18,0,51
141190409,1,73,27,3,104
141190410,3,348,20,0,371
141190411,7,353,30,1,391
141190412,4,232,12,1,249
141190413,5,290,40,6,341
141190414,58,201,31,1,291
141190415,72,132,27,0,231
141190416,105,87,10,1,203
141190417,93,101,15,2,211
141190418,241,106,40,2,389
141190419,119,153,7,1,280
141190420,10,228,30,1,269
141190501,1,44,8,24,77
141190502,0,15,0,0,15
141190503,0,53,9,0,62
141190504,0,59,9,1,69
141190505,0,30,6,1,37
141190506,0,30,2,1,33
141190507,0,10,1,0,11
141190508,0,29,3,2,34
141190509,0,9,7,0,16
141190510,0,9,6,1,16
141190511,1,244,18,6,269
141190512,3,236,24,7,270
141190513,1,199,14,4,218
141190514,3,261,30,3,297
141190515,1,235,2,0,238
141190601,2,298,39,4,343
141190602,9,276,44,6,335
141190603,3,286,6,1,296
141190604,14,213,20,0,247
141190605,11,348,16,5,380
141190606,3,347,19,1,370
141190607,4,283,17,1,305
141190608,9,203,11,1,224
141190609,5,234,13,0,252
141190610,1,223,18,3,245
141190611,0,212,39,3,254
141190612,6,253,19,1,279
141190613,4,210,15,3,232
141190614,0,139,18,1,158
141190615,5,201,8,2,216
141190616,6,213,12,0,231
141190617,5,195,17,0,217
141190618,2,227,23,0,252
141190619,7,279,6,1,293
141190620,13,238,27,5,283
141190621,4,241,34,3,282
141190701,11,238,31,6,286
141190702,19,250,25,2,296
141190703,2,389,38,4,433
141190704,8,311,36,4,359
141190705,9,302,24,3,338
141190706,2,334,22,2,360
141190707,3,291,12,0,306
141190708,0,255,37,15,307
141190709,2,253,31,5,291
141190710,9,318,20,5,352
141190711,5,206,13,3,227
141190712,2,232,21,5,260
141190713,0,240,18,10,268
141190714,3,177,20,8,208
141190801,0,225,45,5,275
141190802,1,184,18,2,205
141190803,0,174,17,1,192
141190804,2,222,15,0,239
141190805,5,210,19,3,237
141190806,0,165,44,2,211
141190807,11,192,19,1,223
141190808,4,315,22,3,344
141190809,5,321,4,0,330
141190810,2,305,22,1,330
141190811,6,266,29,1,302
141190812,5,273,38,5,321
141190813,7,285,6,0,298
141190814,4,278,13,1,296
141190815,4,362,25,0,391
141190816,4,215,19,1,239
141190817,6,186,39,3,234
141190901,9,214,19,3,245
141190902,19,241,19,1,280
141190903,2,166,10,3,181
141190904,6,225,6,6,243
141190905,10,213,29,1,253
141190906,10,193,18,5,226
141190907,10,182,9,7,208
141190908,33,198,10,0,241
141190909,89,161,20,2,272
141190910,123,51,4,0,178
141190911,48,227,19,1,295
141190912,21,335,17,0,373
141190913,68,114,2,0,184
141190914,22,275,21,0,318
141190915,2,222,4,2,230
141190916,29,270,7,0,306
141190917,3,320,24,1,348
141260101,0,20,22,1,43
141260102,0,32,12,1,45
141260103,0,19,9,4,32
141260104,0,11,10,5,26
141260105,0,5,3,1,9
141260106,0,9,12,2,23
141260107,0,19,16,2,37
141260108,0,24,15,2,41
141260109,0,74,37,0,111
141260201,0,4,11,3,18
141260202,0,1,6,0,7
141260203,0,12,2,1,15
141260204,0,9,12,5,26
141260205,0,1,14,4,19
141260206,1,65,85,11,162
141260207,0,6,20,1,27
141260208,4,112,43,1,160
141260301,0,6,2,2,10
141260302,0,2,1,0,3
141260303,0,68,27,2,97
141260304,1,196,40,11,248
141260305,0,22,11,3,36
141260306,0,24,9,2,35
141260307,2,153,24,2,181
141260308,1,204,41,0,246
141260309,1,152,11,0,164
141260310,3,108,12,2,125
141260311,5,247,7,0,259
141260312,0,238,4,2,244
141260313,1,205,12,0,218
141260314,2,250,40,4,296
141260401,1,70,7,6,84
141260402,0,12,4,2,18
141260403,0,17,7,2,26
141260404,0,81,7,1,89
141260405,0,28,11,0,39
141260406,2,109,20,4,135
141260501,0,7,4,0,11
141260502,2,32,32,7,73
141260503,0,3,1,0,4
141260504,1,49,36,5,91
141260505,0,38,37,3,78
141260506,1,40,18,0,59
141260507,0,41,57,5,103
141260508,11,204,14,0,229
141260509,4,267,39,3,313
141260510,2,208,7,0,217
141260511,2,225,19,0,246
141260512,1,308,44,0,353
141260513,1,118,26,1,146
141260514,2,168,23,0,193
141260515,1,97,13,3,114
141260516,3,172,27,0,202
141260517,1,143,19,3,166
141260518,1,75,33,8,117
141260601,0,36,23,6,65
141260602,0,12,5,1,18
141260603,1,95,15,1,112
141260604,0,87,19,1,107
141260605,0,80,13,13,106
141260606,0,0,1,1,2
141260607,0,95,20,8,123
141260608,1,165,19,1,186
141260609,0,151,8,1,160
141260610,1,128,29,6,164
141260611,0,29,3,1,33
141260701,0,152,4,1,157
141260702,4,206,11,0,221
141260703,2,150,6,1,159
141260704,0,161,26,4,191
141260705,2,242,10,0,254
141260706,0,204,11,1,216
141260707,0,164,35,0,199
141260708,15,231,15,0,261
141260709,2,191,6,0,199
141260710,0,117,23,1,141
141260711,3,191,5,0,199
141260712,5,233,8,10,256
141260713,1,82,5,1,89
141330101,0,5,9,2,16
141330102,0,61,26,2,89
141330103,0,75,42,5,122
141330104,1,57,48,1,107
141330105,1,168,72,7,248
141330106,0,16,2,1,19
141330107,0,32,8,0,40
141330108,0,88,100,3,191
141330109,0,59,21,4,84
141330110,5,224,36,0,265
141330111,2,175,105,9,291
141330112,4,148,96,7,255
141330201,5,114,31,9,159
141330202,0,38,18,11,67
141330203,0,43,11,2,56
141330204,2,171,65,2,240
141330205,2,26,39,13,80
141330206,0,42,20,2,64
141330207,2,106,16,1,125
141330208,2,162,32,2,198
141330209,1,104,8,0,113
141330210,1,55,6,3,65
141330211,4,156,13,5,178
141330212,1,150,19,1,171
141330213,1,298,36,3,338
141330214,0,180,54,4,238
141330215,0,46,8,1,55
141330216,0,149,39,3,191
141330301,0,43,24,3,70
141330302,2,75,30,2,109
141330303,0,21,22,1,44
141330304,1,64,55,4,124
141330305,0,58,31,9,98
141330306,4,44,28,0,76
141330307,1,257,92,1,351
141330308,1,68,38,1,108
141330309,0,139,53,5,197
141330401,0,6,15,1,22
141330402,0,9,22,2,33
141330403,0,11,30,2,43
141330404,0,32,24,5,61
141330405,0,75,41,5,121
141330406,0,27,22,1,50
141330407,0,40,27,1,68
141330408,0,88,24,8,120
141330409,0,301,59,1,361
141330410,0,117,11,1,129
141330411,0,116,42,0,158
141330501,10,259,33,5,307
141330502,26,174,8,2,210
141330503,1,207,15,0,223
141330504,0,213,23,0,236
141330505,1,157,51,5,214
141330506,4,263,48,0,315
141330507,1,262,10,0,273
141330508,12,220,6,0,238
141330509,2,221,12,1,236
141330510,4,330,19,1,354
141330511,5,256,22,1,284
141330512,6,233,79,9,327
141330513,9,214,18,0,241
141330514,1,117,10,0,128
141330515,4,335,31,0,370
141330516,12,212,17,0,241
141330517,1,205,23,2,231
141330601,4,275,11,0,290
141330602,9,362,30,1,402
141330603,2,238,40,0,280
141330604,20,197,22,2,241
141330605,3,208,49,0,260
141330606,0,136,33,3,172
141330607,3,168,102,3,276
141330608,0,220,14,0,234
141330609,1,239,21,0,261
141330610,2,272,12,0,286
141330611,9,187,4,1,201
141330612,2,148,20,1,171
141330613,2,305,36,0,343
141330614,2,277,46,0,325
141330615,5,210,15,0,230
141330616,6,211,17,0,234
141330617,6,182,4,2,194
141400101,0,25,8,3,36
141400102,0,33,5,1,39
141400103,4,84,23,3,114
141400104,0,32,3,2,37
141400105,0,24,2,2,28
141400106,0,9,7,1,17
141400107,0,16,7,3,26
141400108,0,22,21,2,45
141400109,4,273,14,0,291
141400110,6,165,9,2,182
141400111,2,211,12,7,232
141400112,3,230,8,3,244
141400113,0,31,25,8,64
141400201,2,31,5,2,40
141400202,0,65,25,4,94
141400203,0,38,10,2,50
141400204,0,71,17,5,93
141400205,0,15,10,5,30
141400206,0,61,19,3,83
141400207,0,10,7,3,20
141400208,0,45,10,5,60
141400209,0,32,9,1,42
141400210,0,12,12,1,25
141400211,1,156,13,4,174
141400212,1,215,6,6,228
141400213,0,93,6,0,99
141400301,4,322,17,0,343
141400302,5,370,18,1,394
141400303,11,195,8,0,214
141400304,3,202,10,0,215
141400305,3,293,15,0,311
141400306,5,256,16,0,277
141400307,2,276,16,1,295
141400308,1,309,18,1,329
141400309,3,196,12,1,212
141400310,4,256,9,1,270
141400311,2,212,16,1,231
141400312,15,229,6,0,250
141400313,3,120,7,0,130
141400401,3,195,19,1,218
141400402,4,227,4,1,236
141400403,8,172,4,0,184
141400404,1,194,13,0,208
141400405,4,204,4,0,212
141400406,3,237,5,0,245
141400407,2,321,10,0,333
141400408,4,319,15,2,340
141400409,4,328,16,5,353
141400410,3,232,4,0,239
141400411,2,177,8,1,188
141400412,10,316,9,2,337
141400413,3,338,23,2,366
141400501,0,48,21,0,69
141400502,0,54,32,2,88
141400503,0,31,3,0,34
141400504,0,27,15,0,42
141400505,0,29,29,0,58
141400506,0,22,28,0,50
141400507,0,2,7,0,9
141400508,0,253,43,13,309
141400509,2,272,15,0,289
141400510,6,84,13,0,103
141400511,0,246,64,10,320
141400512,0,193,26,2,221
141400513,0,158,42,1,201
141400514,0,256,33,0,289
141400515,0,228,37,0,265
141400516,2,206,66,3,277
141400517,1,169,31,3,204
141400518,1,141,54,3,199
141400519,3,185,14,1,203
141400520,5,297,65,11,378
141400601,1,12,1,2,16
141400602,0,19,6,1,26
141400603,0,9,11,0,20
141400604,0,42,35,7,84
141400605,1,53,9,1,64
141400606,0,21,15,7,43
141400607,0,26,15,3,44
141400608,1,29,13,3,46
141400609,0,2,22,0,24
141400610,4,332,32,6,374
141400611,2,224,14,1,241
141400612,1,132,45,10,188
141400613,0,90,13,7,110
141400614,10,204,31,6,251
141400615,5,124,16,0,145
141400616,9,344,22,1,376
141400617,4,157,26,1,188
141400618,1,162,21,0,184
141400619,3,292,29,0,324
141400701,17,190,29,6,242
141400702,274,61,8,0,343
141400703,212,27,4,0,243
141400704,164,31,2,0,197
141400705,74,249,53,4,380
141400706,142,197,38,8,385
141400707,166,27,5,0,198
141400708,156,19,2,0,177
141400709,77,134,20,1,232
141400710,37,274,42,8,361
141400711,208,117,6,0,331
141400712,197,18,2,0,217
141400713,215,102,30,0,347
141400714,26,194,62,0,282
141400715,100,157,25,1,283
141400716,267,31,0,0,298
141400717,20,84,8,0,112
141400718,246,95,6,0,347
141400719,162,123,7,0,292
141400720,64,164,38,11,277
141400801,0,89,42,15,146
141400802,1,51,40,3,95
141400803,0,78,42,11,131
141400804,0,100,56,10,166
141400805,0,36,32,4,72
141400806,0,28,9,0,37
141400807,0,35,39,5,79
141400808,0,38,34,3,75
141400809,2,235,42,9,288
141400810,2,157,54,11,224
141400811,26,145,38,2,211
141400812,195,129,25,0,349
141400813,181,88,8,3,280
141400814,18,179,14,0,211
141400815,134,76,36,1,247
141400816,213,25,9,0,247
141400817,213,44,22,0,279
141400818,64,190,45,2,301
141400819,95,126,36,7,264
141400820,161,171,22,0,354
141400821,1,147,22,7,177
141400901,0,30,23,0,53
141400902,0,12,15,2,29
141400903,1,34,30,3,68
141400904,4,78,37,3,122
141400905,0,32,26,1,59
141400906,0,47,32,1,80
141400907,0,23,15,0,38
141400908,1,193,76,7,277
141400909,2,253,37,5,297
141400910,3,191,60,2,256
141400911,1,308,43,1,353
141400912,1,180,28,0,209
141400913,3,243,26,0,272
141400914,3,244,46,5,298
141400915,1,333,36,3,373
141400916,1,159,22,6,188
141401001,0,28,45,10,83
141401002,2,20,35,2,59
141401003,0,37,28,5,70
141401004,0,17,24,2,43
141401005,0,27,8,1,36
141401006,0,64,51,5,120
141401007,1,84,40,2,127
141401008,0,164,16,0,180
141401009,0,199,18,1,218
141401010,149,87,31,2,269
141401011,173,74,22,0,269
141401012,302,46,11,3,362
141401013,133,23,4,0,160
141401014,174,26,13,2,215
141401015,226,31,21,1,279
141401016,303,32,13,0,348
141401017,155,115,32,2,304
141401101,1,130,5,0,136
141401102,125,72,22,0,219
141401103,306,50,5,0,361
141401104,183,29,8,0,220
141401105,254,36,7,2,299
141401106,177,11,4,0,192
141401107,172,27,11,1,211
141401108,377,53,25,0,455
141401109,208,34,0,0,242
141401110,210,63,15,3,291
141401111,214,15,8,0,237
141401112,197,14,8,0,219
141401113,246,25,18,0,289
141401114,256,23,2,0,281
141401115,194,2,0,0,196
141401116,213,3,0,0,216
141401117,183,1,0,0,184
141401118,318,5,0,0,323
141401119,295,9,2,0,306
141401120,286,60,4,0,350
141401121,163,154,18,0,335
141401201,5,157,34,1,197
141401202,70,90,13,1,174
141401203,1,145,90,1,237
141401204,4,193,35,1,233
141401205,302,14,25,2,343
141401206,73,164,101,4,342
141401207,250,33,7,0,290
141401208,234,16,19,0,269
141401209,199,47,15,0,261
141401210,95,184,48,4,331
141401211,150,175,47,1,373
141401212,114,116,72,0,302
141401213,75,171,14,1,261
141401214,175,28,10,0,213
141401215,213,5,3,0,221
141401216,207,1,0,0,208
141401217,271,0,0,0,271
141401218,184,5,0,0,189
141401219,120,76,28,2,226
141401301,210,0,1,0,211
141401302,221,0,0,0,221
141401303,201,3,0,0,204
141401304,120,93,41,0,254
141401305,159,89,24,0,272
141401306,234,3,2,0,239
141401307,188,4,0,0,192
141401308,180,1,0,0,181
141401309,214,23,8,0,245
141401310,207,14,5,0,226
141401311,240,2,0,0,242
141401312,167,44,15,0,226
141401313,149,92,39,1,281
141401314,191,7,4,0,202
141401315,1,282,51,2,336
141401316,74,182,10,0,266
141401317,2,237,71,3,313
141401318,0,139,62,3,204
141401401,185,100,34,1,320
141401402,164,87,11,0,262
141401403,191,33,16,0,240
141401404,264,3,0,0,267
141401405,238,21,4,0,263
141401406,192,2,0,0,194
141401407,227,4,2,0,233
141401408,145,1,4,0,150
141401409,164,13,1,0,178
141401410,147,20,7,0,174
141401411,195,37,8,0,240
141401412,312,2,0,0,314
141401413,373,5,3,0,381
141401414,389,0,0,0,389
141401415,315,0,0,0,315
141401416,232,71,11,1,315
141401417,203,44,14,0,261
141401418,205,84,11,0,300
141401419,237,22,12,0,271
141401420,150,40,11,0,201
141401421,138,57,28,0,223
141401422,156,28,9,0,193
141401423,158,88,12,0,258
141401501,0,47,19,3,69
141401502,0,36,15,3,54
141401503,4,21,37,0,62
141401504,0,46,27,4,77
141401505,0,17,53,10,80
141401506,0,30,12,5,47
141401507,0,181,44,1,226
141401508,0,159,14,1,174
141401509,1,225,20,0,246
141401510,1,282,22,0,305
141401511,4,252,28,1,285
141401512,0,305,26,0,331
141401513,0,331,84,12,427
141401514,1,96,6,4,107
141401515,2,71,25,2,100
141401601,0,15,21,3,39
141401602,0,24,31,2,57
141401603,0,9,40,1,50
141401604,0,3,8,0,11
141401605,0,51,29,0,80
141401606,0,36,38,1,75
141401607,5,181,24,1,211
141401608,2,261,91,6,360
141401609,1,204,35,4,244
141401610,3,273,63,9,348
141401611,3,284,60,1,348
141401612,3,178,43,1,225
141401613,2,162,21,0,185
141401614,8,218,39,2,267
141401615,9,165,28,1,203
141401701,0,43,9,1,53
141401702,0,39,22,2,63
141401703,0,11,18,0,29
141401704,0,16,4,3,23
141401705,0,56,21,6,83
141401706,1,25,21,1,48
141401707,0,11,8,2,21
141401708,2,51,17,0,70
141401709,1,74,28,1,104
141401710,0,55,13,0,68
141401711,16,309,34,4,363
141401712,4,192,6,0,202
141401713,4,162,8,0,174
141401714,5,330,31,1,367
141401715,6,254,18,1,279
141401716,5,197,7,0,209
141401717,14,212,32,2,260
141401718,0,25,29,6,60
141401719,2,175,56,7,240
141401720,0,162,37,0,199
141401801,3,195,19,0,217
141401802,4,201,43,2,250
141401803,2,214,14,0,230
141401804,1,208,8,0,217
141401805,9,142,46,8,205
141401806,7,219,31,3,260
141401807,8,188,10,2,208
141401808,2,261,17,1,281
141401809,5,247,22,1,275
141401810,2,187,24,0,213
141401811,4,248,2,0,254
141401812,5,221,11,0,237
141401901,8,303,38,4,353
141401902,4,215,3,0,222
141401903,6,157,2,0,165
141401904,0,176,13,0,189
141401905,0,135,1,0,136
141401906,0,204,16,0,220
141401907,13,170,17,1,201
141401908,4,199,4,0,207
141401909,10,249,8,0,267
141401910,8,334,61,0,403
141401911,1,218,7,0,226
141470101,1,24,4,0,29
141470102,2,136,37,7,182
141470103,2,78,60,11,151
141470104,3,241,56,6,306
141470105,1,330,30,0,361
141470106,11,229,9,0,249
141470107,0,256,16,0,272
141470108,6,151,7,0,164
141470109,5,338,16,11,370
141470110,9,280,62,2,353
141470111,2,282,16,0,300
141470112,3,222,18,3,246
141470113,1,191,18,0,210
141470114,0,238,50,4,292
141470201,1,136,25,9,171
141470202,7,415,71,7,500
141470203,0,7,31,6,44
141470204,3,142,44,8,197
141470205,2,127,127,19,275
141470206,1,25,30,0,56
141470207,1,244,38,4,287
141470208,2,193,46,0,241
141470209,2,184,22,2,210
141470210,7,300,25,18,350
141470211,0,198,34,0,232
141470212,4,163,24,1,192
141470213,3,170,33,7,213
141470301,0,15,15,2,32
141470302,1,69,16,14,100
141470303,2,85,21,10,118
141470304,1,94,20,5,120
141470305,0,42,12,21,75
141470306,0,19,4,0,23
141470307,0,91,38,10,139
141470308,3,175,128,12,318
141470309,0,217,25,9,251
141470310,0,253,26,12,291
141470311,0,154,18,17,189
141470312,0,109,6,30,145
141470313,3,102,8,5,118
141470314,1,101,20,5,127
141470401,5,27,16,1,49
141470402,2,28,6,0,36
141470403,0,33,15,3,51
141470404,0,9,2,1,12
141470405,8,125,26,5,164
141470406,1,71,44,4,120
141470407,3,287,20,2,312
141470408,3,282,21,0,306
141470409,1,165,10,0,176
141470410,0,198,27,2,227
141470411,3,216,12,3,234
141470412,0,274,61,8,343
141470413,5,140,14,2,161
141470501,0,19,10,0,29
141470502,0,20,7,0,27
141470503,0,25,13,5,43
141470504,0,35,11,1,47
141470505,0,13,7,1,21
141470506,0,11,0,0,11
141470507,0,98,14,0,112
141470508,0,176,16,0,192
141470601,19,73,20,18,130
141470602,0,59,9,1,69
141470603,2,100,18,13,133
141470604,0,106,3,7,116
141470605,0,73,7,9,89
141470606,0,143,11,3,157
141470607,1,81,5,35,122
141470608,0,146,16,4,166
141470609,0,106,20,3,129
141470610,0,138,16,1,155
141470701,0,21,0,5,26
141470702,0,7,3,2,12
141470703,1,5,0,4,10
141470704,1,27,4,11,43
141470705,0,1,0,0,1
141470706,1,16,2,4,23
141470707,0,12,9,2,23
141470708,0,26,7,1,34
141470709,5,39,3,11,58
141470710,2,77,3,5,87
141470711,1,81,5,13,100
141470712,0,45,2,14,61
141470713,0,33,5,8,46
141470714,7,123,16,7,153
141470801,101,127,21,13,262
141470802,144,107,44,17,312
141470803,107,162,60,1,330
141470804,233,7,0,0,240
141470805,217,174,67,2,460
141470806,358,36,4,0,398
141470807,175,83,34,3,295
141470808,257,31,10,0,298
141470809,215,38,2,1,256
141470810,159,11,1,1,172
141470811,171,45,12,4,232
141470812,6,275,40,21,342
141470813,246,15,2,0,263
141470814,228,19,7,0,254
141470815,224,10,3,0,237
141470816,200,2,1,0,203
141470817,122,0,0,0,122
141470901,13,181,87,6,287
141470902,9,228,143,4,384
141470903,12,303,80,11,406
141470904,36,132,39,4,211
141470905,54,125,35,4,218
141470906,169,123,39,3,334
141470907,133,36,1,2,172
141470908,199,75,14,0,288
141470909,192,29,5,0,226
141470910,114,68,24,3,209
141470911,126,73,7,0,206
141470912,41,262,51,3,357
141470913,190,141,45,4,380
141470914,192,39,18,2,251
141470915,193,63,7,2,265
141470916,131,89,23,0,243
141470917,55,108,27,2,192
141470918,1,145,52,3,201
141470919,3,215,36,1,255
141471001,106,102,4,10,222
141471002,112,129,19,13,273
141471003,114,60,6,5,185
141471004,167,48,5,1,221
141471005,235,73,8,4,320
141471006,214,8,2,0,224
141471007,180,53,4,0,237
141471008,100,163,71,18,352
141471009,49,146,49,3,247
141471010,300,67,19,1,387
141471011,90,243,86,11,430
141471012,31,152,77,5,265
141471013,25,198,57,6,286
141471014,25,317,65,30,437
141471015,7,293,90,45,435
141540101,0,6,15,0,21
141540102,0,31,6,1,38
141540103,0,58,31,1,90
141540104,0,67,15,2,84
141540105,0,8,3,0,11
141540106,0,6,0,0,6
141540107,0,19,8,2,29
141540201,0,13,24,7,44
141540202,0,4,1,0,5
141540203,0,14,12,0,26
141540204,0,42,11,0,53
141540205,0,19,9,0,28
141540206,0,17,3,0,20
141540207,0,18,9,4,31
141540208,0,16,14,1,31
141540209,0,133,31,2,166
141540210,0,176,6,0,182
141540211,0,259,16,1,276
141540212,0,87,3,0,90
141610101,0,10,16,2,28
141610102,0,18,15,2,35
141610103,0,30,14,1,45
141610104,13,36,14,5,68
141610105,0,28,25,4,57
141610106,4,9,12,0,25
141610107,0,24,6,0,30
141610108,0,29,2,0,31
141610109,1,26,8,1,36
141610110,0,28,23,2,53
141610111,0,22,14,0,36
141610112,1,154,58,17,230
141610113,2,242,45,3,292
141610114,0,142,23,1,166
141610115,1,130,26,1,158
141610116,0,239,24,0,263
141610117,15,251,55,5,326
141610201,0,37,13,0,50
141610202,1,19,23,0,43
141610203,0,3,18,0,21
141610204,0,17,3,1,21
141610205,1,12,4,1,18
141610206,1,17,16,1,35
141610207,8,193,10,0,211
141610208,0,221,18,0,239
141610209,12,253,10,0,275
141610210,5,197,9,1,212
141610211,1,211,25,0,237
141610212,0,170,24,1,195
141610213,2,200,8,1,211
141610214,2,198,27,0,227
141610215,3,196,6,4,209
141610216,2,195,17,5,219
141610301,2,74,14,1,91
141610302,0,31,8,0,39
141610303,0,28,13,1,42
141610304,0,36,22,0,58
141610305,0,79,36,0,115
141610306,4,194,23,10,231
141610307,9,276,37,1,323
141610308,0,168,22,1,191
141610309,0,150,38,2,190
141610310,4,284,13,4,305
141610311,4,161,31,1,197
141610312,0,109,40,3,152
141610313,5,148,13,1,167
141610401,0,34,17,0,51
141610402,0,19,13,0,32
141610403,0,16,6,2,24
141610404,0,25,8,0,33
141610405,5,45,15,2,67
141610406,0,35,15,1,51
141610407,1,66,6,5,78
141610408,0,9,9,0,18
141610409,0,36,14,1,51
141610410,0,32,18,3,53
141610411,0,83,3,0,86
141610412,0,204,36,1,241
141610413,2,206,21,0,229
141610501,0,18,6,0,24
141610502,0,19,5,1,25
141610503,0,43,41,6,90
141610504,0,11,12,0,23
141610505,0,17,29,0,46
141610506,3,135,80,6,224
141610507,3,208,122,3,336
141610508,2,123,63,1,189
141610509,1,167,44,0,212
141610510,7,170,27,0,204
141610511,1,165,66,0,232
141610512,2,115,80,1,198
141610601,0,171,28,8,207
141610602,41,202,37,10,290
141610603,5,294,26,9,334
141610604,2,277,14,3,296
141610605,0,155,25,4,184
141610606,8,280,45,2,335
141610607,2,218,62,0,282
141610608,2,173,27,1,203
141610609,3,191,26,6,226
141610610,3,244,18,0,265
141610611,6,195,23,0,224
141610612,11,236,10,0,257
141610613,2,247,18,5,272
141610614,1,164,39,2,206
141610701,6,225,9,2,242
141610702,3,172,0,0,175
141610703,23,280,10,3,316
141610704,3,141,8,0,152
141610705,2,147,0,0,149
141610706,1,257,14,1,273
141610707,21,190,10,1,222
141610708,19,216,49,0,284
141610709,4,266,36,2,308
141610710,18,206,19,2,245
141610711,2,175,21,0,198
141610712,11,315,20,12,358
141610713,18,274,8,0,300
141610714,4,238,20,1,263
141610715,10,354,18,1,383
141610801,16,192,11,0,219
141610802,22,82,16,1,121
141610803,138,43,9,1,191
141610804,98,84,3,0,185
141610805,119,36,4,0,159
141610806,9,137,32,0,178
141610807,168,82,37,0,287
141610808,72,98,39,0,209
141610809,97,66,9,1,173
141610810,226,70,6,0,302
141610811,125,44,14,0,183
141610812,161,29,2,0,192
141610813,150,34,13,0,197
141610814,220,39,5,0,264
141610815,6,158,45,2,211
141610816,108,56,28,1,193
141610817,17,233,70,2,322
141610901,142,43,25,2,212
141610902,234,35,28,1,298
141610903,230,17,9,0,256
141610904,200,29,7,0,236
141610905,235,17,10,1,263
141610906,236,20,27,0,283
141610907,243,1,1,0,245
141610908,212,0,0,0,212
141610909,232,3,3,0,238
141610910,208,3,2,0,213
141610911,266,0,0,0,266
141610912,241,2,1,0,244
141610913,273,3,0,0,276
141610914,215,1,0,0,216
141610915,307,3,1,0,311
141610916,198,0,0,0,198
141610917,211,7,7,0,225
141610918,332,4,0,0,336
141610919,220,17,3,0,240
141610920,207,1,1,0,209
141610921,326,28,7,0,361
141610922,282,1,0,0,283
141610923,210,11,4,0,225
141611001,239,1,1,0,241
141611002,288,2,0,0,290
141611003,283,1,1,0,285
141611004,236,1,0,0,237
141611005,235,1,0,0,236
141611006,286,1,0,0,287
141611007,351,5,1,0,357
141611008,238,3,3,0,244
141611009,197,3,3,0,203
141611010,177,0,0,0,177
141611011,192,2,0,0,194
141611012,325,0,0,0,325
141611013,206,1,0,0,207
141611014,211,0,0,0,211
141611015,196,2,2,0,200
141611016,240,3,1,0,244
141611017,346,4,3,0,353
141611018,289,0,0,0,289
141611019,279,9,2,0,290
141611020,234,8,8,1,251
141611021,235,6,3,0,244
141611101,320,35,10,1,366
141611102,169,34,10,0,213
141611103,143,18,12,0,173
141611104,273,20,14,0,307
141611105,219,3,2,0,224
141611106,234,17,0,0,251
141611107,217,1,1,0,219
141611108,191,10,1,0,202
141611109,150,17,5,0,172
141611110,165,24,30,0,219
141611111,350,11,4,0,365
141611112,313,3,2,0,318
141611113,252,7,2,0,261
141611114,229,5,8,0,242
141611115,220,0,0,0,220
141611116,248,39,25,1,313
141611117,172,32,12,1,217
141680101,0,16,19,4,39
141680102,0,9,27,2,38
141680103,0,23,5,1,29
141680104,0,9,4,1,14
141680105,0,10,4,0,14
141680106,0,34,7,2,43
141680107,0,30,4,0,34
141680108,0,53,26,3,82
141680109,1,18,7,1,27
141680110,0,83,14,0,97
141680111,6,176,20,1,203
141680112,1,243,27,0,271
141680113,2,123,10,5,140
141680114,0,242,54,8,304
141680201,0,34,9,2,45
141680202,1,71,7,1,80
141680203,0,20,5,0,25
141680204,4,145,4,2,155
141680205,0,137,19,2,158
141680206,0,173,18,1,192
141680207,3,225,47,3,278
141680208,6,252,37,0,295
141680209,3,199,9,1,212
141680210,2,179,8,0,189
141680211,15,229,12,0,256
141680212,7,177,38,3,225
141680213,4,205,13,1,223
141680214,1,164,20,4,189
141680301,0,16,8,1,25
141680302,0,34,19,1,54
141680303,0,43,37,2,82
141680304,1,19,12,1,33
141680305,1,37,14,2,54
141680306,0,21,4,0,25
141680307,0,37,15,2,54
141680308,0,9,11,0,20
141680309,0,26,22,2,50
141680310,0,29,13,6,48
141680311,3,302,29,3,337
141680312,4,154,41,6,205
141680313,20,256,59,1,336
141750101,0,8,3,13,24
141750102,0,6,13,1,20
141750103,0,19,19,0,38
141750104,0,20,2,2,24
141750105,0,24,17,1,42
141750106,0,15,6,0,21
141750107,0,20,30,8,58
141750108,0,24,11,2,37
141750109,0,15,15,7,37
141750110,0,84,114,5,203
141750111,0,126,34,18,178
141750112,0,82,19,1,102
141750113,0,185,28,4,217
141750114,0,217,13,2,232
141750201,0,31,79,12,122
141750202,0,87,56,2,145
141750203,0,38,17,4,59
141750204,0,20,42,8,70
141750205,0,22,14,2,38
141750206,0,36,10,8,54
141750207,0,20,8,1,29
141750208,0,18,24,3,45
141750209,0,66,33,6,105
141750210,0,20,19,16,55
141750211,0,37,21,1,59
141750212,0,206,9,0,215
141750213,0,221,25,1,247
141750214,0,220,27,1,248
141750215,0,228,26,2,256
141750216,0,183,3,2,188
141750217,0,200,1,2,203
141750218,0,271,70,5,346
141750219,0,0,0,0,0
141820101,0,32,16,3,51
141820102,0,35,23,1,59
141820103,0,24,18,2,44
141820104,0,25,21,1,47
141820105,0,51,4,0,55
141820106,0,33,48,5,86
141820107,0,36,32,1,69
141820108,1,42,35,1,79
141820109,0,27,19,0,46
141820110,0,86,29,6,121
141820111,5,143,43,0,191
141820112,3,207,23,1,234
141820113,15,169,64,1,249
141820114,0,97,40,4,141
141820115,1,114,43,17,175
141820116,0,245,81,17,343
141820117,1,172,37,7,217
141820118,2,236,29,2,269
141820119,3,261,33,1,298
141820120,0,306,14,0,320
141820121,1,198,23,2,224
141820201,0,31,29,2,62
141820202,0,41,59,7,107
141820203,3,59,24,2,88
141820204,0,26,11,0,37
141820205,1,14,15,0,30
141820206,1,191,53,3,248
141820207,7,234,7,0,248
141820208,5,168,17,2,192
141820209,7,210,41,5,263
141820210,4,176,66,13,259
141820211,3,197,46,16,262
141820212,0,104,28,16,148
141820213,21,267,32,2,322
141820214,2,128,31,5,166
141820301,0,20,36,1,57
141820302,0,7,8,0,15
141820303,1,39,25,3,68
141820304,0,24,12,2,38
141820305,0,18,12,3,33
141820306,0,41,15,1,57
141820307,2,292,16,0,310
141820308,3,181,31,8,223
141820309,2,143,28,1,174
141820310,0,257,88,13,358
141820401,0,19,17,0,36
141820402,18,38,42,2,100
141820403,4,50,23,2,79
141820404,0,27,4,0,31
141820405,0,15,18,0,33
141820406,1,28,28,0,57
141820407,0,30,8,1,39
141820408,2,54,51,1,108
141820409,1,185,55,0,241
141820410,6,196,19,0,221
141820411,0,236,86,3,325
141820412,4,84,102,15,205
141820413,2,200,71,5,278
141820414,16,161,28,1,206
141820415,0,227,88,3,318
141820501,0,8,18,0,26
141820502,1,17,7,0,25
141820503,0,5,3,0,8
141820504,0,8,11,0,19
141820505,0,25,37,0,62
141820506,0,8,14,1,23
141820507,0,0,16,0,16
141820508,0,18,13,1,32
141820509,6,150,47,4,207
141820510,1,89,80,3,173
141820511,4,230,76,1,311
141820512,4,157,76,3,240
141820513,2,130,99,1,232
141820514,1,131,80,0,212
141820515,1,162,101,0,264
141820516,3,90,124,6,223
141820517,0,98,62,8,168
141820518,11,221,180,1,413
141820519,1,86,61,2,150
141820520,0,140,81,1,222
141820521,2,106,100,5,213
141820601,0,5,22,0,27
141820602,0,35,10,2,47
141820603,1,13,14,0,28
141820604,7,13,15,1,36
141820605,0,24,17,0,41
141820606,0,3,3,0,6
141820607,1,264,58,4,327
141820608,0,140,58,2,200
141820609,152,234,31,0,417
141820610,116,20,104,2,242
141820611,194,8,0,0,202
141820612,99,123,95,1,318
141820613,134,92,2,0,228
141820614,136,7,0,0,143
141820615,199,75,31,4,309
141820616,70,75,58,2,205
141820617,199,10,3,0,212
141820618,11,67,46,0,124
141820619,0,69,29,12,110
141820701,0,13,12,0,25
141820702,1,25,45,3,74
141820703,0,11,32,2,45
141820704,0,14,11,0,25
141820705,0,27,17,4,48
141820706,0,23,11,1,35
141820707,2,50,75,0,127
141820708,1,23,15,3,42
141820709,0,16,29,0,45
141820710,0,13,29,0,42
141820711,0,109,88,16,213
141820712,1,98,34,3,136
141820713,1,141,33,2,177
141820714,0,192,31,1,224
141820715,5,247,58,0,310
141820716,1,177,65,4,247
141820801,36,76,70,2,184
141820802,144,55,37,0,236
141820803,155,69,48,1,273
141820804,184,37,9,1,231
141820805,270,45,11,0,326
141820806,267,24,4,2,297
141820807,202,4,2,0,208
141820808,172,3,3,1,179
141820809,309,20,1,1,331
141820810,307,2,5,0,314
141820811,217,0,0,0,217
141820812,131,0,0,0,131
141820901,179,68,45,0,292
141820902,160,77,98,2,337
141820903,110,85,78,3,276
141820904,107,75,43,2,227
141820905,76,71,74,0,221
141820906,191,34,15,0,240
141820907,172,28,27,1,228
141820908,137,77,145,1,360
141820909,106,76,118,2,302
141820910,290,25,43,1,359
141820911,302,0,0,0,302
141821001,218,1,0,0,219
141821002,304,1,2,0,307
141821003,183,12,9,0,204
141821004,175,54,49,17,295
141821005,45,25,73,12,155
141821006,132,28,47,4,211
141821007,258,8,15,0,281
141821008,174,3,1,0,178
141821009,185,60,38,0,283
141821010,69,128,110,6,313
141821101,124,21,4,0,149
141821102,233,6,3,0,242
141821103,158,1,0,0,159
141821104,225,0,0,0,225
141821105,183,2,5,0,190
141821106,194,39,37,2,272
141821107,194,4,5,3,206
141821108,149,55,57,0,261
141821109,130,65,150,5,350
141821110,241,83,25,2,351
141821201,128,75,10,0,213
141821202,99,70,16,1,186
141821203,199,66,12,0,277
141821204,131,164,33,1,329
141821205,125,94,14,0,233
141821206,195,123,31,4,353
141821207,198,73,15,1,287
141821208,138,46,21,0,205
141821209,93,87,12,1,193
141821210,154,36,10,0,200
141821211,155,57,29,2,243
141821301,2,211,100,3,316
141821302,10,246,40,3,299
141821303,1,161,76,0,238
141821304,4,205,80,1,290
141821305,1,161,48,0,210
141821306,1,169,74,0,244
141821307,2,190,84,1,277
141821308,0,29,67,9,105
141821309,1,128,33,1,163
141821310,2,83,95,3,183
141821311,1,131,102,9,243
141821312,3,155,72,15,245
180070101,17,127,122,30,296
180070102,2,72,68,13,155
180070103,15,150,82,5,252
180070104,110,33,56,4,203
180070105,35,137,77,5,254
180070106,118,91,62,19,290
180070107,168,14,1,0,183
180070108,252,31,6,0,289
180070109,114,56,81,13,264
180070110,102,77,42,3,224
180070111,0,143,58,16,217
180070112,202,26,19,8,255
180070113,286,30,7,0,323
180070114,64,80,53,7,204
180070115,3,70,141,52,266
180070116,68,75,112,1,256
180070117,215,18,26,1,260
180070118,205,16,14,0,235
180070119,41,85,95,31,252
180070120,158,49,27,6,240
180070121,193,27,22,4,246
180070122,130,58,65,19,272
180070123,120,71,34,8,233
180070124,271,0,0,0,271
180070125,276,3,0,1,280
180070201,1,11,33,17,62
180070202,0,14,29,10,53
180070203,1,32,26,22,81
180070204,0,17,53,18,88
180070205,2,20,30,13,65
180070206,0,24,24,13,61
180070207,0,16,26,11,53
180070208,0,10,38,23,71
180070209,1,10,36,14,61
180070210,0,0,8,10,18
180070211,0,10,27,5,42
180070212,0,20,33,11,64
180070213,233,4,16,2,255
180070214,364,2,3,1,370
180070215,266,1,0,0,267
180070216,73,32,22,20,147
180070217,1,20,68,42,131
180070218,129,2,7,10,148
180070301,20,80,88,13,201
180070302,1,5,28,2,36
180070303,0,5,18,4,27
180070304,1,10,47,38,96
180070305,28,28,34,7,97
180070401,0,6,11,0,17
180070501,0,1,23,3,27
180070502,0,4,7,1,12
180070503,0,5,2,0,7
180070504,1,12,6,4,23
180070505,0,1,21,2,24
180070506,0,1,32,6,39
180070601,0,52,55,14,121
180070602,0,26,50,17,93
180070701,0,18,26,16,60
180070702,1,22,51,21,95
180070801,0,0,0,1,1
180070802,0,0,1,0,1
180140101,0,62,39,14,115
180140102,0,88,26,19,133
180140103,0,78,31,36,145
180140201,0,15,22,12,49
180140202,0,8,0,4,12
180140203,0,1,4,2,7
180140301,0,5,40,9,54
180140302,0,11,8,6,25
180140303,0,18,13,11,42
180140401,0,20,21,7,48
180140402,0,8,5,2,15
180140501,0,0,0,0,0
180140502,0,0,0,0,0
180210101,436,10,7,0,453
180210102,302,5,3,1,311
180210103,384,7,10,0,401
180210104,294,0,0,0,294
180210105,259,0,0,0,259
180210106,305,0,0,0,305
180210107,232,0,0,0,232
180210108,202,0,0,0,202
180210109,274,0,0,0,274
180210110,203,0,0,0,203
180210111,218,0,0,0,218
180210112,137,0,0,0,137
180210113,449,1,0,1,451
180210114,324,0,0,0,324
180210115,412,0,0,0,412
180210116,224,0,0,0,224
180210117,405,0,0,0,405
180210118,332,0,0,0,332
180210201,424,2,2,0,428
180210202,254,0,0,0,254
180210203,364,0,0,0,364
180210204,215,0,0,0,215
180210205,266,0,0,0,266
180210206,284,0,0,0,284
180210207,398,1,1,0,400
180210208,343,0,3,0,346
180210209,279,0,1,0,280
180210210,290,0,0,0,290
180210211,257,1,0,0,258
180210212,236,0,0,0,236
180210213,201,5,0,0,206
180210214,425,3,0,0,428
180210215,278,4,0,0,282
180210216,286,5,0,0,291
180210217,340,0,0,0,340
180210218,154,0,0,0,154
180210301,226,14,24,0,264
180210302,276,3,2,0,281
180210303,251,77,92,4,424
180210304,347,58,57,2,464
180210305,332,31,19,3,385
180210306,166,28,67,4,265
180210307,32,27,153,28,240
180210308,47,96,128,10,281
180210309,116,48,124,4,292
180210310,103,43,136,2,284
180210311,239,5,0,0,244
180210312,272,11,7,0,290
180210313,16,150,38,0,204
180210314,113,89,106,14,322
180210315,323,18,12,1,354
180210316,264,22,23,1,310
180210317,346,67,38,3,454
180210318,233,5,0,0,238
180210319,316,2,0,0,318
180210320,297,2,7,0,306
180210321,217,8,4,0,229
180210401,152,150,124,4,430
180210402,219,1,0,0,220
180210403,233,148,108,4,493
180210404,218,43,79,7,347
180210405,153,25,61,1,240
180210406,7,101,231,12,351
180210407,40,108,211,11,370
180210408,132,24,63,23,242
180210409,97,83,123,5,308
180210410,59,150,99,1,309
180210411,225,143,108,1,477
180210412,40,163,38,1,242
180210413,206,37,24,1,268
180210414,239,53,33,1,326
180210415,206,13,20,0,239
180210416,224,8,17,0,249
180210417,258,60,8,0,326
180210418,25,142,48,2,217
180210419,138,59,3,0,200
180210420,142,9,12,0,163
180210421,253,24,45,4,326
180210422,231,16,8,0,255
180210501,237,3,1,0,241
180210502,250,2,1,0,253
180210503,403,1,3,0,407
180210504,307,6,3,1,317
180210505,171,4,1,0,176
180210506,238,27,30,1,296
180210507,216,61,50,0,327
180210508,172,21,7,3,203
180210509,257,13,13,2,285
180210510,237,4,3,0,244
180210511,308,2,3,0,313
180210512,444,6,2,0,452
180210513,325,11,11,1,348
180210514,204,23,21,2,250
180210515,188,11,7,1,207
180210516,147,23,29,0,199
180210601,219,5,7,0,231
180210602,181,29,23,0,233
180210603,273,17,20,1,311
180210604,327,18,31,1,377
180210605,275,41,29,0,345
180210606,392,83,93,1,569
180210607,254,8,3,0,265
180210608,226,1,11,0,238
180210609,314,0,0,0,314
180210610,246,14,0,0,260
180210611,192,6,0,0,198
180210612,310,10,8,2,330
180210613,260,27,53,1,341
180210614,308,28,20,1,357
180210615,243,12,19,1,275
180210616,296,16,14,0,326
180210701,15,87,207,6,315
180210702,102,64,83,3,252
180210703,410,28,26,4,468
180210704,343,3,0,0,346
180210705,296,0,0,0,296
180210706,206,1,0,0,207
180210707,401,11,10,0,422
180210708,296,77,132,4,509
180210709,270,20,19,0,309
180210710,289,27,44,3,363
180210711,108,71,186,25,390
180210712,330,1,10,0,341
180210713,268,5,0,0,273
180210714,257,6,0,0,263
180210715,164,25,82,2,273
180210716,191,7,25,0,223
180210801,188,5,4,0,197
180210802,246,14,7,0,267
180210803,274,3,3,0,280
180210804,193,10,1,0,204
180210805,244,3,3,0,250
180210806,267,3,1,0,271
180210807,215,0,2,0,217
180210808,212,1,3,0,216
180210809,389,5,3,0,397
180210810,367,4,3,1,375
180210811,505,4,13,0,522
180210812,142,38,31,0,211
180210813,118,40,55,4,217
180210901,188,0,0,0,188
180210902,208,0,0,0,208
180210903,262,1,1,0,264
180210904,239,1,0,0,240
180210905,264,4,3,0,271
180210906,444,1,0,0,445
180210907,422,8,2,1,433
180210908,427,5,0,0,432
180210909,320,3,0,0,323
180210910,293,3,0,0,296
180210911,206,1,0,0,207
180210912,419,5,1,0,425
180210913,223,1,0,0,224
180210914,307,7,2,1,317
180210915,232,1,2,0,235
180211001,10,77,171,2,260
180211002,132,54,103,1,290
180211003,10,149,135,1,295
180211004,24,178,105,4,311
180211005,3,118,121,1,243
180211006,309,63,106,1,479
180211007,200,63,55,1,319
180211101,5,118,118,27,268
180211102,2,7,10,1,20
180211103,3,68,66,4,141
180211104,7,54,30,5,96
180211105,6,55,79,6,146
180211106,6,161,149,5,321
180211107,2,164,117,3,286
180211108,4,85,105,11,205
180211109,17,86,126,15,244
180211110,1,110,84,17,212
180211201,0,8,12,0,20
180211202,0,8,26,4,38
180211203,0,7,25,2,34
180211204,0,18,24,3,45
180211205,0,81,74,8,163
180211206,2,60,66,11,139
180211207,3,21,55,17,96
180211208,6,173,132,2,313
180211209,46,187,168,7,408
180211210,126,15,125,14,280
180211211,268,1,1,0,270
180211212,10,115,162,13,300
180211213,0,18,68,0,86
180211301,7,157,127,3,294
180211302,3,97,52,4,156
180211303,0,16,21,3,40
180211304,0,6,9,0,15
180211305,1,76,35,0,112
180211306,6,86,86,2,180
180211307,16,88,90,3,197
180211401,0,0,1,1,2
180211402,1,0,5,0,6
180211501,295,0,0,0,295
180211502,256,0,0,0,256
180211503,118,0,0,0,118
180211504,128,0,0,0,128
180211505,285,1,0,0,286
180211506,209,0,10,0,219
180211507,189,14,32,0,235
180211508,234,1,0,0,235
180211509,194,0,0,0,194
180211510,177,0,0,0,177
180211511,419,1,0,0,420
180211512,243,0,0,0,243
180211513,231,0,0,0,231
180211514,245,0,0,0,245
180211515,199,0,0,0,199
180211516,415,38,13,0,466
180211601,151,2,22,0,175
180211602,167,8,16,0,191
180211603,347,3,10,0,360
180211604,476,17,8,0,501
180211605,166,0,4,0,170
180211606,196,0,0,0,196
180211607,231,1,0,0,232
180211608,240,0,2,0,242
180211609,267,14,5,1,287
180211610,13,66,100,1,180
180211611,108,86,70,1,265
180211612,93,48,65,5,211
180211613,16,126,93,2,237
180211614,58,148,83,1,290
180211615,73,130,129,1,333
180211616,197,59,77,0,333
180211701,265,11,14,0,290
180211702,274,38,23,0,335
180211703,322,18,21,2,363
180211704,281,18,6,1,306
180211705,261,1,0,0,262
180211706,408,2,12,0,422
180211707,239,3,4,1,247
180211708,186,55,49,0,290
180211709,234,12,16,0,262
180211710,318,0,0,0,318
180211711,290,1,0,0,291
180211712,212,1,0,0,213
180211713,266,16,9,4,295
180211714,219,0,0,0,219
180211715,222,29,14,0,265
180211716,216,0,0,0,216
180211717,223,2,0,0,225
180211718,380,1,0,0,381
180211801,292,91,43,0,426
180211802,286,3,3,0,292
180211803,412,9,2,1,424
180211804,142,125,205,4,476
180211805,146,63,42,2,253
180211806,89,111,59,1,260
180211807,235,90,79,4,408
180211808,385,0,0,0,385
180211809,280,60,152,3,495
180211810,261,0,0,0,261
180211811,254,29,31,1,315
180211812,373,18,40,1,432
180211813,326,72,17,0,415
180211901,259,2,0,0,261
180211902,298,4,2,0,304
180211903,232,1,0,0,233
180211904,172,0,0,0,172
180211905,270,4,15,1,290
180211906,226,0,2,0,228
180211907,224,0,0,0,224
180211908,388,6,3,0,397
180211909,321,6,2,0,329
180211910,102,0,0,0,102
180211911,291,4,1,0,296
180211912,506,4,4,0,514
180211913,184,3,6,0,193
180211914,230,2,0,0,232
180211915,218,32,41,4,295
180211916,226,1,3,0,230
180211917,177,0,4,0,181
180211918,141,101,62,2,306
180212001,330,27,25,0,382
180212002,278,47,77,10,412
180212003,337,77,54,1,469
180212004,241,30,26,1,298
180212005,179,23,43,0,245
180212006,347,7,3,5,362
180212007,288,10,7,1,306
180212008,279,1,3,0,283
180212009,162,75,49,1,287
180212010,98,124,107,2,331
180212011,153,126,159,0,438
180212012,97,135,66,0,298
180212013,146,133,77,4,360
180212101,321,2,4,4,331
180212102,248,2,0,0,250
180212103,342,15,22,0,379
180212104,327,3,2,0,332
180212105,176,1,0,0,177
180212106,429,4,0,0,433
180212107,251,30,56,1,338
180212108,273,22,52,5,352
180212109,147,60,66,0,273
180212110,321,47,29,3,400
180212111,333,44,16,0,393
180212112,351,12,25,1,389
180212201,132,7,9,0,148
180212202,108,71,67,1,247
180212203,156,57,104,37,354
180212204,11,58,357,11,437
180212205,24,73,152,22,271
180212206,34,57,172,9,272
180212207,72,82,239,35,428
180212208,127,24,97,4,252
180212209,159,142,87,3,391
180212210,187,59,70,1,317
180212211,344,5,10,4,363
180212212,414,27,34,1,476
180212301,229,76,127,2,434
180212302,220,44,125,0,389
180212303,313,9,55,1,378
180212304,247,48,22,1,318
180212305,396,10,6,0,412
180212306,222,17,30,0,269
180212307,239,99,11,1,350
180212308,298,0,0,0,298
180212309,350,0,0,0,350
180212310,311,24,14,0,349
180212311,229,69,92,0,390
180212312,108,128,149,0,385
180212313,393,0,8,0,401
180212314,11,36,62,1,110
180280101,77,115,92,101,385
180280102,0,83,62,32,177
180280103,3,206,48,37,294
180280201,0,12,2,7,21
180280202,0,7,8,11,26
180280301,3,177,170,139,489
180280302,0,5,6,4,15
180280303,0,19,28,34,81
180280304,0,2,1,0,3
180280305,0,3,3,8,14
180280306,0,2,14,17,33
180280307,0,10,4,21,35
180280308,0,29,60,67,156
180280309,1,76,93,143,313
180280310,4,154,77,23,258
180280311,10,152,119,48,329
180280312,7,245,161,96,509
180280401,1,145,58,16,220
180280402,0,8,7,0,15
180280403,0,5,22,10,37
180280404,0,3,0,2,5
180280405,21,25,35,47,128
180280406,1,67,52,16,136
180280407,0,41,28,47,116
180280408,1,32,17,11,61
180280409,2,26,31,29,88
180280410,1,7,9,6,23
180280411,6,33,6,16,61
180280412,0,63,43,40,146
180280413,1,37,54,31,123
180280501,0,3,13,1,17
180280502,1,14,3,0,18
180280503,0,17,0,0,17
180280601,0,12,9,4,25
180280602,0,4,0,0,4
180280603,0,1,3,18,22
180280604,4,13,41,15,73
180280605,0,1,4,4,9
180280606,0,8,3,4,15
180280701,0,21,15,27,63
180280702,106,13,19,8,146
180280703,0,5,6,2,13
180280704,0,2,3,6,11
180280705,0,13,3,5,21
180280706,0,13,2,7,22
180280707,0,3,1,3,7
180350101,199,25,41,1,266
180350102,55,35,95,4,189
180350103,132,36,148,3,319
180350104,255,17,25,0,297
180350105,315,4,2,0,321
180350106,154,1,0,0,155
180350107,187,1,0,0,188
180350108,168,2,1,0,171
180350109,196,14,4,0,214
180350110,174,11,20,1,206
180350111,193,26,55,1,275
180350112,141,34,28,10,213
180350113,205,13,9,0,227
180350114,1,3,2,0,6
180350115,45,33,134,1,213
180350116,11,39,140,3,193
180350201,1,21,10,2,34
180350301,0,11,33,4,48
180350302,0,11,17,2,30
180350303,2,9,17,1,29
180350401,1,9,7,0,17
180350402,0,14,16,0,30
180350501,0,32,73,3,108
180350502,3,33,36,0,72
180350503,0,8,4,0,12
180350601,0,17,7,3,27
180350602,0,11,14,0,25
180350603,5,34,51,7,97
180350701,0,26,10,5,41
180350702,0,14,2,1,17
180350801,0,13,3,0,16
180350802,0,31,33,5,69
180350901,0,3,13,1,17
180350902,0,10,19,1,30
180351001,0,0,14,0,14
180351002,0,0,6,0,6
180351101,3,40,89,2,134
180351102,0,7,28,1,36
180351201,0,6,27,11,44
180351202,0,0,12,2,14
180351203,1,14,5,4,24
180351301,0,24,37,2,63
180351302,0,2,17,1,20
180351303,2,11,39,16,68
180351401,0,15,45,19,79
180351402,0,2,29,4,35
180351501,64,89,116,19,288
180351502,0,42,171,28,241
180351503,0,5,9,12,26
180351504,0,3,21,0,24
180351505,0,16,8,0,24
180351506,0,15,66,14,95
180351507,0,3,3,2,8
180351508,0,3,9,13,25
180351509,0,3,11,9,23
180351510,51,106,62,6,225
180351511,91,26,63,8,188
180351601,0,10,3,7,20
180351602,0,4,13,0,17
180351701,0,1,5,1,7
180351702,0,4,6,0,10
180351801,353,1,1,0,355
180351802,373,3,1,0,377
180351803,176,6,0,0,182
180351804,164,16,29,0,209
180351805,313,4,9,0,326
180351806,173,0,0,0,173
180351807,306,4,0,0,310
180351808,284,25,30,0,339
180351809,223,30,28,0,281
180351810,140,38,109,3,290
180351811,124,12,29,0,165
180351901,47,17,44,2,110
180351902,134,22,60,1,217
180351903,295,8,38,0,341
180351904,313,11,20,2,346
180351905,222,31,43,0,296
180351906,199,0,1,0,200
180351907,159,0,1,0,160
180351908,126,3,10,0,139
180351909,190,4,6,0,200
180351910,191,7,18,2,218
180351911,172,0,0,0,172
180351912,249,5,13,2,269
180351913,183,28,49,2,262
180420101,42,155,37,2,236
180420102,8,258,48,5,319
180420103,4,146,53,1,204
180420104,89,182,51,20,342
180420105,21,112,48,10,191
180420106,4,105,96,16,221
180420107,26,187,65,2,280
180420108,5,220,57,7,289
180420109,4,151,59,3,217
180420201,0,3,2,3,8
180420202,0,13,28,18,59
180420203,0,1,5,2,8
180420204,0,13,15,3,31
180420301,0,28,48,23,99
180420302,1,3,9,12,25
180420303,0,9,12,4,25
180420304,1,49,50,13,113
180420305,0,6,34,8,48
180420306,0,5,26,3,34
180420307,0,52,71,16,139
180420308,0,2,10,7,19
180420401,0,11,24,7,42
180420402,0,1,11,1,13
180420403,0,29,5,13,47
180420404,0,0,7,7,14
180420405,0,1,29,0,30
180420501,0,18,45,15,78
180420502,3,17,32,10,62
180420503,0,5,42,10,57
180420504,0,24,67,25,116
180420505,0,16,14,2,32
180420506,0,63,86,25,174
180420507,1,78,35,10,124
180420601,0,0,0,0,0
180420602,0,0,0,4,4
180420603,0,0,0,0,0
180490101,37,74,68,45,224
180490102,49,63,97,25,234
180490103,163,65,99,50,377
180490104,236,42,77,14,369
180490105,106,37,43,1,187
180490106,157,9,2,1,169
180490107,222,33,13,2,270
180490108,194,9,4,0,207
180490109,211,35,44,9,299
180490110,314,9,3,1,327
180490111,133,43,13,0,189
180490112,140,48,23,1,212
180490113,132,95,98,34,359
180490114,61,67,78,11,217
180490115,91,43,40,1,175
180490116,252,66,42,21,381
180490117,113,77,80,17,287
180490118,76,47,38,1,162
180490201,0,2,17,3,22
180490202,1,41,39,26,107
180490203,0,8,24,6,38
180490204,0,2,11,1,14
180490205,0,5,3,6,14
180490206,0,1,7,1,9
180490207,100,57,32,12,201
180490301,0,74,163,31,268
180490302,0,4,2,0,6
180490303,0,7,14,2,23
180490304,0,12,18,6,36
180490305,0,3,27,4,34
180490306,0,31,92,51,174
180490307,1,36,43,3,83
180490308,20,138,77,8,243
180490401,1,4,31,34,70
180490402,0,14,47,10,71
180490403,0,0,19,5,24
180490404,0,0,14,16,30
180490405,0,5,8,16,29
180490501,0,10,44,13,67
180490502,0,2,5,8,15
180490503,0,0,0,1,1
180490601,0,5,10,1,16
180490602,0,3,7,1,11
180490603,0,0,1,8,9
180490701,183,150,151,91,575
180490702,0,3,32,74,109
180490703,1,33,70,27,131
180490704,1,21,106,80,208
180490705,0,0,12,1,13
180490801,0,5,25,12,42
180490802,0,8,26,22,56
180490901,0,0,0,9,9
180490902,0,3,1,37,41
180490903,0,1,4,2,7
180490904,0,5,7,1,13
180491001,0,19,13,81,113
180491002,0,15,6,23,44
180491003,0,0,9,5,14
180491101,0,0,1,11,12
180560101,55,51,127,12,245
180560102,29,124,78,5,236
180560103,46,94,148,20,308
180560104,171,56,74,3,304
180560105,46,83,28,1,158
180560106,48,65,45,1,159
180560107,3,134,16,0,153
180560108,4,75,58,1,138
180560109,1,130,19,2,152
180560110,4,47,51,3,105
180560201,0,29,44,11,84
180560202,0,2,20,13,35
180560301,0,10,53,5,68
180560302,0,2,15,0,17
180560303,0,3,8,4,15
180560401,3,22,9,4,38
180560402,0,4,8,0,12
180560403,0,4,6,1,11
180560404,0,0,6,0,6
180560501,0,5,2,1,8
180560502,0,2,6,0,8
180560503,0,1,12,4,17
180560504,0,2,2,1,5
180560601,0,0,4,0,4
180560602,0,1,1,0,2
180560603,0,0,3,0,3
180560604,0,4,5,1,10
180560605,0,1,0,1,2
180630101,319,102,34,22,477
180630102,240,39,34,42,355
180630103,94,49,48,33,224
180630104,140,42,54,33,269
180630201,89,53,32,4,178
180630202,183,85,52,12,332
180630203,0,10,19,1,30
180630204,38,23,26,47,134
180630205,11,96,76,8,191
180630206,139,32,23,32,226
180630301,0,20,22,81,123
180630302,0,1,4,15,20
180630303,0,7,5,38,50
180630304,2,1,29,8,40
180630401,3,69,33,13,118
180630402,0,5,9,17,31
180630403,0,1,5,0,6
180630404,0,5,9,8,22
180630405,0,1,1,0,2
180630406,0,19,9,4,32
180630407,0,1,3,2,6
180630408,0,0,3,3,6
180630501,0,7,12,16,35
180630502,0,8,10,26,44
180630503,0,3,8,41,52
180630504,0,2,13,1,16
180630601,0,1,14,8,23
180630602,0,0,13,12,25
180630603,0,0,6,2,8
180630701,0,21,49,64,134
180630702,0,6,19,3,28
180630703,0,6,4,32,42
180630704,0,13,26,48,87
180630705,0,11,21,55,87
180630706,0,1,21,14,36
180630801,0,5,6,17,28
180630802,0,9,12,53,74
180630803,0,10,9,36,55
180630804,0,28,10,60,98
180630805,0,10,38,23,71
180630806,1,90,29,11,131
180630901,0,0,0,1,1
180700101,216,12,12,8,248
180700102,251,1,1,0,253
180700103,279,3,2,0,284
180700104,171,20,17,0,208
180700105,143,56,25,5,229
180700106,260,6,5,0,271
180700107,266,0,0,0,266
180700108,228,3,6,2,239
180700109,209,3,15,1,228
180700110,165,26,48,2,241
180700111,254,36,37,3,330
180700112,172,10,41,3,226
180700113,159,11,32,6,208
180700114,203,24,26,0,253
180700115,253,12,22,1,288
180700116,112,36,46,1,195
180700117,117,47,46,2,212
180700118,4,25,53,4,86
180700201,50,21,30,25,126
180700202,0,54,80,16,150
180700203,3,57,54,17,131
180700204,1,56,23,4,84
180700205,0,11,11,4,26
180700206,0,6,11,7,24
180700207,0,2,6,13,21
180700208,0,1,1,3,5
180700209,0,13,26,2,41
180700210,0,0,3,0,3
180700301,0,54,71,45,170
180700302,1,10,55,28,94
180700303,0,7,18,15,40
180700401,0,3,11,16,30
180700402,0,0,27,8,35
180700403,0,1,13,4,18
180700404,0,1,7,15,23
180700501,1,15,15,30,61
180700502,0,13,7,8,28
180700503,0,2,5,2,9
180700601,0,1,13,8,22
180700602,0,7,4,0,11
180700603,0,6,9,8,23
180700701,0,9,11,8,28
180700702,0,7,0,0,7
180700703,0,8,1,4,13
180700801,0,8,28,9,45
180700802,0,6,16,24,46
180700803,0,12,21,21,54
180700804,0,20,21,31,72
180700901,1,8,21,6,36
180700902,0,17,26,6,49
180701001,0,4,15,7,26
180701002,0,9,14,22,45
180701003,0,14,33,40,87
180701004,0,9,13,10,32
180701005,0,1,55,7,63
180701101,0,14,25,36,75
180701102,0,10,16,53,79
180701201,1,67,54,35,157
180701202,0,13,20,36,69
180701203,0,12,26,5,43
180701204,0,25,37,25,87
180701301,0,9,51,27,87
180701302,0,5,7,18,30
180701303,0,20,71,54,145
180701304,0,7,6,1,14
180701401,0,10,52,29,91
180701402,0,8,28,55,91
180701403,0,9,33,19,61
180701404,2,11,38,15,66
180701501,0,16,33,11,60
180701502,1,35,15,3,54
180701503,0,10,53,20,83
180701504,0,0,4,8,12
180701505,2,7,12,4,25
180701506,328,0,0,0,328
180701507,270,2,20,0,292
180701508,381,1,1,0,383
180701509,331,0,0,0,331
180701601,2,38,17,7,64
180701602,0,12,22,2,36
180701603,0,19,23,11,53
180701604,0,10,33,11,54
180701605,0,37,22,3,62
180701606,0,23,19,19,61
180701607,0,39,22,15,76
180701701,0,18,19,18,55
180701702,0,7,5,4,16
180701703,18,9,17,6,50
180701704,0,5,10,4,19
180701801,0,12,28,11,51
180701802,0,20,28,18,66
180701803,0,45,21,8,74
180701901,0,0,0,5,5
180701902,0,6,45,39,90
180701903,0,0,0,1,1
180701904,0,0,0,1,1
180701905,0,0,1,0,1
180701906,0,0,0,0,0
180701907,0,0,0,1,1
180701908,0,0,0,0,0
180701909,0,0,0,6,6
180702001,230,0,0,1,231
180702002,216,2,2,1,221
180702003,202,4,6,0,212
180702004,353,0,0,0,353
180702005,268,4,10,0,282
180702006,267,16,2,2,287
180702007,208,26,22,4,260
180702008,265,33,44,0,342
180702009,251,1,14,0,266
180702010,170,19,22,2,213
180702011,205,8,3,1,217
180702012,237,2,0,0,239
180702013,214,35,14,1,264
180702014,203,4,3,0,210
180702015,192,0,0,0,192
180702016,271,0,0,0,271
180702101,192,3,3,0,198
180702102,1,14,4,0,19
180702103,341,23,18,1,383
180702104,156,49,113,6,324
180702105,126,112,65,4,307
180702106,22,166,44,0,232
180702107,2,37,37,5,81
180702108,4,33,100,14,151
180702109,65,133,91,6,295
180702110,36,86,116,13,251
180702111,22,114,89,7,232
180702112,112,28,65,30,235
180702113,12,109,186,29,336
180702114,7,119,94,5,225
180702115,279,39,38,0,356
180702116,162,61,69,0,292
180702117,73,52,87,22,234
180702201,165,64,99,7,335
180702202,24,103,174,28,329
180702203,67,184,58,1,310
180702204,41,228,132,9,410
180702205,71,48,74,1,194
180702206,102,126,103,2,333
180702207,184,21,16,2,223
180702208,20,60,137,19,236
180702209,199,4,1,0,204
180702210,327,50,44,19,440
180702211,0,1,8,13,22
180702212,345,6,29,2,382
180702213,323,0,0,0,323
180702214,215,17,19,8,259
180702215,237,6,76,19,338
180702216,155,62,38,5,260
180702217,214,19,23,1,257
180702218,14,139,137,4,294
180770101,7,61,107,17,192
180770102,66,66,27,0,159
180770103,65,160,86,5,316
180770104,134,88,84,2,308
180770105,86,66,47,3,202
180770106,21,110,76,4,211
180770201,34,31,58,17,140
180770202,1,46,25,2,74
180770203,2,24,30,4,60
180770204,3,44,27,4,78
180770205,0,40,23,1,64
180770206,2,0,8,1,11
180770207,0,6,3,5,14
180770208,119,17,6,2,144
180770301,0,76,48,30,154
180770302,0,12,30,6,48
180770401,0,9,11,2,22
180770402,2,2,64,2,70
180770501,0,8,7,6,21
180770502,0,12,7,4,23
180770503,0,0,4,1,5
180770601,0,0,0,0,0
180770602,0,0,0,1,1
180770603,0,0,0,0,0
180840101,3,120,147,56,326
180840102,3,149,62,4,218
180840103,4,153,77,4,238
180840104,7,103,54,20,184
180840105,12,164,42,2,220
180840106,1,142,95,5,243
180840107,22,240,84,9,355
180840108,15,213,62,5,295
180840109,31,152,53,1,237
180840110,82,120,21,0,223
180840111,152,73,17,2,244
180840112,224,51,25,0,300
180840113,221,0,0,0,221
180840114,306,1,1,2,310
180840115,305,1,0,0,306
180840116,326,0,0,0,326
180840117,112,5,11,0,128
180840118,25,228,113,45,411
180840201,8,83,128,58,277
180840202,0,6,8,0,14
180840203,0,22,29,19,70
180840204,1,34,60,33,128
180840205,113,34,41,31,219
180840206,0,4,3,0,7
180840301,0,6,42,21,69
180840302,0,1,15,2,18
180840303,0,0,3,3,6
180840304,0,0,6,4,10
180840305,0,2,0,2,4
180840306,0,3,9,20,32
180840401,0,0,1,2,3
180840402,0,3,0,1,4
180840403,0,20,1,1,22
180840404,0,4,3,0,7
180840501,1,21,14,0,36
180840502,0,9,6,31,46
180840503,0,8,11,11,30
180840601,0,7,3,9,19
180840602,0,9,6,0,15
180840603,0,10,7,2,19
180840701,1,7,8,10,26
180840702,0,2,4,2,8
180840703,0,6,5,2,13
180840801,0,0,5,1,6
180840802,0,7,10,0,17
180840901,0,3,17,1,21
180840902,0,3,19,1,23
180840903,0,11,17,0,28
180841001,3,58,90,16,167
180841002,2,86,70,38,196
180841003,1,74,70,19,164
180841004,0,46,26,24,96
180841005,0,10,18,10,38
180841006,0,5,8,0,13
180841007,0,11,40,23,74
180841008,0,5,5,4,14
180841009,0,6,0,2,8
180841101,81,138,36,5,260
180841102,16,25,20,14,75
180841103,0,8,6,13,27
180841104,3,23,32,18,76
180841105,0,36,55,43,134
180841106,0,6,4,6,16
180841107,0,8,5,2,15
180841108,0,3,6,22,31
180841109,43,150,93,10,296
180841201,1,88,64,60,213
180841202,0,6,8,30,44
180841203,0,6,27,92,125
180841204,0,1,8,26,35
180841205,0,0,2,1,3
180841206,0,0,0,0,0
180841207,0,0,0,0,0
180910101,286,9,12,1,308
180910102,200,4,13,4,221
180910103,164,2,4,0,170
180910104,150,5,51,10,216
180910105,172,9,69,3,253
180910106,259,2,25,0,286
180910107,191,24,49,0,264
180910108,214,5,19,0,238
180910109,162,33,23,2,220
180910110,139,24,209,33,405
180910201,70,26,55,17,168
180910202,1,19,57,9,86
180910203,13,37,73,71,194
180910204,7,32,52,11,102
180910205,1,2,5,4,12
180910206,1,15,24,39,79
180910207,93,8,40,5,146
180910208,98,22,22,25,167
180910209,20,62,103,30,215
180910210,10,27,51,12,100
180910211,5,14,55,11,85
180910212,0,6,5,0,11
180910301,0,22,84,10,116
180910302,0,20,45,4,69
180910303,0,14,66,11,91
180910304,0,2,22,5,29
180910305,0,8,17,30,55
180910401,9,62,41,6,118
180910402,0,33,17,28,78
180910403,0,14,30,9,53
180910404,0,13,28,18,59
180910405,0,7,44,27,78
180910406,6,9,23,5,43
180910407,0,1,16,4,21
180910501,0,1,11,1,13
180910502,0,3,6,6,15
180910503,1,8,41,13,63
180910504,0,8,18,6,32
180910505,0,3,3,0,6
180910506,0,0,5,4,9
180910601,0,1,7,1,9
180910602,0,0,5,1,6
180910603,0,4,8,0,12
180910701,4,113,58,5,180
180910702,0,2,11,16,29
180910703,0,19,53,11,83
180910704,0,16,70,8,94
180910705,0,4,16,16,36
180910706,2,109,105,11,227
180910801,0,16,17,0,33
180910802,28,15,108,29,180
180910803,2,41,103,70,216
180910804,0,35,42,19,96
180910805,0,6,38,2,46
180910806,1,18,56,21,96
180910901,0,0,0,0,0
180910902,0,0,0,0,0
180910903,0,0,0,0,0
180980101,56,105,54,10,225
180980102,182,34,36,1,253
180980103,45,86,155,54,340
180980104,174,18,14,1,207
180980105,109,25,21,7,162
180980106,86,54,86,12,238
180980107,4,68,95,53,220
180980201,2,11,33,10,56
180980202,0,4,19,32,55
180980203,6,9,79,75,169
180980301,1,11,18,40,70
180980302,0,10,53,29,92
180980303,0,6,12,28,46
180980304,0,3,17,35,55
180980401,0,0,6,0,6
180980402,0,4,9,11,24
180980403,0,5,7,34,46
180980501,0,10,0,9,19
180980502,0,1,8,7,16
180980503,0,2,2,12,16
181050101,183,45,9,3,240
181050102,70,163,26,1,260
181050103,26,192,50,5,273
181050104,57,229,15,4,305
181050105,13,152,23,1,189
181050106,57,249,39,10,355
181050107,138,225,36,5,404
181050108,7,92,14,1,114
181050109,209,47,16,1,273
181050110,299,2,0,0,301
181050111,149,3,0,0,152
181050112,86,170,2,3,261
181050113,246,79,37,1,363
181050114,308,34,11,0,353
181050115,187,4,0,0,191
181050201,0,9,4,0,13
181050202,8,40,17,3,68
181050203,4,17,13,5,39
181050204,321,10,1,0,332
181050301,0,1,3,3,7
181050302,9,32,3,3,47
181050401,0,15,0,0,15
181050402,5,0,1,0,6
181050501,0,3,9,0,12
181050502,0,13,6,2,21
181050503,0,9,1,2,12
181050601,0,8,15,0,23
181050602,0,10,5,2,17
181050603,0,13,0,1,14
181050701,0,7,2,0,9
181050702,0,3,4,0,7
181050801,4,14,8,2,28
181050802,0,11,7,4,22
181050803,11,19,1,0,31
181050804,0,3,0,0,3
181050805,179,5,2,0,186
181050806,0,5,1,0,6
181050901,113,66,57,2,238
181050902,0,4,7,1,12
181050903,2,14,3,0,19
181050904,138,59,48,2,247
181051001,0,0,2,0,2
181051002,0,3,0,0,3
181051003,0,64,11,2,77
181051101,141,138,102,4,385
181051102,0,11,2,0,13
181051103,1,9,6,0,16
181051104,0,7,3,0,10
181051201,0,22,4,0,26
181051202,1,6,36,0,43
181051203,0,15,9,0,24
181051204,2,24,46,4,76
181051301,0,31,41,1,73
181051302,0,11,1,0,12
181051303,0,3,0,0,3
181051304,0,16,23,1,40
181051305,0,8,9,1,18
181051306,0,1,0,0,1
181051401,0,5,0,0,5
181051402,0,5,1,0,6
181051403,0,4,3,0,7
181051404,0,2,0,0,2
181051501,0,8,1,0,9
181051502,0,0,1,0,1
181051503,0,2,1,0,3
181051601,0,17,44,4,65
181051602,0,3,13,0,16
181051603,0,2,10,4,16
181051604,0,5,7,4,16
181051605,1,12,3,0,16
181051701,0,5,0,0,5
181051702,0,6,1,0,7
181051801,0,9,16,5,30
181051802,0,8,0,0,8
181051901,0,9,4,0,13
181051902,0,7,0,0,7
181052001,0,1,3,0,4
181052002,0,10,1,0,11
181052003,0,23,1,0,24
181052101,179,1,0,0,180
181052102,421,10,0,0,431
181052103,177,79,9,1,266
181052104,76,132,6,11,225
181052105,259,3,0,0,262
181052106,277,14,7,0,298
181052107,123,186,31,20,360
181052108,263,22,4,0,289
181052109,105,74,18,2,199
181052110,27,124,30,1,182
181052111,93,182,24,2,301
181052112,322,114,8,8,452
181052113,118,161,60,3,342
181052114,244,3,2,0,249
181120101,240,3,34,0,277
181120102,69,10,0,0,79
181120103,47,8,6,0,61
181120104,325,0,1,0,326
181120105,214,3,0,0,217
181120106,326,0,0,0,326
181120107,219,13,35,1,268
181120108,243,16,64,4,327
181120109,203,3,6,0,212
181120110,153,7,6,1,167
181120111,188,0,1,0,189
181120112,200,2,8,0,210
181120113,162,0,0,0,162
181120114,325,6,3,0,334
181120201,0,13,6,2,21
181120202,0,24,27,1,52
181120203,0,34,5,4,43
181120204,0,18,10,2,30
181120205,1,22,9,0,32
181120206,0,29,5,4,38
181120207,0,20,3,0,23
181120208,0,1,11,0,12
181120209,0,12,11,2,25
181120210,1,27,9,0,37
181120211,0,1,1,0,2
181120212,0,60,49,2,111
181120301,0,9,7,0,16
181120302,0,6,1,1,8
181120303,2,10,3,3,18
181120304,0,4,0,0,4
181120401,2,13,27,0,42
181120402,0,8,10,0,18
181120403,1,20,26,1,48
181120404,3,50,91,3,147
181120405,0,28,6,0,34
181120406,0,2,5,0,7
181120407,1,12,4,1,18
181120408,0,5,1,0,6
181120409,0,12,2,0,14
181120410,0,9,12,0,21
181120411,0,4,2,0,6
181120501,0,1,1,0,2
181120502,0,18,7,2,27
181120503,0,16,0,1,17
181120504,3,2,0,0,5
181120601,0,22,4,1,27
181120602,0,34,5,16,55
181120603,0,6,0,0,6
181120604,0,8,5,0,13
181120701,135,76,87,13,311
181120702,6,54,28,11,99
181120703,1,9,1,7,18
181120704,1,39,3,3,46
181120705,0,23,0,0,23
181120706,0,5,4,1,10
181120707,0,10,1,1,12
181120708,0,6,3,0,9
181120709,0,0,0,0,0
181120710,0,29,3,1,33
181120801,5,40,2,1,48
181120802,2,36,9,3,50
181120803,1,49,13,6,69
181120804,2,46,23,10,81
181120805,0,10,2,3,15
181120806,252,44,10,1,307
181120807,268,18,4,1,291
181120808,340,52,54,11,457
181120809,142,34,31,33,240
181120810,391,2,0,0,393
181120901,158,25,11,3,197
181120902,227,3,8,0,238
181120903,210,4,1,1,216
181120904,184,0,1,0,185
181120905,230,1,0,0,231
181120906,194,0,0,0,194
181120907,305,1,0,0,306
181120908,311,2,3,0,316
181120909,238,1,1,0,240
181120910,245,2,1,3,251
181120911,277,3,2,0,282
181120912,203,3,1,0,207
181120913,411,18,50,2,481
181120914,155,11,36,0,202
181190101,24,107,84,18,233
181190102,236,6,0,2,244
181190103,320,21,6,1,348
181190104,463,11,12,2,488
181190105,282,18,10,5,315
181190106,148,3,2,0,153
181190107,207,4,3,0,214
181190108,203,57,20,5,285
181190109,110,209,73,8,400
181190110,89,143,27,1,260
181190111,71,115,46,3,235
181190112,74,5,0,1,80
181190113,15,65,50,5,135
181190114,187,2,0,0,189
181190115,97,212,72,9,390
181190116,161,106,21,4,292
181190117,42,53,66,24,185
181190201,0,3,7,0,10
181190202,0,9,6,0,15
181190301,4,45,36,6,91
181190302,15,34,29,2,80
181190303,0,3,4,0,7
181190401,88,65,92,7,252
181190402,0,6,10,2,18
181190403,0,6,5,4,15
181190404,0,5,16,2,23
181190501,0,2,0,18,20
181190502,0,8,12,0,20
181190601,14,60,100,9,183
181190602,0,0,6,5,11
181190701,0,3,12,0,15
181190702,1,9,16,7,33
181190703,0,2,5,1,8
181190801,1,4,1,0,6
181190802,0,7,7,9,23
181190901,14,70,31,19,134
181190902,0,0,6,1,7
181190903,0,6,2,0,8
181190904,0,0,3,0,3
181190905,0,10,2,0,12
181191001,0,5,25,3,33
181191002,0,11,12,1,24
181191003,0,14,5,3,22
181191101,1,5,5,1,12
181191102,0,5,5,1,11
181191103,0,8,8,0,16
181191201,0,0,6,11,17
181191202,0,7,2,0,9
181191203,1,5,6,1,13
181191301,0,0,1,0,1
181191401,3,34,64,9,110
181191402,109,35,50,15,209
181191403,231,68,64,2,365
181191404,1,59,55,18,133
181191405,391,2,0,1,394
181191406,29,89,62,8,188
181191407,270,28,18,4,320
181191501,96,87,44,12,239
181191502,97,45,14,2,158
181191503,320,25,11,0,356
181191504,253,22,11,6,292
181191505,312,9,3,3,327
181191506,176,5,1,0,182
181191507,214,9,6,3,232
181191508,94,114,58,6,272
181191509,84,84,22,4,194
181191510,225,6,1,0,232
181191511,297,4,2,0,303
181191512,205,1,0,0,206
181191513,218,7,3,0,228
181191514,52,11,0,0,63
181191515,50,215,44,5,314
181191516,166,1,0,0,167
181191517,98,6,2,8,114
181191518,170,4,0,0,174
181191519,189,69,73,18,349
181191520,346,44,6,2,398
181191521,181,38,33,1,253
181191522,35,144,43,4,226
181191523,224,0,0,0,224
181260101,73,74,107,28,282
181260102,158,80,55,18,311
181260103,174,34,24,12,244
181260104,104,151,77,4,336
181260105,3,206,114,27,350
181260106,242,77,45,6,370
181260107,329,20,52,4,405
181260108,226,19,83,32,360
181260109,60,94,82,17,253
181260201,0,10,20,15,45
181260202,0,90,93,106,289
181260203,0,0,3,3,6
181260301,2,19,24,68,113
181260302,2,10,12,10,34
181260401,0,2,13,23,38
181260402,0,9,6,15,30
181260501,0,43,91,109,243
181260502,0,23,61,12,96
181260601,0,7,33,66,106
181260602,0,1,9,2,12
181260603,0,0,4,2,6
181260701,117,32,101,62,312
181260702,0,2,5,26,33
181260703,1,25,40,31,97
181260801,0,15,35,5,55
181260802,0,3,16,9,28
181260901,1,150,89,7,247
181260902,2,217,120,4,343
181260903,1,23,23,24,71
181260904,1,26,21,9,57
181330101,5,157,31,7,200
181330102,4,95,25,3,127
181330103,5,92,41,5,143
181330104,0,8,24,0,32
181330201,0,32,4,0,36
181330202,3,36,23,0,62
181330203,0,29,25,1,55
181330204,1,50,49,8,108
181330205,2,13,44,2,61
181330206,4,135,25,1,165
181330207,7,132,21,2,162
181330208,5,169,28,0,202
181330209,7,68,10,0,85
181330210,2,58,28,0,88
181330211,4,26,2,0,32
181330212,1,61,33,6,101
181330213,2,58,29,1,90
181330214,15,243,49,4,311
181330215,0,30,22,9,61
181330216,0,6,4,2,12
181330301,1,186,44,6,237
181330302,1,54,60,19,134
181330303,0,9,11,5,25
181330304,0,8,11,3,22
181330305,0,1,1,0,2
181330401,1,48,104,13,166
181330402,0,19,9,5,33
181330403,3,11,40,21,75
181330501,8,181,69,5,263
181330502,3,152,66,3,224
181330503,0,28,34,5,67
181330504,1,31,25,6,63
181330505,0,15,26,2,43
181330506,1,14,44,10,69
181330507,3,52,8,0,63
181330601,0,0,0,0,0
181330602,0,0,0,0,0
181330603,0,0,0,1,1
181400101,23,68,162,3,256
181400102,60,30,85,25,200
181400103,9,122,102,19,252
181400104,201,35,16,1,253
181400105,110,87,78,8,283
181400106,305,12,16,0,333
181400107,19,134,94,7,254
181400108,132,37,68,8,245
181400109,5,100,122,17,244
181400110,35,123,114,13,285
181400201,0,6,19,44,69
181400202,1,16,68,0,85
181400203,90,95,213,24,422
181400204,0,9,31,1,41
181400205,0,0,4,1,5
181400206,149,3,3,1,156
181400301,0,3,24,0,27
181400302,0,4,24,4,32
181400303,0,1,5,9,15
181400401,0,4,9,0,13
181400402,0,1,15,2,18
181400403,0,0,0,10,10
181400404,0,0,10,12,22
181400405,0,0,2,46,48
181400501,0,0,20,4,24
181400502,0,1,0,13,14
181400503,0,0,9,3,12
181400504,0,1,3,10,14
181400601,0,7,28,16,51
181400602,0,2,23,44,69
181400603,0,0,2,0,2
181400604,0,0,6,1,7
181400701,0,4,3,25,32
181400702,0,4,9,6,19
181400703,0,8,36,14,58
181400704,0,0,10,2,12
181400801,0,0,6,2,8
181400802,0,1,29,1,31
181400803,0,8,37,17,62
181400804,0,1,17,3,21
181400805,0,0,25,8,33
181400806,0,0,0,17,17
181400807,0,0,5,1,6
181400808,0,0,1,0,1
181400809,0,0,3,6,9
181400901,0,1,2,4,7
181400902,0,0,3,37,40
181400903,0,0,17,13,30
181470101,167,48,62,0,277
181470102,188,63,33,1,285
181470103,50,102,89,14,255
181470104,118,77,33,0,228
181470105,206,53,27,3,289
181470106,116,86,120,7,329
181470107,55,76,81,8,220
181470201,0,40,18,0,58
181470202,0,18,26,5,49
181470203,1,15,5,10,31
181470204,0,4,8,1,13
181470205,0,81,76,11,168
181470206,0,157,74,3,234
181470207,0,128,39,13,180
181470301,0,2,9,0,11
181470302,0,6,10,2,18
181470303,0,2,7,0,9
181470304,0,6,10,1,17
181470401,0,8,10,0,18
181470402,0,2,8,3,13
181470403,1,7,4,0,12
181470501,0,5,6,0,11
181470502,0,6,21,0,27
181470503,0,6,1,0,7
181470601,0,0,4,0,4
181470602,0,0,9,2,11
181470603,0,6,2,0,8
181470604,0,0,3,0,3
181470701,0,3,16,0,19
181470702,0,5,0,0,5
181470703,0,4,0,0,4
181470801,1,46,99,8,154
181470802,0,46,102,8,156
181470803,0,1,15,1,17
181470804,0,2,11,2,15
181470901,0,3,5,1,9
181470902,0,6,19,0,25
181470903,0,9,12,1,22
181471001,0,7,4,3,14
181471002,0,0,6,6,12
181471003,0,6,7,1,14
181471004,0,2,2,0,4
181471101,0,1,6,0,7
181471102,0,2,6,0,8
181471103,0,1,0,0,1
181471201,1,64,28,8,101
181471202,0,11,3,3,17
181471203,0,4,4,0,8
181471204,3,68,29,9,109
181540101,0,217,82,86,385
181540102,0,289,39,10,338
181540103,0,144,45,42,231
181540201,0,4,11,39,54
181540202,0,51,63,157,271
181540203,0,18,42,123,183
181540204,0,2,0,2,4
181540301,0,2,0,0,2
181540302,0,1,1,0,2
181540401,0,15,5,33,53
181540402,0,7,17,10,34
181540501,0,2,0,1,3
181540502,0,1,1,2,4
181540601,0,3,9,17,29
181540602,0,3,0,8,11
181540603,0,0,0,14,14
181540701,0,122,53,52,227
181540702,0,21,36,55,112
181540703,0,66,14,43,123
181540704,0,138,61,46,245
181540801,0,2,6,3,11
181540802,0,8,4,0,12
181540901,0,0,0,0,0
181610101,16,69,95,10,190
181610102,1,85,95,16,197
181610103,71,87,52,5,215
181610104,80,117,26,2,225
181610105,43,94,108,16,261
181610106,221,64,57,2,344
181610107,4,70,92,4,170
181610108,118,31,19,1,169
181610201,0,31,22,10,63
181610202,0,35,49,12,96
181610203,0,13,40,11,64
181610204,3,12,30,6,51
181610205,0,3,9,12,24
181610206,0,75,16,9,100
181610301,1,13,27,37,78
181610302,0,0,0,2,2
181610303,0,2,15,9,26
181610304,0,0,0,1,1
181610401,6,40,78,11,135
181610402,0,35,23,20,78
181610403,0,2,4,6,12
181610404,0,24,18,9,51
181610405,16,119,55,12,202
181610501,0,10,13,0,23
181610502,3,9,8,6,26
181610503,0,13,8,3,24
181610504,35,170,63,10,278
181610505,50,120,77,33,280
181610601,21,171,70,14,276
181610602,1,15,32,17,65
181610603,0,21,53,5,79
181610604,0,1,8,1,10
181610605,0,30,77,11,118
181610606,0,14,18,9,41
181610607,44,134,75,10,263
181680101,6,6,24,18,54
181680102,205,26,18,6,255
181680103,244,10,12,0,266
181680104,292,6,16,0,314
181680105,174,33,19,0,226
181680106,166,32,69,10,277
181680107,199,14,73,2,288
181680108,90,86,117,8,301
181680109,14,128,175,19,336
181680110,206,35,12,5,258
181680201,0,11,49,24,84
181680202,0,17,33,10,60
181680301,0,7,17,4,28
181680302,1,2,22,1,26
181680303,0,1,8,0,9
181680401,0,3,6,0,9
181680402,0,2,8,4,14
181680403,0,3,11,0,14
181680501,0,6,42,4,52
181680502,0,0,4,3,7
181680601,0,4,3,0,7
181680602,0,2,6,2,10
181680603,0,5,31,31,67
181680604,0,12,11,1,24
181680701,50,53,132,20,255
181680702,211,54,168,16,449
181680703,278,48,82,4,412
181680704,157,35,53,6,251
181680705,64,81,336,96,577
181680706,9,111,198,48,366
181680707,2,97,75,26,200
181680708,0,0,1,0,1
181680709,0,0,0,0,0
181680710,0,5,3,1,9
181680711,0,13,124,4,141
181680712,22,123,202,37,384
181680713,272,33,18,0,323
181680714,178,9,3,0,190
181680715,220,19,9,1,249
181680716,251,4,4,1,260
181680717,229,1,0,0,230
181680718,397,3,1,0,401
181680719,343,1,0,0,344
181680720,132,37,116,3,288
181680721,183,16,37,1,237
181680722,194,52,170,14,430
181680723,205,4,11,0,220
181680724,176,21,25,0,222
181680725,334,15,67,1,417
181680726,0,0,3,0,3
181680727,84,45,118,2,249
181680801,5,7,25,10,47
181680802,0,3,14,0,17
181680803,0,1,1,0,2
181680804,1,4,7,1,13
181680901,0,2,4,1,7
181680902,0,2,0,0,2
181680903,0,1,7,0,8
181680904,0,0,4,0,4
181681001,0,0,2,0,2
181681002,1,4,45,2,52
181681003,1,7,12,5,25
181681101,0,3,0,0,3
181681102,0,0,3,2,5
181681103,1,17,51,3,72
181681201,1,24,40,36,101
181681202,0,2,2,0,4
181681203,0,7,5,4,16
181681204,0,4,4,1,9
181681301,0,5,4,0,9
181681302,0,2,18,18,38
181681303,11,45,68,34,158
181681304,0,5,2,1,8
181681305,0,17,34,13,64
181681306,1,35,77,40,153
181681307,472,3,0,0,475
181681401,3,73,89,24,189
181681402,0,14,35,8,57
181681403,0,0,16,5,21
181681404,0,17,37,6,60
181681501,0,15,19,13,47
181681502,0,1,4,1,6
181681601,1,41,117,19,178
181681602,4,6,10,3,23
181681603,0,12,14,2,28
181681604,0,3,5,0,8
181681701,88,94,121,6,309
181681702,293,12,4,0,309
181681703,276,29,18,0,323
181681704,121,63,63,2,249
181681705,137,37,25,5,204
181681706,248,6,4,0,258
181681707,265,30,34,1,330
181681708,249,42,70,15,376
181681709,126,40,113,3,282
181681710,92,65,136,12,305
181681711,119,3,36,0,158
181681712,324,0,1,0,325
181681713,274,5,0,0,279
181681714,254,2,0,0,256
181750101,9,87,98,17,211
181750102,70,43,66,13,192
181750103,211,8,7,0,226
181750104,187,34,58,4,283
181750105,150,57,87,10,304
181750106,178,51,55,4,288
181750107,258,25,44,5,332
181750108,41,3,32,2,78
181750201,0,4,8,0,12
181750202,1,9,7,1,18
181750203,0,5,6,2,13
181750204,0,15,3,8,26
181750301,0,10,0,1,11
181750302,0,6,17,1,24
181750303,0,10,10,2,22
181750401,0,8,15,1,24
181750402,0,0,29,6,35
181750403,0,2,32,3,37
181750501,0,15,60,11,86
181750502,0,4,1,1,6
181750503,0,6,8,1,15
181750601,0,15,23,7,45
181750602,0,9,26,1,36
181750603,0,4,3,1,8
181750604,0,7,2,0,9
181750605,0,6,15,0,21
181750701,0,3,0,0,3
181750702,0,4,4,0,8
181750801,0,0,9,0,9
181750802,0,1,6,0,7
220070101,5,192,81,45,323
220070102,4,231,142,13,390
220070103,3,152,75,10,240
220070104,0,87,75,20,182
220070201,0,10,36,17,63
220070202,0,7,10,12,29
220070203,0,9,3,10,22
220070204,0,10,34,38,82
220070205,0,0,5,22,27
220070206,0,12,6,24,42
220070207,0,10,11,18,39
220070208,3,107,148,114,372
220070209,0,21,34,48,103
220070301,0,3,3,7,13
220070302,0,8,23,20,51
220070303,0,0,0,29,29
220070304,0,0,23,41,64
220070401,0,2,17,8,27
220070402,0,2,13,1,16
220070403,0,7,7,1,15
220070404,0,4,1,15,20
220070501,1,20,24,12,57
220070502,1,35,83,37,156
220070503,4,108,51,9,172
220070504,0,10,11,2,23
220070505,0,17,14,21,52
220070506,2,51,125,54,232
220070507,1,102,69,5,177
220070508,3,100,131,71,305
220070509,2,74,106,80,262
220070601,0,15,49,9,73
220070602,2,9,33,23,67
220070603,0,16,42,44,102
220070604,0,14,18,18,50
220070701,1,23,81,120,225
220070702,1,63,105,87,256
220070703,2,61,72,4,139
220070704,0,133,51,3,187
220070705,1,215,82,55,353
220070706,1,127,66,68,262
220070707,0,40,91,56,187
220070708,1,154,105,82,342
220070801,1,21,27,19,68
220070802,0,1,26,14,41
220070803,0,8,46,1,55
220070804,0,7,13,18,38
220070805,0,1,11,2,14
220070806,0,0,18,14,32
220070807,0,45,70,91,206
220070901,2,104,84,61,251
220070902,6,62,76,5,149
220070903,0,25,47,14,86
220070904,4,104,64,13,185
220070905,2,92,85,74,253
220140101,0,2,4,0,6
220140102,0,38,41,7,86
220140103,125,22,13,2,162
220140201,0,1,4,0,5
220140202,0,9,6,1,16
220140203,0,1,20,1,22
220140301,0,1,3,1,5
220140302,0,1,1,2,4
220140303,0,0,2,6,8
220140304,0,2,2,0,4
220140305,0,16,16,5,37
220140306,0,7,14,1,22
220140307,0,178,65,7,250
220140308,0,189,56,8,253
220140401,2,202,57,32,293
220140402,0,151,30,2,183
220140403,0,32,6,15,53
220140404,1,18,32,4,55
220140405,20,143,132,25,320
220140406,7,36,40,7,90
220140407,0,31,26,5,62
220140408,111,134,11,0,256
220140409,73,27,43,13,156
220140410,134,70,52,2,258
220140411,3,180,5,0,188
220140412,13,86,164,40,303
220140501,9,195,56,7,267
220140502,3,293,74,4,374
220140503,5,260,21,1,287
220140504,4,189,105,10,308
220140505,0,109,32,9,150
220140601,104,145,62,1,312
220140602,33,152,29,2,216
220140603,2,202,43,0,247
220140604,9,237,132,12,390
220140605,3,128,33,3,167
220140701,0,7,9,4,20
220140702,1,9,23,56,89
220140703,0,18,16,4,38
220140704,83,132,31,5,251
220140705,66,117,22,6,211
220140801,0,16,14,12,42
220140802,0,7,11,19,37
220140803,2,23,28,8,61
220140804,0,7,4,6,17
220140805,0,19,45,16,80
220140901,0,8,4,2,14
220140902,0,3,10,7,20
220210101,0,4,9,14,27
220210102,0,7,32,1,40
220210201,0,13,12,6,31
220210202,0,5,6,19,30
220210301,0,2,11,1,14
220210302,0,9,29,7,45
220210303,0,11,8,6,25
220210401,0,11,27,14,52
220210402,0,2,4,4,10
220210403,1,50,101,4,156
220210501,2,1,23,1,27
220210502,0,12,40,32,84
220210503,5,59,68,23,155
220210504,203,0,0,0,203
220210505,160,19,38,4,221
220210506,5,78,110,25,218
220210507,96,196,19,2,313
220210508,10,286,52,0,348
220210601,1,12,103,26,142
220210602,0,10,15,13,38
220210603,0,15,50,1,66
220210604,0,4,50,18,72
220210605,8,80,97,40,225
220210606,4,24,104,7,139
220210607,0,27,125,82,234
220210608,10,52,163,36,261
220210701,226,42,19,3,290
220210702,195,0,1,0,196
220210703,136,4,0,0,140
220210704,90,390,80,11,571
220210705,3,181,54,1,239
220210706,171,0,0,0,171
220210707,177,1,0,0,178
220210708,37,224,64,4,329
220210709,229,76,7,0,312
220210710,78,97,54,8,237
220210711,147,41,17,3,208
220210712,117,30,17,0,164
220210713,318,20,6,1,345
220210714,154,67,27,2,250
220210715,172,56,9,0,237
220210716,170,10,2,0,182
220210717,148,3,0,0,151
220210718,218,5,0,0,223
220210719,378,4,6,0,388
220210720,70,104,5,0,179
220210721,129,57,51,0,237
220210722,109,4,0,0,113
220210723,162,2,0,0,164
220210801,5,196,149,17,367
220210802,2,39,154,48,243
220210803,128,23,58,46,255
220210804,8,167,96,4,275
220210805,73,57,12,0,142
220210806,22,157,91,2,272
220210807,203,36,6,0,245
220210808,31,141,101,18,291
220210809,5,128,71,10,214
220210810,49,101,35,2,187
220210811,5,49,144,34,232
220210812,3,78,88,11,180
220210813,6,122,84,12,224
220210814,115,30,127,16,288
220210815,1,35,88,54,178
220210816,1,77,86,17,181
220210901,0,5,4,9,18
220210902,0,1,32,4,37
220210903,0,12,17,1,30
220211001,0,4,33,0,37
220211002,0,12,18,16,46
220211003,0,16,15,4,35
220211101,1,9,20,14,44
220211102,0,0,13,2,15
220211103,0,4,19,6,29
220211201,0,13,16,4,33
220211202,0,7,22,28,57
220211301,0,6,8,15,29
220211302,0,9,23,5,37
220211401,1,11,22,1,35
220211402,1,16,12,0,29
220211501,197,13,1,0,211
220211502,154,11,3,0,168
220211503,169,3,2,0,174
220211504,119,108,54,6,287
220211505,7,152,47,9,215
220211506,16,122,474,66,678
220211507,15,135,48,10,208
220211508,8,209,120,28,365
220211509,5,168,97,8,278
220211510,285,5,0,0,290
220211511,367,1,1,0,369
220211512,118,4,78,5,205
220211513,144,2,0,0,146
220211601,9,75,199,3,286
220211602,172,72,26,2,272
220211603,139,17,2,0,158
220211604,66,108,33,4,211
220211605,0,105,229,23,357
220211606,23,110,36,10,179
220211607,183,90,19,1,293
220211608,15,186,50,6,257
220211609,3,57,64,10,134
220211610,11,171,79,1,262
220211611,5,211,93,11,320
220211612,83,123,31,3,240
220211613,225,66,16,0,307
220211614,3,60,163,24,250
220211615,1,39,164,27,231
220211616,197,79,9,2,287
220211617,0,56,114,12,182
220211618,3,56,212,20,291
220211701,209,3,1,0,213
220211702,151,1,4,0,156
220211703,31,106,83,4,224
220211704,141,3,0,0,144
220211705,164,46,9,0,219
220211706,50,188,39,3,280
220211707,5,174,86,24,289
220211708,7,139,25,11,182
220211709,3,191,155,6,355
220211710,13,213,75,6,307
220211711,29,175,58,3,265
220211712,11,141,114,1,267
220211713,2,87,145,17,251
220211714,16,139,131,24,310
220211715,25,80,63,10,178
220211716,10,106,96,12,224
220211717,4,73,101,21,199
220211718,1,85,128,9,223
220280101,0,106,113,42,261
220280102,0,313,88,31,432
220280103,0,201,53,15,269
220280104,0,267,25,3,295
220280105,0,297,76,11,384
220280106,0,176,103,30,309
220280107,0,246,30,6,282
220280108,0,139,65,10,214
220280109,0,107,120,56,283
220280110,0,167,55,46,268
220280111,0,114,51,0,165
220280112,0,181,64,6,251
220280113,0,191,103,39,333
220280114,0,253,69,5,327
220280115,0,184,79,45,308
220280116,0,133,148,40,321
220280117,0,261,75,18,354
220280118,0,145,107,31,283
220280201,0,15,69,62,146
220280202,0,13,17,31,61
220280203,0,11,89,27,127
220280301,0,44,79,39,162
220280302,0,8,45,33,86
220280303,0,5,11,17,33
220280304,0,13,14,21,48
220280305,0,9,14,14,37
220280306,0,183,4,0,187
220280307,0,253,7,0,260
220280308,0,142,72,10,224
220280309,0,163,166,40,369
220280310,0,32,149,88,269
220280311,0,138,113,46,297
220280401,0,9,26,4,39
220280402,0,1,16,7,24
220280403,0,2,26,12,40
220280501,0,2,20,31,53
220280502,0,2,3,10,15
220280503,0,1,32,1,34
220360101,0,47,86,93,226
220360102,0,127,129,19,275
220360103,0,71,26,3,100
220360104,0,106,63,11,180
220360105,0,199,85,14,298
220360106,0,230,83,48,361
220360107,0,137,92,3,232
220360108,0,182,34,7,223
220360109,0,131,33,0,164
220360110,0,133,96,51,280
220360111,0,149,56,6,211
220360112,0,137,114,27,278
220360113,0,119,145,5,269
220360114,0,81,100,30,211
220360201,0,16,16,13,45
220360202,0,5,22,38,65
220360203,0,2,2,58,62
220360204,0,5,20,0,25
220360301,0,0,1,1,2
220360302,0,15,80,4,99
220360303,0,17,16,0,33
220360304,0,4,54,48,106
220360305,0,9,41,9,59
220360401,0,7,15,5,27
220360402,0,6,10,1,17
220360403,0,39,23,20,82
220360404,0,6,15,0,21
220360405,0,46,47,11,104
220360406,0,8,6,13,27
220360501,0,4,5,5,14
220360502,0,20,13,2,35
220360601,0,7,9,7,23
220360602,0,2,4,2,8
220360603,0,33,34,6,73
220360604,0,6,5,24,35
220360701,0,15,2,4,21
220360702,0,5,9,7,21
220360801,0,5,7,0,12
220360802,0,0,2,0,2
220360803,0,4,0,1,5
220360804,0,0,3,3,6
220360805,0,0,2,0,2
220360901,0,221,140,44,405
220360902,0,78,25,10,113
220360903,0,2,2,0,4
220360904,0,7,7,11,25
220360905,0,2,7,10,19
220360906,0,87,70,21,178
220360907,0,194,96,18,308
220390101,0,19,50,18,87
220390102,0,4,33,4,41
220390103,0,0,8,4,12
220390104,0,1,10,0,11
220390105,0,40,59,25,124
220390106,0,147,83,27,257
220390107,0,171,41,21,233
220390108,0,93,74,16,183
220390109,0,157,81,34,272
220390110,0,157,51,12,220
220390111,0,148,34,23,205
220390201,0,10,14,7,31
220390202,0,8,14,12,34
220390203,0,7,10,13,30
220390204,0,4,20,9,33
220390301,0,5,9,3,17
220390302,0,1,2,5,8
220390303,0,7,17,4,28
220390304,0,11,13,10,34
220390305,0,26,13,10,49
220430101,0,167,64,24,255
220430102,0,152,43,8,203
220430103,0,108,121,51,280
220430104,0,66,95,55,216
220430105,0,98,92,12,202
220430106,0,144,102,17,263
220430201,0,85,43,10,138
220430202,0,9,19,47,75
220430203,0,21,50,22,93
220430204,0,1,32,1,34
220430205,0,167,110,16,293
220430301,0,1,10,1,12
220430302,0,10,82,27,119
220430303,0,6,91,17,114
220430304,0,7,92,20,119
220430305,0,72,91,44,207
220430401,0,2,9,3,14
220430402,0,12,32,24,68
220430403,0,2,17,1,20
220430501,0,7,5,2,14
220430502,0,9,15,28,52
220430503,0,2,10,0,12
220490101,0,132,74,44,250
220490102,0,60,108,71,239
220490103,0,99,113,59,271
220490104,0,107,128,17,252
220490201,0,8,8,7,23
220490202,0,2,7,9,18
220490203,0,0,3,1,4
220490301,0,4,17,17,38
220490302,0,8,14,14,36
220490303,0,6,30,6,42
220490304,0,146,197,75,418
220490305,0,1,2,15,18
220490306,0,2,11,10,23
220490307,0,71,71,17,159
220490308,0,11,55,5,71
220490309,0,176,45,35,256
220490310,0,16,26,91,133
220490311,0,126,182,57,365
220490401,0,3,16,8,27
220490402,0,2,6,7,15
220490403,0,7,16,2,25
220560101,2,302,62,30,396
220560102,9,309,100,11,429
220560201,9,157,83,63,312
220560202,0,9,11,5,25
220560203,1,6,9,18,34
220560204,0,0,2,0,2
220560301,0,10,31,6,47
220560302,0,3,17,25,45
220560303,1,23,31,1,56
220560304,1,19,13,11,44
220560305,6,166,58,6,236
220560306,2,200,48,9,259
220560307,0,4,13,2,19
220560308,0,2,5,4,11
220560309,1,134,68,10,213
220560310,6,215,50,4,275
220560311,21,191,69,15,296
220560312,3,17,64,1,85
220560313,6,218,135,13,372
220560314,14,219,66,8,307
220560401,0,1,10,3,14
220560402,0,10,7,0,17
220630101,3,136,57,45,241
220630102,4,180,63,17,264
220630103,2,117,66,2,187
220630104,3,180,34,2,219
220630105,4,169,38,8,219
220630106,0,143,63,14,220
220630107,20,207,38,15,280
220630108,5,170,59,18,252
220630109,1,164,34,5,204
220630202,1,28,101,79,209
220630203,0,20,131,104,255
220630204,0,1,77,38,116
220630205,0,0,6,3,9
220630206,0,8,15,47,70
220630207,0,1,31,18,50
220630208,19,28,80,76,203
220630209,0,8,14,26,48
220630210,11,67,86,31,195
220630211,0,3,35,7,45
220630212,0,22,62,81,165
220630213,0,1,34,11,46
220630214,4,152,106,50,312
220630215,3,148,82,13,246
220630216,3,53,15,4,75
220630301,0,21,81,50,152
220630302,0,18,46,116,180
220630303,0,3,2,36,41
220630304,0,5,54,85,144
220630305,0,8,88,14,110
220630306,0,14,66,24,104
220630307,0,2,14,96,112
220630308,0,11,34,37,82
220630309,2,95,238,47,382
220630310,1,69,216,52,338
220630311,1,141,188,15,345
220630401,11,71,64,96,242
220630402,0,0,11,16,27
220630403,0,9,29,13,51
220630404,7,115,124,40,286
220630501,0,2,1,19,22
220630502,0,0,31,14,45
220630503,0,2,51,32,85
220630504,0,0,52,12,64
220630505,0,1,59,81,141
220630506,6,52,33,33,124
220630507,1,26,68,32,127
220630508,1,137,114,105,357
220630509,2,116,146,40,304
220630601,0,2,9,0,11
220630602,0,31,39,63,133
220630603,0,1,42,82,125
220630604,0,0,1,1,2
220630605,0,85,78,100,263
220630701,1,22,69,33,125
220630702,11,2,88,274,375
220630703,5,11,25,83,124
220630704,0,1,4,2,7
220630705,8,198,151,50,407
220630801,4,140,125,70,339
220630814,2,141,16,8,167
220630816,8,153,70,64,295
220630817,7,167,95,29,298
220630818,2,95,20,5,122
220630824,0,16,36,100,152
220630825,4,101,42,18,165
220630826,1,98,7,5,111
220630827,0,66,52,13,131
220630915,3,69,129,78,279
220630919,1,41,184,86,312
220630920,5,66,119,103,293
220630921,11,105,166,66,348
220630922,12,121,27,1,161
220630923,2,77,99,38,216
220630928,2,73,71,26,172
220630929,1,47,79,41,168
220630930,3,88,63,26,180
220630931,2,173,32,3,210
220630932,1,77,84,20,182
220700101,6,136,96,37,275
220700102,1,115,91,20,227
220700103,22,122,122,45,311
220700104,2,135,139,19,295
220700105,3,107,80,54,244
220700201,0,7,40,0,47
220700202,3,151,130,30,314
220700203,0,4,10,9,23
220700204,0,7,13,2,22
220700205,2,20,67,40,129
220700206,2,101,177,40,320
220700301,4,88,133,53,278
220700302,0,35,18,3,56
220700303,0,5,28,4,37
220700304,0,2,20,16,38
220700305,0,4,7,28,39
220700306,0,9,23,21,53
220700307,4,114,138,62,318
220700308,4,59,152,14,229
220700309,1,93,71,23,188
220700310,0,29,38,35,102
220700311,0,37,106,27,170
220700401,0,82,138,52,272
220700402,1,8,35,19,63
220700403,0,13,53,2,68
220700404,0,9,9,5,23
220700405,0,1,39,13,53
220700406,2,77,187,64,330
220700501,0,15,21,22,58
220700502,0,8,10,13,31
220700503,0,4,6,2,12
220700504,0,0,4,3,7
220700601,0,15,32,8,55
220700602,0,9,23,0,32
220700603,0,39,14,14,67
220770101,189,40,25,0,254
220770102,121,22,21,0,164
220770103,262,75,48,9,394
220770104,14,170,57,14,255
220770105,213,22,13,0,248
220770106,105,66,33,8,212
220770107,243,16,28,5,292
220770201,3,28,28,10,69
220770202,0,95,91,9,195
220770203,0,29,8,2,39
220770204,0,13,8,0,21
220770205,0,13,16,3,32
220770206,26,49,9,4,88
220770207,20,11,2,0,33
220770208,6,43,22,2,73
220770301,3,33,21,13,70
220770302,183,21,48,5,257
220770303,2,60,75,7,144
220770304,0,51,46,12,109
220770305,0,6,18,5,29
220770306,0,4,6,0,10
220770307,0,5,14,2,21
220770308,0,2,6,0,8
220770401,0,4,1,0,5
220770402,0,0,11,0,11
220770403,0,3,10,1,14
220840101,7,243,118,45,413
220840102,9,104,70,10,193
220840103,5,155,85,8,253
220840104,7,120,97,8,232
220840105,2,24,179,103,308
220840201,0,0,1,16,17
220840202,0,4,59,36,99
220840203,1,11,75,111,198
220840204,0,27,91,4,122
220840205,0,32,324,103,459
220840206,1,7,111,11,130
220840207,0,9,36,23,68
220840208,4,151,58,10,223
220840209,12,128,127,39,306
220840301,0,4,0,6,10
220840302,0,1,7,12,20
220840303,0,4,54,7,65
220840401,0,25,54,14,93
220840402,0,26,44,16,86
220840403,1,7,23,4,35
220840404,0,4,14,16,34
220840501,0,178,53,11,242
220840502,24,141,73,27,265
220840503,0,157,94,27,278
220840504,5,105,108,37,255
220840601,5,162,101,38,306
220840602,0,0,18,10,28
220840603,0,8,20,15,43
220840604,0,35,52,16,103
220840605,2,165,34,0,201
220840606,0,4,10,4,18
220840607,0,1,2,0,3
220840701,2,15,77,19,113
220840702,0,0,9,0,9
220840703,0,4,8,4,16
220840704,0,0,16,1,17
220840705,4,7,8,3,22
220840706,1,10,11,15,37
220840707,0,12,35,15,62
220840801,0,17,78,36,131
220840802,1,7,29,21,58
220840803,1,9,51,27,88
220840804,0,27,89,54,170
220840805,0,13,48,48,109
220840901,0,3,6,3,12
220840902,0,1,8,3,12
220840903,0,14,28,14,56
220840904,0,12,21,2,35
220841001,1,20,33,8,62
220841002,4,132,105,17,258
220841003,0,1,8,3,12
220841004,80,16,29,5,130
220841005,5,195,83,9,292
220841006,2,52,62,27,143
220841101,6,136,158,40,340
220841102,104,61,7,0,172
220841103,0,57,69,2,128
220841104,7,138,113,6,264
220841105,173,27,56,2,258
220841106,1,129,123,14,267
220841107,148,56,14,0,218
220841108,193,41,38,0,272
220841109,11,82,51,3,147
220841110,375,11,5,0,391
220841111,85,45,75,15,220
220841112,4,108,125,8,245
220841201,214,53,105,17,389
220841202,112,54,138,0,304
220841203,7,56,122,13,198
220841204,47,76,111,4,238
220841205,223,12,4,0,239
220841206,173,20,12,0,205
220841207,219,57,20,2,298
220841208,99,33,50,1,183
220841209,89,49,59,6,203
220841210,11,17,115,86,229
220841211,285,4,59,4,352
220841212,4,68,130,15,217
220841213,57,101,91,4,253
220841214,31,49,140,16,236
220841215,13,180,33,22,248
220841216,117,33,107,94,351
220841217,4,56,66,38,164
220910101,12,228,47,29,316
220910102,1,179,47,5,232
220910103,2,212,86,28,328
220910104,1,214,33,8,256
220910105,1,111,37,28,177
220910201,0,3,13,9,25
220910202,0,12,18,31,61
220910203,0,8,21,25,54
220910204,0,13,18,3,34
220910301,0,17,42,29,88
220910302,0,10,28,59,97
220910303,0,26,105,48,179
220910304,0,4,16,39,59
220910401,0,14,21,32,67
220910402,0,11,26,63,100
220910403,0,18,45,28,91
220910404,0,18,31,5,54
220910501,42,169,147,55,413
220910502,0,115,65,51,231
220910503,0,7,56,22,85
220910504,0,9,45,33,87
220910505,0,5,27,27,59
220910506,0,13,34,36,83
220910507,8,181,61,19,269
220910508,0,242,94,46,382
220910509,210,54,26,31,321
220910510,248,11,7,3,269
220910511,6,72,66,65,209
220910512,4,145,56,29,234
220910513,1,153,75,19,248
220910601,0,2,10,21,33
220910602,1,17,28,55,101
220910701,0,13,9,11,33
220910702,0,7,11,8,26
220910703,0,14,18,31,63
220910704,2,18,40,35,95
220980101,226,38,11,9,284
220980102,0,19,69,41,129
220980103,221,134,86,27,468
220980104,246,15,4,1,266
220980105,19,134,89,1,243
220980106,14,122,120,7,263
220980107,206,19,41,0,266
220980108,149,45,36,4,234
220980109,221,20,3,2,246
220980110,42,131,121,2,296
220980111,69,134,154,12,369
220980112,145,6,4,1,156
220980113,110,7,1,0,118
220980114,119,8,6,0,133
220980115,156,8,0,0,164
220980116,149,10,1,0,160
220980117,114,64,17,6,201
220980118,77,23,43,20,163
220980119,248,12,37,13,310
220980120,218,33,16,1,268
220980121,61,106,92,33,292
220980122,119,28,72,10,229
220980123,162,35,27,6,230
220980201,28,4,14,4,50
220980202,0,5,65,35,105
220980203,1,0,6,2,9
220980204,0,6,6,4,16
220980205,0,14,14,3,31
220980206,0,12,25,1,38
220980207,0,10,23,25,58
220980208,0,19,11,15,45
220980209,0,4,23,39,66
220980210,0,9,6,10,25
220980211,0,6,30,14,50
220980212,0,11,10,7,28
220980213,0,5,10,15,30
220980214,1,8,151,26,186
220980301,0,40,77,39,156
220980302,0,129,109,37,275
220980303,0,121,132,14,267
220980304,8,139,46,12,205
220980305,0,168,78,3,249
220980306,0,47,88,40,175
220980307,7,102,85,12,206
220980401,2,140,35,32,209
220980402,0,13,9,8,30
220980403,0,11,13,12,36
220980404,0,3,20,0,23
220980405,0,3,19,2,24
220980406,2,17,49,88,156
220980407,0,50,43,13,106
220980408,0,126,94,12,232
220980501,0,10,33,12,55
220980502,0,6,36,7,49
220980503,0,7,18,12,37
220980601,28,54,22,4,108
220980602,0,1,28,24,53
220980603,0,9,24,11,44
220980604,0,0,6,0,6
220980605,1,8,26,1,36
220980701,75,94,203,36,408
220980702,9,136,149,23,317
220980703,3,82,73,10,168
220980704,52,82,46,12,192
220980705,170,18,7,0,195
220980706,40,120,108,6,274
220980707,68,164,169,31,432
220980708,7,66,273,9,355
220980709,197,72,54,12,335
220980710,147,62,33,6,248
220980711,0,66,7,5,78
220980712,4,45,87,24,160
220980713,2,59,52,24,137
220980714,1,51,119,20,191
220980715,30,65,222,35,352
220980716,0,1,23,1,25
220980717,54,97,132,21,304
220980718,225,106,174,29,534
220980719,1,15,41,29,86
220980720,7,38,186,28,259
221050101,0,67,68,30,165
221050102,0,93,70,4,167
221050103,0,129,40,6,175
221050104,0,145,22,3,170
221050105,0,113,30,1,144
221050106,0,174,75,7,256
221050107,0,173,107,23,303
221050108,0,191,80,64,335
221050109,0,221,61,16,298
221050110,0,152,44,13,209
221050111,0,131,81,6,218
221050112,0,191,41,6,238
221050113,0,107,25,6,138
221050114,0,49,145,13,207
221050115,0,33,74,38,145
221050201,0,19,35,45,99
221050202,0,6,29,30,65
221050203,0,18,70,23,111
221050204,0,6,11,20,37
221050205,0,11,35,20,66
221050301,0,228,149,118,495
221050302,0,3,5,11,19
221050303,0,51,139,107,297
221050304,0,14,36,41,91
221050305,0,6,20,8,34
221050306,0,15,57,22,94
221050307,0,8,41,8,57
221050308,0,4,9,8,21
221050309,0,5,26,17,48
221050310,0,28,51,11,90
221050311,0,306,80,13,399
221050312,0,223,104,41,368
221050313,0,8,2,5,15
221050314,0,65,147,62,274
221050315,0,141,100,33,274
221050316,0,170,93,23,286
221050317,0,43,137,85,265
221050401,0,2,10,6,18
221050402,0,11,8,5,24
221050403,0,7,22,3,32
221050404,0,2,37,26,65
221050405,0,3,17,3,23
221120101,3,227,75,17,322
221120102,3,212,39,18,272
221120103,2,184,153,36,375
221120104,1,197,136,28,362
221120105,2,215,108,38,363
221120106,1,143,153,88,385
221120201,0,0,0,0,0
221120202,0,22,21,0,43
221120203,0,3,1,7,11
221120301,0,179,35,11,225
221120302,28,349,42,3,422
221120303,0,5,9,15,29
221120304,0,0,8,6,14
221120305,0,5,17,1,23
221120306,0,139,31,16,186
221120401,14,127,34,16,191
221120402,9,64,75,21,169
221120403,0,4,42,43,89
221120404,0,32,41,29,102
221120405,0,5,5,20,30
221120406,0,4,9,2,15
221120407,4,171,105,27,307
221120408,0,4,19,15,38
221120501,0,6,9,1,16
221120502,0,6,13,0,19
221120503,0,5,6,5,16
221120504,0,6,10,2,18
221120505,0,19,11,7,37
221120601,0,3,6,5,14
221120602,0,13,8,4,25
221120603,0,5,7,20,32
221120701,0,9,5,19,33
221120702,0,6,15,3,24
221120801,0,5,23,14,42
221120802,1,10,36,2,49
221120803,0,5,22,5,32
221120901,0,2,18,5,25
221120902,0,2,5,1,8
221120903,0,13,9,15,37
221121001,0,11,46,8,65
221121002,2,10,8,2,22
221121003,0,0,2,9,11
221190101,129,46,35,9,219
221190102,64,61,158,21,304
221190103,108,81,128,35,352
221190104,161,103,108,17,389
221190105,101,48,70,3,222
221190106,179,78,71,11,339
221190107,126,42,64,19,251
221190108,115,69,74,17,275
221190201,6,35,83,17,141
221190202,11,41,102,26,180
221190203,0,20,50,20,90
221190204,1,8,34,34,77
221190205,0,15,55,57,127
221190206,0,5,32,8,45
221190207,0,1,16,4,21
221190208,0,10,19,9,38
221190301,0,0,22,16,38
221190302,0,0,5,3,8
221190303,1,4,7,13,25
221260101,0,225,52,0,277
221260102,0,185,15,1,201
221260103,0,112,45,0,157
221260104,0,171,50,6,227
221260105,0,159,24,5,188
221260201,0,6,16,2,24
221260202,0,43,47,11,101
221260203,0,15,27,4,46
221260204,0,26,16,3,45
221260301,0,97,109,12,218
221260302,0,11,20,1,32
221260303,0,54,23,11,88
221260304,0,137,31,1,169
221260305,0,174,39,7,220
221260306,0,19,6,0,25
221260307,0,1,7,7,15
221260308,0,10,3,2,15
221260309,0,7,4,0,11
221260310,0,4,10,4,18
221260311,0,13,31,6,50
221260312,0,57,87,16,160
221260313,0,146,27,1,174
221260314,0,238,45,7,290
221260315,0,9,0,1,10
221330101,29,87,54,34,204
221330102,121,92,78,2,293
221330103,164,72,55,20,311
221330104,94,153,49,6,302
221330105,141,16,12,0,169
221330106,180,88,61,5,334
221330107,118,31,19,1,169
221330108,10,93,207,80,390
221330109,64,85,157,12,318
221330110,13,81,69,10,173
221330111,134,63,58,6,261
221330112,54,62,73,15,204
221330113,64,36,35,15,150
221330114,4,63,176,72,315
221330115,104,107,126,7,344
221330116,117,29,17,10,173
221330117,23,70,44,3,140
221330118,10,126,69,14,219
221330119,6,85,115,40,246
221330120,186,36,25,1,248
221330201,0,10,7,26,43
221330202,0,18,43,34,95
221330203,0,11,55,43,109
221330204,0,3,12,5,20
221330205,0,4,17,58,79
221330206,0,9,31,27,67
221330207,1,66,126,5,198
221330208,0,7,16,18,41
221330301,0,13,37,28,78
221330302,0,10,41,51,102
221330303,1,3,17,44,65
221330304,0,16,26,11,53
221330305,1,13,42,5,61
221330306,1,4,23,8,36
221330307,0,11,23,7,41
221330308,0,14,35,10,59
221330309,3,4,24,54,85
221330401,0,16,26,53,95
221330402,0,4,36,24,64
221330403,0,3,16,4,23
221330404,0,5,44,7,56
221330405,0,2,32,36,70
221330406,0,4,8,22,34
221330407,0,0,5,0,5
221330408,2,10,19,21,52
221330409,0,3,1,0,4
221330410,1,0,5,0,6
221330411,3,4,74,10,91
221330412,274,4,48,9,335
221330413,243,37,10,4,294
221330414,152,33,1,0,186
221330415,2,10,61,34,107
221330501,0,1,38,1,40
221330502,0,26,71,141,238
221330503,0,7,21,29,57
221330504,0,0,16,16,32
221330505,0,4,20,12,36
221330506,0,10,4,1,15
221330507,0,14,3,1,18
221330508,0,3,4,10,17
221400101,63,29,29,6,127
221400102,116,186,39,25,366
221400103,94,53,22,4,173
221400104,255,33,16,1,305
221400105,3,193,36,0,232
221400106,7,106,126,25,264
221400107,34,176,89,25,324
221400108,2,62,45,11,120
221400109,21,201,58,2,282
221400110,14,135,48,1,198
221400111,13,319,43,1,376
221400112,20,178,52,1,251
221400113,3,84,99,20,206
221400114,1,62,36,2,101
221400115,54,50,101,8,213
221400116,7,148,40,3,198
221400117,12,136,63,6,217
221400118,1,154,48,13,216
221400201,229,5,3,0,237
221400202,262,6,0,0,268
221400203,171,88,32,1,292
221400204,59,174,92,5,330
221400205,14,184,22,2,222
221400206,18,269,66,3,356
221400207,11,154,154,12,331
221400208,15,186,95,1,297
221400209,15,157,43,2,217
221400210,11,263,56,2,332
221400211,11,180,68,3,262
221400301,207,0,0,0,207
221400302,198,1,1,0,200
221400303,238,4,0,0,242
221400304,251,0,0,0,251
221400305,267,5,0,0,272
221400306,194,3,8,0,205
221400307,181,20,0,0,201
221400308,212,16,3,0,231
221400309,45,132,68,0,245
221400310,175,20,14,0,209
221400311,156,71,3,4,234
221400312,11,203,101,5,320
221400313,16,216,99,10,341
221400401,127,1,0,0,128
221400402,184,0,1,0,185
221400403,225,1,2,0,228
221400404,262,11,0,0,273
221400405,251,15,3,0,269
221400406,219,4,1,0,224
221400407,264,1,0,0,265
221400408,204,0,0,0,204
221400409,235,31,20,0,286
221400410,197,18,4,0,219
221400411,216,40,32,2,290
221400412,167,99,25,3,294
221400413,128,25,10,0,163
221400414,26,174,50,3,253
221400415,85,27,13,2,127
221400416,130,63,5,2,200
221400417,1,60,9,0,70
221400418,6,101,10,1,118
221400501,179,50,6,0,235
221400502,175,39,3,0,217
221400503,174,27,27,0,228
221400504,178,26,22,9,235
221400505,107,132,137,19,395
221400506,139,34,86,7,266
221400507,45,143,90,10,288
221400508,5,153,115,17,290
221400509,9,139,55,3,206
221400510,16,133,89,0,238
221400511,6,106,99,13,224
221400512,25,102,134,8,269
221400513,149,31,97,7,284
221400514,14,99,96,17,226
221400601,18,179,148,13,358
221400602,168,63,15,5,251
221400603,261,14,3,0,278
221400604,225,16,0,0,241
221400605,75,159,59,2,295
221400606,26,288,55,12,381
221400607,124,49,34,4,211
221400608,332,18,27,2,379
221400609,375,0,0,0,375
221400610,312,8,6,1,327
221400611,77,108,90,1,276
221400612,8,97,51,4,160
221400701,240,10,3,0,253
221400702,251,29,41,1,322
221400703,114,163,15,0,292
221400704,2,139,57,3,201
221400705,31,112,83,6,232
221400706,133,118,76,0,327
221400707,189,17,5,0,211
221400708,8,188,60,6,262
221400709,187,6,1,0,194
221400710,228,3,0,0,231
221400711,199,9,5,0,213
221400712,189,2,3,0,194
221400713,31,135,12,2,180
221400714,12,211,66,2,291
221400715,21,133,35,0,189
221400716,25,174,70,2,271
221400717,1,90,68,2,161
221400718,13,234,47,4,298
221400719,123,62,29,1,215
221400720,7,154,39,0,200
221400721,79,117,42,7,245
221400722,10,0,0,0,10
221400723,1,177,62,2,242
221400724,1,221,61,4,287
221400725,10,180,53,5,248
221400726,216,10,12,0,238
221400727,57,87,117,2,263
221400728,26,103,60,0,189
221400729,9,91,49,3,152
221400801,257,3,0,0,260
221400802,254,0,0,0,254
221400803,219,32,4,1,256
221400804,122,0,0,0,122
221400805,201,3,1,0,205
221400806,212,1,1,0,214
221400807,258,1,0,0,259
221400808,305,3,0,0,308
221400809,146,2,0,0,148
221400810,18,186,60,1,265
221400811,29,156,45,1,231
221400812,174,2,1,0,177
221400813,232,6,0,0,238
221400814,287,5,1,0,293
221400815,277,3,0,0,280
221400816,119,1,0,0,120
221400817,181,3,0,0,184
221400818,167,0,0,0,167
221400901,218,14,0,0,232
221400902,365,7,3,2,377
221400903,300,0,0,0,300
221400904,136,134,49,0,319
221400905,230,53,23,2,308
221400906,359,0,0,0,359
221400907,136,44,54,5,239
221400908,11,158,65,11,245
221400909,0,182,77,4,263
221400910,357,1,0,0,358
221400911,253,0,0,0,253
221400912,181,1,0,0,182
221400913,348,4,0,0,352
221400914,398,1,0,0,399
221400915,348,0,1,0,349
221400916,276,41,22,1,340
221400917,43,75,84,13,215
221400918,224,2,0,0,226
221401001,89,146,54,13,302
221401002,10,91,49,1,151
221401003,57,98,89,32,276
221401004,62,241,42,9,354
221401005,223,18,47,1,289
221401006,50,197,61,14,322
221401007,11,123,174,19,327
221401008,18,184,50,5,257
221401009,8,248,103,7,366
221401010,104,111,39,2,256
221401011,204,48,11,0,263
221401012,6,182,45,4,237
221401013,200,21,24,13,258
221401014,3,155,74,11,243
221401015,5,124,88,11,228
221401017,126,35,76,5,242
221401018,1,105,128,8,242
221401019,0,116,59,5,180
221401020,20,209,19,3,251
221401021,1,47,60,45,153
221401022,3,97,103,10,213
221401101,258,2,1,0,261
221401102,286,13,4,0,303
221401103,262,4,0,0,266
221401104,402,7,2,0,411
221401105,173,32,0,0,205
221401106,175,17,12,1,205
221401107,227,11,3,0,241
221401108,193,6,4,0,203
221401109,120,16,11,0,147
221401110,197,1,0,0,198
221401111,203,59,36,0,298
221401112,281,3,0,0,284
221401113,166,8,4,2,180
221401114,209,4,6,1,220
221401115,169,24,2,0,195
221401201,175,3,0,0,178
221401202,189,0,0,0,189
221401203,223,1,0,0,224
221401204,242,3,0,0,245
221401205,205,1,0,0,206
221401206,257,0,0,0,257
221401207,244,1,4,0,249
221401208,343,2,0,0,345
221401209,146,7,1,0,154
221401210,366,5,1,0,372
221401211,340,7,1,0,348
221401212,156,28,1,1,186
221401213,336,44,13,0,393
221401214,203,3,2,1,209
221401215,351,45,29,2,427
221401216,155,4,0,0,159
221401217,273,68,16,1,358
221401301,195,12,6,0,213
221401302,243,18,3,1,265
221401303,228,21,5,0,254
221401304,210,32,2,2,246
221401305,160,69,29,7,265
221401306,139,43,22,0,204
221401307,253,13,5,0,271
221401308,51,246,87,5,389
221401309,16,91,22,0,129
221401310,13,105,51,1,170
221401311,5,163,40,2,210
221401312,5,141,38,4,188
221401313,10,121,92,0,223
221401314,13,109,77,4,203
221401315,54,7,0,0,61
221401401,131,0,0,0,131
221401402,216,2,1,0,219
221401403,290,2,0,0,292
221401404,265,0,0,0,265
221401405,190,0,0,0,190
221401406,363,3,0,0,366
221401407,46,125,51,0,222
221401408,214,0,0,0,214
221401409,192,0,0,0,192
221401410,160,15,5,1,181
221401411,38,84,111,4,237
221401412,94,7,0,0,101
221401413,171,0,0,0,171
221401501,289,12,8,1,310
221401502,231,2,0,0,233
221401503,297,3,0,0,300
221401504,259,1,0,0,260
221401505,197,0,0,0,197
221401506,362,1,0,0,363
221401507,268,10,5,0,283
221401508,274,3,0,0,277
221401509,192,0,0,0,192
221401510,341,0,1,0,342
221401601,8,142,99,0,249
221401602,67,29,11,0,107
221401603,180,30,9,0,219
221401604,123,156,81,5,365
221401605,6,188,93,2,289
221401606,11,182,65,14,272
221401607,43,171,24,4,242
221401608,2,109,72,5,188
221401609,135,159,67,1,362
221401610,236,30,7,1,274
221401611,2,97,23,1,123
221401612,198,9,12,0,219
221401613,3,115,34,2,154
221401614,2,69,53,1,125
221401615,197,14,2,1,214
221401616,87,156,35,2,280
221401617,0,105,113,3,221
221401618,10,275,11,3,299
221401619,230,3,24,1,258
221401620,4,97,83,27,211
221401621,151,57,58,8,274
221401622,3,33,12,3,51
221401623,14,44,17,0,75
221401624,7,41,10,1,59
221401625,93,49,33,1,176
221401701,1,43,74,14,132
221401702,3,157,106,3,269
221401703,128,115,91,6,340
221401704,5,188,56,3,252
221401705,15,127,152,18,312
221401706,5,180,140,12,337
221401707,14,188,24,0,226
221401708,9,60,109,7,185
221401709,76,62,47,1,186
221401710,2,100,68,9,179
221401801,7,140,72,21,240
221401802,13,180,103,7,303
221401803,9,138,55,6,208
221401804,18,139,65,3,225
221401805,4,129,70,13,216
221401806,3,159,108,24,294
221401807,19,217,82,5,323
221401808,14,223,23,1,261
221401809,3,179,35,4,221
221401810,2,132,92,12,238
221401811,7,140,84,1,232
221401812,7,135,53,2,197
221401813,7,180,42,3,232
221401814,130,84,14,0,228
221401815,16,129,43,2,190
221401816,8,247,112,8,375
221401817,9,69,50,26,154
221401818,0,0,0,9,9
221401819,31,175,48,10,264
221401820,12,168,66,0,246
221401821,9,82,86,4,181
221401901,150,137,62,1,350
221401902,7,55,16,3,81
221401903,9,149,48,1,207
221401904,213,56,56,3,328
221401905,7,122,33,0,162
221401906,4,147,59,1,211
221401907,9,214,73,1,297
221401908,1,122,41,19,183
221401909,1,183,35,1,220
221401910,123,27,10,0,160
221401911,13,175,25,1,214
221401912,9,167,46,2,224
221401913,9,126,54,9,198
221401914,19,129,15,1,164
221401915,2,157,31,1,191
221401916,4,136,45,7,192
221402001,4,193,28,0,225
221402002,2,242,33,19,296
221402003,5,167,21,1,194
221402004,3,196,68,3,270
221402005,3,144,174,36,357
221402006,12,72,203,17,304
221402007,4,119,94,17,234
221402008,4,191,36,0,231
221402009,4,203,56,2,265
221402010,64,93,43,4,204
221402011,2,147,44,4,197
221402101,275,11,6,0,292
221402102,231,6,11,2,250
221402103,196,18,26,5,245
221402104,4,33,75,5,117
221402105,213,40,102,8,363
221402106,222,179,75,19,495
221402107,45,14,3,1,63
221402108,211,19,21,1,252
221402109,3,3,25,9,40
221402201,1,7,5,8,21
221402202,6,8,16,1,31
221402203,2,8,29,17,56
221402204,0,2,11,2,15
221402205,0,1,17,23,41
221402206,1,1,4,13,19
221402301,0,3,2,0,5
221402302,0,0,0,2,2
221402303,0,12,3,0,15
221402304,2,59,46,3,110
221402305,1,8,8,1,18
221402401,8,118,63,3,192
221402402,0,1,5,1,7
221402403,0,15,4,5,24
221402404,6,194,47,2,249
221402405,1,5,31,11,48
221402406,5,31,28,6,70
221402407,0,0,0,0,0
221402408,0,1,0,5,6
221402409,1,18,27,10,56
221402410,1,19,39,10,69
221402411,0,132,28,16,176
221402501,10,229,66,0,305
221402502,4,252,27,0,283
221402503,163,110,116,16,405
221402504,263,80,12,0,355
221402505,112,259,76,36,483
221402506,30,92,55,15,192
221402507,1,39,9,25,74
221402508,10,236,76,5,327
221402509,7,150,91,13,261
221402510,4,103,167,19,293
221402511,17,154,209,28,408
221402512,7,76,126,72,281
221402513,2,79,61,3,145
221402514,0,50,17,1,68
221402515,7,108,14,0,129
221402516,5,82,51,14,152
221402517,4,103,7,3,117
221402518,157,52,24,0,233
221402601,1,79,119,10,209
221402602,300,9,2,0,311
221402603,138,157,10,2,307
221402604,86,111,55,9,261
221402605,41,163,32,10,246
221402606,152,56,7,3,218
221402607,180,122,51,6,359
221402608,141,125,83,0,349
221402609,10,39,85,20,154
221402701,264,37,13,5,319
221402702,315,7,3,7,332
221402703,238,0,5,1,244
221402704,278,4,4,1,287
221402705,281,8,12,0,301
221402706,132,41,32,12,217
221402707,256,64,48,3,371
221402708,254,7,1,0,262
221402709,127,43,50,1,221
221402710,166,2,8,0,176
221402711,16,102,153,13,284
221402712,228,2,0,0,230
221402713,133,29,62,1,225
221402714,304,119,31,2,456
221402715,277,0,0,0,277
221402716,370,1,0,0,371
221402717,351,1,0,0,352
221402718,331,2,0,0,333
221402719,286,9,23,0,318
221402720,1,40,130,12,183
221402721,104,94,32,2,232
221402722,1,32,131,44,208
221402723,91,34,48,23,196
221402724,0,27,86,12,125
221402725,0,14,106,22,142
221402726,22,86,76,12,196
221402801,242,32,22,1,297
221402802,277,3,0,0,280
221402803,144,36,27,7,214
221402804,279,3,0,0,282
221402805,389,3,0,0,392
221402806,29,52,73,22,176
221402807,14,87,25,4,130
221402808,23,279,94,5,401
221402809,236,1,4,2,243
221402810,338,12,5,2,357
221402811,199,37,42,7,285
221402901,3,85,74,0,162
221402902,26,63,87,6,182
221402903,5,126,83,11,225
221402904,271,2,5,0,278
221402905,4,108,82,6,200
221402906,252,14,10,1,277
221402907,52,26,31,1,110
221402908,186,33,57,9,285
221402909,288,27,20,1,336
221402910,385,0,0,0,385
221402911,290,16,15,0,321
221402912,157,3,1,0,161
221402913,243,3,0,0,246
221402914,8,95,116,8,227
221402915,14,189,65,1,269
221402916,5,30,97,13,145
221402919,1,18,62,64,145
221402920,1,63,106,19,189
221403001,2,105,116,9,232
221403002,2,105,80,4,191
221403003,33,196,113,18,360
221403004,33,163,12,13,221
221403005,25,290,67,11,393
221403006,91,62,8,1,162
221403007,363,10,17,6,396
221403008,1,33,41,25,100
221403009,4,135,170,15,324
221403010,4,127,13,1,145
221403011,20,91,79,12,202
221403012,117,60,6,0,183
221403013,85,14,19,5,123
221470101,0,7,22,17,46
221470102,1,3,12,1,17
221470103,0,1,13,13,27
221470104,4,19,18,21,62
221470105,1,25,70,14,110
221470106,0,15,99,3,117
221470107,0,6,6,31,43
221470108,0,2,17,22,41
221470201,2,178,132,39,351
221470202,3,137,45,4,189
221470203,7,217,69,5,298
221470204,1,63,87,18,169
221470205,4,136,21,6,167
221470206,7,218,47,9,281
221470301,18,70,153,50,291
221470302,0,11,25,8,44
221470303,0,15,50,23,88
221470304,0,5,27,4,36
221470305,2,68,183,150,403
221470306,4,96,154,60,314
221470307,1,16,61,3,81
221470401,2,159,88,11,260
221470402,5,43,33,7,88
221470403,0,2,25,15,42
221470404,0,8,25,2,35
221540101,1,99,221,5,326
221540102,1,88,69,71,229
221540103,0,30,22,34,86
221540104,0,66,48,27,141
221540105,2,201,75,25,303
221540106,0,45,36,26,107
221540201,46,71,118,26,261
221540202,44,130,133,3,310
221540203,0,7,17,4,28
221540204,0,18,98,32,148
221540205,0,4,19,9,32
221540206,46,72,113,14,245
221540301,3,139,77,9,228
221540302,11,208,83,11,313
221540303,3,14,37,25,79
221540304,0,9,45,0,54
221540305,0,34,76,1,111
221540306,0,3,5,14,22
221540307,11,235,66,9,321
221540308,0,11,39,30,80
221540309,45,119,30,4,198
221540310,0,17,44,27,88
221540311,2,146,78,13,239
221610101,0,5,2,12,19
221610102,0,1,20,23,44
221610103,0,2,11,2,15
221610201,232,27,58,5,322
221610202,0,14,36,9,59
221610203,0,5,16,0,21
221610301,13,209,119,42,383
221610302,0,32,24,3,59
221610303,0,9,6,0,15
221610304,0,3,10,8,21
221610305,0,5,17,7,29
221610401,0,8,27,26,61
221610402,1,2,4,3,10
221680101,313,16,8,2,339
221680102,232,13,4,5,254
221680103,4,69,147,28,248
221680104,14,101,141,25,281
221680105,238,13,9,3,263
221680106,252,11,12,0,275
221680107,139,93,207,48,487
221680108,0,50,186,52,288
221680109,56,63,103,38,260
221680110,15,135,135,17,302
221680111,4,54,53,22,133
221680112,85,36,173,11,305
221680113,200,48,63,14,325
221680114,35,102,121,13,271
221680115,3,28,139,9,179
221680116,0,20,96,47,163
221680117,1,114,55,7,177
221680201,0,27,9,8,44
221680202,0,16,41,21,78
221680203,0,7,15,17,39
221680204,0,13,9,4,26
221680205,0,5,14,4,23
221680206,0,7,6,6,19
221680207,1,6,42,11,60
221680301,0,4,32,16,52
221680302,0,2,56,20,78
221680303,0,6,2,6,14
221680304,0,2,23,0,25
221680305,0,6,21,0,27
221680306,0,0,58,0,58
221680307,0,9,11,5,25
221680308,0,6,29,11,46
221680309,94,84,131,31,340
221680310,56,77,255,49,437
221680401,0,14,20,24,58
221680402,0,9,66,21,96
221680403,2,14,46,56,118
221680404,0,1,17,37,55
221680405,0,1,38,5,44
221680406,0,17,43,22,82
221680407,1,4,39,3,47
221680408,0,8,24,5,37
221680409,0,62,139,62,263
260070101,3,1,23,0,27
260070201,0,17,23,1,41
260070202,82,27,16,1,126
260070301,1,15,28,3,47
260070302,0,0,11,0,11
260070303,0,19,5,2,26
260070304,1,136,64,1,202
260070401,279,2,7,1,289
260070402,219,3,9,0,231
260070403,245,4,18,0,267
260070404,254,4,15,1,274
260070405,302,11,19,1,333
260070406,217,2,8,0,227
260070407,418,5,10,0,433
260070408,106,0,0,0,106
260070409,235,0,0,0,235
260070410,198,10,0,0,208
260070411,200,0,0,0,200
260070412,344,14,3,0,361
260070413,0,6,18,5,29
260070414,0,7,4,0,11
260070501,12,30,255,6,303
260070502,264,5,5,0,274
260070503,267,18,27,1,313
260070504,168,19,10,0,197
260070505,218,4,6,0,228
260070506,218,15,2,0,235
260070507,245,3,0,0,248
260070508,264,4,0,0,268
260070509,258,3,2,0,263
260070510,371,5,6,0,382
260070511,181,54,35,0,270
260070601,343,2,2,0,347
260070602,225,3,0,0,228
260070603,284,0,0,0,284
260070604,376,0,0,0,376
260070605,394,0,1,0,395
260070606,222,0,0,0,222
260070607,292,4,6,0,302
260070608,147,58,134,0,339
260070609,371,5,5,0,381
260070610,291,35,18,0,344
260070611,103,5,26,0,134
260070612,384,6,7,0,397
260070613,164,19,1,0,184
260070614,303,1,0,0,304
260070615,339,22,2,0,363
260070701,73,2,0,0,75
260070702,205,6,15,0,226
260070703,253,1,0,0,254
260070704,342,0,1,0,343
260070705,170,21,75,5,271
260070706,3,24,120,22,169
260070707,91,47,193,3,334
260070708,272,15,48,0,335
260070709,266,7,45,0,318
260070710,243,4,31,0,278
260070711,216,17,1,0,234
260070712,188,24,35,0,247
260070801,250,4,1,0,255
260070802,445,5,3,0,453
260070803,150,57,39,0,246
260070804,263,24,38,0,325
260070805,288,3,1,0,292
260070806,440,8,8,0,456
260070807,162,33,8,0,203
260070808,208,5,0,0,213
260070809,119,48,43,0,210
260070810,27,145,44,0,216
260070811,382,24,12,1,419
260070812,326,5,6,0,337
260070813,249,12,8,0,269
260070901,333,1,0,0,334
260070902,310,6,1,0,317
260070903,439,4,1,0,444
260070904,286,10,4,0,300
260070905,307,8,0,0,315
260070906,270,9,1,0,280
260070907,296,21,3,0,320
260070908,279,28,10,0,317
260070909,144,9,3,0,156
260070910,204,5,5,0,214
260071001,88,0,0,0,88
260071002,343,2,0,0,345
260071003,133,0,0,0,133
260071004,180,1,0,0,181
260071005,252,1,0,0,253
260071006,219,2,0,0,221
260071007,282,0,0,1,283
260071008,211,0,0,0,211
260071009,223,6,2,0,231
260071010,367,6,3,0,376
260071011,226,6,1,0,233
260071012,171,7,4,0,182
260071013,48,48,44,0,140
260140101,2,36,1,2,41
260140102,0,20,6,0,26
260140103,1,42,25,4,72
260140104,5,176,46,9,236
260140105,7,225,50,2,284
260140106,7,184,50,0,241
260140107,4,111,75,3,193
260140108,13,168,42,7,230
260140201,0,0,1,2,3
260140202,0,15,2,5,22
260140203,0,1,3,3,7
260140204,0,0,0,6,6
260140205,0,3,0,0,3
260140206,0,0,1,0,1
260140207,0,6,3,1,10
260140208,0,2,2,0,4
260140209,0,0,4,1,5
260140301,0,4,2,66,72
260140302,0,6,4,35,45
260140303,1,112,42,43,198
260140304,0,5,0,10,15
260140305,0,3,9,27,39
260140306,0,2,10,15,27
260140307,0,21,13,11,45
260140401,0,3,6,41,50
260140501,0,0,7,1,8
260140601,0,4,4,8,16
260140701,0,0,4,17,21
260140702,0,5,10,28,43
260140703,0,0,1,1,2
260140704,0,9,14,16,39
260140705,3,159,118,69,349
260140801,7,108,53,4,172
260140802,0,15,13,0,28
260140803,217,19,20,2,258
260140804,215,16,9,1,241
260140901,18,713,117,38,886
260140902,0,13,4,5,22
260140903,7,170,35,7,219
260140904,5,207,37,3,252
260140905,22,190,21,0,233
260140906,5,193,37,11,246
260141001,0,35,16,5,56
260141002,0,30,10,0,40
260141003,2,112,25,2,141
260141004,13,236,56,4,309
260141101,0,7,18,0,25
260141102,2,281,108,38,429
260141103,96,145,24,4,269
260141104,13,113,40,0,166
260210101,0,4,28,0,32
260210102,22,0,0,0,22
260210103,0,4,18,3,25
260210104,0,13,0,0,13
260210201,25,1,0,0,26
260210202,0,20,16,12,48
260210203,0,5,7,1,13
260210204,367,3,1,0,371
260210301,2,10,14,3,29
260210302,0,4,4,1,9
260210401,0,2,0,0,2
260210402,20,42,5,0,67
260210403,81,0,0,0,81
260210404,277,1,2,0,280
260210405,260,10,3,0,273
260210406,308,6,2,0,316
260210407,344,2,1,0,347
260210408,202,12,3,0,217
260210409,234,3,2,0,239
260210410,239,6,0,0,245
260210411,193,2,0,0,195
260210412,188,2,3,0,193
260210413,225,7,0,0,232
260210414,209,4,2,0,215
260210501,1,1,8,2,12
260210502,170,29,18,5,222
260210503,110,1,0,0,111
260210504,0,2,0,0,2
260210505,286,8,9,0,303
260210506,278,7,3,0,288
260210507,243,0,1,0,244
260210508,129,3,0,0,132
260210509,205,2,0,0,207
260210510,242,1,1,0,244
260210511,239,9,18,0,266
260210512,303,7,1,0,311
260210513,434,3,5,0,442
260210514,388,9,65,0,462
260210515,385,3,15,0,403
260210516,237,0,0,0,237
260210517,239,0,0,0,239
260210518,213,4,56,2,275
260210601,80,1,3,24,108
260210602,1,59,105,3,168
260210603,73,0,0,0,73
260210604,277,0,0,0,277
260210605,359,3,1,0,363
260210606,272,2,1,0,275
260210607,330,3,0,0,333
260210608,427,5,12,0,444
260210609,328,7,0,0,335
260210610,379,4,0,0,383
260210611,330,3,16,1,350
260210612,260,7,3,5,275
260210613,190,2,3,0,195
260210614,233,11,17,0,261
260210615,240,4,4,3,251
260210701,20,4,15,0,39
260210702,4,90,136,3,233
260210703,81,2,0,0,83
260210704,419,4,7,5,435
260210705,98,3,3,0,104
260210706,210,7,13,0,230
260210707,231,11,6,0,248
260210708,117,26,71,4,218
260210709,317,2,17,0,336
260210710,224,4,33,0,261
260210711,163,7,3,0,173
260210712,261,5,1,0,267
260210801,30,0,0,0,30
260210802,394,7,16,0,417
260210803,43,1,2,0,46
260210804,141,0,0,0,141
260210805,222,2,0,0,224
260210806,205,2,0,0,207
260210807,369,3,0,0,372
260210808,264,0,0,0,264
260210809,147,0,0,0,147
260210810,285,5,10,0,300
260210811,53,0,0,0,53
260210812,258,8,52,0,318
260210813,114,0,0,0,114
260210814,373,4,12,1,390
260210815,367,13,21,0,401
260210901,235,6,29,2,272
260210902,212,0,0,0,212
260210903,215,0,0,0,215
260210904,125,0,0,0,125
260210905,186,0,0,0,186
260210906,151,1,0,0,152
260210907,200,2,0,0,202
260210908,256,0,0,0,256
260210909,223,0,0,0,223
260210910,147,0,0,0,147
260210911,286,0,0,0,286
260210912,154,0,0,0,154
260210913,126,2,0,0,128
260210914,182,1,0,0,183
260211001,336,0,0,0,336
260211002,271,0,1,0,272
260211003,322,2,0,0,324
260211004,227,2,0,0,229
260211005,148,1,0,0,149
260211006,188,0,0,0,188
260211007,173,0,0,2,175
260211008,206,0,0,0,206
260211009,169,0,1,0,170
260211010,204,2,0,1,207
260211011,105,0,0,0,105
260211012,475,1,0,0,476
260211013,308,6,0,0,314
260211101,128,2,4,0,134
260211102,226,5,10,0,241
260211103,130,1,0,0,131
260211104,354,3,8,0,365
260211105,170,1,1,0,172
260211106,182,3,12,2,199
260211107,274,11,15,9,309
260211108,385,0,6,0,391
260211109,276,1,1,0,278
260211110,303,5,1,0,309
260211111,274,1,1,0,276
260211112,180,0,0,0,180
260211113,318,0,1,0,319
260211114,231,0,1,0,232
260211115,185,3,0,0,188
260211116,219,1,0,0,220
260211117,216,2,0,0,218
260211201,244,11,35,0,290
260211202,210,2,12,0,224
260211203,253,5,43,0,301
260211204,352,3,5,0,360
260211205,166,5,1,0,172
260211206,318,5,9,2,334
260211207,323,1,7,0,331
260211208,267,2,3,0,272
260211209,310,0,3,0,313
260211210,161,3,3,0,167
260211301,291,3,6,0,300
260211302,376,6,7,0,389
260211303,213,2,2,0,217
260211304,230,0,0,0,230
260211305,360,1,4,0,365
260211306,259,0,4,0,263
260211307,174,2,0,0,176
260211308,214,1,1,0,216
260211309,255,2,4,0,261
260211310,264,7,0,0,271
260211311,199,0,2,0,201
260211312,414,2,0,0,416
260211401,394,3,0,0,397
260211402,296,1,0,0,297
260211403,232,0,0,0,232
260211404,351,3,0,0,354
260211405,238,1,0,0,239
260211406,329,3,0,0,332
260211407,403,1,0,0,404
260211408,243,0,1,0,244
260211409,234,1,0,0,235
260211410,178,0,0,0,178
260211411,254,1,0,0,255
260211412,297,1,0,0,298
260211413,288,8,11,26,333
260211501,216,4,2,0,222
260211502,311,5,0,0,316
260211503,329,0,0,0,329
260211504,306,0,0,0,306
260211505,233,1,0,0,234
260211506,276,0,1,0,277
260211507,239,0,0,0,239
260211508,231,0,0,0,231
260211509,225,0,0,0,225
260211510,285,0,0,0,285
260211511,332,5,1,0,338
260211601,191,23,96,4,314
260211602,100,2,1,1,104
260211603,182,7,1,0,190
260211604,178,4,10,0,192
260211605,311,5,4,1,321
260211606,215,4,3,0,222
260211607,273,0,7,0,280
260211608,172,11,69,7,259
260211609,305,2,6,0,313
260211610,355,9,7,0,371
260211611,241,0,13,0,254
260211612,130,5,49,1,185
260211613,379,2,1,0,382
260211614,174,3,4,0,181
260211615,185,6,12,2,205
260211701,0,25,51,1,77
260211702,236,14,39,0,289
260211703,40,35,93,2,170
260211704,139,14,75,6,234
260211705,269,8,9,0,286
260211706,112,27,119,3,261
260211707,125,18,50,1,194
260211708,251,17,27,0,295
260211709,325,5,67,1,398
260211710,197,9,47,1,254
260211711,104,32,246,3,385
260211712,253,6,16,1,276
260211713,141,0,11,0,152
260211714,323,0,3,0,326
260211801,8,50,119,2,179
260211802,13,40,141,2,196
260211803,252,1,6,0,259
260211804,278,0,0,0,278
260211805,239,0,0,0,239
260211806,185,2,1,0,188
260211807,134,3,34,3,174
260211808,301,1,2,0,304
260211809,372,2,0,0,374
260211810,231,0,0,0,231
260211811,302,0,0,0,302
260211812,218,0,0,0,218
260211813,220,0,0,0,220
260211901,191,1,0,0,192
260211902,301,0,0,0,301
260211903,281,4,56,1,342
260211904,160,0,3,0,163
260211905,247,2,6,0,255
260211906,229,1,5,2,237
260211907,250,0,1,0,251
260211908,32,43,171,1,247
260211909,87,47,119,1,254
260211910,252,1,3,0,256
260211911,272,3,2,0,277
260211912,301,6,9,0,316
260211913,61,70,161,0,292
260211914,49,24,88,3,164
260211915,118,29,98,3,248
260211916,178,10,28,1,217
260280101,0,11,12,0,23
260280102,0,1,3,0,4
260280201,0,8,18,2,28
260280301,0,2,9,0,11
260280302,0,12,9,0,21
260280303,0,305,70,2,377
260350101,1,33,17,0,51
260350102,0,11,7,7,25
260350201,0,53,42,8,103
260350202,0,14,12,2,28
260350301,105,27,3,1,136
260350302,79,10,68,21,178
260350303,183,9,16,4,212
260350304,229,7,8,1,245
260350305,236,4,6,1,247
260350306,197,7,1,0,205
260350307,273,0,0,0,273
260350308,137,0,0,0,137
260350309,310,0,1,0,311
260350310,137,3,0,0,140
260350311,355,9,4,0,368
260350312,205,7,9,1,222
260350313,173,13,10,2,198
260350401,0,2,3,2,7
260350402,0,18,8,6,32
260350403,2,49,18,11,80
260350404,215,224,134,5,578
260350405,0,1,6,14,21
260350501,0,0,6,1,7
260350502,4,45,5,1,55
260350503,0,22,6,1,29
260350504,0,18,6,4,28
260350505,3,59,53,13,128
260350506,0,17,9,4,30
260350507,4,77,59,2,142
260350508,1,59,15,5,80
260350509,243,16,3,2,264
260350510,344,55,10,0,409
260350511,145,5,10,0,160
260350512,107,43,16,0,166
260350513,233,14,15,1,263
260350514,255,8,9,1,273
260350515,290,8,11,0,309
260350601,305,3,15,0,323
260350602,218,9,11,2,240
260350603,222,10,15,9,256
260350604,153,4,16,11,184
260350605,208,8,3,0,219
260350606,179,1,1,0,181
260350607,173,5,3,0,181
260350608,207,1,3,0,211
260350609,172,1,1,0,174
260350610,234,2,0,0,236
260350611,255,2,1,1,259
260350612,223,2,7,1,233
260350613,195,6,4,0,205
260350614,205,5,3,0,213
260350615,265,7,3,0,275
260350701,269,5,14,5,293
260350702,231,1,13,2,247
260350703,288,5,33,13,339
260350704,213,8,18,4,243
260350705,337,3,6,1,347
260350706,240,4,0,0,244
260350707,360,8,7,1,376
260350708,326,1,2,0,329
260350709,308,2,1,0,311
260350710,341,2,1,0,344
260350711,157,9,5,0,171
260350712,351,8,3,0,362
260350713,167,4,2,0,173
260420101,0,1,12,1,14
260420102,0,7,14,5,26
260420103,0,1,8,0,9
260420201,0,14,1,0,15
260420301,22,24,11,0,57
260420302,0,3,8,3,14
260420401,0,1,0,0,1
260420402,0,4,0,0,4
260420403,1,90,12,2,105
260420404,0,25,7,1,33
260420405,0,24,10,2,36
260420406,0,26,12,4,42
260420407,1,25,27,1,54
260420408,0,31,20,1,52
260420409,1,69,50,2,122
260420410,3,242,58,3,306
260420411,0,75,43,9,127
260420412,0,14,38,9,61
260420413,122,240,135,9,506
260420414,154,188,50,0,392
260420415,6,261,104,10,381
260420416,32,204,56,3,295
260420417,5,230,92,4,331
260420418,6,322,64,0,392
260490101,0,7,10,16,33
260490102,0,2,10,5,17
260490103,0,4,27,9,40
260490104,0,4,15,18,37
260490105,0,31,29,22,82
260490106,0,97,75,2,174
260490201,0,2,0,3,5
260490202,0,2,12,14,28
260490203,0,15,27,17,59
260560101,1,3,7,20,31
260560102,0,8,1,2,11
260560103,0,7,7,6,20
260560104,38,10,26,22,96
260560105,0,1,8,17,26
260560106,0,7,5,14,26
260560107,32,24,24,5,85
260560108,83,18,52,3,156
260560201,0,4,6,8,18
260560202,0,2,9,35,46
260560203,0,2,0,3,5
260560204,0,0,9,0,9
260560205,0,11,1,0,12
260560206,289,40,21,5,355
260560301,14,41,25,7,87
260630101,0,6,2,0,8
260630102,0,1,11,1,13
260630103,0,15,4,0,19
260630201,0,4,17,1,22
260630202,0,7,16,2,25
260630203,0,98,55,6,159
260630301,0,5,11,1,17
260630401,0,8,2,0,10
260700101,4,10,11,1,26
260700102,0,2,11,12,25
260700103,0,0,5,9,14
260700104,0,55,34,13,102
260700105,0,2,16,8,26
260700106,0,1,5,11,17
260700107,0,1,6,3,10
260700108,192,101,75,3,371
260700201,0,1,14,1,16
260700202,0,2,18,2,22
260770101,0,0,3,0,3
260770102,2,0,11,0,13
260770103,1,6,3,0,10
260770104,1,5,5,1,12
260770201,2,9,10,1,22
260770202,1,1,0,0,2
260770203,19,5,23,0,47
260770204,2,24,25,1,52
260770301,5,103,7,0,115
260770302,15,168,47,0,230
260770303,2,151,18,0,171
260770304,14,159,34,0,207
260770305,17,197,79,0,293
260770306,9,184,21,0,214
260770307,3,144,26,0,173
260770308,3,92,11,0,106
260770309,0,75,0,0,75
260770310,3,108,21,0,132
260770311,8,96,4,0,108
260770312,3,92,10,0,105
260770313,3,97,23,0,123
260770314,9,87,13,0,109
260770315,3,142,1,0,146
260770316,7,29,46,1,83
260770401,8,62,36,0,106
260770402,2,11,39,2,54
260770403,2,62,69,3,136
260770404,1,113,84,2,200
260770405,0,37,33,7,77
260770501,3,0,0,0,3
260770502,267,8,1,0,276
260770503,194,1,0,0,195
260770504,216,2,0,0,218
260770505,238,10,1,0,249
260770506,233,10,2,0,245
260770507,227,1,0,0,228
260770508,151,18,1,0,170
260770509,211,1,0,0,212
260770510,312,4,3,0,319
260770511,204,8,0,0,212
260770512,177,16,3,0,196
260770513,167,5,7,0,179
260770514,227,1,0,0,228
260770515,232,0,0,0,232
260770516,212,0,0,0,212
260770517,199,1,0,0,200
260770518,163,27,40,0,230
260770519,106,55,23,0,184
260770520,3,88,19,2,112
260770601,174,19,9,0,202
260770602,231,32,10,0,273
260770603,221,42,10,0,273
260770604,179,1,0,0,180
260770605,308,4,0,0,312
260770606,279,28,12,0,319
260770607,138,25,6,0,169
260770608,269,27,17,0,313
260770609,218,46,8,0,272
260770610,108,52,6,0,166
260770611,91,134,33,3,261
260770612,137,67,5,0,209
260770701,476,3,0,0,479
260770702,297,1,0,0,298
260770703,395,1,0,0,396
260770704,434,0,0,0,434
260770705,282,3,1,1,287
260770706,202,3,0,0,205
260770707,321,14,1,0,336
260770708,194,3,4,0,201
260770709,377,1,3,1,382
260770710,287,14,5,0,306
260770711,180,0,6,0,186
260770712,329,3,3,0,335
260770713,288,9,6,0,303
260770714,213,1,0,0,214
260770715,190,2,1,0,193
260770801,54,50,201,2,307
260770802,300,3,3,0,306
260770803,392,0,0,0,392
260770804,261,4,0,0,265
260770805,245,9,0,0,254
260770806,384,4,4,2,394
260770807,156,1,2,0,159
260770808,346,2,6,1,355
260770809,251,9,10,0,270
260770810,266,8,3,0,277
260770811,157,9,1,0,167
260770812,213,7,2,0,222
260770813,306,6,6,0,318
260770814,198,2,3,0,203
260770815,307,10,10,0,327
260770901,303,32,24,2,361
260770902,187,51,80,1,319
260770903,212,89,106,1,408
260770904,248,9,16,0,273
260770905,333,9,4,0,346
260770906,337,8,8,0,353
260770907,210,16,7,0,233
260770908,248,6,5,0,259
260770909,200,19,11,0,230
260770910,330,5,4,0,339
260770911,276,43,30,0,349
260770912,263,49,101,0,413
260771001,231,6,4,1,242
260771002,229,4,5,0,238
260771003,129,3,11,0,143
260771004,231,3,0,0,234
260771005,302,1,3,0,306
260771006,130,9,0,0,139
260771007,187,2,0,0,189
260771008,186,2,0,0,188
260771009,203,2,0,0,205
260771010,213,0,0,0,213
260771011,154,0,0,0,154
260771012,157,0,0,0,157
260771013,312,2,0,0,314
260771014,325,0,0,0,325
260771015,307,4,1,0,312
260771016,474,9,2,0,485
260771017,363,8,2,0,373
260771018,154,12,27,0,193
260771101,154,2,2,0,158
260771102,410,12,0,0,422
260771103,248,11,60,11,330
260771104,209,3,2,1,215
260771105,277,7,2,0,286
260771106,283,4,1,0,288
260771107,328,12,8,0,348
260771108,207,7,1,0,215
260771109,187,2,0,0,189
260771110,163,0,0,0,163
260771111,142,0,1,0,143
260771112,260,6,1,0,267
260771113,332,5,0,1,338
260771114,161,12,18,0,191
260771201,442,1,5,0,448
260771202,271,3,7,0,281
260771203,387,1,0,0,388
260771204,283,2,0,0,285
260771205,333,3,0,0,336
260771206,319,0,0,0,319
260771207,355,0,0,0,355
260771208,321,2,0,0,323
260771209,206,1,0,0,207
260771210,319,1,0,0,320
260771211,389,0,0,0,389
260771212,346,1,0,0,347
260771213,281,0,0,0,281
260771214,367,1,1,1,370
260771215,263,63,27,0,353
260771301,281,44,11,0,336
260771302,428,12,6,0,446
260771303,357,4,2,0,363
260771304,388,4,1,0,393
260771305,390,1,0,0,391
260771306,441,0,0,0,441
260771307,351,0,0,0,351
260771308,376,1,0,0,377
260771309,446,2,1,0,449
260771310,236,3,0,0,239
260771311,293,0,0,0,293
260771312,261,5,2,0,268
260771313,199,9,4,0,212
260771314,4,103,23,0,130
260840101,0,0,4,0,4
260840102,0,9,18,2,29
260840103,0,23,5,3,31
260840104,0,3,0,1,4
260840105,0,0,3,1,4
260840106,0,22,18,2,42
260840107,70,83,42,8,203
260840108,104,105,60,4,273
260840201,1,12,41,2,56
260840202,1,41,16,1,59
260840301,0,0,10,0,10
260840302,0,3,4,2,9
260840303,0,8,1,0,9
260840304,0,8,11,18,37
260840305,38,291,108,8,445
260840306,6,179,81,3,269
260840307,69,32,2,0,103
260840401,1,5,11,1,18
260840402,2,11,9,2,24
260840403,0,60,2,2,64
260840501,0,4,3,2,9
260840502,0,2,13,0,15
260840503,0,15,6,0,21
260840504,0,9,6,3,18
260840505,5,34,20,9,68
260840506,0,49,2,1,52
260910101,0,13,6,6,25
260910102,0,25,9,0,34
260910201,0,12,10,2,24
260910301,0,3,3,1,7
260910302,0,1,4,4,9
260910303,0,23,10,2,35
260910304,2,60,32,3,97
260910305,0,1,2,1,4
260910306,0,0,3,0,3
260910401,128,52,29,0,209
260910402,149,3,0,0,152
260910403,43,49,20,0,112
260910404,223,8,14,1,246
260910405,280,29,6,0,315
260910406,83,40,17,1,141
260910407,152,18,3,0,173
260910408,147,20,4,0,171
260910409,259,23,10,0,292
260910410,243,17,10,1,271
260910411,143,16,9,1,169
260910412,191,17,10,0,218
260910413,209,8,11,1,229
260910414,202,14,8,0,224
260980101,0,1,10,3,14
260980102,1,7,12,7,27
260980103,3,158,58,13,232
260980104,5,193,53,7,258
260980201,0,5,6,1,12
260980202,0,8,12,1,21
260980203,0,12,5,0,17
260980204,0,0,0,0,0
260980205,5,364,58,3,430
260980206,2,219,75,9,305
260980301,0,0,0,0,0
260980302,0,1,0,0,1
260980303,0,6,2,2,10
260980304,0,7,10,3,20
260980305,1,29,16,9,55
260980306,86,128,96,11,321
261050101,0,14,14,0,28
261050102,0,3,11,0,14
261050103,0,8,36,2,46
261050104,0,4,21,0,25
261050105,0,148,55,2,205
261050201,0,0,19,5,24
261050202,0,1,5,2,8
261050203,0,0,6,2,8
261050204,0,13,34,6,53
261050205,0,112,97,0,209
300080101,46,50,35,0,131
300080102,125,45,16,0,186
300080103,167,8,9,0,184
300080104,92,40,36,0,168
300080105,140,16,8,0,164
300080106,171,18,3,0,192
300080107,114,0,2,0,116
300080108,162,9,1,0,172
300080109,205,3,1,0,209
300080110,215,7,4,0,226
300080111,277,12,4,0,293
300080112,215,1,2,0,218
300080113,176,5,7,0,188
300080114,185,14,6,0,205
300080201,146,3,1,0,150
300080202,116,0,0,0,116
300080203,137,1,0,0,138
300080204,202,1,1,0,204
300080205,203,1,2,0,206
300080206,266,2,3,0,271
300080207,284,21,24,0,329
300080208,264,15,40,0,319
300080209,161,1,2,0,164
300080210,171,4,2,0,177
300080211,168,1,1,0,170
300080212,70,1,1,2,74
300080213,58,0,1,0,59
300080214,100,2,3,0,105
300080215,158,8,14,0,180
300080216,107,36,25,0,168
300080301,0,41,8,0,49
300080302,0,53,22,2,77
300080303,3,61,29,0,93
300080304,55,12,23,0,90
300080305,112,43,38,0,193
300080306,69,59,130,1,259
300080307,130,21,27,0,178
300080308,236,5,15,0,256
300080309,70,6,3,0,79
300080310,188,16,14,0,218
300080311,64,83,84,1,232
300080312,70,63,64,0,197
300080313,42,18,105,3,168
300080314,0,70,32,0,102
300080315,1,87,27,0,115
300080316,0,23,3,1,27
300080317,0,47,8,0,55
300080318,1,45,7,0,53
300080319,0,31,18,0,49
300080401,0,132,32,0,164
300080402,223,75,58,2,358
300080403,269,41,13,0,323
300080404,238,39,45,0,322
300080405,266,33,35,0,334
300080406,327,26,22,0,375
300080407,118,8,32,0,158
300080408,245,1,1,0,247
300080409,279,4,0,0,283
300080410,311,10,10,0,331
300080411,211,38,16,1,266
300080412,373,28,22,1,424
300080413,168,5,1,0,174
300080501,0,36,5,0,41
300080502,0,53,12,0,65
300080503,0,38,23,0,61
300080504,2,108,40,0,150
300080505,0,29,26,0,55
300080506,1,166,157,10,334
300080507,1,230,90,7,328
300080508,20,267,59,0,346
300080509,16,93,56,0,165
300080510,105,74,18,0,197
300080511,2,44,23,1,70
300080601,277,11,2,0,290
300080602,347,1,5,0,353
300080603,186,0,0,0,186
300080604,295,0,0,0,295
300080605,359,2,6,0,367
300080606,334,0,0,0,334
300080607,303,0,1,0,304
300080608,327,26,14,1,368
300080609,180,1,1,0,182
300080610,219,3,3,0,225
300080611,338,1,1,0,340
300080612,218,16,28,3,265
300080701,0,4,3,0,7
300080702,0,16,15,0,31
300080703,4,42,46,2,94
300080704,0,7,3,0,10
300080705,2,32,24,0,58
300080706,1,5,10,0,16
300080707,0,20,16,0,36
300080708,0,16,3,1,20
300080709,0,11,11,1,23
300080710,0,15,7,0,22
300080711,58,1,0,0,59
300080801,0,15,2,0,17
300080802,0,11,0,0,11
300080803,0,7,2,0,9
300080804,0,27,9,0,36
300080805,1,12,9,0,22
300080806,0,14,1,0,15
300080807,0,40,33,3,76
300080808,0,29,16,1,46
300080809,0,12,2,1,15
300080810,0,37,5,1,43
300080811,0,15,21,0,36
300080901,0,14,6,0,20
300080902,0,19,4,0,23
300080903,1,12,6,0,19
300080904,0,5,3,0,8
300080905,0,23,6,0,29
300080906,0,38,27,1,66
300080907,0,9,2,2,13
300080908,0,1,4,0,5
300080909,0,24,7,0,31
300080910,187,20,12,0,219
300081001,0,11,14,0,25
300081002,9,9,4,0,22
300081003,157,5,2,1,165
300081004,0,11,6,0,17
300081005,0,17,16,2,35
300081006,0,11,3,2,16
300081007,0,85,41,3,129
300081008,0,17,3,0,20
300081009,0,2,2,0,4
300081101,0,15,12,2,29
300081102,0,6,8,0,14
300081103,0,24,2,0,26
300081104,0,10,4,1,15
300081105,1,21,10,2,34
300081106,0,2,2,0,4
300081107,2,19,0,0,21
300081108,3,179,37,0,219
300081109,17,72,20,2,111
300081110,213,133,54,3,403
300081111,63,22,41,2,128
300081201,0,0,1,0,1
300150101,326,8,40,3,377
300150102,344,4,0,0,348
300150103,416,39,27,2,484
300150104,415,21,7,0,443
300150105,297,4,10,3,314
300150106,310,14,43,1,368
300150107,313,4,10,4,331
300150108,197,65,13,1,276
300150109,274,6,5,0,285
300150110,115,42,27,0,184
300150111,243,17,149,19,428
300150112,231,44,42,2,319
300150113,183,94,120,4,401
300150201,244,10,130,0,384
300150202,256,2,11,0,269
300150203,245,12,9,1,267
300150204,312,2,8,0,322
300150205,418,45,5,1,469
300150206,326,4,4,0,334
300150207,192,0,3,0,195
300150208,330,6,8,0,344
300150209,388,12,8,0,408
300150210,368,12,17,4,401
300150211,325,3,5,0,333
300150212,352,21,20,0,393
300150213,384,5,2,0,391
300150214,226,2,3,0,231
300150301,271,10,0,0,281
300150302,347,1,6,0,354
300150303,424,0,0,0,424
300150304,330,15,4,0,349
300150305,202,67,58,16,343
300150306,30,19,2,0,51
300150307,58,42,6,0,106
300150308,296,75,15,0,386
300150309,275,5,30,2,312
300150310,191,10,21,2,224
300150401,265,15,6,1,287
300150402,187,2,0,0,189
300150403,311,17,2,0,330
300150404,294,10,3,0,307
300150405,250,41,20,10,321
300150406,347,34,5,0,386
300150407,308,6,7,0,321
300150408,238,26,38,0,302
300150409,174,57,7,0,238
300150410,264,37,12,0,313
300150411,379,42,15,0,436
300150412,314,48,26,9,397
300150413,394,11,10,0,415
300150414,261,0,1,0,262
300150415,109,1,8,0,118
300150416,431,3,5,0,439
300150501,183,2,0,0,185
300150502,390,2,1,0,393
300150503,209,4,1,0,214
300150504,197,1,3,0,201
300150505,75,43,24,9,151
300150506,258,9,0,0,267
300150507,197,22,24,1,244
300150508,234,10,4,0,248
300150509,150,48,42,4,244
300150510,187,0,1,0,188
300150511,187,1,0,0,188
300150512,155,1,0,0,156
300150513,165,1,0,0,166
300150514,145,1,0,0,146
300150515,221,0,0,0,221
300150516,185,0,0,0,185
300150517,208,0,0,0,208
300150518,148,1,0,0,149
300150519,193,4,0,0,197
300150520,218,2,0,0,220
300150521,106,2,1,0,109
300150522,254,42,54,4,354
300150601,219,46,66,2,333
300150602,159,33,12,1,205
300150603,417,18,18,1,454
300150604,381,20,11,0,412
300150605,135,6,8,0,149
300150606,245,10,7,0,262
300150607,333,2,3,1,339
300150608,245,0,0,0,245
300150609,254,0,0,0,254
300150610,230,0,0,0,230
300150611,147,0,0,0,147
300150612,196,0,0,0,196
300150613,345,3,2,0,350
300150614,432,9,3,0,444
300150615,225,1,0,1,227
300150616,293,2,2,0,297
300150617,266,2,0,0,268
300150618,119,5,0,0,124
300150619,213,0,0,0,213
300150620,112,0,0,0,112
300150621,136,0,0,0,136
300150701,206,38,21,1,266
300150702,162,4,3,0,169
300150703,195,0,0,0,195
300150704,154,0,0,0,154
300150705,146,0,0,0,146
300150706,118,0,0,0,118
300150707,168,0,0,0,168
300150708,172,2,0,0,174
300150709,178,0,1,0,179
300150710,138,59,35,16,248
300150711,219,4,2,0,225
300150712,199,8,8,2,217
300150713,191,2,2,0,195
300150714,181,0,0,0,181
300150715,178,2,1,0,181
300150716,260,5,6,0,271
300150717,11,1,2,1,15
300150718,394,7,9,2,412
300150719,303,15,31,1,350
300150720,49,9,39,3,100
300150801,161,0,0,0,161
300150802,141,1,0,0,142
300150803,132,0,0,0,132
300150804,149,0,0,0,149
300150805,181,0,0,0,181
300150806,197,2,1,0,200
300150807,358,1,0,0,359
300150808,216,0,0,0,216
300150809,177,0,0,0,177
300150810,220,0,0,0,220
300150811,219,1,0,0,220
300150812,196,2,0,0,198
300150813,3,0,2,0,5
300150814,274,9,42,12,337
300150815,83,3,2,2,90
300150901,0,57,10,11,78
300150902,1,65,16,3,85
300150903,1,16,5,0,22
300150904,196,29,23,0,248
300150905,230,49,35,0,314
300150906,50,95,153,5,303
300150907,42,126,101,5,274
300150908,90,39,163,0,292
300150909,8,117,16,0,141
300150910,18,71,32,1,122
300150911,1,13,0,0,14
300151001,17,55,71,25,168
300151002,310,10,71,11,402
300151003,92,65,25,0,182
300151004,336,69,44,8,457
300151005,237,38,83,3,361
300151006,208,26,44,11,289
300151007,198,30,63,3,294
300151008,161,50,96,0,307
300151009,200,55,127,10,392
300151010,237,46,11,0,294
300151011,206,53,95,8,362
300151012,263,59,80,7,409
300151013,68,108,91,0,267
300151101,120,48,46,0,214
300151102,4,1,5,0,10
300151103,185,28,10,0,223
300151104,156,15,7,0,178
300151105,142,85,97,6,330
300151106,180,21,3,0,204
300151107,68,37,86,1,192
300151108,89,124,19,0,232
300151109,13,11,22,1,47
300151110,6,122,103,4,235
300151111,65,77,24,3,169
300151201,0,45,7,2,54
300151202,2,17,11,2,32
300151203,25,10,5,0,40
300151204,7,22,11,1,41
300151205,9,2,1,0,12
300151206,0,24,4,1,29
300151207,1,12,3,0,16
300151208,2,34,15,3,54
300151209,0,13,9,0,22
300151210,2,41,5,0,48
300151211,6,23,29,0,58
300151212,167,70,24,0,261
300151213,190,99,8,0,297
300151214,142,136,17,0,295
300151301,3,88,15,2,108
300151302,0,16,2,1,19
300151303,0,15,0,1,16
300151304,264,12,20,0,296
300151305,90,4,37,4,135
300151306,0,37,7,0,44
300151307,3,38,9,0,50
300151308,0,24,9,0,33
300151309,0,11,2,0,13
300151310,10,129,71,3,213
300151311,115,84,51,0,250
300151312,121,28,35,1,185
300151401,0,6,5,0,11
300151402,0,5,4,0,9
300151403,0,31,18,0,49
300151404,13,16,13,1,43
300151405,0,7,14,0,21
300151406,0,23,5,0,28
300151407,0,22,4,5,31
300151408,0,49,21,0,70
300151501,0,27,21,4,52
300151502,1,33,11,0,45
300151503,0,2,2,1,5
300151504,1,42,14,3,60
300151505,1,52,4,0,57
300151506,2,46,9,0,57
300151507,0,22,23,2,47
300151508,0,30,11,2,43
300151509,1,23,6,2,32
300151510,1,71,70,8,150
300151511,17,131,66,5,219
300151512,9,46,23,0,78
300151513,23,52,8,0,83
300151514,22,56,22,0,100
300151515,11,42,42,0,95
300151601,0,4,7,0,11
300151602,1,33,13,3,50
300151603,1,11,8,0,20
300151604,0,13,1,0,14
300151605,0,21,3,0,24
300151606,0,92,21,5,118
300151607,3,55,48,19,125
300210101,232,6,22,0,260
300210102,83,106,99,1,289
300210103,7,28,4,5,44
300210104,212,44,56,0,312
300210105,205,5,6,0,216
300210106,256,7,7,0,270
300210107,208,18,54,1,281
300210108,169,45,123,6,343
300210109,167,4,8,0,179
300210110,146,3,1,0,150
300210111,171,1,0,0,172
300210112,41,68,95,0,204
300210201,177,11,19,0,207
300210202,143,1,2,0,146
300210203,147,50,63,0,260
300210204,0,11,17,0,28
300210205,3,68,55,0,126
300210206,5,29,58,0,92
300210207,31,51,102,0,184
300210208,141,14,8,1,164
300210209,71,16,47,0,134
300210210,259,13,25,0,297
300210211,229,1,17,0,247
300210212,129,74,129,12,344
300210301,0,19,23,6,48
300210302,0,32,79,1,112
300210303,0,74,93,1,168
300210304,5,58,77,2,142
300210305,1,67,71,0,139
300210306,1,26,11,0,38
300210307,1,23,29,1,54
300210308,38,20,29,1,88
300210309,107,20,29,2,158
300210310,0,21,55,2,78
300210311,0,20,29,8,57
300210312,1,0,37,0,38
300210401,1,39,101,0,141
300210402,0,5,10,0,15
300210403,0,14,61,2,77
300210404,0,19,30,0,49
300210405,1,68,94,0,163
300210406,4,22,87,0,113
300210407,0,0,7,0,7
300210408,0,2,17,0,19
300210409,0,34,23,0,57
300210410,1,24,79,0,104
300210501,0,17,49,2,68
300210502,0,5,64,2,71
300210503,0,2,27,1,30
300210504,1,32,27,1,61
300210505,226,16,23,0,265
300210506,213,18,19,0,250
300210507,121,23,57,1,202
300210508,0,9,17,1,27
300210509,0,2,4,0,6
300210510,0,9,28,2,39
300210511,0,23,23,0,46
300210512,0,66,99,0,165
300210601,0,9,33,0,42
300210602,0,19,37,1,57
300210603,0,24,17,0,41
300210604,71,36,51,0,158
300210605,3,20,17,0,40
300210606,0,13,8,0,21
300210701,0,5,4,0,9
300210702,0,11,6,0,17
300210703,0,2,0,0,2
300210704,0,25,7,1,33
300210705,0,3,12,0,15
300210706,170,2,1,0,173
300210707,97,38,7,0,142
300210708,1,135,80,1,217
300210709,258,3,1,0,262
300210710,265,3,0,0,268
300210711,24,0,0,0,24
300210712,198,1,0,0,199
300210713,131,1,0,0,132
300210714,247,1,0,0,248
300210715,261,1,0,0,262
300210716,207,2,4,0,213
300210801,0,9,5,0,14
300210802,0,22,7,0,29
300210803,0,12,13,0,25
300210804,23,46,40,0,109
300210805,0,8,11,1,20
300210806,0,14,10,1,25
300210807,0,9,24,0,33
300210808,0,1,8,5,14
300210809,0,6,25,1,32
300210901,6,25,37,0,68
300210902,74,19,10,0,103
300210903,221,1,5,0,227
300210904,140,0,1,0,141
300210905,394,2,4,0,400
300210906,46,32,20,0,98
300210907,233,2,1,0,236
300210908,188,0,0,0,188
300210909,189,5,11,0,205
300210910,176,3,8,0,187
300210911,204,1,10,0,215
300211001,1,9,19,0,29
300211002,137,11,5,0,153
300211003,68,2,12,0,82
300211004,161,3,25,0,189
300211005,91,7,13,0,111
300211006,179,3,11,0,193
300211007,221,2,10,0,233
300211101,1,7,26,0,34
300211102,0,8,25,0,33
300211103,0,17,8,1,26
300211104,0,5,13,1,19
300211105,0,6,9,0,15
300211201,0,0,4,1,5
300211202,0,0,4,0,4
300211203,0,7,16,0,23
300211204,0,6,33,1,40
300211205,0,6,10,5,21
300211206,0,8,19,1,28
300211207,0,0,19,4,23
300211208,0,13,20,1,34
300211209,0,1,23,3,27
300211210,0,37,140,3,180
300211211,0,10,2,1,13
300211212,0,10,26,1,37
300211301,0,2,9,3,14
300211302,0,0,5,5,10
300280101,85,0,0,0,85
300280102,320,1,0,0,321
300280103,218,1,0,0,219
300280104,178,1,0,0,179
300280105,345,3,3,0,351
300280106,297,1,0,0,298
300280107,253,2,0,0,255
300280108,208,0,0,0,208
300280109,167,3,0,0,170
300280110,320,0,0,0,320
300280111,151,5,0,0,156
300280112,192,4,0,0,196
300280113,63,26,20,0,109
300280114,9,18,15,0,42
300280201,1,39,15,1,56
300280202,10,12,20,0,42
300280203,143,24,75,0,242
300280204,346,5,0,0,351
300280205,300,9,7,0,316
300280206,171,40,61,0,272
300280301,0,24,10,0,34
300280302,0,7,0,0,7
300280303,0,45,30,0,75
300280304,0,5,0,0,5
300280305,0,18,3,0,21
300280306,0,35,15,0,50
300280307,0,2,1,0,3
300280308,0,10,2,0,12
300280401,147,0,0,0,147
300280402,238,10,3,0,251
300280403,330,4,1,0,335
300280404,217,3,3,0,223
300280405,201,4,1,0,206
300280406,270,8,0,0,278
300280407,136,13,14,16,179
300280408,232,3,10,0,245
300280409,150,4,4,2,160
300280410,228,1,7,2,238
300280411,209,0,1,0,210
300280412,228,3,2,0,233
300280413,185,11,0,0,196
300280414,188,1,3,0,192
300280415,196,7,3,0,206
300280416,274,0,1,0,275
300280417,220,3,3,2,228
300280418,255,4,5,0,264
300280419,258,5,0,0,263
300280501,197,9,5,0,211
300280502,272,2,5,0,279
300280503,260,7,5,0,272
300280504,169,4,22,3,198
300280505,278,11,10,8,307
300280506,129,1,0,0,130
300280507,261,2,0,0,263
300280508,177,0,0,0,177
300280509,235,0,0,0,235
300280510,172,0,0,0,172
300280511,217,1,0,0,218
300280512,315,3,1,1,320
300280513,138,14,3,1,156
300280514,287,2,0,0,289
300280515,207,0,0,0,207
300280516,140,1,1,0,142
300280517,298,14,2,0,314
300280518,261,15,12,1,289
300280519,235,4,4,0,243
300280601,12,45,13,4,74
300280602,11,34,13,0,58
300280603,67,95,17,0,179
300280604,0,35,3,0,38
300280605,16,46,30,1,93
300280606,47,47,2,2,98
300280607,108,7,3,0,118
300280608,171,15,9,2,197
300280609,191,14,1,1,207
300280610,0,21,3,0,24
300280611,0,53,5,0,58
300280701,0,2,0,0,2
300280702,0,2,1,0,3
300280703,0,7,2,0,9
300280704,0,21,7,2,30
300280705,0,1,2,0,3
300280706,0,5,6,1,12
300280707,0,5,3,0,8
300280708,18,33,42,2,95
300280709,201,31,23,1,256
300280710,293,15,25,0,333
300280711,200,6,9,1,216
300280712,105,38,42,4,189
300280801,0,39,1,0,40
300280802,0,34,2,1,37
300280803,0,51,7,0,58
300280804,0,3,0,0,3
300280805,37,30,10,1,78
300280806,0,42,1,0,43
300280807,0,19,2,0,21
300280808,0,54,10,0,64
300280809,295,2,3,1,301
300280810,185,0,0,0,185
300280811,135,10,2,0,147
300280812,112,0,0,0,112
300280901,2,25,8,0,35
300280902,0,15,0,0,15
300280903,0,56,5,1,62
300280904,0,44,8,0,52
300280905,0,29,1,0,30
300280906,1,23,6,1,31
300280907,231,1,1,0,233
300281001,0,7,1,0,8
300281002,0,16,6,0,22
300281003,0,7,0,0,7
300281004,0,3,1,0,4
300281005,2,17,15,0,34
300281006,0,6,0,0,6
300281007,0,6,3,0,9
300281008,3,54,22,3,82
300281101,0,18,1,0,19
300281102,0,1,1,0,2
300281103,0,11,21,0,32
300281104,0,24,11,0,35
300281105,0,11,0,0,11
300281106,0,8,3,0,11
300281107,67,99,13,0,179
300281108,19,108,11,0,138
300281201,0,45,4,0,49
300281202,0,1,1,0,2
300281203,1,27,1,0,29
300281204,9,46,4,1,60
300281205,0,28,1,0,29
300281206,0,35,0,0,35
300281207,0,47,10,1,58
300281208,33,156,17,2,208
300281209,1,9,2,0,12
300281210,53,33,2,0,88
300281211,19,28,4,0,51
300281212,10,47,5,0,62
300281213,0,27,6,0,33
300281214,0,34,7,0,41
300281215,36,64,10,6,116
300281301,0,14,0,0,14
300281302,0,10,0,0,10
300281303,0,51,7,3,61
300281304,2,19,5,0,26
300281305,0,8,0,0,8
300281306,1,28,2,0,31
300281307,0,40,12,1,53
300281308,0,8,2,0,10
300281309,54,38,15,1,108
300281310,0,8,3,0,11
300350101,18,33,145,0,196
300350102,66,44,84,0,194
300350103,143,10,5,0,158
300350104,379,2,3,0,384
300350105,26,97,154,2,279
300350106,36,15,177,0,228
300350107,267,1,3,0,271
300350108,190,0,1,0,191
300350109,116,1,15,1,133
300350110,147,26,44,0,217
300350111,115,1,15,1,132
300350112,286,2,5,1,294
300350113,269,1,2,0,272
300350114,144,22,23,0,189
300350115,133,20,61,0,214
300350116,138,53,112,0,303
300350117,246,33,26,0,305
300350118,211,12,6,0,229
300350119,52,26,132,1,211
300350201,0,2,9,0,11
300350202,0,13,23,3,39
300350203,0,23,28,3,54
300350204,1,39,118,7,165
300350205,0,6,25,1,32
300350206,0,21,48,0,69
300350301,0,1,2,1,4
300350302,0,2,3,0,5
300350303,0,2,6,1,9
300350304,1,9,2,0,12
300350305,0,1,4,0,5
300350401,0,0,24,1,25
300350402,0,0,6,0,6
300350403,1,6,24,3,34
300350404,0,3,1,0,4
300350405,0,12,9,0,21
300350406,0,12,2,0,14
300350407,0,6,13,5,24
300350408,0,19,12,0,31
300350409,0,26,18,1,45
300350410,0,0,4,3,7
300350411,1,5,5,0,11
300350412,0,2,4,0,6
300350413,0,0,3,0,3
300350414,80,3,9,1,93
300350501,0,6,7,0,13
300350502,0,5,11,0,16
300350503,0,1,3,0,4
300350504,0,3,21,2,26
300350505,0,6,6,0,12
300350506,1,3,7,2,13
300350507,24,27,15,0,66
300350601,0,3,1,0,4
300350602,3,0,4,0,7
300350603,0,7,11,0,18
300350604,0,1,7,0,8
300350605,0,17,7,0,24
300350606,0,8,4,0,12
300350701,0,21,23,4,48
300350702,0,20,8,0,28
300350703,0,7,10,1,18
300350704,1,5,15,0,21
300350705,0,15,6,3,24
300350706,0,29,7,0,36
300350801,0,12,14,0,26
300350802,0,20,16,1,37
300350803,0,8,12,7,27
300350804,0,31,3,3,37
300350805,0,18,8,0,26
300350901,0,5,15,1,21
300350902,5,15,13,1,34
300350903,0,7,2,0,9
300350904,0,3,1,0,4
300350905,0,9,18,0,27
300350906,0,2,8,0,10
300350907,0,4,3,1,8
300351001,0,1,0,0,1
300351002,0,2,2,0,4
300351003,1,11,14,2,28
300351004,0,7,4,2,13
300351005,5,46,31,1,83
300351006,31,32,28,0,91
300351007,150,14,33,0,197
300351101,0,0,15,0,15
300351102,7,7,20,1,35
300351103,183,67,87,1,338
300351104,174,13,7,1,195
300351105,157,31,14,1,203
300351106,133,0,1,0,134
300420101,118,30,57,0,205
300420102,118,68,50,0,236
300420103,137,25,45,0,207
300420104,268,2,13,0,283
300420105,189,3,3,0,195
300420106,253,10,7,0,270
300420107,229,11,8,0,248
300420108,79,54,34,0,167
300420109,107,14,7,0,128
300420110,193,13,8,1,215
300420111,124,39,52,1,216
300420112,129,13,34,0,176
300420201,0,36,20,0,56
300420202,0,25,36,2,63
300420203,1,19,18,3,41
300420204,4,55,58,2,119
300420205,24,44,28,0,96
300420206,0,25,56,5,86
300420301,0,7,15,2,24
300420302,0,28,27,1,56
300420303,0,19,42,8,69
300420304,0,2,4,0,6
300420305,0,15,30,4,49
300420401,0,3,11,0,14
300420402,1,17,4,2,24
300420403,1,10,2,0,13
300420404,0,8,38,0,46
300420405,0,4,4,0,8
300420406,0,22,1,0,23
300420501,0,12,4,1,17
300420502,0,0,4,0,4
300420503,21,39,40,2,102
300420504,0,19,13,1,33
300420601,0,1,4,0,5
300420602,0,5,22,0,27
300420603,1,15,16,0,32
300420604,0,16,17,0,33
300420605,0,13,3,0,16
300420701,0,11,6,0,17
300420702,0,13,1,0,14
300420703,0,25,8,5,38
300420704,0,30,51,0,81
300490101,31,28,32,0,91
300490102,318,31,76,0,425
300490103,115,79,58,0,252
300490104,136,5,13,0,154
300490105,301,4,7,0,312
300490106,309,9,6,0,324
300490107,284,6,11,0,301
300490108,293,5,4,0,302
300490109,148,1,0,0,149
300490110,188,0,0,0,188
300490111,263,3,1,0,267
300490112,200,0,0,0,200
300490113,152,3,0,0,155
300490114,140,4,1,0,145
300490201,227,6,9,0,242
300490202,335,18,10,0,363
300490203,186,12,8,0,206
300490204,175,4,1,0,180
300490205,187,8,4,0,199
300490206,174,13,5,0,192
300490207,148,1,0,0,149
300490208,195,1,0,0,196
300490209,221,2,4,0,227
300490210,301,18,14,0,333
300490211,262,1,0,0,263
300490212,130,0,0,0,130
300490213,230,0,0,0,230
300490214,165,2,0,0,167
300490215,131,0,0,0,131
300490216,95,11,14,1,121
300490217,55,21,5,1,82
300490218,263,4,2,0,269
300490219,268,0,1,0,269
300490220,260,11,9,0,280
300490221,165,39,26,0,230
300490222,125,26,63,0,214
300490301,367,8,11,1,387
300490302,195,0,0,0,195
300490303,139,1,0,0,140
300490304,181,0,0,0,181
300490305,234,0,0,0,234
300490306,283,6,7,0,296
300490307,238,14,5,0,257
300490308,322,2,17,1,342
300490309,358,15,7,0,380
300490310,326,7,30,0,363
300490311,11,15,116,0,142
300490312,162,30,44,0,236
300490401,0,71,62,0,133
300490402,2,41,48,5,96
300490403,2,33,50,0,85
300490404,0,10,4,1,15
300490405,8,2,9,0,19
300490406,0,2,5,0,7
300490407,0,65,38,1,104
300490408,0,15,24,0,39
300490409,14,31,84,0,129
300490410,2,0,2,0,4
300490411,1,101,64,0,166
300490412,233,30,80,1,344
300490413,228,35,38,1,302
300490414,165,19,39,4,227
300490415,113,48,42,1,204
300490416,0,0,3,0,3
300490417,11,54,21,0,86
300490501,0,2,21,0,23
300490502,0,10,4,0,14
300490503,0,15,19,0,34
300490504,0,9,3,2,14
300490505,0,8,14,0,22
300490506,0,0,18,0,18
300490507,0,7,19,0,26
300490508,0,21,9,1,31
300490509,0,14,15,1,30
300490510,0,18,16,1,35
300490511,0,56,52,1,109
300490512,0,15,33,0,48
300490513,0,5,11,0,16
300490601,0,11,11,4,26
300490602,5,14,7,0,26
300490603,0,8,15,0,23
300490604,0,6,10,0,16
300490605,0,10,21,0,31
300490606,0,6,16,0,22
300490607,0,7,2,0,9
300490608,1,2,0,0,3
300490609,0,32,4,0,36
300490610,0,3,9,0,12
300490611,1,45,50,5,101
300490701,0,11,6,0,17
300490702,0,35,19,0,54
300490703,0,18,1,0,19
300490704,0,5,2,0,7
300490705,0,3,7,0,10
300490706,0,22,17,0,39
300490707,1,14,5,0,20
300490708,0,23,8,0,31
300490709,0,7,7,0,14
300490710,0,7,4,0,11
300490711,0,5,9,0,14
300490712,0,1,8,1,10
300490801,0,0,3,3,6
300490802,0,8,15,1,24
300490803,0,0,8,16,24
300490804,0,0,5,0,5
300490805,0,8,19,1,28
300490806,1,21,13,9,44
300490807,0,1,8,0,9
300490901,0,1,10,15,26
300490902,0,0,34,36,70
300491001,0,1,0,0,1
300491002,0,6,4,0,10
300491003,0,8,11,1,20
300491004,3,5,10,0,18
300491005,30,13,35,1,79
300491006,194,2,3,0,199
300491007,291,5,6,2,304
300491008,178,0,6,0,184
300491009,136,3,1,0,140
300491010,315,3,4,0,322
300491011,284,9,12,1,306
300560101,217,33,42,5,297
300560102,222,4,13,0,239
300560103,333,11,18,0,362
300560104,289,12,6,0,307
300560105,352,8,10,0,370
300560106,340,6,12,0,358
300560107,308,35,28,0,371
300560108,327,11,2,0,340
300560109,212,12,14,0,238
300560110,332,23,21,1,377
300560111,336,7,1,0,344
300560112,155,0,0,0,155
300560113,184,1,0,0,185
300560114,227,1,0,0,228
300560115,382,3,12,0,397
300560116,322,14,2,0,338
300560117,281,7,2,0,290
300560118,113,1,0,0,114
300560119,193,1,0,0,194
300560120,227,0,0,0,227
300560121,169,1,0,0,170
300560122,227,0,0,0,227
300560201,256,13,5,0,274
300560202,195,12,18,0,225
300560203,315,6,35,3,359
300560204,136,4,12,0,152
300560205,330,8,27,1,366
300560206,355,15,5,0,375
300560207,232,0,3,0,235
300560208,195,3,1,0,199
300560209,189,14,0,0,203
300560210,190,5,0,0,195
300560211,141,1,0,0,142
300560212,199,1,1,0,201
300560213,210,3,1,0,214
300560214,229,4,1,0,234
300560215,221,3,3,0,227
300560216,285,4,2,0,291
300560217,218,10,1,0,229
300560218,181,4,2,0,187
300560219,169,0,0,0,169
300560220,266,0,0,0,266
300560221,177,0,0,0,177
300560301,76,0,0,0,76
300560302,119,0,0,0,119
300560303,255,0,0,0,255
300560304,181,0,0,0,181
300560305,128,0,0,0,128
300560306,174,4,0,0,178
300560307,213,1,0,0,214
300560308,272,5,1,0,278
300560309,175,0,0,0,175
300560310,243,0,0,0,243
300560311,181,4,0,0,185
300560312,217,3,1,0,221
300560313,318,6,10,0,334
300560314,262,8,0,0,270
300560315,110,5,3,0,118
300560316,198,7,3,0,208
300560317,308,11,9,0,328
300560318,313,5,9,0,327
300560319,114,4,3,0,121
300560401,214,0,0,0,214
300560402,187,4,1,0,192
300560403,142,0,0,0,142
300560404,160,0,0,0,160
300560405,316,1,0,0,317
300560406,233,4,4,0,241
300560407,270,2,0,0,272
300560408,297,22,13,0,332
300560409,304,8,20,0,332
300560410,350,6,3,0,359
300560411,272,3,10,0,285
300560412,222,14,24,0,260
300560413,188,14,38,0,240
300560414,280,29,73,0,382
300560415,163,49,93,0,305
300560416,112,26,59,1,198
300560417,203,29,48,0,280
300560418,178,23,52,0,253
300560501,29,87,24,0,140
300560502,138,11,2,0,151
300560503,135,8,1,0,144
300560504,316,1,0,0,317
300560505,139,10,41,0,190
300560506,154,2,0,0,156
300560507,218,4,7,0,229
300560508,179,3,37,0,219
300560509,176,6,15,0,197
300560510,217,17,13,0,247
300560511,279,16,4,0,299
300560512,153,15,14,3,185
300560513,266,23,12,0,301
300560601,0,30,31,0,61
300560602,40,45,34,0,119
300560603,12,8,3,0,23
300560604,9,19,15,0,43
300560605,363,3,1,0,367
300560606,268,3,34,0,305
300560607,96,18,5,0,119
300560608,325,19,5,0,349
300560609,0,15,8,0,23
300560610,102,68,28,0,198
300560611,0,52,14,0,66
300560612,0,11,8,0,19
300560701,384,4,0,0,388
300560702,167,63,104,0,334
300560703,9,49,11,0,69
300560704,0,25,7,0,32
300560705,1,49,34,0,84
300560706,51,105,115,1,272
300560707,0,24,28,0,52
300560801,0,5,9,0,14
300560802,0,8,4,0,12
300560803,0,0,1,0,1
300560804,0,27,15,0,42
300560805,0,0,14,0,14
300560806,0,9,1,0,10
300560807,0,3,2,1,6
300560808,0,12,26,0,38
300560809,0,14,13,0,27
300560810,8,11,37,0,56
300560811,113,6,18,0,137
300560812,43,21,31,0,95
300560901,0,9,9,0,18
300560902,0,42,2,0,44
300560903,1,0,6,0,7
300560904,0,9,3,0,12
300560905,0,4,4,0,8
300560906,0,18,4,0,22
300560907,1,25,15,0,41
300560908,1,27,20,0,48
300560909,0,34,1,1,36
300560910,0,3,12,0,15
300560911,0,78,38,0,116
300560912,0,7,2,0,9
300560913,0,9,6,0,15
300560914,0,6,0,0,6
300560915,147,0,0,0,147
300560916,204,6,2,0,212
300561001,2,9,22,9,42
300561002,0,3,2,0,5
300561003,0,25,17,0,42
300561004,1,55,10,1,67
300561005,0,28,9,0,37
300561006,0,2,3,0,5
300561007,0,5,9,0,14
300561008,0,6,16,0,22
300561009,0,42,33,0,75
300561010,0,17,2,0,19
300561011,0,13,35,0,48
300561101,0,0,5,0,5
300561102,0,10,7,0,17
300561103,0,8,8,0,16
300561104,0,3,11,0,14
300561105,0,13,2,0,15
300561106,0,12,7,0,19
300561107,1,11,6,0,18
300561108,0,2,5,0,7
300561109,0,14,5,0,19
300561110,1,7,6,3,17
300561111,0,66,39,0,105
300561201,1,33,38,0,72
300561202,1,23,22,1,47
300561203,0,15,8,1,24
300561204,0,29,4,0,33
300561205,0,38,8,0,46
300561206,1,18,32,0,51
300561207,0,32,7,0,39
300561208,0,20,19,0,39
300561209,0,8,8,0,16
300561301,0,5,2,0,7
300561302,0,18,21,5,44
300561303,0,19,3,0,22
300561304,0,7,4,0,11
300561305,0,11,1,0,12
300561306,0,30,18,0,48
300561307,0,3,14,0,17
300561308,0,7,21,1,29
300561309,0,0,8,0,8
300561310,0,14,9,1,24
300561401,0,34,13,1,48
300561402,0,7,3,0,10
300561403,0,15,2,0,17
300561404,0,13,2,0,15
300561405,0,8,7,2,17
300561406,0,110,113,0,223
300561501,48,109,14,1,172
300561502,121,38,38,2,199
300561503,113,76,33,0,222
300561504,149,38,11,0,198
300561505,140,7,2,0,149
300561506,210,4,2,0,216
300561507,267,11,1,0,279
300561508,160,1,0,0,161
300561509,243,6,3,0,252
300561510,96,8,4,0,108
300561511,208,28,24,0,260
300561512,241,0,1,0,242
300561513,203,66,13,0,282
300561601,5,42,15,0,62
300561602,16,20,10,0,46
300561603,0,0,1,0,1
300561604,38,76,16,2,132
300561605,0,9,7,0,16
300561701,2,2,16,0,20
300561702,7,21,35,0,63
300561703,115,14,30,0,159
300561704,245,11,5,0,261
300561705,226,7,13,0,246
300561706,85,29,18,1,133
300561707,166,29,24,0,219
300561708,171,2,2,0,175
300561709,159,2,5,0,166
300561710,94,13,45,0,152
300561711,149,14,10,0,173
300561712,134,17,21,0,172
300561801,0,33,0,0,33
300561802,0,9,4,0,13
300561803,0,6,2,0,8
300561804,0,19,10,0,29
300561805,0,20,2,0,22
300561806,0,15,3,0,18
300561807,0,10,7,0,17
300561808,5,51,5,2,63
300561809,0,53,17,0,70
300561810,24,115,18,0,157
300561811,3,124,57,0,184
300561812,2,79,47,0,128
300561813,1,57,36,0,94
300561814,19,55,17,0,91
300561815,3,11,7,0,21
300630101,0,20,9,1,30
300630102,0,6,11,6,23
300630103,13,49,28,10,100
300630104,1,22,15,5,43
300630105,0,14,17,1,32
300630106,0,2,8,1,11
300630107,0,32,14,1,47
300630108,0,27,12,1,40
300630109,0,2,2,2,6
300630110,149,53,53,3,258
300630111,120,96,20,2,238
300630201,22,5,6,3,36
300630202,0,9,7,0,16
300630203,18,19,24,2,63
300630204,115,126,30,2,273
300630205,180,93,48,0,321
300630206,113,119,55,1,288
300630207,9,111,152,0,272
300630301,0,14,20,7,41
300630302,0,8,6,0,14
300630303,0,10,13,3,26
300630304,3,86,83,2,174
300630401,0,2,1,0,3
300630402,0,0,1,0,1
300630403,0,0,6,0,6
300630404,0,1,3,1,5
300630405,0,9,5,0,14
300630406,0,15,33,2,50
300630407,0,3,5,2,10
300630408,0,4,12,0,16
300630409,0,3,11,0,14
300630410,0,0,1,0,1
300630411,0,2,1,0,3
300630412,2,100,70,5,177
300630413,7,151,88,8,254
300630501,0,1,18,4,23
300630502,0,7,25,1,33
300630503,0,2,4,0,6
300630504,0,17,12,2,31
300630505,5,46,19,2,72
300630506,0,1,6,0,7
300630507,0,11,15,5,31
300630508,1,50,60,12,123
300630509,2,25,20,5,52
300630510,0,3,6,1,10
300630511,0,6,3,3,12
300630512,0,4,36,2,42
300630513,0,3,0,1,4
300630514,0,0,1,0,1
300700101,88,8,8,0,104
300700102,161,2,0,0,163
300700103,119,17,10,0,146
300700104,83,33,63,1,180
300700105,51,52,78,0,181
300700106,10,75,164,1,250
300700107,152,45,8,0,205
300700108,198,26,18,1,243
300700109,217,12,25,0,254
300700110,127,2,50,5,184
300700111,157,20,35,0,212
300700112,171,2,2,0,175
300700113,269,4,21,0,294
300700114,270,21,53,4,348
300700115,282,8,24,0,314
300700201,95,64,109,1,269
300700202,176,9,7,2,194
300700203,211,7,22,0,240
300700204,33,49,116,9,207
300700205,75,26,38,0,139
300700206,214,32,9,1,256
300700207,38,39,54,3,134
300700208,1,46,84,8,139
300700209,64,14,128,0,206
300700210,45,63,95,1,204
300700301,0,2,2,1,5
300700302,2,18,39,0,59
300700303,147,36,43,1,227
300700304,63,103,73,0,239
300700305,2,54,38,0,94
300700306,39,4,17,3,63
300700307,0,12,34,1,47
300700308,242,0,4,0,246
300700309,113,2,7,0,122
300700310,257,17,7,0,281
300700311,55,51,42,2,150
300700312,27,16,26,0,69
300700313,0,8,13,4,25
300700314,0,1,8,0,9
300700401,0,27,17,3,47
300700402,0,12,21,1,34
300700403,0,4,0,1,5
300700404,0,0,12,0,12
300700405,0,8,6,5,19
300700406,41,29,11,0,81
300700407,0,27,10,3,40
300700408,1,16,43,5,65
300700409,1,9,17,1,28
300700410,0,2,1,0,3
300700411,0,27,15,4,46
300700412,0,12,2,0,14
300700413,0,24,8,1,33
300700414,0,15,9,6,30
300700415,0,38,17,0,55
300700416,0,13,1,3,17
300700501,0,23,7,1,31
300700502,0,7,9,0,16
300700503,0,25,5,2,32
300700504,0,7,0,0,7
300700505,0,24,18,1,43
300700506,0,32,8,0,40
300700507,0,13,21,1,35
300700508,1,2,4,0,7
300700509,0,18,9,0,27
300700510,7,38,77,2,124
300700511,3,78,114,2,197
300700601,2,5,1,0,8
300700602,0,8,2,0,10
300700603,0,0,9,1,10
300700604,0,9,11,0,20
300700605,0,2,2,0,4
300700606,0,1,3,0,4
300700607,0,17,1,0,18
300700608,1,3,58,0,62
300700609,0,2,21,1,24
300700701,0,33,13,4,50
300700702,0,13,5,2,20
300700703,0,14,18,12,44
300700704,0,15,4,0,19
300700705,0,7,19,5,31
300700706,0,19,22,5,46
300700801,0,3,5,1,9
300700802,0,5,4,0,9
300700803,1,12,8,4,25
300700804,0,2,8,3,13
300700805,0,10,4,2,16
300700806,0,11,9,0,20
300700807,0,6,10,0,16
300700808,1,2,7,0,10
300700809,0,11,5,0,16
300700810,73,22,28,1,124
300700901,0,15,16,0,31
300700902,0,3,4,0,7
300700903,0,39,24,3,66
300700904,0,6,20,0,26
300700905,0,15,7,1,23
300700906,0,4,1,0,5
300700907,0,38,23,0,61
300700908,0,8,23,0,31
300700909,0,48,24,0,72
300701001,0,0,1,0,1
300701002,1,2,8,0,11
300701003,44,18,46,1,109
300701004,143,2,42,0,187
300701005,181,7,15,0,203
300701006,118,7,5,0,130
300701007,154,5,0,0,159
300701008,248,20,33,1,302
300701009,258,2,10,0,270
300701010,318,2,3,0,323
300701011,155,21,13,1,190
300701101,160,27,5,0,192
300701102,110,34,6,4,154
300701103,185,22,3,8,218
300701104,292,8,13,5,318
300701105,144,18,13,1,176
300701106,355,0,1,0,356
300701107,223,0,1,0,224
300701108,217,0,0,0,217
300701109,139,29,42,0,210
300701110,295,28,18,1,342
300701111,239,22,31,9,301
300701112,3,12,62,0,77
300701201,0,22,38,15,75
300701202,0,7,11,3,21
300701203,0,12,7,1,20
300701204,0,25,38,1,64
300701205,0,13,12,0,25
300701206,0,3,24,0,27
300701207,1,17,20,0,38
300701208,0,17,8,0,25
300701209,0,17,16,0,33
300701210,0,19,0,0,19
300701211,0,0,0,0,0
300701212,65,13,4,0,82
300701213,246,25,36,1,308
300701301,2,52,21,0,75
300701302,4,42,39,2,87
300701303,0,11,13,0,24
300701304,0,27,14,1,42
300701305,0,3,7,0,10
300701306,0,9,9,0,18
300701307,0,6,14,0,20
300701308,29,10,15,1,55
300701309,159,11,7,0,177
300701310,110,2,2,0,114
300701311,162,1,6,0,169
300701312,150,1,5,0,156
300701401,0,7,5,0,12
300701402,0,9,6,0,15
300701403,0,7,7,0,14
300701404,5,9,3,0,17
300701405,263,6,25,3,297
300701406,213,5,8,0,226
300701407,190,14,2,0,206
300701408,213,7,13,1,234
300701409,199,5,21,0,225
300701410,207,0,0,0,207
300701411,366,1,2,2,371
300701412,248,1,6,0,255
300701413,313,3,7,0,323
300701501,0,0,3,0,3
300770101,13,23,81,2,119
300770102,255,8,6,0,269
300770103,169,1,7,1,178
300770104,180,8,14,0,202
300770105,173,7,43,0,223
300770106,174,3,13,0,190
300770107,208,3,3,0,214
300770108,177,5,1,0,183
300770109,219,2,5,0,226
300770110,332,2,14,0,348
300770111,139,3,3,0,145
300770112,59,4,30,1,94
300770113,287,3,13,0,303
300770114,275,1,0,0,276
300770115,233,0,1,0,234
300770201,223,1,3,0,227
300770202,281,2,7,0,290
300770203,122,2,6,0,130
300770204,205,1,2,0,208
300770205,217,0,0,0,217
300770206,163,8,18,0,189
300770207,219,8,9,0,236
300770208,208,2,0,0,210
300770209,182,0,2,0,184
300770210,233,0,7,0,240
300770211,244,5,4,0,253
300770212,83,2,17,0,102
300770213,277,0,1,0,278
300770214,169,1,7,1,178
300770215,208,2,0,0,210
300770216,310,2,1,0,313
300770217,85,1,24,0,110
300770301,0,8,9,1,18
300770302,5,11,57,2,75
300770303,6,3,11,0,20
300770304,11,14,52,5,82
300770305,19,12,69,0,100
300770306,3,4,63,0,70
300770401,0,10,3,1,14
300770402,0,10,9,1,20
300770403,0,18,20,0,38
300770404,0,9,15,3,27
300770405,5,5,38,1,49
300770406,0,19,5,3,27
300770407,0,13,5,0,18
300770408,0,1,35,1,37
300770409,0,9,3,1,13
300770410,1,8,14,6,29
300770411,0,5,19,1,25
300770412,0,3,9,0,12
300770413,0,3,4,0,7
300770414,0,13,23,2,38
300770415,0,8,16,0,24
300770416,0,12,13,5,30
300770417,0,9,5,1,15
300770501,0,9,19,3,31
300770502,0,1,3,1,5
300770503,0,3,20,0,23
300770504,0,6,5,2,13
300770505,0,11,33,0,44
300770506,0,7,28,1,36
300770507,0,8,28,1,37
300770508,1,4,12,0,17
300770509,0,2,3,0,5
300770510,0,18,12,1,31
300770511,0,9,1,0,10
300770512,0,0,5,0,5
300770513,0,2,28,0,30
300770514,0,3,19,1,23
300770515,0,4,11,4,19
300770516,0,11,34,1,46
300770517,0,1,23,0,24
300770518,0,3,17,0,20
300770519,0,0,7,0,7
300770601,0,25,21,0,46
300770602,0,0,10,0,10
300770603,0,18,20,2,40
300770604,0,4,2,0,6
300770605,0,22,19,2,43
300770606,0,7,23,6,36
300770607,1,10,21,2,34
300770608,0,0,13,0,13
300770609,0,5,11,1,17
300770610,0,17,13,0,30
300770611,0,11,8,0,19
300770612,0,35,55,4,94
300770613,0,2,3,0,5
300770701,0,29,18,0,47
300770702,0,12,18,0,30
300770703,0,9,6,0,15
300770704,0,5,14,0,19
300770705,1,1,22,0,24
300770706,196,12,26,0,234
300770707,210,27,19,0,256
300770708,0,7,3,0,10
300770709,1,11,12,0,24
300770710,1,11,9,0,21
300770711,0,1,6,0,7
300770801,67,7,14,0,88
300770802,136,1,2,0,139
300770803,138,5,2,0,145
300770804,148,3,19,0,170
300770805,0,16,14,1,31
300770806,25,8,27,0,60
300770807,0,1,4,1,6
300770901,0,7,11,1,19
300770902,1,1,11,0,13
300770903,0,21,4,0,25
300770904,1,17,42,1,61
300770905,0,0,8,0,8
300770906,0,21,70,1,92
300770907,0,4,14,1,19
300770908,0,1,17,0,18
300771001,0,4,20,3,27
300771002,0,12,13,1,26
300771003,0,1,11,1,13
300771004,0,0,9,0,9
300771005,0,0,12,0,12
300771006,0,1,3,0,4
300771101,1,21,13,0,35
300771102,0,20,0,0,20
300771103,0,3,54,0,57
300771104,0,12,9,0,21
300771105,0,0,18,2,20
300771106,0,4,4,0,8
300771107,0,1,2,0,3
300771108,0,6,13,0,19
300771109,0,14,11,0,25
300771110,0,9,24,0,33
300771111,1,9,15,0,25
300771112,3,1,30,0,34
300771113,0,11,26,1,38
300771114,0,5,22,2,29
300771115,0,13,5,1,19
300771201,200,12,78,0,290
300771202,71,11,48,1,131
300771203,203,8,2,0,213
300771204,139,13,44,1,197
300771205,190,7,2,0,199
300771206,75,19,76,0,170
300771207,158,19,57,1,235
300771208,3,9,21,1,34
300771209,2,5,19,3,29
300771210,0,5,9,0,14
300771211,0,7,2,0,9
300771212,0,0,4,2,6
300771213,0,0,2,0,2
300840101,27,89,146,0,262
300840102,1,62,175,3,241
300840103,15,60,29,0,104
300840104,5,57,212,1,275
300840105,19,57,179,1,256
300840106,3,31,153,0,187
300840107,15,31,115,7,168
300840108,211,26,122,0,359
300840109,37,23,52,0,112
300840110,162,5,27,0,194
300840111,240,8,74,3,325
300840112,48,103,149,5,305
300840113,215,20,84,5,324
300840114,335,15,36,1,387
300840201,110,22,80,3,215
300840202,170,0,0,0,170
300840203,235,0,0,0,235
300840204,196,0,0,0,196
300840205,325,0,1,0,326
300840206,186,0,0,0,186
300840207,163,5,6,0,174
300840208,257,25,16,0,298
300840209,229,1,2,0,232
300840210,128,0,0,0,128
300840211,197,0,0,0,197
300840212,249,0,0,0,249
300840213,253,1,0,0,254
300840214,158,0,0,0,158
300840215,238,1,12,0,251
300840216,128,68,121,1,318
300840217,253,13,6,0,272
300840218,245,2,0,0,247
300840219,223,0,0,0,223
300840220,205,1,0,0,206
300840221,205,3,0,0,208
300840222,168,0,0,0,168
300840223,167,0,0,0,167
300840224,157,0,0,0,157
300840301,318,8,6,0,332
300840302,5,32,254,3,294
300840303,150,59,33,0,242
300840304,206,9,23,0,238
300840305,117,68,206,9,400
300840306,266,0,0,0,266
300840307,207,1,0,0,208
300840308,218,0,0,0,218
300840309,266,2,0,0,268
300840310,259,20,26,0,305
300840311,262,1,1,0,264
300840312,212,4,3,0,219
300840313,181,0,0,0,181
300840314,317,2,0,0,319
300840315,139,1,2,0,142
300840316,193,0,1,0,194
300840317,231,1,1,0,233
300840318,424,1,0,0,425
300840319,116,0,0,0,116
300840320,220,1,0,0,221
300840321,174,1,0,0,175
300840322,110,0,0,0,110
300840323,170,0,0,0,170
300840401,13,60,243,1,317
300840402,6,42,168,18,234
300840403,23,77,11,1,112
300840404,81,179,106,0,366
300840405,21,133,118,2,274
300840406,184,40,10,0,234
300840407,134,24,39,0,197
300840408,177,30,35,0,242
300840409,147,45,144,6,342
300840410,145,46,44,4,239
300840411,257,23,102,11,393
300840412,214,37,36,0,287
300840413,189,26,15,0,230
300840414,244,39,5,0,288
300840415,350,18,17,3,388
300840416,270,47,72,0,389
300840417,234,47,59,0,340
300840418,179,38,86,0,303
300840419,20,24,106,0,150
300840420,227,4,0,0,231
300840421,227,9,4,0,240
300840501,330,38,24,0,392
300840502,191,26,23,0,240
300840503,151,30,40,0,221
300840504,254,13,72,0,339
300840505,91,205,197,7,500
300840506,111,74,37,0,222
300840507,197,18,18,0,233
300840508,238,22,44,0,304
300840509,164,12,8,0,184
300840510,212,16,9,0,237
300840511,145,10,14,1,170
300840512,328,2,0,0,330
300840513,227,0,0,0,227
300840514,369,0,0,0,369
300840515,202,1,0,0,203
300840516,234,74,62,1,371
300840517,34,103,130,0,267
300840518,21,103,107,2,233
300840519,95,77,48,0,220
300840520,203,36,35,5,279
300840521,151,28,35,0,214
300840522,316,25,9,0,350
300840523,282,25,59,0,366
300840524,298,24,24,0,346
300840601,332,0,0,0,332
300840602,104,0,0,0,104
300840603,185,1,0,0,186
300840604,308,0,1,0,309
300840605,211,0,0,0,211
300840606,188,3,0,0,191
300840607,185,1,0,0,186
300840608,333,2,0,0,335
300840609,133,1,0,0,134
300840610,80,0,1,0,81
300840611,125,0,0,0,125
300840612,237,3,4,0,244
300840613,162,1,0,1,164
300840614,176,1,0,0,177
300840615,263,1,0,0,264
300840616,300,2,1,0,303
300840617,280,1,0,0,281
300840618,253,1,0,0,254
300840619,279,2,0,0,281
300840620,343,0,0,0,343
300840621,302,2,5,0,309
300840622,203,1,13,0,217
300840623,253,5,14,0,272
300840701,197,7,42,1,247
300840702,271,2,0,0,273
300840703,120,0,0,0,120
300840704,109,0,0,0,109
300840705,154,0,0,0,154
300840706,210,0,0,0,210
300840707,153,1,0,0,154
300840708,324,1,0,0,325
300840709,372,5,1,0,378
300840710,337,2,0,0,339
300840711,354,2,0,0,356
300840712,307,16,2,0,325
300840713,70,62,187,3,322
300840714,312,19,53,4,388
300840715,273,15,19,2,309
300840801,196,2,1,0,199
300840802,297,2,1,0,300
300840803,221,9,10,0,240
300840804,315,7,20,5,347
300840805,147,76,147,0,370
300840806,135,38,125,1,299
300840807,317,5,10,0,332
300840808,175,8,2,0,185
300840809,232,1,3,0,236
300840810,282,10,13,0,305
300840811,291,2,5,0,298
300840812,209,15,24,0,248
300840813,43,1,0,0,44
300840814,306,12,14,0,332
300840815,278,7,5,0,290
300840816,40,73,188,5,306
300840817,121,34,118,1,274
300840818,336,5,6,0,347
300840819,320,11,9,0,340
300840820,298,16,3,0,317
300840821,332,34,17,0,383
300840822,142,120,86,0,348
300840823,47,65,68,1,181
300840901,278,16,18,0,312
300840902,195,39,52,0,286
300840903,118,10,9,0,137
300840904,272,8,16,0,296
300840905,154,1,0,0,155
300840906,232,2,0,0,234
300840907,390,18,25,1,434
300840908,130,1,0,0,131
300840909,286,10,4,0,300
300840910,215,15,16,0,246
300840911,320,10,2,0,332
300840912,260,3,7,0,270
300840913,344,15,7,0,366
300840914,280,10,9,0,299
300840915,115,6,13,0,134
300840916,248,12,7,0,267
300840917,359,2,0,0,361
300841001,209,37,34,0,280
300841002,147,16,94,5,262
300841003,229,10,24,0,263
300841004,128,38,13,0,179
300841005,145,42,25,0,212
300841006,172,20,24,0,216
300841007,225,23,9,0,257
300841008,256,27,16,0,299
300841009,292,20,9,0,321
300841010,173,19,30,0,222
300841011,224,38,34,0,296
300841012,195,17,26,0,238
300841013,210,24,9,0,243
300841014,316,10,25,0,351
300841015,302,5,8,0,315
300841016,144,40,22,0,206
300841017,222,35,68,0,325
300841018,149,58,103,0,310
300841019,21,43,95,0,159
300841020,296,38,16,0,350
300841021,18,80,192,0,290
300841101,80,12,15,0,107
300841102,200,15,25,0,240
300841103,141,48,126,0,315
300841104,239,2,0,0,241
300841105,95,3,19,0,117
300841106,164,45,94,8,311
300841107,253,48,72,1,374
300841108,204,20,21,0,245
300841109,57,10,4,0,71
300841110,398,5,3,0,406
300841111,72,97,98,1,268
300841112,5,119,125,0,249
300841113,1,16,157,0,174
300841114,4,79,223,1,307
300841201,11,24,44,0,79
300841202,138,37,9,0,184
300841203,3,3,44,0,50
300841204,0,39,14,0,53
300841205,136,63,35,0,234
300841206,2,53,15,0,70
300841207,284,4,2,0,290
300841208,0,13,42,1,56
300841209,0,23,31,1,55
300841210,19,62,56,0,137
300841211,28,28,109,0,165
300841212,0,0,6,0,6
300841301,8,127,155,0,290
300841302,3,26,148,0,177
300841303,1,10,32,0,43
300841304,4,50,134,0,188
300841305,34,5,3,0,42
300841306,7,19,132,1,159
300841307,3,11,150,1,165
300841401,236,20,33,0,289
300841402,313,38,18,0,369
300841403,216,52,29,0,297
300841404,22,68,244,1,335
300841405,52,44,198,1,295
300841406,272,55,73,0,400
300841407,310,40,31,0,381
300841408,150,35,49,2,236
300841409,249,34,21,0,304
300841410,176,13,84,0,273
300841411,58,96,146,0,300
300841412,8,187,151,0,346
300841413,1,74,81,0,156
300841414,45,151,147,0,343
300841415,0,47,77,0,124
300841416,3,92,198,0,293
300841417,23,84,213,4,324
300841501,251,14,6,0,271
300841502,119,2,14,3,138
300841503,384,6,11,0,401
300841504,269,7,5,0,281
300841505,135,4,5,0,144
300841506,339,1,4,0,344
300841507,339,5,11,0,355
300841508,341,5,3,0,349
300841509,153,18,22,0,193
300841510,248,14,15,0,277
300841511,158,0,3,0,161
300841512,323,1,10,0,334
300841513,0,1,3,0,4
300841601,155,19,130,0,304
300841602,217,14,9,1,241
300841603,272,10,11,0,293
300841604,222,3,0,0,225
300841605,194,4,1,0,199
300841606,282,5,10,0,297
300841607,329,4,2,0,335
300841608,324,14,8,0,346
300841609,243,15,7,0,265
300841610,115,76,90,0,281
300841611,208,64,47,0,319
300841701,35,7,47,2,91
300841702,274,3,5,0,282
300841703,256,8,8,0,272
300841704,244,16,10,0,270
300841705,232,4,10,0,246
300841706,155,6,6,0,167
300841707,367,9,7,0,383
300841708,228,13,28,1,270
300841709,275,3,1,0,279
300841710,323,2,0,0,325
300841711,219,6,34,0,259
300841712,213,6,4,0,223
300841713,271,19,24,0,314
300841714,211,23,150,0,384
300841715,203,8,46,0,257
300841716,129,15,54,0,198
300841717,155,11,21,0,187
300841718,185,2,2,0,189
300841719,307,5,25,0,337
300841801,1,7,15,0,23
300841802,7,39,198,15,259
300841803,0,32,89,4,125
300841804,1,23,61,4,89
300841901,0,15,9,2,26
300841902,0,5,5,0,10
300841903,1,2,1,0,4
300841904,1,0,3,0,4
300841905,0,37,116,0,153
300841906,0,65,70,0,135
300841907,0,19,59,0,78
300841908,0,7,9,0,16
300841909,2,46,61,0,109
300841910,2,42,104,0,148
300841911,3,57,71,0,131
300841912,1,31,17,0,49
300842001,0,3,7,0,10
300842002,0,36,36,0,72
300842003,1,48,8,0,57
300842004,29,6,11,0,46
300842005,0,2,21,0,23
300842006,0,12,12,0,24
300842007,0,12,14,0,26
300842101,1,127,185,1,314
300842102,1,28,89,0,118
300842103,0,88,69,0,157
300842104,3,39,111,0,153
300842105,0,48,61,2,111
300842106,2,94,361,0,457
300842107,3,135,103,2,243
300842108,2,109,141,0,252
300842201,0,36,120,1,157
300842202,0,46,78,3,127
300842203,1,33,21,0,55
300842204,0,30,63,1,94
300842205,1,7,65,0,73
300842206,57,111,51,0,219
300842207,0,4,31,1,36
300842208,0,8,12,0,20
300842301,1,0,6,0,7
300842302,27,8,31,1,67
300842303,0,1,4,0,5
300842304,3,8,27,0,38
300842305,152,26,34,0,212
300842306,237,4,5,1,247
300842307,151,1,3,0,155
300842308,311,6,1,0,318
300842309,301,2,4,0,307
300842310,252,5,2,0,259
300842311,1,36,16,0,53
300842401,19,18,12,0,49
300842402,0,9,15,0,24
300842403,35,11,20,0,66
300842404,0,10,25,0,35
300842405,0,26,25,0,51
300842406,0,11,19,1,31
300842407,0,33,43,0,76
300842408,0,4,9,2,15
300842409,3,120,118,1,242
300842501,0,1,5,0,6
300842502,0,1,6,0,7
300842503,0,5,31,1,37
300842504,0,7,24,3,34
300842505,0,4,22,0,26
300842506,210,0,0,0,210
300842507,176,8,54,0,238
300842508,256,8,66,0,330
300842509,216,3,48,2,269
300842510,210,2,6,1,219
300842511,230,1,2,0,233
300842512,64,3,16,0,83
300842601,0,1,3,0,4
300842602,0,1,5,0,6
300842603,0,2,3,0,5
300842604,0,2,4,3,9
300842605,0,2,12,0,14
300842606,0,0,11,0,11
300842607,1,1,23,0,25
300842608,0,3,10,0,13
300842609,1,9,39,1,50
300842610,0,10,19,0,29
300842611,0,18,0,0,18
300842612,0,11,8,1,20
300842613,0,15,18,0,33
300842614,0,9,0,0,9
300842615,1,17,89,0,107
300842616,1,43,54,0,98
300842701,2,9,8,0,19
300842702,1,9,10,1,21
300842703,204,0,0,0,204
300842704,277,2,4,0,283
300842705,271,3,1,0,275
300842706,79,3,27,0,109
300842707,315,4,2,0,321
300842708,223,1,3,0,227
300842801,21,16,55,0,92
300842802,0,3,5,0,8
300842803,0,11,11,1,23
300842804,0,0,6,0,6
300842805,0,7,10,0,17
300842806,0,12,7,3,22
300842807,0,5,4,0,9
300842808,0,8,11,1,20
300842809,0,9,16,0,25
300842810,0,4,7,1,12
300842811,0,1,11,0,12
300842812,0,9,14,1,24
300842813,0,10,7,2,19
300842901,0,5,1,0,6
300842902,0,0,9,0,9
300842903,0,4,6,0,10
300842904,0,6,5,0,11
300842905,0,0,6,1,7
300842906,0,2,9,0,11
300842907,0,4,1,0,5
300842908,0,0,2,0,2
300842909,0,4,6,0,10
300842910,16,76,114,2,208
300843001,0,6,16,0,22
300843002,30,7,14,0,51
300843003,0,8,14,0,22
300843004,0,4,5,0,9
300843005,77,0,1,0,78
300843006,219,1,1,0,221
300843007,196,2,1,0,199
300843008,143,2,1,0,146
300843009,140,0,0,0,140
300843010,122,0,0,1,123
300843011,150,0,0,0,150
300843012,272,0,1,0,273
300843013,223,1,1,0,225
300843014,40,1,16,0,57
300843101,1,13,7,0,21
300843102,0,2,34,0,36
300843103,0,0,8,0,8
300843104,0,0,5,0,5
300843105,0,4,11,1,16
300843106,0,4,8,0,12
300843107,0,20,30,3,53
300843108,0,2,12,0,14
300843109,0,6,22,2,30
300843110,0,5,23,0,28
300843111,0,8,9,0,17
300843112,0,6,29,0,35
300843113,0,0,28,0,28
300843114,0,1,10,0,11
300843115,0,19,76,3,98
300843116,0,65,43,0,108
300843201,0,3,17,1,21
300843202,0,35,27,0,62
300843203,0,4,37,1,42
300843204,0,18,25,1,44
300843205,2,43,59,2,106
300843206,0,44,41,0,85
300843207,0,20,46,2,68
300843208,0,20,15,0,35
300843209,2,109,46,1,158
300843210,0,10,21,0,31
300843211,0,27,13,0,40
300843212,1,63,34,0,98
300843213,0,59,23,0,82
300843301,1,2,7,0,10
300843302,2,4,21,0,27
300843303,0,9,6,1,16
300843304,0,3,4,0,7
300843305,9,16,58,1,84
300843306,300,1,5,0,306
300843307,308,5,15,0,328
300843308,381,1,1,0,383
300843309,114,37,54,1,206
300843310,93,4,6,0,103
300843311,118,0,2,0,120
300843312,219,1,0,0,220
300843313,213,0,4,1,218
300843314,313,1,4,0,318
300843401,0,0,4,0,4
300843402,0,12,4,0,16
300843403,0,3,4,0,7
300843404,0,3,7,0,10
300843405,0,4,6,0,10
300843406,0,0,0,0,0
300843407,0,19,28,1,48
300843408,0,26,20,2,48
300843409,0,3,12,0,15
300843410,0,10,6,0,16
300843411,0,1,12,1,14
300843412,1,9,34,4,48
300843413,0,10,12,0,22
300843414,0,0,30,0,30
300843415,1,33,34,3,71
300843416,1,45,97,0,143
300843501,0,6,6,0,12
300843502,0,5,6,1,12
300843503,1,6,10,1,18
300843504,0,3,5,0,8
300843505,0,7,8,1,16
300843506,50,30,51,1,132
300843507,9,55,53,1,118
300843508,35,53,51,0,139
300843601,0,4,13,0,17
300843602,0,11,8,0,19
300843603,0,4,21,1,26
300843604,0,5,15,0,20
300843701,178,5,9,0,192
300843702,148,3,3,0,154
300843703,99,1,15,0,115
300843704,368,1,0,0,369
300843705,184,2,3,0,189
300843706,229,3,1,0,233
300843707,184,1,0,0,185
300843708,133,0,1,0,134
300843709,145,0,0,0,145
300843710,201,2,2,0,205
300843711,256,0,0,0,256
300843712,168,3,1,0,172
300843713,144,0,1,0,145
300843714,258,1,2,0,261
300843715,18,1,3,0,22
300843801,0,1,3,0,4
300843802,0,3,7,0,10
300843803,0,7,8,0,15
300843804,0,6,12,0,18
300843805,0,16,17,0,33
300843806,0,2,10,0,12
300843807,0,12,13,0,25
300843808,0,7,19,0,26
300843809,0,14,2,0,16
300843901,0,18,22,1,41
300843902,0,8,17,0,25
300843903,0,26,25,0,51
300843904,0,20,17,0,37
300843905,0,7,2,0,9
300843906,0,4,3,0,7
300843907,0,7,7,0,14
300843908,0,15,14,0,29
300843909,0,9,17,0,26
300844001,0,16,30,0,46
300844002,0,11,9,1,21
300844003,0,3,21,0,24
300844004,0,51,10,1,62
300844005,0,11,13,0,24
300844006,0,2,11,0,13
300844007,0,7,20,0,27
300844008,0,25,16,1,42
300844009,0,7,33,0,40
300844101,0,0,7,0,7
300844102,0,4,10,0,14
300844103,0,3,15,1,19
300844104,0,6,13,0,19
300844105,275,11,7,0,293
300844106,263,1,5,0,269
300844107,2,0,0,0,2
300844108,296,4,8,0,308
300844109,162,15,27,0,204
300844110,127,18,8,0,153
300844201,0,5,3,0,8
300844202,0,8,39,0,47
300844203,0,11,6,0,17
300844204,0,36,13,0,49
300844205,0,6,8,0,14
300844206,0,1,9,0,10
300844207,0,8,14,0,22
300844208,0,7,13,0,20
300844209,1,15,22,2,40
300844301,325,9,5,0,339
300844302,191,0,1,0,192
300844303,243,7,1,0,251
300844304,205,0,0,0,205
300844305,258,1,1,0,260
300844306,271,1,1,0,273
300844307,277,1,1,0,279
300844308,205,2,0,0,207
300844309,352,6,7,0,365
300844310,145,2,2,0,149
300844311,175,6,11,1,193
300844312,200,2,1,1,204
300844313,197,1,0,0,198
300844401,288,1,2,0,291
300844402,74,4,10,0,88
300844403,366,1,0,0,367
300844404,355,1,2,1,359
300844405,144,2,0,0,146
300844406,191,5,0,0,196
300844407,290,1,1,0,292
300844408,283,2,3,0,288
300844409,124,9,11,0,144
300844410,260,2,8,0,270
300844411,202,3,8,0,213
300844501,0,4,31,0,35
300844502,4,21,5,0,30
300844503,25,5,9,0,39
300844504,3,19,28,0,50
300844505,1,2,46,0,49
300844506,0,15,21,0,36
300844507,137,3,1,0,141
300844508,123,2,1,0,126
300844509,54,3,3,0,60
300844510,112,4,2,0,118
300844511,0,12,21,0,33
300844601,0,1,3,0,4
300880101,276,0,0,0,276
300880102,267,4,0,0,271
300880103,335,6,18,0,359
300880104,240,0,6,0,246
300880105,229,0,1,0,230
300880106,257,11,5,0,273
300880107,215,4,9,0,228
300880201,6,8,28,5,47
300880202,2,13,21,0,36
300880203,4,6,41,0,51
300880204,221,12,25,0,258
300880205,273,19,76,2,370
300880206,326,5,0,0,331
300880207,318,0,0,0,318
300880208,208,45,41,0,294
300880209,61,56,74,0,191
300880210,14,27,60,3,104
300880301,85,23,22,0,130
300880302,0,2,9,0,11
300880303,1,3,0,2,6
300880304,100,0,0,0,100
300880305,148,1,5,0,154
300880306,230,2,3,0,235
300880307,155,2,3,0,160
300880308,150,4,5,0,159
300880401,0,3,2,0,5
300880402,0,9,10,4,23
300880403,0,4,5,0,9
300880404,0,12,4,0,16
300880405,0,15,9,6,30
300880501,0,17,3,0,20
300880502,0,5,0,0,5
300880503,1,12,1,0,14
300880504,0,15,3,0,18
300880601,0,2,0,0,2
300880602,1,4,5,0,10
300880603,0,4,2,0,6
300880604,0,1,10,0,11
300880605,0,0,1,0,1
300880606,0,0,7,0,7
300880701,0,30,3,0,33
300880702,0,13,3,0,16
300880703,0,4,3,0,7
300880704,0,15,3,4,22
300880705,0,3,1,0,4
300880706,0,16,4,1,21
300880707,1,21,6,2,30
300910101,2,36,209,2,249
300910102,135,35,138,2,310
300910103,336,8,40,0,384
300910104,257,0,3,0,260
300910105,195,0,1,0,196
300910106,186,2,0,0,188
300910107,146,4,29,0,179
300910108,10,77,166,0,253
300910109,173,60,55,0,288
300910110,53,40,89,0,182
300910111,196,0,0,0,196
300910112,147,13,10,0,170
300910113,113,38,58,0,209
300910114,3,20,31,0,54
300910115,84,24,61,0,169
300910116,297,10,21,0,328
300910117,159,23,24,0,206
300910118,40,57,139,0,236
300910201,0,0,9,0,9
300910202,0,5,5,0,10
300910203,27,3,26,0,56
300910204,0,1,23,1,25
300910205,0,16,28,1,45
300910206,0,6,0,0,6
300910207,7,10,31,1,49
300910208,42,28,32,0,102
300910209,0,2,17,0,19
300910301,0,4,11,0,15
300910302,0,60,26,2,88
300910303,0,6,11,2,19
300910304,0,32,25,2,59
300910305,0,9,16,3,28
300910306,0,16,19,0,35
300910307,0,19,30,0,49
300910308,0,4,5,0,9
300910309,0,9,15,0,24
300910401,0,1,0,0,1
300910402,0,5,11,0,16
300910403,0,21,14,2,37
300910404,0,19,16,0,35
300910405,0,9,9,0,18
300910406,0,7,3,0,10
300910407,0,0,8,1,9
300910501,104,21,91,0,216
300910502,252,4,1,0,257
300910503,228,2,2,0,232
300910504,202,8,19,0,229
300910505,138,0,0,0,138
300910506,277,15,16,1,309
300910507,244,11,4,0,259
300910508,100,26,98,3,227
300910509,11,14,33,0,58
300910510,5,13,7,0,25
300910511,0,4,7,0,11
300910512,0,2,7,0,9
300910601,0,5,7,6,18
300910602,0,1,11,0,12
300910603,0,2,4,0,6
300910604,0,4,11,4,19
300910605,1,4,3,0,8
300910606,14,64,70,8,156
300910701,0,0,12,1,13
300910702,0,42,32,0,74
300910703,0,9,9,0,18
300910704,0,3,2,0,5
300910705,0,1,5,0,6
300910706,0,1,4,0,5
300910801,0,0,12,1,13
300910802,0,8,9,0,17
300910803,0,7,4,0,11
300910804,0,2,2,0,4
300910805,0,3,7,0,10
300910806,0,2,5,1,8
300910807,0,0,14,0,14
300910808,0,35,29,0,64
300910901,0,3,9,2,14
300910902,0,4,1,0,5
300910903,0,16,18,1,35
300910904,0,3,5,2,10
300910905,0,4,13,3,20
300910906,0,1,3,0,4
300911001,101,20,16,0,137
300911002,157,7,24,0,188
300911003,134,16,18,0,168
300911004,190,9,6,0,205
300911005,1,45,38,4,88
300911101,0,2,7,0,9
300911102,0,5,10,1,16
300911103,0,1,9,1,11
300911104,0,4,3,0,7
300911105,0,25,13,3,41
300911106,0,15,8,0,23
300980101,317,18,16,0,351
300980102,257,11,7,0,275
300980103,47,63,115,7,232
300980104,166,62,39,0,267
300980105,244,9,13,0,266
300980106,270,40,47,0,357
300980107,184,18,13,0,215
300980108,176,16,63,0,255
300980109,311,11,22,0,344
300980110,284,14,22,2,322
300980111,194,23,66,4,287
300980112,320,9,10,0,339
300980113,370,5,1,0,376
300980114,211,1,0,0,212
300980115,258,5,0,0,263
300980116,405,16,3,0,424
300980117,290,3,2,0,295
300980118,240,3,3,0,246
300980119,218,2,1,0,221
300980120,154,2,5,0,161
300980201,266,19,17,0,302
300980202,287,22,14,0,323
300980203,283,11,6,0,300
300980204,316,3,3,0,322
300980205,317,1,0,0,318
300980206,136,3,2,0,141
300980207,200,2,3,0,205
300980208,274,12,32,3,321
300980209,262,9,31,0,302
300980210,235,5,8,0,248
300980211,204,36,84,0,324
300980212,8,185,135,0,328
300980213,224,1,5,0,230
300980214,262,7,3,0,272
300980215,233,0,1,0,234
300980301,157,0,2,1,160
300980302,207,4,0,0,211
300980303,349,0,0,0,349
300980304,330,1,0,0,331
300980305,296,1,0,0,297
300980306,206,0,0,0,206
300980307,231,0,0,0,231
300980308,207,0,0,0,207
300980309,202,0,0,0,202
300980310,193,1,0,0,194
300980311,56,0,0,0,56
300980312,183,0,0,0,183
300980313,133,0,0,0,133
300980314,200,0,0,0,200
300980315,147,0,0,0,147
300980316,273,1,3,0,277
300980317,149,2,0,0,151
300980318,221,1,1,0,223
300980401,175,4,3,0,182
300980402,222,1,2,0,225
300980403,254,5,4,0,263
300980404,177,0,0,0,177
300980405,150,1,0,0,151
300980406,209,1,0,0,210
300980407,144,1,1,0,146
300980408,188,0,0,0,188
300980409,217,3,4,0,224
300980410,200,32,52,4,288
300980411,279,3,4,0,286
300980412,213,1,2,0,216
300980413,291,4,6,0,301
300980414,229,3,12,0,244
300980415,179,0,0,0,179
300980416,222,3,0,0,225
300980417,248,1,0,0,249
300980418,199,28,36,1,264
300980419,104,19,35,0,158
300980420,144,16,6,0,166
300980421,163,17,1,0,181
300980501,0,54,50,3,107
300980502,12,96,39,3,150
300980503,4,15,22,0,41
300980504,218,18,17,2,255
300980505,0,10,12,0,22
300980506,194,29,86,0,309
300980507,11,121,86,3,221
300980508,306,2,4,0,312
300980509,287,15,66,0,368
300980510,244,2,3,0,249
300980511,325,1,2,0,328
300980512,263,1,3,0,267
300980513,202,2,15,1,220
300980514,2,44,23,0,69
300980601,0,8,2,1,11
300980602,0,40,17,0,57
300980603,0,48,36,1,85
300980604,3,65,14,0,82
300980605,5,111,111,2,229
300980606,88,104,152,3,347
300980607,54,89,143,3,289
300980608,335,7,1,0,343
300980609,100,20,11,0,131
300980610,151,34,40,1,226
300980611,188,37,103,3,331
300980612,0,15,20,0,35
300980613,0,26,7,0,33
300980614,0,44,16,5,65
300980701,367,0,2,0,369
300980702,81,7,2,0,90
300980703,247,0,0,0,247
300980704,185,0,4,0,189
300980705,109,1,3,0,113
300980706,172,0,0,0,172
300980707,279,4,2,0,285
300980708,186,1,0,0,187
300980709,186,17,6,0,209
300980710,199,0,0,1,200
300980711,174,0,0,0,174
300980712,149,1,0,0,150
300980713,197,4,1,2,204
300980714,119,8,41,0,168
300980715,211,2,5,0,218
300980716,90,6,6,0,102
300980801,0,9,4,0,13
300980802,1,8,5,0,14
300980803,0,0,6,0,6
300980804,1,10,1,0,12
300980805,1,14,6,0,21
300980901,0,5,3,1,9
300980902,0,6,3,0,9
300980903,0,55,78,3,136
300980904,0,0,0,1,1
300980905,0,4,2,1,7
300980906,0,29,18,2,49
300980907,50,35,26,0,111
300980908,46,45,10,0,101
300980909,0,19,4,0,23
300980910,0,18,13,1,32
300980911,0,5,7,0,12
300980912,0,27,46,2,75
300980913,10,48,23,0,81
300980914,0,38,13,4,55
300980915,0,9,9,0,18
300980916,0,7,6,1,14
300980917,0,14,6,0,20
300981001,193,23,7,0,223
300981002,200,12,4,0,216
300981003,6,16,21,0,43
300981004,0,7,17,0,24
300981005,2,19,25,0,46
300981006,1,7,2,0,10
300981007,0,6,1,0,7
300981101,107,5,7,0,119
300981102,58,26,30,5,119
300981103,95,10,19,0,124
300981104,70,12,15,0,97
300981105,0,8,8,0,16
300981106,0,9,1,0,10
300981201,0,6,4,0,10
300981202,0,5,1,0,6
300981203,0,7,6,0,13
300981204,0,1,5,0,6
300981205,0,5,4,0,9
300981206,0,5,2,0,7
300981301,0,6,6,0,12
300981302,2,0,5,0,7
300981303,0,12,2,0,14
300981304,0,1,4,0,5
300981305,0,6,7,0,13
300981306,0,19,2,0,21
300981307,0,28,15,0,43
300981308,0,22,0,0,22
300981309,60,35,42,1,138
300981310,127,19,3,0,149
300981311,89,30,11,0,130
300981312,0,43,15,0,58
300981313,0,18,3,0,21
300981314,0,16,2,0,18
300981401,0,19,8,0,27
300981402,0,13,18,0,31
300981403,1,29,6,1,37
300981404,0,9,2,0,11
300981405,190,30,22,0,242
300981406,1,23,12,0,36
300981407,0,15,10,0,25
300981408,0,9,4,0,13
300981409,235,33,55,0,323
300981410,0,86,10,0,96
300981411,0,92,3,0,95
300981412,0,12,6,0,18
300981413,0,32,8,2,42
300981414,0,45,5,0,50
300981415,0,15,13,0,28
300981416,1,13,24,1,39
300981501,0,24,11,1,36
300981502,27,45,20,2,94
300981503,186,20,39,0,245
300981504,42,45,44,0,131
300981505,2,28,2,0,32
300981506,0,13,4,1,18
300981507,0,30,7,0,37
300981508,2,30,12,0,44
300981509,54,2,0,0,56
300981510,148,3,0,0,151
300981511,199,1,0,0,200
300981512,120,3,1,0,124
300981513,113,4,2,0,119
300981514,0,2,12,0,14
300981515,0,12,5,0,17
300981516,0,17,14,0,31
300981601,0,5,0,0,5
300981602,0,9,1,0,10
300981603,0,33,18,0,51
300981604,0,34,3,0,37
300981605,0,81,4,0,85
300981606,0,40,0,0,40
300981701,0,19,8,0,27
300981702,3,65,33,2,103
300981703,2,77,27,0,106
300981704,0,62,44,0,106
300981705,0,17,12,1,30
300981706,0,10,1,0,11
300981707,0,12,0,0,12
300981708,0,22,3,0,25
300981709,0,23,0,1,24
300981801,0,1,0,0,1
300981802,0,0,11,0,11
301050101,133,31,33,0,197
301050102,16,65,66,1,148
301050103,25,99,56,0,180
301050104,162,45,36,0,243
301050105,98,17,13,0,128
301050106,81,30,11,0,122
301050107,150,44,48,0,242
301050108,195,30,12,0,237
301050109,65,43,37,0,145
301050110,242,16,9,0,267
301050111,144,8,0,0,152
301050112,159,1,0,0,160
301050201,67,54,36,0,157
301050202,24,147,39,1,211
301050203,34,136,44,1,215
301050204,112,41,21,0,174
301050205,131,36,22,0,189
301050206,121,23,61,0,205
301050207,7,100,103,0,210
301050208,22,95,83,0,200
301050209,213,36,18,0,267
301050210,240,0,0,0,240
301050211,164,4,2,0,170
301050212,204,1,0,0,205
301050213,43,88,73,1,205
301050301,5,182,61,1,249
301050302,25,7,5,0,37
301050303,223,89,55,2,369
301050304,75,97,59,0,231
301050305,184,8,0,0,192
301050306,244,30,22,0,296
301050307,232,2,0,0,234
301050308,212,8,7,1,228
301050309,201,6,2,0,209
301050310,179,40,27,0,246
301050401,119,0,0,0,119
301050402,129,1,2,0,132
301050403,194,3,0,0,197
301050404,139,48,71,1,259
301050405,110,46,19,0,175
301050406,245,12,17,0,274
301050407,88,26,75,0,189
301050408,60,6,18,0,84
301050409,20,82,146,4,252
301050410,2,197,105,0,304
301050501,0,49,17,0,66
301050502,0,6,9,0,15
301050503,2,33,24,1,60
301050504,0,30,27,0,57
301050601,0,17,21,0,38
301050602,0,12,16,0,28
301050603,0,3,5,0,8
301050604,0,15,5,0,20
301050605,0,10,42,3,55
301050606,1,44,61,2,108
301050607,0,8,10,1,19
301050608,0,6,7,0,13
301050609,0,30,14,3,47
301050610,0,50,127,4,181
301050611,6,5,20,1,32
301050612,0,29,31,1,61
301050701,0,13,0,0,13
301050702,0,24,5,0,29
301050703,0,20,13,6,39
301050704,1,4,13,0,18
301050705,0,16,10,2,28
301050706,0,11,10,0,21
301050707,0,11,11,0,22
301050708,1,16,23,0,40
301050709,0,10,8,0,18
301050710,0,4,3,1,8
301050711,1,44,85,3,133
301050712,0,43,77,6,126
301050713,0,14,4,0,18
301050714,0,3,8,0,11
301050715,0,30,37,0,67
301050801,0,1,0,17,18
301050802,0,0,1,11,12
301050803,0,0,7,0,7
301050804,0,2,1,14,17
301050805,0,3,2,15,20
301050806,0,0,11,10,21
301050807,1,1,18,1,21
301050808,0,1,1,20,22
301050809,0,0,12,2,14
301050810,0,3,33,0,36
301050811,0,1,9,13,23
301050812,0,17,15,26,58
301130101,78,4,13,1,96
301130102,0,0,0,1,1
301130103,272,0,0,0,272
301130104,162,18,18,0,198
301130105,322,22,20,0,364
301130106,206,6,11,1,224
301130107,170,2,9,0,181
301130108,250,8,5,0,263
301130109,353,4,10,1,368
301130110,204,15,14,0,233
301130111,259,9,4,0,272
301130112,288,9,10,1,308
301130113,208,0,2,0,210
301130114,197,3,0,0,200
301130115,293,11,7,0,311
301130116,156,12,17,0,185
301130117,150,10,26,1,187
301130118,233,9,13,1,256
301130119,228,3,2,0,233
301130120,106,1,0,0,107
301130121,167,0,1,0,168
301130122,291,13,22,0,326
301130123,293,15,8,0,316
301130201,266,0,0,0,266
301130202,111,0,0,0,111
301130203,185,1,0,0,186
301130204,204,14,14,0,232
301130205,258,4,2,0,264
301130206,127,0,0,0,127
301130207,130,1,0,0,131
301130208,216,1,0,0,217
301130209,222,11,2,0,235
301130210,213,4,2,0,219
301130211,220,9,25,1,255
301130212,220,17,42,0,279
301130213,109,8,9,1,127
301130214,225,23,20,0,268
301130215,141,22,27,0,190
301130216,147,10,28,1,186
301130301,0,3,4,0,7
301130302,1,38,19,5,63
301130303,8,54,105,9,176
301130304,0,44,15,2,61
301130305,112,32,40,4,188
301130306,14,6,33,4,57
301130307,210,23,57,4,294
301130308,113,11,16,1,141
301130309,182,22,24,0,228
301130310,253,24,49,0,326
301130311,99,38,43,1,181
301130312,7,2,1,0,10
301130401,0,4,2,0,6
301130402,0,3,0,0,3
301130403,0,9,3,0,12
301130404,181,13,12,0,206
301130405,251,3,2,0,256
301130406,270,1,16,0,287
301130501,0,3,7,0,10
301130502,0,0,0,0,0
301130503,0,3,10,0,13
301130504,69,32,53,0,154
301130505,114,4,17,2,137
301130506,112,1,5,0,118
301130507,84,8,9,0,101
301130601,0,3,13,1,17
301130602,0,13,0,0,13
301130603,0,30,31,1,62
301130604,0,12,5,0,17
301130605,0,8,2,0,10
301130606,3,52,39,11,105
301130607,0,25,5,2,32
301130608,0,43,24,4,71
301130609,0,14,16,0,30
301130610,0,10,11,5,26
301130701,0,17,4,0,21
301130702,0,44,39,11,94
301130703,0,21,20,2,43
301130704,0,11,11,1,23
301130705,0,14,34,1,49
301130706,0,38,72,1,111
301130801,0,6,7,1,14
301130802,0,1,5,0,6
301130803,0,9,4,1,14
301130804,0,10,4,0,14
301130805,0,16,19,2,37
301130806,0,31,22,2,55
301130807,1,15,7,11,34
301130808,0,11,23,5,39
301130809,0,17,0,0,17
301130810,0,10,4,1,15
301130811,0,8,4,0,12
301130812,0,9,6,0,15
301130813,0,8,11,2,21
301130814,0,13,3,0,16
301130815,0,21,6,3,30
301130901,0,10,6,0,16
301130902,0,12,5,1,18
301130903,0,20,5,0,25
301130904,0,7,11,2,20
301130905,0,17,1,1,19
301130906,0,35,13,2,50
301130907,0,9,8,2,19
301130908,1,4,7,0,12
301131001,0,21,10,1,32
301131002,0,24,23,10,57
301131003,0,19,8,0,27
301131004,0,31,17,3,51
301131005,1,18,26,0,45
301131006,0,12,10,2,24
301131007,0,9,22,0,31
301131008,0,11,24,3,38
301131101,0,10,1,0,11
301131102,0,4,0,0,4
301131103,0,18,23,1,42
301131104,1,19,24,0,44
301131105,0,25,12,1,38
301131106,0,26,51,9,86
301131107,0,0,10,1,11
301131108,0,3,17,0,20
301131109,0,5,16,0,21
301131110,0,19,14,2,35
301131201,8,1,8,0,17
301131202,0,10,2,0,12
301131203,19,35,61,2,117
301131204,5,43,18,2,68
301131205,0,4,4,1,9
301131206,0,9,14,4,27
301131207,1,15,1,1,18
301131208,0,22,4,2,28
301131209,0,12,33,0,45
301131301,0,1,2,0,3
301131302,0,25,8,0,33
301131303,0,9,1,1,11
301131304,2,4,15,0,21
301131305,0,0,5,0,5
301131306,0,12,2,1,15
301131307,0,0,2,1,3
301131308,2,64,47,3,116
301131309,2,53,17,0,72
301131401,0,11,3,0,14
301131402,0,20,9,0,29
301131403,0,1,6,0,7
301131404,0,8,0,0,8
301131405,0,15,14,1,30
301131406,14,1,1,0,16
301131407,0,3,7,0,10
301131408,0,4,2,0,6
301131409,0,1,7,0,8
301131410,0,2,1,0,3
301131411,1,50,55,2,108
340070101,0,0,5,20,25
340070102,0,11,70,32,113
340070201,0,16,52,96,164
340070202,0,0,1,6,7
340070203,0,14,37,114,165
340070204,0,32,49,27,108
340070301,0,2,19,4,25
340070401,0,2,27,7,36
340070402,0,6,71,23,100
340070403,0,18,46,76,140
340070404,0,70,59,1,130
340070405,0,68,136,20,224
340070406,0,90,80,16,186
340070407,0,57,65,2,124
340070408,0,35,73,15,123
340070409,0,25,69,18,112
340070501,0,38,45,83,166
340070502,0,1,11,35,47
340070503,0,10,92,41,143
340070504,0,2,16,18,36
340070505,0,41,66,31,138
340070601,0,0,0,23,23
340070602,0,4,12,49,65
340070603,0,0,7,8,15
340070701,0,0,6,7,13
340070702,0,6,48,32,86
340070703,0,29,35,16,80
340070801,0,1,36,17,54
340140101,121,151,19,3,294
340140102,87,109,1,16,213
340140103,93,2,0,0,95
340140104,253,1,1,0,255
340140105,232,6,0,0,238
340140106,251,4,1,0,256
340140107,162,40,0,0,202
340140108,399,6,0,0,405
340140109,262,35,0,0,297
340140110,217,127,4,0,348
340140111,214,1,0,0,215
340140112,229,4,0,0,233
340140113,280,19,1,0,300
340140114,279,11,0,2,292
340140115,159,16,0,0,175
340140116,270,11,3,0,284
340140117,225,1,1,0,227
340140118,176,0,0,0,176
340140119,157,10,0,0,167
340140120,351,11,0,0,362
340140121,166,2,0,0,168
340140122,18,198,13,1,230
340140123,232,14,0,0,246
340140124,204,12,0,0,216
340140125,93,105,0,1,199
340140126,19,154,3,0,176
340140201,161,109,68,6,344
340140202,119,142,29,2,292
340140203,319,11,0,0,330
340140204,161,25,0,0,186
340140205,145,152,15,22,334
340140206,104,138,30,0,272
340140207,38,72,43,28,181
340140208,138,112,3,0,253
340140209,320,27,3,0,350
340140210,232,6,0,0,238
340140211,245,8,0,0,253
340140212,234,18,0,0,252
340140213,188,0,0,0,188
340140214,304,6,0,0,310
340140215,256,2,0,0,258
340140216,214,13,0,0,227
340140217,208,7,0,0,215
340140218,210,2,0,0,212
340140219,65,108,2,3,178
340140220,181,181,5,0,367
340140221,55,98,16,0,169
340140222,82,103,11,0,196
340140223,119,89,15,3,226
340140301,267,6,1,0,274
340140302,305,15,1,0,321
340140303,243,17,1,0,261
340140304,270,11,0,0,281
340140305,215,1,0,0,216
340140306,244,3,0,0,247
340140307,175,149,5,3,332
340140308,131,179,3,2,315
340140309,62,98,12,0,172
340140310,94,213,31,8,346
340140311,106,153,21,2,282
340140312,22,141,58,6,227
340140313,57,202,11,1,271
340140401,162,6,5,0,173
340140402,176,4,1,2,183
340140403,336,37,5,0,378
340140404,337,21,6,0,364
340140405,181,37,4,1,223
340140406,367,8,1,0,376
340140407,212,8,0,1,221
340140408,270,14,0,0,284
340140409,292,8,0,0,300
340140410,251,3,3,1,258
340140411,199,9,3,1,212
340140412,243,10,7,1,261
340140413,144,105,29,1,279
340140414,217,10,6,2,235
340140415,257,76,9,7,349
340140416,150,106,17,0,273
340140417,134,115,25,8,282
340140418,184,38,6,14,242
340140419,162,55,34,0,251
340140501,0,1,12,1,14
340140502,8,97,176,34,315
340140503,0,2,3,9,14
340140504,1,67,56,1,125
340140505,3,54,26,2,85
340140506,4,72,75,7,158
340140601,0,1,5,0,6
340140602,0,55,56,16,127
340140603,1,48,55,2,106
340140604,0,0,21,4,25
340140605,1,35,18,5,59
340140606,2,29,27,2,60
340140607,4,34,47,2,87
340140608,1,1,1,0,3
340140609,0,0,0,0,0
340140701,7,23,105,40,175
340140702,42,112,40,14,208
340140703,63,125,3,2,193
340140704,11,175,5,4,195
340140705,239,58,8,5,310
340140706,105,160,8,6,279
340140707,98,111,4,1,214
340140708,29,238,0,0,267
340140709,211,93,4,0,308
340140710,126,133,2,0,261
340140711,131,196,6,1,334
340140712,2,3,0,0,5
340140713,64,181,1,1,247
340140714,175,98,2,0,275
340140715,148,135,27,1,311
340140716,0,20,83,17,120
340140717,0,68,108,5,181
340140801,0,9,16,7,32
340140802,0,9,6,1,16
340140803,6,13,19,1,39
340140804,5,21,12,5,43
340140901,0,41,43,18,102
340140902,0,13,8,2,23
340141001,0,20,36,6,62
340141002,0,3,4,0,7
340141003,0,1,0,0,1
340141004,12,67,10,12,101
340141005,22,101,21,8,152
340141101,16,2,13,0,31
340141102,0,5,7,1,13
340141103,5,35,17,0,57
340141104,20,59,23,1,103
340141201,0,14,28,10,52
340141301,1,29,15,1,46
340141302,1,2,3,0,6
340141401,0,1,13,11,25
340141402,0,5,16,26,47
340141403,10,49,57,22,138
340141404,1,18,32,30,81
340141501,201,172,6,1,380
340141502,221,6,0,0,227
340141503,207,5,2,0,214
340141504,389,0,0,0,389
340141505,260,1,1,0,262
340141506,263,23,0,0,286
340141507,368,42,3,0,413
340141508,273,68,9,0,350
340141509,222,17,7,0,246
340141510,185,20,6,0,211
340141511,126,1,0,1,128
340141512,324,10,4,0,338
340141513,297,18,1,0,316
340141514,409,23,1,0,433
340141515,151,28,0,0,179
340141516,141,113,11,3,268
340141517,311,10,0,0,321
340141518,268,15,0,0,283
340141519,185,26,0,0,211
340141520,122,41,2,0,165
340141521,212,3,0,0,215
340141522,213,0,0,0,213
340141523,228,3,1,0,232
340141524,189,22,0,0,211
340141525,239,9,1,0,249
340141526,186,2,1,0,189
340141527,200,7,0,0,207
340141528,252,11,0,0,263
340141601,9,121,57,10,197
340141602,92,127,60,20,299
340141603,179,6,2,0,187
340141604,212,6,2,0,220
340141605,242,80,10,2,334
340141606,292,37,11,0,340
340141607,195,33,2,0,230
340141608,309,19,4,5,337
340141609,271,14,0,0,285
340141610,269,31,2,0,302
340141611,244,8,1,0,253
340141612,204,23,0,1,228
340141613,206,32,0,0,238
340141614,194,1,0,0,195
340141615,232,4,0,0,236
340141616,302,1,0,0,303
340141617,262,6,0,0,268
340141618,176,0,0,0,176
340141619,211,4,0,0,215
340141620,139,100,2,1,242
340141621,240,72,5,1,318
340141622,49,249,36,1,335
340141623,188,42,35,5,270
340141624,210,3,0,0,213
340141625,171,32,4,0,207
340141626,187,29,0,0,216
340141627,41,141,16,1,199
340141628,192,10,2,0,204
340141701,17,108,8,2,135
340141702,75,104,13,3,195
340141703,124,106,5,1,236
340141704,118,117,7,1,243
340141705,149,185,28,1,363
340141706,102,157,17,0,276
340141707,52,46,24,10,132
340141708,142,93,0,0,235
340141709,118,108,0,0,226
340141710,17,157,0,31,205
340141711,85,139,3,16,243
340141712,46,200,7,2,255
340141713,3,87,12,2,104
340141714,241,21,0,0,262
340141715,180,9,0,0,189
340141716,132,97,42,7,278
340141717,20,133,81,2,236
340141801,0,2,6,0,8
340141802,0,1,3,2,6
340141901,0,14,8,0,22
340141902,0,3,0,0,3
340142001,0,6,21,5,32
340142002,34,51,79,34,198
340142003,0,9,4,0,13
340142004,2,79,91,11,183
340142005,0,8,8,4,20
340142006,20,177,78,28,303
340142007,2,5,22,13,42
340142008,0,0,0,2,2
340142009,0,7,8,0,15
340142010,0,1,1,0,2
340142011,0,0,13,11,24
340142012,63,50,1,0,114
340142013,15,244,12,2,273
340142014,24,172,12,3,211
340142015,98,159,32,1,290
340142016,31,173,25,4,233
340142017,22,80,98,9,209
340142018,4,105,58,4,171
340142019,25,93,55,25,198
340142020,7,32,68,38,145
340142021,0,0,0,0,0
340142022,0,1,0,0,1
340142023,49,142,80,14,285
340142024,8,121,82,6,217
340142025,62,216,2,1,281
340142026,27,198,17,2,244
340142027,34,169,75,8,286
340142101,74,80,13,2,169
340142102,59,147,7,0,213
340142103,47,224,1,1,273
340142104,83,217,4,0,304
340142105,150,3,2,0,155
340142106,186,5,1,0,192
340142107,174,71,0,0,245
340142108,156,72,1,0,229
340142109,212,11,0,0,223
340142110,186,17,0,0,203
340142111,193,34,1,0,228
340142112,158,6,0,0,164
340142113,185,23,3,0,211
340142114,168,67,7,0,242
340142115,199,137,50,14,400
340142116,128,249,9,2,388
340142117,127,152,6,3,288
340142118,185,28,5,0,218
340142119,58,132,35,2,227
340142201,176,39,0,1,216
340142202,257,42,1,0,300
340142203,110,67,0,0,177
340142204,188,142,0,0,330
340142205,203,147,0,0,350
340142206,158,161,16,0,335
340142207,103,174,23,6,306
340142208,124,193,16,1,334
340142209,165,144,24,1,334
340142210,94,248,27,0,369
340142211,114,143,17,0,274
340142212,200,129,34,0,363
340142213,211,121,5,0,337
340142214,172,177,8,0,357
340142215,68,145,5,0,218
340142216,168,138,9,1,316
340142217,67,176,14,2,259
340142218,175,67,19,0,261
340142219,110,174,23,30,337
340142220,66,110,15,1,192
340142221,25,92,6,2,125
340142222,0,2,13,1,16
340210101,0,5,1,1,7
340210102,0,25,0,0,25
340210201,0,18,83,24,125
340210202,0,6,16,2,24
340210203,0,3,4,1,8
340210204,0,1,3,2,6
340210205,0,2,2,1,5
340210206,0,20,10,16,46
340210207,0,2,7,0,9
340210208,2,17,26,17,62
340210209,0,21,11,1,33
340210210,0,19,21,7,47
340210211,86,74,14,1,175
340210212,3,97,61,34,195
340210213,22,94,144,13,273
340210214,13,172,92,14,291
340210215,3,93,33,1,130
340210301,0,14,32,14,60
340210302,10,35,60,18,123
340210303,0,24,32,6,62
340210304,1,88,92,2,183
340210305,3,39,105,1,148
340210306,0,37,36,1,74
340210307,3,81,90,9,183
340210401,0,2,9,0,11
340210402,0,32,19,18,69
340210403,6,87,120,21,234
340210501,0,2,3,0,5
340210502,0,61,39,18,118
340210601,0,6,19,18,43
340210602,0,58,48,21,127
340210603,0,59,108,12,179
340210604,7,119,101,6,233
340210701,0,9,6,1,16
340210702,0,3,3,5,11
340210703,0,3,23,23,49
340210704,0,4,10,11,25
340210705,0,4,3,0,7
340210706,17,214,67,6,304
340210707,21,135,63,5,224
340210708,4,112,42,13,171
340210709,1,23,24,47,95
340280101,0,1,32,37,70
340280102,0,76,68,2,146
340280103,0,121,122,13,256
340280104,0,113,105,11,229
340280105,0,169,93,0,262
340280106,0,137,56,7,200
340280107,0,51,111,17,179
340280108,0,94,42,3,139
340280109,0,47,128,41,216
340280110,0,8,76,14,98
340280111,0,10,50,25,85
340280112,0,81,54,25,160
340280113,0,115,99,8,222
340280114,0,99,77,6,182
340280115,0,30,83,41,154
340280201,0,64,39,31,134
340280301,0,1,17,43,61
340280302,0,2,2,3,7
340350101,2,50,77,74,203
340350102,0,8,44,2,54
340350103,2,72,40,20,134
340350104,0,2,2,23,27
340350105,0,13,21,1,35
340350106,0,3,30,40,73
340350107,0,0,6,0,6
340350108,0,2,35,90,127
340350201,0,7,34,60,101
340350202,0,8,25,19,52
340350203,0,13,53,51,117
340350204,0,4,63,13,80
340350205,0,0,13,2,15
340350206,0,8,33,38,79
340350207,0,2,2,0,4
340350301,1,13,59,46,119
340350302,0,4,5,8,17
340350303,0,7,25,63,95
340350304,0,0,5,1,6
340350401,0,2,5,6,13
340350402,0,14,52,133,199
340350403,0,11,15,16,42
340350404,0,10,11,0,21
340350405,0,84,76,16,176
340350406,0,28,50,24,102
340350501,0,143,133,120,396
340350502,0,11,10,2,23
340350503,0,0,1,0,1
340350601,0,15,44,34,93
340350602,0,29,58,67,154
340350603,0,18,39,89,146
340350604,1,20,95,49,165
340350605,0,71,51,12,134
340350606,1,81,51,24,157
340350607,0,85,67,35,187
340350608,12,90,56,0,158
340350609,0,13,56,67,136
340350610,1,22,59,23,105
340350611,8,188,78,7,281
340350612,1,76,141,33,251
340350613,1,108,91,12,212
340350614,0,45,70,8,123
340350615,1,42,48,47,138
340350701,0,13,46,47,106
340350702,0,28,51,55,134
340350703,0,12,79,60,151
340350704,0,118,139,34,291
340350705,0,72,123,36,231
340350706,1,22,88,22,133
340350707,4,69,46,70,189
340350801,5,51,48,0,104
340350802,0,125,71,22,218
340350803,22,64,91,12,189
340350804,4,76,112,24,216
340350805,2,69,148,26,245
340350806,2,85,68,6,161
340350901,9,86,47,20,162
340350902,2,111,42,14,169
340350903,0,139,62,24,225
340350904,5,123,75,6,209
340350905,0,98,33,6,137
340350906,1,92,118,18,229
340350907,5,93,67,12,177
340350908,4,129,75,24,232
340350909,13,73,110,26,222
340350910,1,24,70,15,110
340350911,0,40,80,39,159
340351001,2,59,51,35,147
340351002,5,181,67,15,268
340351003,0,104,62,20,186
340351004,5,153,91,32,281
340351005,4,119,52,2,177
340351006,0,80,72,32,184
340351007,2,97,43,14,156
340351101,0,1,27,41,69
340351102,0,1,5,18,24
340351103,0,25,49,112,186
340351104,0,60,82,24,166
340351105,0,86,61,13,160
340351201,5,153,106,8,272
340351202,8,197,88,8,301
340351203,13,217,33,0,263
340351204,4,115,58,0,177
340351205,9,124,103,13,249
340351206,6,146,31,5,188
340351207,1,91,117,6,215
340351208,0,95,44,22,161
340351209,1,49,72,7,129
340351210,0,20,36,16,72
340351301,0,1,1,12,14
340351302,0,2,16,6,24
340351303,0,4,15,5,24
340351401,0,1,39,6,46
340351402,0,1,19,2,22
340351403,0,5,5,17,27
340351501,0,0,2,0,2
340351502,2,5,33,15,55
340351503,0,0,19,17,36
340351601,0,14,15,32,61
340351701,0,6,11,0,17
340351702,0,4,5,1,10
340351703,0,0,5,2,7
340351704,0,1,7,7,15
340351801,0,10,50,16,76
340351802,0,1,22,18,41
340351803,0,2,10,4,16
340351804,0,3,18,16,37
340351805,2,41,50,7,100
340351806,1,71,74,12,158
340351807,9,44,86,9,148
340351808,10,44,117,22,193
340351809,0,1,95,6,102
340351810,0,46,67,5,118
340351811,1,24,52,8,85
340351812,0,8,63,12,83
340351901,0,3,2,33,38
340351902,0,4,34,5,43
340351903,0,5,16,42,63
340351904,0,21,81,6,108
340351905,7,68,107,9,191
340351906,1,81,112,17,211
340351907,0,6,17,18,41
340351908,0,94,78,14,186
340351909,0,9,14,10,33
340352001,0,10,21,23,54
340352002,0,6,41,48,95
340352003,0,1,14,33,48
340352101,0,2,1,29,32
340352102,0,4,5,1,10
340352103,0,8,14,39,61
340420101,0,6,20,11,37
340420102,0,21,42,59,122
340420103,0,14,21,28,63
340420104,0,23,56,65,144
340420105,0,15,69,85,169
340420106,0,12,34,56,102
340420107,0,18,70,35,123
340420108,0,98,35,6,139
340420109,0,98,166,52,316
340420110,0,126,97,28,251
340420111,0,198,114,9,321
340420112,0,28,31,9,68
340420201,0,6,2,6,14
340420202,0,36,6,36,78
340420203,0,5,19,9,33
340420204,0,52,112,106,270
340420205,0,144,64,29,237
340420301,0,14,27,32,73
340420302,0,7,3,3,13
340420303,0,32,69,45,146
340420304,0,5,3,16,24
340420305,0,63,118,140,321
340420306,0,210,31,16,257
340420307,0,35,50,58,143
340420401,0,14,42,66,122
340420402,0,1,3,10,14
340420403,0,1,5,6,12
340420501,0,9,55,69,133
340420502,0,8,7,8,23
340420503,0,5,2,3,10
340420504,0,111,82,44,237
340420505,0,86,102,51,239
340420506,0,118,74,21,213
340490101,36,105,64,20,225
340490102,120,138,49,6,313
340490103,54,166,45,4,269
340490104,78,129,10,5,222
340490105,18,106,33,19,176
340490106,72,191,30,1,294
340490107,95,118,14,0,227
340490108,46,187,18,4,255
340490109,264,98,12,3,377
340490110,130,105,16,11,262
340490111,236,17,1,0,254
340490112,186,6,6,0,198
340490113,171,31,26,3,231
340490114,138,137,89,10,374
340490115,49,185,74,7,315
340490116,144,54,17,12,227
340490117,87,152,20,2,261
340490118,62,118,33,2,215
340490119,122,172,29,2,325
340490120,72,146,39,6,263
340490121,35,78,140,31,284
340490122,80,204,20,1,305
340490123,79,136,20,0,235
340490124,63,122,70,16,271
340490125,21,177,40,3,241
340490126,46,89,22,4,161
340490127,21,31,82,7,141
340490128,147,68,17,2,234
340490201,0,3,0,0,3
340490301,0,7,5,0,12
340490302,11,24,73,26,134
340490303,3,12,12,5,32
340490304,0,2,32,7,41
340490305,0,4,24,15,43
340490306,0,0,1,39,40
340490401,0,6,17,1,24
340490402,0,0,10,20,30
340490403,8,35,83,22,148
340490501,0,0,15,0,15
340490601,0,28,17,45,90
340490602,0,40,90,77,207
340490603,4,30,83,72,189
340490604,0,30,31,22,83
340490605,0,0,3,4,7
340490606,0,9,22,40,71
340490607,0,9,1,6,16
340490608,0,3,3,6,12
340490609,0,16,16,52,84
340490610,2,128,91,44,265
340490611,2,114,41,5,162
340490612,5,152,77,17,251
340490613,1,102,47,28,178
340490614,5,114,72,13,204
340490701,0,40,56,122,218
340490702,0,34,22,41,97
340490703,20,125,157,82,384
340490704,0,46,58,45,149
340490705,0,8,19,11,38
340490706,0,25,85,52,162
340490707,0,7,11,12,30
340490708,1,82,65,14,162
340490709,1,12,10,38,61
340490710,0,77,66,11,154
340490801,1,91,86,39,217
340490802,0,30,26,33,89
340490803,1,32,34,42,109
340490804,0,154,101,232,487
340490805,0,128,208,198,534
340490806,2,206,71,11,290
340490807,0,73,61,23,157
340490808,1,100,38,32,171
340490901,0,18,50,39,107
340490902,0,47,96,149,292
340490903,1,76,75,52,204
340490904,0,5,2,2,9
340491001,0,2,4,0,6
340491002,0,10,30,7,47
340491003,5,94,130,17,246
340491004,40,151,89,12,292
340491005,318,8,5,0,331
340491006,331,14,2,2,349
340491007,248,9,1,0,258
340491008,231,7,2,0,240
340491009,251,3,2,1,257
340491010,332,11,3,5,351
340491011,37,134,46,3,220
340491012,87,176,38,6,307
340491013,78,102,67,2,249
340491014,114,87,46,6,253
340491015,44,103,49,2,198
340491016,241,83,17,0,341
340491017,61,97,8,0,166
340491018,101,67,57,17,242
340491019,33,151,72,15,271
340491020,104,118,29,13,264
340491021,49,157,38,4,248
340491022,126,1,0,0,127
340491023,0,0,0,0,0
340491024,4,17,13,2,36
340491101,3,113,162,16,294
340491102,0,55,56,13,124
340491103,12,169,55,2,238
340491104,14,117,70,14,215
340491105,24,130,27,2,183
340491106,17,166,93,14,290
340491107,27,88,32,4,151
340491108,7,98,9,0,114
340491109,21,164,19,0,204
340560101,3,95,136,32,266
340560102,1,33,69,6,109
340560103,0,189,68,6,263
340560104,21,199,49,5,274
340560105,3,97,87,13,200
340560106,5,140,124,35,304
340560107,3,190,61,3,257
340560108,63,96,24,1,184
340560109,16,172,52,4,244
340560110,59,73,81,10,223
340560111,236,31,19,4,290
340560112,10,126,112,43,291
340560113,4,150,44,14,212
340560114,1,15,26,17,59
340560115,5,22,51,33,111
340560116,51,112,85,11,259
340560117,31,113,45,6,195
340560201,0,2,0,1,3
340560202,0,29,44,87,160
340560203,0,0,2,0,2
340560204,0,2,2,5,9
340560205,0,1,12,0,13
340560301,0,7,32,31,70
340560302,0,7,4,10,21
340560303,0,33,74,49,156
340560304,0,1,2,0,3
340560401,0,1,4,0,5
340560402,0,36,77,73,186
340560403,0,17,34,6,57
340560404,0,2,12,1,15
340560405,0,31,130,67,228
340560406,5,142,63,2,212
340560407,0,127,44,10,181
340560408,13,176,76,21,286
340560409,0,150,120,26,296
340560501,0,24,119,39,182
340560502,0,26,29,34,89
340560503,0,16,46,19,81
340560504,9,87,74,9,179
340560601,0,12,29,33,74
340560602,0,20,36,9,65
340560603,0,4,68,4,76
340560604,0,14,11,3,28
340560605,0,14,47,22,83
340560701,0,34,107,36,177
340560702,0,10,27,10,47
340560703,0,8,15,5,28
340560704,0,13,13,0,26
340560705,5,132,70,8,215
340560706,0,119,88,5,212
340560707,5,195,66,6,272
340560708,2,203,84,14,303
340560709,1,113,51,19,184
340560801,0,12,24,11,47
340560802,0,5,25,25,55
340560803,0,0,7,2,9
340560804,0,10,9,1,20
340560805,0,4,30,15,49
340560901,0,9,22,32,63
340560902,0,2,14,20,36
340560903,0,7,4,1,12
340561001,0,19,58,31,108
340561002,0,5,8,12,25
340561003,0,11,26,41,78
340561004,0,2,11,31,44
340561005,0,4,16,3,23
340561101,5,123,90,28,246
340561102,6,124,88,19,237
340561103,16,157,22,1,196
340561104,5,61,81,19,166
340561105,6,134,82,4,226
340561106,6,116,42,0,164
340561107,23,127,30,1,181
340561108,11,173,71,3,258
340561109,1,37,100,62,200
340561110,4,104,79,11,198
340561111,2,142,8,3,155
340561112,7,208,10,1,226
340561113,4,117,59,10,190
340561114,2,86,57,3,148
340561115,2,159,36,13,210
340561116,2,90,66,37,195
340561117,9,54,106,35,204
340561118,2,113,49,6,170
340561119,6,102,129,21,258
340561120,16,155,13,1,185
340561121,3,76,89,13,181
340561122,1,14,92,33,140
340561123,0,29,57,6,92
340561201,0,1,10,1,12
340561202,1,25,72,16,114
340561203,0,6,3,0,9
340561301,1,8,20,20,49
340561302,0,10,20,4,34
340561401,0,4,47,18,69
340561402,0,36,77,41,154
340561403,0,7,5,5,17
340561404,0,3,14,4,21
340561405,0,3,7,5,15
340561406,0,4,35,10,49
340561407,0,6,22,18,46
340561408,0,21,115,36,172
340561409,23,79,147,51,300
340561501,0,27,78,33,138
340561502,0,3,10,14,27
340561503,1,11,28,27,67
340561504,0,3,10,6,19
340561505,0,0,2,3,5
340561506,0,31,60,36,127
340561507,5,96,26,38,165
340561508,14,109,76,21,220
340561509,2,96,109,25,232
340561510,0,88,131,5,224
340561511,0,88,84,18,190
340561512,2,123,106,26,257
340561513,0,90,90,20,200
340561601,0,14,21,25,60
340561602,0,1,12,3,16
340561603,0,1,18,0,19
340561604,0,5,26,11,42
340561701,0,1,11,15,27
340561702,0,4,21,7,32
340561801,0,19,36,16,71
340561802,0,10,47,2,59
340561803,0,5,2,1,8
340630101,0,17,54,47,118
340630102,0,18,119,87,224
340630201,0,10,66,39,115
340630202,0,17,86,79,182
340630203,0,14,34,91,139
340630204,0,46,108,132,286
340630205,0,31,108,73,212
340630206,0,75,67,18,160
340630207,0,22,61,61,144
380070101,74,2,42,30,148
380070102,0,0,15,21,36
380070103,0,1,3,13,17
380070104,1,16,30,10,57
380070105,13,96,80,44,233
380070106,90,28,46,19,183
380070107,170,23,31,10,234
380070108,0,80,121,92,293
380070109,121,56,50,46,273
380070110,18,55,62,38,173
380070111,142,12,20,0,174
380070201,2,3,22,22,49
380070202,0,1,7,24,32
380070203,0,2,8,9,19
380070204,17,105,60,64,246
380070205,25,15,26,64,130
380070301,5,1,9,35,50
380070302,4,1,6,22,33
380070303,0,15,35,36,86
380070401,0,1,0,5,6
380070402,0,4,9,47,60
380070403,0,35,42,36,113
380070404,1,1,23,26,51
380070405,0,12,7,23,42
380070501,0,2,3,67,72
380070502,0,2,11,19,32
380070503,0,0,7,107,114
380070504,0,10,25,28,63
380140101,0,6,26,2,34
380140102,0,1,66,3,70
380140103,1,24,95,6,126
380140104,4,24,75,5,108
380140105,2,59,174,9,244
380140106,0,27,29,5,61
380140107,16,41,156,5,218
380140108,2,19,74,0,95
380140109,4,69,87,8,168
380140115,0,5,6,0,11
380140116,0,84,64,1,149
380140117,1,83,88,11,183
380140201,5,77,130,12,224
380140202,15,2,1,0,18
380140203,3,55,159,29,246
380140204,46,46,82,5,179
380140205,219,30,12,0,261
380140206,0,49,28,1,78
380140301,7,49,68,0,124
380140302,12,79,125,10,226
380140303,2,27,76,13,118
380140304,9,316,182,21,528
380140305,2,256,100,7,365
380140401,8,136,170,28,342
380140402,11,102,133,2,248
380140403,12,89,142,9,252
380140404,6,66,223,11,306
380140405,3,158,80,5,246
380140406,15,302,59,0,376
380140407,14,290,59,1,364
380140408,5,237,69,0,311
380140409,2,235,159,4,400
380140410,0,190,115,2,307
380140411,6,239,84,9,338
380140412,1,101,48,7,157
380140413,6,209,93,3,311
380140414,8,154,64,6,232
380140501,4,88,103,3,198
380140502,2,43,81,3,129
380140503,3,177,138,7,325
380140504,0,13,42,4,59
380140505,0,10,15,2,27
380140506,7,48,62,4,121
380140507,213,66,46,1,326
380140508,310,70,44,0,424
380140509,69,69,157,0,295
380140510,228,19,23,0,270
380140511,235,62,45,0,342
380140512,121,77,66,0,264
380140513,164,52,60,2,278
380140514,195,70,52,1,318
380140515,221,46,55,3,325
380140516,209,19,12,0,240
380140517,59,16,41,1,117
380140601,293,7,4,1,305
380140602,220,24,51,1,296
380140603,244,18,19,1,282
380140604,352,19,20,0,391
380140605,312,5,1,0,318
380140606,278,22,11,0,311
380140607,266,8,28,0,302
380140608,267,7,14,0,288
380140609,455,0,0,0,455
380140610,197,0,0,0,197
380140611,301,1,2,0,304
380140612,241,15,1,0,257
380140613,246,2,1,0,249
380140614,212,14,32,2,260
380140615,336,23,33,0,392
380140616,281,2,2,0,285
380140617,240,0,1,0,241
380140618,270,0,0,0,270
380140619,164,34,51,1,250
380140701,83,20,60,1,164
380140702,1,36,40,0,77
380140703,0,9,48,0,57
380140704,0,27,28,0,55
380140705,3,75,106,2,186
380140706,41,112,40,1,194
380140707,148,98,14,0,260
380140708,303,2,0,0,305
380140709,306,0,0,0,306
380140710,370,2,0,0,372
380140711,211,58,168,6,443
380140712,122,73,222,3,420
380140713,193,66,114,1,374
380140714,199,11,2,0,212
380140715,183,25,1,1,210
380140716,80,89,185,1,355
380140717,0,43,115,4,162
380140718,5,38,51,0,94
380210101,0,1,15,1,17
380210102,0,1,5,20,26
380210103,0,50,59,7,116
380210104,0,0,0,5,5
380210105,3,44,63,4,114
380210106,4,109,56,0,169
380210107,2,113,60,0,175
380210108,2,181,126,3,312
380210109,4,46,17,0,67
380210110,0,64,85,3,152
380210201,0,1,26,17,44
380210202,0,16,22,8,46
380210203,0,0,1,1,2
380210204,0,0,4,1,5
380210301,0,0,8,0,8
380210302,0,1,13,2,16
380210303,0,6,9,42,57
380210304,0,2,21,1,24
380210305,2,16,15,1,34
380210306,0,6,2,0,8
380210307,2,41,205,3,251
380210401,0,0,0,1,1
380210402,10,28,35,9,82
380210403,2,4,3,0,9
380210404,1,27,39,3,70
380210405,1,44,144,21,210
380210406,56,81,69,5,211
380210407,42,3,0,0,45
380210408,1,29,49,1,80
380210409,361,30,29,0,420
380210410,115,22,100,0,237
380210411,124,95,57,0,276
380210412,119,71,111,1,302
380210413,102,73,116,5,296
380210414,112,47,56,1,216
380210415,17,115,102,5,239
380210416,0,59,68,2,129
380210417,90,88,90,0,268
380210418,2,54,68,2,126
380210419,57,23,7,0,87
380210501,90,148,41,2,281
380210502,229,48,15,1,293
380210503,316,42,26,2,386
380210504,341,35,42,1,419
380210505,180,5,89,1,275
380210506,150,32,9,0,191
380210507,195,51,47,1,294
380210508,17,83,140,5,245
380210509,12,83,144,13,252
380210510,40,89,294,0,423
380210511,64,98,81,1,244
380210512,273,28,21,0,322
380210513,186,66,79,2,333
380210514,116,111,172,0,399
380210515,18,45,167,2,232
380210516,52,189,42,1,284
380210517,156,88,31,0,275
380210518,131,25,49,0,205
380210519,9,67,150,1,227
380210520,235,82,36,0,353
380210521,88,140,89,11,328
380210522,79,79,106,0,264
380210523,6,79,185,5,275
380210524,267,52,53,2,374
380210525,126,48,9,1,184
380210526,0,23,131,9,163
380210527,104,63,31,0,198
380210601,215,41,19,0,275
380210602,169,16,30,0,215
380210603,96,31,212,0,339
380210604,303,9,17,0,329
380210605,165,0,0,0,165
380210606,66,0,0,0,66
380210607,253,3,0,0,256
380210608,49,60,103,0,212
380210609,182,1,0,0,183
380210610,247,10,0,0,257
380210611,136,29,74,0,239
380210612,160,0,0,0,160
380210613,179,1,0,0,180
380210614,30,57,146,7,240
380210615,251,0,0,0,251
380210616,253,0,0,0,253
380210617,202,0,1,0,203
380210618,41,42,184,0,267
380210619,44,38,162,1,245
380210620,149,12,17,0,178
380210621,206,7,22,0,235
380210701,154,88,77,4,323
380210702,161,22,19,1,203
380210703,41,9,11,0,61
380210704,17,46,192,3,258
380210705,296,40,30,0,366
380210706,176,0,0,0,176
380210707,345,2,0,0,347
380210708,174,11,0,0,185
380210709,234,0,0,0,234
380210710,225,0,0,0,225
380210711,17,134,109,0,260
380210712,258,8,6,0,272
380210713,193,1,0,0,194
380210714,295,3,0,0,298
380210715,392,4,1,0,397
380210716,431,5,2,0,438
380210717,332,5,23,3,363
380210718,178,9,27,1,215
380210719,229,43,21,0,293
380210720,175,11,54,2,242
380210721,174,14,0,0,188
380210801,183,3,4,0,190
380210802,283,2,0,0,285
380210803,122,13,26,0,161
380210804,208,1,0,0,209
380210805,282,7,0,0,289
380210806,357,4,0,0,361
380210807,381,6,2,0,389
380210808,369,24,34,0,427
380210809,256,8,29,0,293
380210810,234,0,0,0,234
380210811,243,8,1,0,252
380210812,360,5,2,0,367
380210813,220,4,3,0,227
380210814,292,5,2,0,299
380210815,208,2,5,0,215
380210816,369,14,18,1,402
380210817,242,19,21,0,282
380210818,290,8,7,0,305
380210819,268,8,16,0,292
380210820,48,14,76,0,138
380210821,251,6,4,0,261
380210822,238,15,19,0,272
380210823,238,2,1,0,241
380210824,150,6,6,0,162
380210825,226,7,1,0,234
380210826,256,3,1,0,260
380210827,229,4,0,0,233
380210901,405,0,0,0,405
380210902,210,8,0,0,218
380210903,196,2,0,0,198
380210904,139,0,1,0,140
380210905,347,11,11,1,370
380210906,300,2,3,0,305
380210907,326,9,5,0,340
380210908,276,9,7,0,292
380210909,206,4,5,0,215
380210910,368,12,3,0,383
380210911,450,16,15,0,481
380210912,356,29,33,1,419
380210913,354,3,0,0,357
380210914,265,1,1,0,267
380210915,320,0,0,0,320
380210916,363,8,19,0,390
380210917,310,13,5,0,328
380210918,411,4,2,0,417
380210919,164,0,0,0,164
380210920,268,0,0,0,268
380210921,215,1,0,0,216
380210922,256,8,17,0,281
380210923,99,19,6,0,124
380211001,313,28,6,0,347
380211002,319,16,12,0,347
380211003,242,25,17,0,284
380211004,196,21,22,0,239
380211005,290,41,22,0,353
380211006,244,14,24,0,282
380211007,305,15,25,0,345
380211008,301,10,12,0,323
380211009,385,11,4,0,400
380211010,305,4,1,0,310
380211011,198,6,2,0,206
380211012,251,12,2,0,265
380211013,276,1,10,0,287
380211014,332,3,9,0,344
380211101,309,2,1,0,312
380211102,230,21,33,0,284
380211103,151,89,71,0,311
380211104,194,46,25,0,265
380211105,342,3,1,0,346
380211106,237,0,0,0,237
380211107,257,4,0,0,261
380211108,404,15,11,0,430
380211109,1,20,124,3,148
380211110,339,14,4,0,357
380211111,293,0,1,0,294
380211112,228,6,2,0,236
380211113,274,12,7,0,293
380211114,248,9,15,0,272
380211115,214,13,5,0,232
380211116,249,29,9,1,288
380211117,296,0,1,0,297
380211118,9,32,79,0,120
380211201,223,38,21,0,282
380211202,356,3,0,0,359
380211203,148,41,209,1,399
380211204,41,68,184,0,293
380211205,80,111,51,1,243
380211206,192,132,25,0,349
380211207,360,5,0,0,365
380211208,208,1,0,0,209
380211209,302,7,1,0,310
380211210,295,7,8,0,310
380211211,222,28,21,0,271
380211212,222,33,15,2,272
380211213,150,32,24,1,207
380211214,397,9,10,0,416
380211215,218,52,20,2,292
380211216,207,1,0,0,208
380211217,187,39,25,0,251
380211218,3,76,149,1,229
380211219,311,24,14,0,349
380211220,6,46,267,7,326
380211221,225,34,83,1,343
380211301,2,100,216,9,327
380211302,2,6,2,0,10
380211303,1,24,14,0,39
380211304,162,6,1,0,169
380211305,253,22,29,0,304
380211306,212,13,10,0,235
380211307,250,59,96,0,405
380211308,341,24,0,0,365
380211309,300,2,0,0,302
380211310,50,61,154,2,267
380211311,247,43,2,0,292
380211312,292,1,0,0,293
380211313,371,10,2,0,383
380211314,39,33,153,0,225
380211315,315,6,0,0,321
380211316,277,6,0,0,283
380211317,289,4,1,0,294
380211318,172,1,0,0,173
380211319,281,2,0,0,283
380211320,211,12,0,0,223
380211321,189,6,0,0,195
380211322,243,5,1,0,249
380211401,254,11,13,0,278
380211402,317,8,0,0,325
380211403,321,2,0,0,323
380211404,293,14,5,0,312
380211405,158,58,119,2,337
380211406,332,10,15,1,358
380211407,332,11,62,2,407
380211408,329,12,45,0,386
380211409,315,11,28,0,354
380211410,90,24,89,0,203
380211411,53,10,152,0,215
380211412,233,14,65,0,312
380211413,192,3,21,1,217
380211414,375,7,19,2,403
380211415,332,16,18,1,367
380211416,239,7,5,0,251
380211417,358,26,54,3,441
380211418,60,14,214,17,305
380211419,219,16,45,2,282
380211501,277,42,53,4,376
380211502,0,25,66,3,94
380211503,26,47,9,0,82
380211504,110,10,10,1,131
380211505,159,4,22,0,185
380211506,178,11,19,1,209
380211507,145,103,4,0,252
380211508,199,66,14,0,279
380211509,166,7,14,1,188
380211510,1,54,187,10,252
380211511,357,6,17,2,382
380211512,265,6,18,0,289
380211513,155,10,46,0,211
380211514,280,4,1,0,285
380211515,186,39,11,0,236
380211516,88,2,0,0,90
380211517,174,10,0,0,184
380211518,417,10,2,0,429
380211519,179,6,0,0,185
380211520,1,0,3,0,4
380280101,0,2,27,41,70
380280102,0,0,25,32,57
380280103,0,7,60,8,75
380280201,6,3,27,10,46
380280202,1,4,34,12,51
380280203,10,4,55,15,84
380280204,4,2,24,2,32
380280205,0,6,24,6,36
380280301,1,11,74,41,127
380280302,0,4,24,6,34
380280303,3,31,61,33,128
380280401,0,11,76,40,127
380280402,2,7,49,10,68
380280403,169,12,25,6,212
380280404,182,3,6,0,191
380280405,141,9,35,2,187
380280406,182,11,16,3,212
380280407,179,19,38,5,241
380280408,111,14,39,2,166
380280409,140,6,4,3,153
380280410,150,14,73,7,244
380280411,195,13,37,12,257
380280412,12,51,67,6,136
380280413,3,97,123,17,240
380280414,1,32,58,14,105
380280415,159,20,29,0,208
380280501,1,0,11,16,28
380280502,0,4,27,51,82
380280503,158,1,0,0,159
380280504,156,1,0,0,157
380280505,187,1,0,0,188
380280601,0,0,16,15,31
380280602,76,13,18,5,112
380350101,38,59,123,28,248
380350102,0,5,49,2,56
380350103,1,1,0,0,2
380350104,0,0,3,0,3
380350105,140,69,81,8,298
380350106,299,18,33,8,358
380350107,250,0,0,0,250
380350108,90,33,60,41,224
380350109,150,17,41,32,240
380350110,30,62,92,13,197
380350111,87,41,77,12,217
380350112,160,8,19,1,188
380350113,192,7,12,0,211
380350114,45,59,46,28,178
380350115,0,35,33,33,101
380350201,0,0,1,1,2
380350202,0,1,1,0,2
380350203,0,0,0,0,0
380350204,196,9,0,0,205
380350205,196,23,0,0,219
380350206,43,5,3,2,53
380350207,29,14,11,2,56
380350208,50,7,0,0,57
380350209,77,6,0,0,83
380350210,1,122,103,25,251
380350211,3,234,105,26,368
380350212,5,169,46,2,222
380350213,170,13,0,0,183
380350214,3,138,45,7,193
380350215,169,14,1,0,184
380350216,10,138,12,0,160
380350217,5,144,76,30,255
380350301,0,1,16,12,29
380350302,15,1,0,0,16
380350303,15,0,0,0,15
380350304,0,0,6,3,9
380350305,0,0,6,1,7
380350306,160,1,20,2,183
380350401,1,15,36,47,99
380350403,26,6,38,2,72
380350404,211,21,2,0,234
380350405,0,0,0,0,0
380350406,0,0,0,0,0
380350407,163,27,68,2,260
380350408,306,32,52,3,393
380350409,186,36,52,23,297
380350410,261,61,33,2,357
380350411,193,27,25,3,248
380350412,302,19,17,1,339
380350413,261,15,9,1,286
380350414,132,19,90,35,276
380350415,163,7,26,0,196
380350416,2,60,239,20,321
380350501,369,11,0,0,380
380350502,273,4,2,0,279
380350503,283,5,0,5,293
380350504,330,0,0,0,330
380350505,250,1,0,0,251
380350506,204,22,0,0,226
380350507,344,17,1,0,362
380350508,203,2,0,0,205
380350509,158,1,0,0,159
380350510,289,35,24,0,348
380350511,192,4,0,0,196
380350512,148,19,1,0,168
380350513,242,6,0,0,248
380350514,307,6,0,0,313
380350515,351,12,2,0,365
380350516,445,4,0,0,449
380350517,206,2,0,0,208
380350601,305,9,18,0,332
380350602,333,21,0,0,354
380350603,315,8,0,0,323
380350604,358,14,0,0,372
380350605,256,13,0,0,269
380350606,328,2,0,0,330
380350607,277,1,0,0,278
380350608,221,4,14,0,239
380350609,206,3,0,0,209
380350610,256,24,49,8,337
380350611,252,11,0,0,263
380350612,250,20,2,0,272
380350613,236,23,47,0,306
380350614,215,31,87,3,336
380350615,190,29,62,1,282
380350616,237,56,56,0,349
380350617,173,36,98,0,307
380350618,325,13,1,0,339
380350619,209,1,0,0,210
380420101,0,7,28,9,44
380420102,0,1,1,2,4
380420103,0,0,8,1,9
380420104,3,42,79,0,124
380420105,76,23,1,0,100
380420201,5,36,19,0,60
380420202,2,13,23,0,38
380420203,0,1,1,1,3
380420204,8,15,38,2,63
380420205,99,73,55,1,228
380420206,68,13,45,0,126
380420207,104,7,8,1,120
380420208,197,30,89,0,316
380420301,2,43,39,4,88
380420302,1,2,23,0,26
380420401,281,33,60,1,375
380420402,287,18,40,0,345
380420403,280,20,20,0,320
380420404,252,31,59,2,344
380420405,172,21,44,3,240
380420406,201,12,22,0,235
380420407,303,52,30,0,385
380420408,199,26,63,2,290
380420409,255,4,2,0,261
380420410,258,2,0,0,260
380420411,314,0,0,0,314
380420412,121,9,8,0,138
380420413,78,50,96,1,225
380420414,222,36,84,2,344
380420501,236,34,72,1,343
380420502,196,33,57,1,287
380420503,202,25,58,0,285
380420504,222,16,29,1,268
380420505,159,33,65,3,260
380420506,193,53,66,0,312
380420507,211,33,13,0,257
380420508,125,38,71,0,234
380420509,268,49,28,0,345
380420510,208,32,25,0,265
380420511,183,25,20,0,228
380420512,318,33,18,0,369
380420513,183,21,39,4,247
380420601,225,2,7,0,234
380420602,288,15,8,0,311
380420603,68,113,88,2,271
380420604,300,1,0,0,301
380420605,233,0,0,0,233
380420606,227,7,0,0,234
380420607,369,0,0,0,369
380420608,260,6,0,0,266
380420609,401,3,0,0,404
380420610,352,0,0,0,352
380420611,226,4,0,0,230
380420612,206,3,0,0,209
380420613,277,5,7,1,290
380490101,0,2,7,1,10
380490102,0,1,22,33,56
380490103,0,0,10,3,13
380490104,0,3,2,12,17
380490105,0,0,19,21,40
380490106,0,43,25,3,71
380490201,0,0,22,15,37
380490202,0,2,30,13,45
380490301,0,13,14,35,62
380490302,0,6,16,33,55
380490303,0,12,31,8,51
380560101,0,2,7,0,9
380560102,49,30,56,1,136
380560103,0,17,46,1,64
380560104,124,42,27,1,194
380560105,101,27,40,4,172
380560201,3,70,59,3,135
380560202,0,37,97,15,149
380560203,0,25,30,0,55
380560204,2,101,50,0,153
380560301,0,0,0,7,7
380560302,0,0,1,0,1
380560303,0,8,13,0,21
380560304,0,2,1,0,3
380630101,0,3,15,0,18
380630102,1,5,52,0,58
380630103,1,39,126,62,228
380630104,9,72,134,25,240
380630106,0,5,26,90,121
380630107,152,11,5,0,168
380630108,31,1,8,2,42
380630109,3,58,51,20,132
380630110,175,50,5,0,230
380630111,185,15,10,0,210
380630112,4,13,2,0,19
380630119,106,177,39,5,327
380630124,3,19,196,22,240
380630201,6,5,17,3,31
380630202,3,16,50,10,79
380630203,95,15,36,3,149
380630204,100,3,0,1,104
380630205,0,10,32,0,42
380630206,344,1,16,1,362
380630207,345,2,7,0,354
380630208,233,1,0,0,234
380630209,84,0,0,0,84
380630301,1,53,42,16,112
380630302,0,23,18,3,44
380630303,0,21,94,38,153
380630401,319,14,6,0,339
380630402,236,5,0,0,241
380630403,258,4,4,0,266
380630404,278,14,25,6,323
380630405,310,14,21,1,346
380630406,223,8,37,3,271
380630407,305,19,23,6,353
380630408,169,6,19,1,195
380630409,214,22,49,1,286
380630410,192,13,17,5,227
380630411,211,4,10,0,225
380630412,194,8,20,0,222
380630413,277,15,82,0,374
380630414,244,21,43,7,315
380630415,168,49,112,34,363
380630416,216,7,3,0,226
380630417,232,3,5,0,240
380630418,192,17,64,0,273
380630419,209,9,43,2,263
380630420,252,8,50,1,311
380630421,256,4,4,0,264
380630501,313,2,0,0,315
380630502,132,34,156,14,336
380630503,23,48,176,1,248
380630504,241,6,2,0,249
380630505,260,7,0,0,267
380630506,153,6,4,0,163
380630507,271,3,1,0,275
380630508,298,2,0,0,300
380630509,21,24,137,50,232
380630510,266,1,3,0,270
380630511,62,55,235,25,377
380630512,251,0,0,0,251
380630513,187,9,2,0,198
380630514,244,15,13,0,272
380630515,237,30,43,0,310
380630516,259,20,31,1,311
380630517,200,5,4,0,209
380630518,206,4,1,0,211
380630519,228,8,0,0,236
380630520,32,47,86,13,178
380630601,1,50,209,14,274
380630602,3,13,237,34,287
380630603,0,0,0,0,0
380630604,0,16,2,0,18
380630605,0,3,61,16,80
380630606,0,2,41,15,58
380630607,1,14,224,56,295
380630608,0,0,0,0,0
380630609,0,46,32,1,79
380630610,7,12,64,0,83
380630611,0,22,187,4,213
380630612,16,10,106,18,150
380630613,295,0,0,0,295
380630614,279,0,0,0,279
380630615,315,1,0,0,316
380630616,291,3,0,0,294
380630617,233,0,0,0,233
380630618,181,0,0,0,181
380700101,7,44,89,32,172
380700102,0,8,2,0,10
380700105,293,5,0,0,298
380700106,281,20,36,1,338
380700107,7,46,50,9,112
380700201,0,8,15,10,33
380700202,9,38,74,12,133
380700203,0,36,95,13,144
380700204,189,107,81,16,393
380700205,59,45,49,23,176
380700206,1,73,73,19,166
380700207,0,33,36,45,114
380700301,0,3,11,9,23
380700302,0,1,4,3,8
380700303,0,1,3,2,6
380700401,2,5,8,1,16
380700402,0,9,17,2,28
380700403,246,2,9,0,257
380700404,249,7,19,12,287
380700501,34,69,66,23,192
380700502,0,27,49,8,84
380700503,0,1,3,10,14
380700504,1,42,75,9,127
380700505,2,25,14,0,41
380700506,30,198,99,13,340
380700507,23,166,81,6,276
380700508,100,14,30,6,150
380700601,1,16,7,7,31
380700602,0,1,3,11,15
380770101,0,4,20,45,69
380770102,0,0,22,20,42
380770103,0,15,47,11,73
380770201,0,1,22,17,40
380770202,0,1,61,14,76
380770203,0,0,29,23,52
380770204,0,29,35,9,73
380770301,0,6,61,23,90
380770302,0,6,19,30,55
380770303,0,9,32,28,69
380770304,0,22,21,16,59
380840101,0,33,21,15,69
380840102,0,7,31,6,44
380840201,0,11,30,13,54
380840202,0,30,29,5,64
380840301,0,4,12,11,27
380840302,0,25,34,38,97
380840303,0,74,107,15,196
380840401,0,0,17,20,37
380840402,0,0,0,4,4
380840403,0,3,13,16,32
380840501,0,7,1,5,13
380840502,0,29,30,14,73
380940101,0,0,1,8,9
380940102,0,17,110,26,153
380940103,2,15,153,20,190
380940104,5,33,89,13,140
380940201,0,1,15,10,26
380940202,0,0,5,15,20
380940203,0,0,1,7,8
380940301,0,0,5,10,15
380940302,0,0,15,10,25
380940401,0,20,44,15,79
380940402,0,82,140,15,237
380940403,0,33,57,13,103
380940404,35,103,27,15,180
380940405,38,150,92,6,286
380940406,37,98,87,5,227
380940407,21,108,46,2,177
380940408,1,50,76,19,146
380940501,5,40,121,23,189
380940502,0,7,33,1,41
380940503,117,14,23,0,154
380940504,40,75,90,2,207
380940505,70,40,47,0,157
380940506,2,73,64,16,155
380940507,4,85,54,5,148
380940601,0,0,0,2,2
380940602,0,0,4,1,5
380940603,0,1,3,9,13
380980101,0,15,27,18,60
380980102,0,0,16,20,36
380980201,0,0,11,0,11
380980202,0,1,7,0,8
380980203,3,43,68,15,129
380980204,116,14,9,1,140
380980205,0,26,30,0,56
380980301,1,7,30,4,42
380980302,0,0,10,5,15
380980303,0,4,16,1,21
380980401,0,6,12,5,23
380980402,12,7,36,8,63
380980403,0,12,40,8,60
380980404,1,74,44,1,120
380980405,237,18,37,3,295
380980501,15,6,20,22,63
380980502,0,0,4,24,28
381050101,0,2,2,0,4
381050102,0,7,35,13,55
381050103,0,16,56,11,83
381050201,0,3,9,8,20
381050202,0,36,19,11,66
381050203,0,0,4,1,5
381050204,0,45,31,5,81
381050205,0,42,107,23,172
381050301,0,15,37,7,59
381050302,0,0,6,8,14
381050303,0,0,2,11,13
381050401,0,1,7,4,12
381050402,0,10,27,15,52
381120101,0,3,66,16,85
381120102,188,12,34,0,234
381120103,192,39,29,0,260
381120104,180,27,90,2,299
381120105,207,6,5,0,218
381120106,174,7,56,2,239
381120107,209,0,27,0,236
381120108,193,4,37,0,234
381120109,145,34,74,15,268
381120110,113,52,126,2,293
381120111,135,31,76,7,249
381120112,161,10,83,2,256
381120113,89,28,131,8,256
381120114,209,2,10,0,221
381120115,184,15,20,0,219
381120116,199,9,11,4,223
381120117,45,24,124,19,212
381120201,0,0,35,13,48
381120202,24,18,62,13,117
381120203,0,0,26,10,36
381120204,0,3,15,32,50
381120205,252,5,1,1,259
381120206,0,6,36,6,48
381120301,0,2,15,15,32
381120302,0,24,53,58,135
381120303,0,3,48,36,87
381120304,0,14,38,0,52
381120401,0,0,4,14,18
381120402,0,7,26,1,34
381120501,0,1,49,14,64
381120502,0,9,63,16,88
381120503,0,11,33,2,46
381120601,0,1,19,12,32
381120602,0,1,31,3,35
381120603,0,0,16,10,26
381120604,0,4,36,10,50
420070101,2,192,17,4,215
420070102,15,113,18,0,146
420070103,0,1,7,0,8
420070104,0,12,5,0,17
420070105,0,4,2,0,6
420070106,0,9,3,0,12
420070107,0,8,0,0,8
420070108,0,19,4,0,23
420070109,0,7,9,0,16
420070110,6,167,15,0,188
420070201,1,95,36,2,134
420070202,2,101,57,0,160
420070203,0,10,12,0,22
420070204,0,18,19,0,37
420070205,0,5,3,0,8
420070206,0,5,1,0,6
420070207,1,169,45,3,218
420070208,0,139,37,0,176
420070301,3,77,20,0,100
420070302,0,13,10,0,23
420070303,0,3,2,0,5
420070401,190,52,27,1,270
420070402,184,66,19,0,269
420070403,117,36,24,0,177
420070404,126,33,9,0,168
420070405,136,25,12,0,173
420070406,154,60,32,0,246
420070407,0,3,14,0,17
420070408,0,2,7,0,9
420070409,202,28,21,0,251
420070410,0,2,2,0,4
420070411,0,3,7,0,10
420070412,0,0,0,0,0
420070413,155,10,17,0,182
420070501,0,108,25,0,133
420070502,0,2,3,0,5
420070503,0,0,2,0,2
420070504,0,2,5,0,7
420070505,0,11,3,0,14
420070506,0,0,2,0,2
420070507,0,1,3,0,4
420070508,1,87,12,0,100
420140101,0,12,1,0,13
420140102,0,7,8,0,15
420140103,0,18,5,0,23
420140201,0,173,36,0,209
420140202,0,7,0,0,7
420140203,0,32,13,0,45
420140204,0,0,0,0,0
420140205,0,16,15,0,31
420140206,0,4,4,0,8
420140207,0,1,0,0,1
420140208,0,0,0,0,0
420140209,0,2,5,1,8
420140210,0,185,50,0,235
420140211,0,116,25,0,141
420210101,0,15,30,0,45
420210102,0,12,1,0,13
420210103,0,14,7,0,21
420210104,0,2,7,0,9
420210105,82,10,14,3,109
420210106,0,25,8,0,33
420210107,1,5,20,0,26
420210108,0,10,8,0,18
420210109,0,6,5,0,11
420210110,0,19,17,0,36
420210111,267,2,2,0,271
420210112,7,161,108,0,276
420210113,34,101,108,0,243
420210114,40,78,59,0,177
420210115,0,0,0,0,0
420210116,0,0,0,0,0
420210117,59,24,35,0,118
420210118,1,141,54,1,197
420210201,1,100,21,0,122
420210202,0,6,13,0,19
420210203,0,1,2,0,3
420210204,0,9,3,0,12
420210205,0,5,13,0,18
420210206,0,9,17,0,26
420210207,0,2,10,0,12
420210208,0,10,4,0,14
420210209,2,142,87,0,231
420210210,0,92,63,0,155
420210301,211,5,23,0,239
420210302,251,1,1,0,253
420210303,209,37,25,0,271
420210304,192,26,35,1,254
420210305,100,68,88,0,256
420210306,123,43,118,0,284
420210307,239,9,2,0,250
420210308,31,102,115,0,248
420210309,220,12,9,0,241
420210310,278,11,3,0,292
420210311,339,4,6,0,349
420210312,362,0,0,0,362
420210401,221,1,0,0,222
420210402,223,1,0,0,224
420210403,199,0,1,0,200
420210404,233,0,0,0,233
420210405,204,5,1,0,210
420210406,251,4,0,0,255
420210407,374,1,2,0,377
420210408,261,1,1,0,263
420210409,8,6,2,0,16
420210410,141,0,0,0,141
420210411,168,0,1,0,169
420210412,200,2,1,0,203
420210413,284,0,0,0,284
420210414,309,4,1,0,314
420210415,205,3,0,1,209
420210416,184,0,0,0,184
420210417,217,0,0,0,217
420210418,194,7,2,0,203
420210419,175,11,2,0,188
420210420,221,31,4,0,256
420210421,127,34,5,0,166
420210501,217,2,10,2,231
420210502,353,3,6,1,363
420210503,324,8,12,0,344
420210504,252,2,3,0,257
420210505,296,4,0,0,300
420210506,387,3,0,0,390
420210507,364,5,1,0,370
420210508,2,0,0,0,2
420210509,199,2,1,0,202
420210510,283,6,3,0,292
420210511,214,14,15,0,243
420210512,255,4,2,0,261
420210513,232,8,0,0,240
420210514,203,3,1,0,207
420210515,337,0,2,0,339
420210516,429,3,2,0,434
420210601,179,11,16,0,206
420210602,150,19,37,1,207
420210603,324,2,2,0,328
420210604,323,1,1,0,325
420210605,185,0,0,0,185
420210606,177,1,0,0,178
420210607,234,1,1,0,236
420210608,149,0,0,0,149
420210609,163,0,0,0,163
420210610,2,0,0,0,2
420210611,206,0,0,0,206
420210612,191,0,0,0,191
420210613,291,0,0,0,291
420210614,294,2,0,0,296
420210615,192,1,0,0,193
420210616,167,0,0,0,167
420210701,188,2,0,0,190
420210702,161,1,0,0,162
420210703,276,2,0,0,278
420210704,273,1,0,0,274
420210705,301,0,0,0,301
420210706,201,1,0,0,202
420210707,243,1,0,0,244
420210708,269,0,0,0,269
420210709,196,3,0,0,199
420210710,178,0,0,0,178
420210711,67,46,38,0,151
420210712,208,3,0,0,211
420210713,238,2,0,0,240
420210714,289,2,0,0,291
420210715,317,2,0,0,319
420210716,187,0,0,0,187
420210717,217,1,0,0,218
420210718,183,0,0,0,183
420210719,281,5,5,1,292
420210720,234,10,16,1,261
420210721,258,8,3,0,269
420210722,264,16,14,1,295
420210723,19,154,70,0,243
420210724,1,132,43,0,176
420210725,1,83,59,0,143
420210801,169,1,0,0,170
420210802,191,2,0,0,193
420210803,190,3,0,0,193
420210804,239,1,1,0,241
420210805,301,2,0,0,303
420210806,248,1,1,0,250
420210807,253,4,0,0,257
420210808,331,7,1,0,339
420210809,252,1,1,0,254
420210810,283,6,4,0,293
420210811,197,2,0,0,199
420210812,188,1,0,0,189
420210813,205,0,0,0,205
420210814,260,1,0,0,261
420210815,261,6,7,1,275
420210816,285,7,6,0,298
420210817,210,0,0,0,210
420210818,199,5,3,0,207
420210819,191,10,7,0,208
420210820,193,11,1,0,205
420210821,291,6,2,0,299
420210822,184,0,0,0,184
420210823,113,19,17,0,149
420210824,170,22,15,0,207
420210901,138,0,0,0,138
420210902,300,1,0,0,301
420210903,347,5,0,0,352
420210904,332,3,0,0,335
420210905,290,23,2,0,315
420210906,116,13,3,0,132
420210907,327,2,2,0,331
420210908,381,3,1,0,385
420210909,197,0,0,0,197
420210910,201,6,0,0,207
420210911,236,3,1,0,240
420210912,359,2,2,0,363
420210913,246,7,10,0,263
420210914,170,4,1,0,175
420210915,219,0,0,0,219
420210916,300,10,9,0,319
420210917,128,28,41,0,197
420211001,319,5,1,0,325
420211002,332,3,0,0,335
420211003,190,1,5,0,196
420211004,293,0,0,0,293
420211005,290,0,0,0,290
420211006,270,1,0,0,271
420280101,99,26,22,0,147
420280102,0,2,15,0,17
420280103,1,23,26,1,51
420280104,1,10,16,0,27
420280105,102,21,28,0,151
420280201,3,208,123,1,335
420280202,0,77,23,1,101
420280203,24,97,69,0,190
420280301,4,179,91,0,274
420280302,3,157,55,0,215
420280303,17,214,101,0,332
420280304,5,154,84,1,244
420280305,0,118,100,1,219
420280401,0,10,24,0,34
420280402,0,16,8,0,24
420350101,0,51,21,3,75
420350102,0,0,1,0,1
420350103,0,4,4,0,8
420350104,0,1,12,0,13
420350105,0,9,8,0,17
420350106,0,6,2,0,8
420350201,0,106,32,3,141
420350202,0,25,47,1,73
420350301,0,2,1,0,3
420350302,0,0,10,0,10
420350303,0,8,0,0,8
420350304,0,1,4,0,5
420350305,0,0,3,0,3
420350306,62,80,46,0,188
420350307,0,5,3,0,8
420350308,1,2,19,0,22
420350309,87,55,7,0,149
420350310,129,139,49,0,317
420350401,26,114,37,0,177
420350402,75,73,24,0,172
420350403,84,152,25,0,261
420350404,60,116,18,0,194
420350405,81,155,23,0,259
420350406,54,97,29,0,180
420350407,68,133,14,0,215
420350408,49,94,12,0,155
420350409,81,78,22,0,181
420350410,27,82,51,0,160
420350411,23,94,23,0,140
420350412,82,143,38,0,263
420350413,91,93,52,1,237
420350501,0,52,23,0,75
420350502,0,5,20,1,26
420350503,0,3,14,0,17
420350504,0,5,10,1,16
420350505,1,56,32,0,89
420350601,1,171,44,0,216
420350602,4,138,65,0,207
420350603,0,10,4,0,14
420350604,0,4,16,0,20
420350605,0,3,18,0,21
420350606,0,5,10,0,15
420350607,0,7,6,0,13
420350608,0,25,35,0,60
420350609,3,141,73,0,217
420350610,0,100,62,0,162
420350701,2,85,26,0,113
420350702,0,3,4,1,8
420350703,0,5,2,0,7
420350704,0,12,5,0,17
420350705,0,5,11,0,16
420420101,0,0,2,0,2
420420102,0,1,0,0,1
420420103,0,1,0,0,1
420420104,0,0,1,0,1
420420105,0,0,0,0,0
420420106,0,0,2,0,2
420420107,0,0,4,3,7
420420201,0,95,46,0,141
420420202,0,24,20,6,50
420420301,0,85,17,3,105
420420302,0,4,7,1,12
420420303,0,1,1,0,2
420420304,0,0,0,0,0
420420305,0,0,1,0,1
420420306,0,2,4,0,6
420420307,0,1,1,1,3
420420308,0,4,0,0,4
420490101,0,97,71,0,168
420490102,0,184,80,0,264
420490103,0,64,77,9,150
420490104,0,0,9,1,10
420490105,0,14,30,3,47
420490106,0,24,7,2,33
420490107,0,127,27,0,154
420490108,0,49,39,1,89
420560101,0,176,64,0,240
420560102,0,17,16,0,33
420560201,0,20,26,1,47
420560202,0,8,8,0,16
420560301,1,98,30,1,130
420560302,0,34,18,2,54
420560303,0,265,26,2,293
420560304,0,82,21,0,103
420560401,0,81,20,0,101
420560402,0,19,12,0,31
420560501,237,46,18,0,301
420560502,248,31,22,0,301
420560503,165,21,11,0,197
420560504,140,29,17,0,186
420560505,0,12,15,0,27
420560506,29,29,58,4,120
420560507,0,23,2,0,25
420560508,0,4,8,1,13
420560509,0,6,11,0,17
420560510,0,4,23,0,27
420560511,200,17,7,0,224
420560512,96,25,10,0,131
420560513,116,13,3,0,132
420560514,165,20,14,0,199
420560515,270,21,24,1,316
420560516,238,6,1,0,245
420560517,136,13,18,1,168
420560601,5,183,55,0,243
420560602,0,4,16,0,20
420630101,0,64,29,0,93
420630102,0,73,39,0,112
420630103,0,57,55,5,117
420630104,0,0,1,0,1
420630105,0,2,2,2,6
420630106,0,9,22,0,31
420630107,0,20,50,3,73
420700101,1,125,60,0,186
420700102,0,5,2,0,7
420700103,0,39,48,2,89
420700104,5,117,26,0,148
420700105,114,51,18,0,183
420700106,2,153,19,0,174
420700201,1,295,56,2,354
420700202,1,16,28,0,45
420700203,0,0,1,0,1
420700301,0,2,8,0,10
420700302,0,1,25,0,26
420700401,0,126,50,1,177
420700402,0,26,20,3,49
420700501,1,241,100,0,342
420700502,8,219,56,0,283
420700503,0,176,54,0,230
420700504,0,4,118,8,130
420700505,0,107,37,0,144
420700506,1,19,17,0,37
420700507,1,250,30,1,282
420700508,5,154,54,0,213
420770101,0,93,16,0,109
420770102,0,1,2,0,3
420770103,0,4,2,0,6
420770104,0,2,2,1,5
420770105,0,2,8,0,10
420770106,0,5,3,0,8
420770107,0,13,8,0,21
420770108,0,20,20,0,40
420770201,0,191,7,0,198
420770202,0,173,10,1,184
420770203,0,116,30,0,146
420770204,0,11,5,1,17
420770205,0,1,10,0,11
420770206,0,10,7,0,17
420770207,0,14,7,0,21
420770208,0,4,11,0,15
420770209,0,2,3,0,5
420770210,0,155,7,1,163
420770211,0,116,36,1,153
420770212,0,124,16,0,140
420770301,0,181,57,2,240
420770302,0,142,26,0,168
420770303,0,1,8,0,9
420770304,0,19,5,0,24
420770305,0,4,17,0,21
420770306,0,74,6,0,80
420770307,0,126,7,0,133
420770401,0,265,32,1,298
420770402,0,184,23,1,208
420770403,0,6,1,0,7
420770404,0,5,4,2,11
420770405,0,3,1,0,4
420770406,0,8,4,0,12
420770407,0,3,0,0,3
420770408,0,2,3,0,5
420770409,0,183,25,0,208
420770410,0,152,37,1,190
420840101,0,40,27,0,67
420840102,0,23,19,0,42
420840201,0,8,8,0,16
420840202,0,9,17,0,26
420840203,0,5,7,0,12
420840204,0,0,0,0,0
420840205,0,3,0,0,3
420840206,0,6,0,0,6
420840207,0,3,1,0,4
420910101,0,5,21,0,26
420910102,0,8,22,5,35
420910103,0,5,19,4,28
420910104,0,9,10,0,19
420910105,0,46,21,0,67
420980101,5,130,50,6,191
420980102,3,91,36,0,130
420980103,4,148,19,1,172
420980104,5,116,3,0,124
420980105,3,127,27,1,158
420980106,4,94,37,0,135
420980107,4,118,41,1,164
420980108,1,126,23,0,150
420980109,65,145,6,0,216
420980110,3,137,49,0,189
420980111,1,136,46,7,190
420980112,1,21,2,0,24
420980113,0,8,23,1,32
420980114,0,4,16,0,20
420980201,1,157,56,3,217
420980202,0,11,13,0,24
420980301,0,136,51,2,189
420980302,0,39,24,1,64
420980303,7,142,52,1,202
420980401,0,77,18,0,95
420980402,0,52,46,0,98
421050101,0,96,20,0,116
421050102,0,2,0,0,2
421050103,0,18,23,0,41
421050201,0,3,12,0,15
421050202,0,10,19,0,29
421050203,0,31,14,1,46
421050204,0,6,7,0,13
421050205,0,3,6,0,9
421050206,3,129,69,2,203
421050207,4,137,36,0,177
421050301,253,10,2,0,265
421050302,187,5,2,0,194
421050303,210,13,2,0,225
421050304,220,7,7,0,234
421050305,223,1,0,0,224
421050306,203,0,0,0,203
421050307,150,4,1,0,155
421050308,211,3,1,0,215
421050309,205,1,4,0,210
421050310,228,2,2,0,232
421050311,201,6,5,0,212
421050312,239,2,2,0,243
421050313,188,2,2,0,192
421050314,154,1,1,0,156
421050401,277,33,8,0,318
421050402,316,1,2,0,319
421050403,277,3,2,0,282
421050404,294,24,25,0,343
421050405,301,0,1,0,302
421050406,390,3,2,0,395
421050407,32,0,0,0,32
421050408,209,10,3,0,222
421050409,257,0,3,0,260
421050410,206,1,0,0,207
421050411,210,1,1,0,212
421050412,185,11,3,0,199
421050413,198,8,1,0,207
421050414,232,2,1,0,235
421050415,183,2,0,0,185
421050416,152,0,0,0,152
421050417,190,2,0,0,192
421050418,187,1,2,0,190
421050419,84,65,36,0,185
421050501,1,79,48,0,128
421050502,0,6,5,0,11
421050503,0,30,20,0,50
421050504,0,10,5,0,15
421050601,3,59,36,0,98
421050602,0,19,14,0,33
421050701,274,4,8,0,286
421050702,184,3,18,0,205
421050703,274,5,10,0,289
421050704,243,4,2,0,249
421050705,310,8,3,0,321
421050706,266,7,1,0,274
421050707,95,4,7,1,107
421050708,207,1,0,0,208
421050709,288,4,9,0,301
421050710,239,2,14,0,255
421050711,250,8,20,0,278
421050712,290,14,14,0,318
421050713,265,5,5,0,275
421050714,225,22,19,0,266
421050715,198,19,6,0,223
421050716,205,12,2,0,219
421050717,314,3,15,0,332
421050718,206,6,4,0,216
421050801,427,0,0,0,427
421050802,125,45,8,0,178
421050803,228,1,0,0,229
421050804,366,0,0,0,366
421050805,316,0,0,0,316
421050806,244,0,0,0,244
421050807,306,28,52,0,386
421050808,138,52,39,0,229
421050901,128,48,62,0,238
421050902,55,9,50,0,114
421050903,102,0,0,0,102
421050904,213,8,5,0,226
421050905,249,0,0,0,249
421050906,238,0,0,0,238
421051001,289,0,9,0,298
421051002,295,4,1,0,300
421051003,324,7,1,0,332
421051004,216,0,0,0,216
421051005,307,1,0,0,308
421051006,225,0,1,0,226
421051007,174,7,0,0,181
421051008,206,0,0,0,206
421051009,167,1,0,0,168
421051010,236,5,1,0,242
421051011,245,3,3,0,251
421051012,319,7,3,0,329
421120101,3,61,41,0,105
421120102,0,50,53,3,106
421120201,0,2,15,1,18
421120301,213,3,1,0,217
421120302,178,4,0,0,182
421120303,269,1,0,0,270
421120304,61,4,0,0,65
421120305,294,5,5,0,304
421120306,316,0,0,0,316
421120307,243,0,0,0,243
421120308,283,1,0,0,284
421120309,175,4,0,0,179
421120310,0,24,21,0,45
421120311,0,0,6,1,7
421120312,7,120,136,9,272
421120313,0,1,6,0,7
421120314,0,1,4,2,7
421120315,0,1,12,3,16
421120316,0,2,3,1,6
421120317,0,1,0,0,1
421120318,0,0,2,0,2
421120319,0,1,0,0,1
421120320,0,0,5,0,5
421120321,0,2,2,0,4
421120322,0,0,1,2,3
421190101,0,168,42,2,212
421190102,0,0,3,0,3
421190103,0,3,6,0,9
421190104,0,7,7,0,14
421190201,0,114,44,0,158
421190202,0,42,66,2,110
421190203,0,262,31,0,293
421190204,0,204,40,0,244
421190205,0,10,13,0,23
421190206,0,18,0,0,18
421190207,0,4,1,0,5
421190208,0,5,7,0,12
421190209,0,5,5,0,10
421190210,0,9,1,0,10
421190211,0,147,33,0,180
421190212,0,242,43,0,285
421190301,0,206,45,2,253
421190302,0,243,46,1,290
421190303,0,8,7,0,15
421190304,0,1,2,0,3
421190305,0,10,6,0,16
421190306,0,13,3,0,16
421190307,0,13,7,0,20
421190308,0,19,5,0,24
421190309,0,0,1,0,1
421190310,0,1,2,0,3
421190311,0,235,38,1,274
421190312,0,191,63,1,255
421190401,0,173,106,1,280
421190402,0,25,9,0,34
421190403,0,13,10,0,23
421190404,0,3,12,0,15
421190405,0,2,10,1,13
421260101,0,199,32,1,232
421260102,0,212,26,0,238
421260103,0,198,52,0,250
421260104,0,8,0,0,8
421260105,0,9,8,0,17
421260106,0,5,5,0,10
421260107,0,9,11,0,20
421260108,0,31,14,2,47
421260109,0,9,7,1,17
421260110,0,16,7,0,23
421260111,0,150,45,2,197
421260112,0,112,22,0,134
421260201,0,213,54,2,269
421260202,0,128,26,2,156
421260203,0,115,17,1,133
421260204,0,3,3,0,6
421260205,0,89,19,1,109
421260206,0,3,5,0,8
421260207,0,61,24,0,85
421260208,0,117,31,0,148
421260301,0,3,5,0,8
421260302,0,9,11,0,20
421260303,0,4,2,0,6
421260304,0,6,1,0,7
421260401,0,88,73,1,162
421260402,0,4,8,0,12
421260403,0,6,6,0,12
421260404,0,5,9,0,14
421260405,0,16,15,1,32
421260406,0,7,9,0,16
421260407,0,114,55,1,170
421260501,0,117,38,1,156
421260502,0,67,2,1,70
421260503,0,18,15,1,34
421260504,0,4,6,0,10
421260505,0,5,3,0,8
421260506,0,57,13,0,70
421260507,0,0,4,0,4
421260508,0,3,1,0,4
421260509,0,129,51,1,181
421260510,0,177,46,2,225
421260511,0,132,8,0,140
421330101,0,75,25,1,101
421330102,0,3,5,0,8
421330103,0,12,1,0,13
421330201,231,32,14,0,277
421330202,138,11,2,0,151
421330203,220,19,3,0,242
421330204,173,16,9,1,199
421330205,234,28,4,0,266
421330206,0,14,5,0,19
421330207,77,233,20,0,330
421330208,0,0,0,0,0
421330209,0,1,1,0,2
421330210,0,0,1,0,1
421330211,163,9,6,0,178
421330212,110,5,0,0,115
421330213,49,58,2,1,110
421330214,171,22,7,0,200
421330215,182,27,3,0,212
421330216,35,155,23,1,214
421330301,0,87,10,1,98
421330302,0,7,5,0,12
421330401,0,45,12,0,57
421330402,0,7,11,0,18
421330403,0,1,10,0,11
421330501,63,98,13,0,174
421330502,54,126,9,0,189
421330503,76,113,16,0,205
421330504,49,109,11,0,169
421330505,54,99,26,0,179
421330506,0,1,8,0,9
421330507,1,14,9,0,24
421330508,114,149,20,0,283
421330509,17,80,48,1,146
421330510,127,52,15,0,194
421330601,1,162,22,0,185
421330602,0,220,21,0,241
421330603,0,3,3,0,6
421330604,0,44,5,0,49
421330605,0,6,2,0,8
421330701,5,195,44,0,244
421330702,5,190,26,0,221
421330703,0,10,5,0,15
421330704,0,29,7,1,37
421330705,0,2,9,0,11
421330706,0,2,4,1,7
421330707,0,1,3,0,4
421400101,0,0,12,0,12
421400102,0,0,28,0,28
421400103,0,0,16,0,16
421400104,0,0,2,0,2
421400201,104,36,55,0,195
421400202,115,37,39,1,192
421400203,140,11,23,1,175
421400204,180,21,33,0,234
421400205,133,20,20,0,173
421400206,178,27,6,1,212
421400207,130,16,32,0,178
421400208,115,40,28,0,183
421400209,162,19,20,0,201
421400210,132,70,41,0,243
421400211,214,45,51,0,310
421400212,104,38,50,1,193
421400213,46,3,5,0,54
421400214,52,4,0,0,56
421400215,1,85,54,0,140
421400216,1,128,37,0,166
421400217,4,125,24,0,153
421400218,1,108,33,0,142
421400219,0,110,29,0,139
421400220,0,30,46,0,76
421400221,2,4,28,0,34
421400222,41,56,71,2,170
421400223,0,35,18,5,58
421400301,0,0,1,0,1
421400302,0,10,43,1,54
421400303,0,0,4,0,4
421470101,1,105,56,1,163
421470102,0,2,0,0,2
421470103,0,1,2,0,3
421470104,0,2,9,0,11
421470105,0,4,3,0,7
421470106,0,1,13,1,15
421470107,0,4,10,0,14
421470108,0,3,12,0,15
421470109,9,150,37,0,196
421470201,164,41,17,0,222
421470202,109,21,42,0,172
421470203,1,2,9,0,12
421470204,0,1,0,0,1
421470205,0,0,7,0,7
421470206,0,4,6,1,11
421470207,0,1,5,0,6
421470208,1,6,2,0,9
421470209,0,6,10,0,16
421470210,2,13,16,0,31
421470211,0,1,7,1,9
421470212,0,3,3,0,6
421470213,0,0,3,0,3
421470214,187,24,21,0,232
421470215,221,19,49,2,291
421470216,143,53,18,0,214
421470301,2,99,60,0,161
421470302,0,3,5,0,8
421540101,1,47,22,0,70
421540102,0,20,18,0,38
421540103,0,17,27,0,44
421540201,0,95,53,0,148
421540202,0,46,38,0,84
421540301,2,170,69,1,242
421540302,0,24,28,0,52
421540401,0,31,7,0,38
421540402,0,13,10,0,23
421540403,0,25,27,4,56
421540404,0,15,14,0,29
421540501,40,24,26,0,90
421540502,192,47,29,1,269
421540503,160,54,21,1,236
421540504,60,49,94,0,203
421540505,156,76,48,2,282
421540506,125,61,20,0,206
421540507,131,64,38,0,233
421540508,154,38,21,0,213
421540509,175,54,4,0,233
421540510,139,37,25,0,201
421540511,135,56,30,0,221
421540512,149,54,89,1,293
421540513,213,53,27,0,293
421540514,117,55,42,0,214
421540515,202,43,18,0,263
421540516,189,60,12,0,261
421540517,214,19,8,0,241
421540601,3,80,30,2,115
421540602,0,4,9,0,13
421540701,0,15,13,0,28
421540702,0,20,13,1,34
460070101,6,205,80,3,294
460070102,2,204,51,0,257
460070103,5,277,93,5,380
460070104,0,222,55,6,283
460070105,2,277,33,1,313
460070106,0,54,26,3,83
460070107,2,186,53,3,244
460070108,4,249,71,5,329
460070109,0,165,51,2,218
460070110,1,135,42,4,182
460070111,1,257,97,1,356
460070112,202,187,25,4,418
460070201,2,243,59,1,305
460070202,0,38,58,3,99
460070203,5,4,5,0,14
460070204,0,68,58,24,150
460140101,23,49,70,11,153
460140102,1,13,12,2,28
460140103,62,71,284,5,422
460140104,58,81,62,2,203
460140105,203,6,19,1,229
460140106,2,173,175,0,350
460140107,325,10,10,0,345
460140108,111,43,67,1,222
460140109,216,51,185,8,460
460140110,285,72,141,5,503
460140111,314,34,15,0,363
460140201,0,6,14,4,24
460140202,0,64,33,0,97
460140301,0,9,17,11,37
460140302,1,8,43,7,59
460140401,202,15,28,6,251
460140402,270,5,0,0,275
460140403,232,8,5,0,245
460140404,375,7,10,1,393
460140405,246,8,2,0,256
460140406,281,9,10,0,300
460140407,235,6,4,0,245
460140408,279,17,6,0,302
460140409,264,7,6,0,277
460140410,256,2,0,0,258
460140411,410,6,8,1,425
460140412,249,6,9,0,264
460140413,268,52,12,1,333
460140414,184,22,14,0,220
460140415,213,3,17,0,233
460140416,278,1,1,0,280
460140417,211,12,5,0,228
460140418,191,4,5,0,200
460140501,221,5,12,1,239
460140502,234,3,11,0,248
460140503,206,20,28,1,255
460140504,286,61,70,2,419
460140505,320,3,0,0,323
460140506,203,1,0,0,204
460140507,392,0,0,0,392
460140508,389,18,17,0,424
460140509,382,8,19,1,410
460140510,332,5,7,0,344
460140511,260,1,1,7,269
460140512,263,6,2,0,271
460140513,292,2,6,1,301
460140514,329,8,10,2,349
460140515,265,45,44,2,356
460140516,268,25,34,0,327
460140517,391,11,18,0,420
460140518,357,15,11,1,384
460140519,300,11,4,0,315
460140601,378,6,2,0,386
460140602,271,11,3,0,285
460140603,205,3,1,0,209
460140604,265,2,3,0,270
460140605,306,2,0,0,308
460140606,267,1,1,0,269
460140607,275,1,0,0,276
460140608,232,4,2,0,238
460140609,231,6,4,0,241
460140610,314,8,2,0,324
460140611,272,6,4,0,282
460140701,6,43,50,0,99
460140702,7,264,185,3,459
460140703,132,90,223,4,449
460140704,206,70,104,3,383
460140705,260,43,98,3,404
460140706,95,78,90,0,263
460140707,205,39,22,0,266
460140708,209,66,51,1,327
460140709,10,164,92,1,267
460140710,250,58,40,0,348
460140711,239,30,10,0,279
460140712,197,48,66,1,312
460140713,260,34,56,4,354
460140714,284,42,89,1,416
460140715,216,28,34,0,278
460140716,31,171,56,0,258
460140717,1,98,12,0,111
460140718,11,113,49,0,173
460140801,350,9,11,0,370
460140802,293,3,4,0,300
460140803,405,8,8,0,421
460140804,431,4,1,0,436
460140805,332,2,4,0,338
460140806,421,9,11,0,441
460140807,371,6,1,0,378
460140808,242,8,9,0,259
460140809,354,7,9,0,370
460140810,427,9,14,0,450
460140811,355,13,39,0,407
460140812,289,8,1,0,298
460140813,326,3,5,0,334
460140814,407,18,7,0,432
460140901,196,43,82,3,324
460140902,303,14,2,0,319
460140903,190,18,9,0,217
460140904,198,25,10,0,233
460140905,139,31,43,0,213
460140906,198,83,120,4,405
460140907,309,53,10,0,372
460140908,406,2,0,0,408
460140909,260,41,51,0,352
460140910,491,20,14,0,525
460140911,0,7,29,0,36
460140912,372,18,16,0,406
460140913,253,6,13,0,272
460140914,419,7,2,0,428
460140915,418,5,0,0,423
460140916,345,3,2,0,350
460140917,435,7,0,0,442
460140918,334,4,0,0,338
460140919,108,41,236,21,406
460140920,249,29,68,1,347
460140921,3,90,167,16,276
460140922,286,29,27,1,343
460141001,323,2,0,0,325
460141002,161,2,3,0,166
460141003,249,8,22,0,279
460141004,175,19,7,1,202
460141005,336,57,43,1,437
460141006,365,15,7,0,387
460141007,242,0,0,0,242
460141008,379,3,1,0,383
460141009,226,1,0,0,227
460141010,248,12,15,0,275
460141011,230,8,5,3,246
460141012,528,28,35,1,592
460141013,379,16,8,0,403
460141014,382,7,1,0,390
460141015,234,3,0,0,237
460141016,327,6,1,0,334
460141017,487,24,51,0,562
460141018,194,49,47,0,290
460141101,40,114,215,3,372
460141102,184,110,87,0,381
460141103,186,1,0,0,187
460141104,187,58,97,4,346
460141105,284,47,136,4,471
460141106,368,1,10,0,379
460141107,261,14,13,1,289
460141108,397,1,2,0,400
460141109,405,2,4,0,411
460141110,452,12,4,0,468
460141111,385,14,21,1,421
460141112,350,5,16,0,371
460141113,332,25,11,0,368
460141114,383,24,8,0,415
460141115,414,45,19,2,480
460210101,0,192,29,0,221
460210102,0,261,61,0,322
460210103,0,87,6,0,93
460210104,0,151,9,1,161
460210105,0,98,24,1,123
460210106,0,107,19,0,126
460210201,0,111,16,0,127
460210202,0,105,21,2,128
460280101,0,121,29,1,151
460280102,0,269,28,1,298
460280103,0,245,35,2,282
460280104,0,120,21,5,146
460280105,0,208,34,1,243
460280106,0,73,24,4,101
460280107,0,160,6,1,167
460280108,0,162,17,1,180
460280109,0,110,15,2,127
460280201,0,90,16,2,108
460280202,0,261,42,10,313
460280203,0,71,36,16,123
460280204,0,146,25,4,175
460350101,7,281,83,0,371
460350102,76,187,28,0,291
460350103,10,450,49,2,511
460350104,124,329,54,5,512
460350105,17,179,34,0,230
460350106,90,185,35,2,312
460350107,41,277,55,3,376
460350108,3,301,101,2,407
460350109,13,335,28,1,377
460350201,1,239,80,8,328
460350202,19,69,43,10,141
460350203,0,14,16,4,34
460420101,281,136,79,0,496
460420102,183,15,17,0,215
460420103,217,20,25,0,262
460420104,215,31,18,0,264
460420105,197,21,4,0,222
460420106,419,29,9,0,457
460420107,228,43,13,0,284
460420108,280,8,11,0,299
460420109,367,16,9,0,392
460420110,413,18,19,1,451
460420111,245,36,15,0,296
460420112,289,2,0,0,291
460420113,627,4,2,0,633
460420114,334,33,4,1,372
460420115,277,22,16,0,315
460420116,315,19,21,0,355
460420117,239,24,14,1,278
460420118,336,1,0,0,337
460420119,194,36,5,1,236
460420120,517,55,21,0,593
460420121,321,10,10,1,342
460420122,275,0,1,0,276
460420123,344,1,0,0,345
460420201,0,295,73,5,373
460420202,2,325,88,9,424
460420203,106,43,57,5,211
460420204,9,288,68,0,365
460420205,10,105,61,13,189
460420206,3,127,52,3,185
460420301,3,434,74,7,518
460420302,13,404,136,1,554
460420303,0,209,26,0,235
460420304,0,156,82,0,238
460420305,1,75,78,7,161
460420306,6,337,168,17,528
460420401,2,212,119,8,341
460420402,1,295,64,2,362
460420403,1,84,27,3,115
460490101,0,310,75,5,390
460490102,0,246,48,5,299
460490103,0,144,32,4,180
460490104,0,21,13,3,37
460490201,0,207,32,1,240
460490202,0,206,40,0,246
460490203,0,46,9,2,57
460490204,0,105,29,3,137
460490205,0,53,23,1,77
460560101,87,158,70,0,315
460560102,1,121,88,2,212
460560103,0,54,23,1,78
460560104,0,139,36,2,177
460630101,0,276,18,2,296
460630102,0,393,20,4,417
460630103,0,296,21,1,318
460630104,0,259,5,2,266
460630105,0,168,17,4,189
460630106,0,78,69,13,160
460630201,0,223,25,1,249
460630202,0,8,8,1,17
460630203,0,26,18,21,65
460700101,0,198,133,0,331
460700102,0,62,184,3,249
460700103,0,11,44,2,57
460700201,0,179,69,2,250
460700202,0,7,8,4,19
460700203,0,18,40,1,59
460770101,0,184,19,4,207
460770102,0,3,1,1,5
460770103,0,3,1,8,12
460770104,0,219,20,2,241
460840101,0,193,42,1,236
460840102,0,57,93,3,153
460840103,0,89,96,10,195
460840104,0,159,46,3,208
460840201,0,208,26,2,236
460840202,0,149,50,0,199
460840203,0,13,37,4,54
460840204,0,28,31,2,61
460840205,0,197,30,4,231
460840206,0,280,48,4,332
460910101,0,21,22,5,48
460910102,0,25,44,6,75
460910201,0,308,45,1,354
460910202,0,63,59,3,125
460910203,0,68,26,8,102
460910204,0,336,83,1,420
460980101,0,304,67,4,375
460980102,0,244,33,0,277
460980103,0,0,0,0,0
460980104,0,39,34,1,74
460980105,0,6,3,2,11
461050101,0,171,51,7,229
461050102,0,117,68,2,187
461050103,0,32,51,22,105
461050104,0,19,20,3,42
461120101,0,324,83,1,408
461120102,0,198,67,8,273
461120103,0,219,57,4,280
461120104,0,322,62,0,384
461120105,0,227,43,1,271
461120106,0,263,72,2,337
461120107,0,237,67,2,306
461120108,0,249,96,6,351
461120109,0,314,22,3,339
461120201,0,139,46,2,187
461120202,0,92,85,6,183
461120203,0,15,10,6,31
461120301,0,36,61,17,114
461120302,0,41,43,7,91
461190101,0,131,40,2,173
461190102,0,235,64,1,300
461190103,0,256,73,0,329
461190104,0,101,17,0,118
461190201,0,85,41,0,126
461260101,0,230,61,0,291
461260102,0,8,18,2,28
461260103,0,197,72,1,270
500070101,341,0,1,0,342
500070102,250,1,21,0,272
500070103,313,0,0,0,313
500070104,245,0,0,0,245
500070105,264,1,0,0,265
500070106,268,0,0,0,268
500070107,212,0,0,0,212
500070108,239,0,0,0,239
500070109,202,0,0,0,202
500070110,109,0,0,0,109
500070111,152,0,0,0,152
500070112,160,0,0,0,160
500070113,131,0,0,0,131
500070114,163,0,0,0,163
500070115,192,0,0,0,192
500070116,113,0,0,0,113
500070117,162,0,0,0,162
500070201,364,1,0,0,365
500070202,250,0,0,0,250
500070203,349,0,0,0,349
500070204,285,1,0,0,286
500070205,234,0,2,0,236
500070206,351,0,2,0,353
500070207,233,0,0,0,233
500070208,208,0,0,0,208
500070209,303,0,0,0,303
500070210,255,0,0,0,255
500070211,321,0,0,0,321
500070212,157,0,0,0,157
500070213,309,0,1,0,310
500070214,269,0,1,0,270
500070215,177,0,1,0,178
500070301,255,0,1,0,256
500070302,311,0,0,0,311
500070303,300,0,1,0,301
500070304,216,0,0,0,216
500070305,126,0,0,0,126
500070306,114,0,0,0,114
500070307,96,0,0,0,96
500070308,112,0,0,0,112
500070309,133,0,0,0,133
500070310,169,0,0,0,169
500070311,176,0,0,0,176
500070312,158,1,0,0,159
500070313,165,1,0,0,166
500070314,132,0,0,0,132
500070315,208,0,0,0,208
500070316,156,0,0,0,156
500070317,96,0,0,0,96
500070401,225,0,0,0,225
500070402,196,0,0,0,196
500070403,121,0,0,0,121
500070404,181,0,0,0,181
500070405,113,0,0,0,113
500070406,58,2,0,0,60
500070407,177,0,0,0,177
500070408,167,0,0,0,167
500070409,191,0,0,0,191
500070410,146,0,0,0,146
500070411,165,0,0,0,165
500070412,226,0,0,0,226
500070501,253,0,0,0,253
500070502,257,2,0,0,259
500070503,254,0,0,0,254
500070504,163,0,0,0,163
500070505,201,0,0,0,201
500070506,297,2,0,0,299
500070507,164,0,0,0,164
500070508,265,0,0,0,265
500070509,265,0,0,0,265
500070510,283,0,0,0,283
500070511,237,0,1,0,238
500070512,123,0,0,0,123
500070601,209,3,0,0,212
500070602,223,2,0,0,225
500070603,237,0,2,0,239
500070604,215,0,0,0,215
500070605,188,1,0,0,189
500070606,376,5,7,21,409
500070607,287,4,4,0,295
500070608,348,1,0,0,349
500070609,198,0,0,0,198
500070610,329,7,0,0,336
500070611,138,0,0,0,138
500070701,204,6,2,0,212
500070702,344,2,0,0,346
500070703,251,2,0,0,253
500070704,232,1,0,0,233
500070705,244,3,0,0,247
500070706,305,0,0,0,305
500070707,234,0,0,0,234
500070708,171,1,1,0,173
500070709,169,0,0,0,169
500070710,296,0,1,0,297
500070711,351,3,0,0,354
500070801,162,0,2,0,164
500070802,153,0,0,0,153
500070803,357,0,1,0,358
500070804,108,0,0,0,108
500070805,172,1,0,0,173
500070806,250,0,1,0,251
500070807,211,1,0,0,212
500070808,147,0,0,0,147
500070809,188,0,0,0,188
500070810,262,2,0,0,264
500070811,142,0,0,0,142
500070901,222,1,0,0,223
500070902,190,0,0,0,190
500070903,199,0,0,0,199
500070904,270,0,0,0,270
500070905,294,1,0,0,295
500070906,269,0,0,0,269
500070907,255,0,1,0,256
500070908,218,3,0,0,221
500070909,82,0,0,0,82
500070910,263,0,0,0,263
500070911,217,0,0,0,217
500070912,143,3,0,0,146
500071001,315,2,8,1,326
500071002,239,2,1,0,242
500071003,276,0,1,0,277
500071004,366,5,1,0,372
500071005,320,5,7,0,332
500071006,406,4,0,0,410
500071007,234,6,1,0,241
500071008,280,3,4,0,287
500071009,307,11,0,0,318
500071010,313,5,3,0,321
500071011,176,1,2,1,180
500071012,240,9,0,0,249
500071013,1,0,0,0,1
500071014,252,2,0,0,254
500071015,2,30,114,4,150
500071016,4,15,73,5,97
500071017,310,1,0,0,311
500071018,0,0,0,0,0
500071019,348,3,0,0,351
500071020,235,15,7,1,258
500071021,232,2,5,0,239
500071022,3,5,100,0,108
500071101,208,2,0,0,210
500071102,307,2,0,0,309
500071103,264,1,0,0,265
500071104,294,0,0,0,294
500071105,308,2,0,0,310
500071106,360,2,0,0,362
500071107,253,4,0,0,257
500071108,372,2,1,0,375
500071109,219,0,0,0,219
500071110,287,0,0,0,287
500071111,185,1,0,0,186
500071112,173,1,0,0,174
500071113,178,0,0,0,178
500071201,152,0,0,0,152
500071202,90,0,0,0,90
500071203,159,0,0,0,159
500071204,115,0,0,0,115
500071205,137,1,0,0,138
500071206,195,0,0,0,195
500071207,132,0,0,0,132
500071208,192,0,0,0,192
500071209,243,1,0,0,244
500071210,231,1,0,1,233
500071301,312,7,62,3,384
500071302,245,11,28,0,284
500071303,277,2,4,0,283
500071304,239,22,46,0,307
500071305,201,5,8,0,214
500071306,24,41,174,0,239
500071307,151,54,109,6,320
500071308,162,36,65,10,273
500071309,193,69,60,2,324
500071310,0,0,0,0,0
500071311,0,15,28,5,48
500140101,0,27,65,6,98
500140201,0,13,31,6,50
500140301,0,4,22,1,27
500140302,0,20,54,9,83
500140303,0,11,36,10,57
500140304,6,165,67,24,262
500140305,0,19,25,4,48
500140401,0,77,57,31,165
500140402,3,42,46,2,93
500140403,0,4,2,2,8
500140404,126,83,48,11,268
500140405,2,156,126,19,303
500140406,260,33,34,5,332
500140407,6,3,0,1,10
500140408,255,50,42,11,358
500140409,223,66,41,4,334
500140410,182,63,52,4,301
500140411,0,87,56,13,156
500140412,23,53,51,9,136
500140501,2,130,167,14,313
500140502,3,96,88,20,207
500140503,3,145,48,3,199
500140504,2,144,85,6,237
500140505,2,146,60,12,220
500140506,5,60,59,22,146
500140601,164,74,89,4,331
500140602,39,97,96,0,232
500140603,199,24,20,1,244
500140604,262,26,15,0,303
500140605,211,25,11,0,247
500140606,207,31,13,0,251
500140607,235,8,2,0,245
500140608,191,5,2,0,198
500140609,197,75,37,0,309
500140610,227,29,14,0,270
500140611,317,36,19,0,372
500140612,84,172,76,4,336
500140613,2,142,132,1,277
500140614,3,109,48,12,172
500140615,7,216,165,20,408
500140616,93,175,81,1,350
500140617,246,6,0,1,253
500140701,5,270,105,12,392
500140702,4,169,138,1,312
500140703,142,165,134,9,450
500140704,3,110,32,1,146
500140705,4,159,187,7,357
500140706,66,162,18,0,246
500140707,161,81,58,0,300
500140708,138,105,73,0,316
500140709,307,18,2,0,327
500140710,263,55,54,1,373
500140711,193,33,38,1,265
500140712,268,6,2,0,276
500140713,135,71,18,3,227
500140714,32,179,50,2,263
500140715,11,217,69,0,297
500140716,348,6,9,0,363
500210101,208,0,0,0,208
500210102,278,0,0,0,278
500210103,103,2,1,0,106
500210104,313,1,0,0,314
500210105,264,5,2,0,271
500210106,135,18,99,5,257
500210107,467,34,125,8,634
500210108,314,1,0,0,315
500210109,284,0,0,0,284
500210110,244,0,0,0,244
500210111,365,11,2,0,378
500210112,199,1,2,0,202
500210113,297,0,2,0,299
500210114,239,1,2,0,242
500210115,97,63,186,5,351
500210116,290,11,3,0,304
500210117,152,0,0,0,152
500210118,183,3,0,0,186
500210119,128,0,0,0,128
500210201,251,7,6,0,264
500210202,235,1,2,0,238
500210203,213,0,0,0,213
500210204,340,1,0,0,341
500210205,238,4,1,0,243
500210206,248,7,2,0,257
500210207,308,3,7,0,318
500210208,266,1,0,0,267
500210209,295,0,0,0,295
500210210,214,1,0,0,215
500210211,240,4,0,0,244
500210212,336,1,0,0,337
500210213,231,11,22,0,264
500210214,204,6,4,0,214
500210215,322,10,1,0,333
500210216,335,5,1,0,341
500210217,294,5,14,0,313
500210218,52,6,8,0,66
500210219,112,6,0,0,118
500210301,312,0,0,0,312
500210302,160,1,1,0,162
500210303,163,7,0,0,170
500210304,307,6,3,0,316
500210305,173,5,1,0,179
500210306,249,1,2,0,252
500210307,182,1,0,0,183
500210308,330,12,3,0,345
500210309,309,11,4,0,324
500210310,245,3,2,0,250
500210311,307,3,3,0,313
500210312,198,0,4,0,202
500210313,196,4,3,0,203
500210314,232,0,2,0,234
500210315,149,9,11,0,169
500210316,174,7,1,0,182
500210317,208,6,1,0,215
500210401,258,24,3,0,285
500210402,227,1,7,0,235
500210403,291,3,2,0,296
500210404,304,15,3,0,322
500210405,182,3,1,0,186
500210406,229,0,0,0,229
500210407,217,6,3,1,227
500210408,264,1,3,2,270
500210409,294,10,1,0,305
500210410,207,3,1,0,211
500210411,352,5,1,1,359
500210412,353,5,4,0,362
500210413,237,1,1,0,239
500210414,322,7,3,0,332
500210415,169,3,1,0,173
500210416,184,8,2,0,194
500210417,227,5,0,0,232
500210418,313,7,5,0,325
500210419,110,8,5,0,123
500210420,143,7,1,0,151
500210501,134,13,4,1,152
500210502,205,6,8,0,219
500210503,216,19,23,0,258
500210504,36,1,2,0,39
500210505,257,0,0,0,257
500210506,298,2,0,0,300
500210507,289,1,2,0,292
500210508,413,0,0,0,413
500210509,360,4,0,0,364
500210510,270,1,0,0,271
500210511,244,0,1,0,245
500210512,278,2,0,0,280
500210513,239,2,0,0,241
500210601,351,8,10,2,371
500210602,255,2,0,0,257
500210603,262,6,1,0,269
500210604,278,0,0,0,278
500210605,334,9,3,0,346
500210606,333,1,0,0,334
500210607,315,3,0,0,318
500210608,386,8,6,0,400
500210609,186,7,2,0,195
500210610,205,12,4,0,221
500210611,258,10,2,0,270
500210612,260,4,1,0,265
500210613,363,2,0,0,365
500210701,251,10,6,0,267
500210702,304,9,2,0,315
500210703,333,4,1,0,338
500210704,267,3,1,0,271
500210705,268,7,3,0,278
500210706,319,6,4,0,329
500210707,227,1,2,0,230
500210708,247,8,16,0,271
500210709,264,8,2,0,274
500210710,141,17,3,0,161
500210801,256,4,4,0,264
500210802,196,9,21,3,229
500210803,108,11,157,11,287
500210804,105,1,3,0,109
500210805,203,3,0,1,207
500210806,326,1,0,0,327
500210807,376,5,2,0,383
500210808,295,2,0,0,297
500210809,201,0,0,0,201
500210810,254,7,7,0,268
500210811,373,6,0,0,379
500210812,198,3,2,0,203
500210813,1,4,85,27,117
500210901,179,2,2,0,183
500210902,294,3,2,0,299
500210903,221,2,0,0,223
500210904,258,2,3,0,263
500210905,309,0,2,0,311
500210906,277,1,3,0,281
500210907,242,3,2,0,247
500210908,148,1,1,0,150
500210909,257,6,3,0,266
500210910,287,1,0,0,288
500210911,317,2,1,0,320
500210912,255,1,0,0,256
500210913,244,1,1,0,246
500210914,178,9,0,0,187
500210915,330,2,0,0,332
500210916,194,6,2,0,202
500210917,175,2,2,0,179
500211001,257,1,0,0,258
500211002,314,1,1,0,316
500211003,207,0,0,0,207
500211004,305,1,0,0,306
500211005,168,2,0,0,170
500211006,351,4,2,0,357
500211007,378,3,2,0,383
500211008,281,3,0,0,284
500211009,293,0,0,0,293
500211010,208,0,3,0,211
500211011,179,0,0,0,179
500211012,165,1,0,0,166
500211101,203,0,0,0,203
500211102,45,1,0,0,46
500211103,153,0,2,0,155
500211104,195,2,3,0,200
500211105,147,0,0,0,147
500211106,262,0,0,0,262
500211107,214,4,0,0,218
500211108,202,1,0,0,203
500211109,253,3,0,0,256
500211110,230,2,0,0,232
500211111,180,0,0,0,180
500211112,206,1,1,0,208
500211201,140,3,5,0,148
500211202,307,4,5,0,316
500211203,157,9,1,0,167
500211204,193,18,10,0,221
500211205,324,4,2,0,330
500211206,231,5,1,0,237
500211207,288,1,1,0,290
500211208,202,2,22,0,226
500211209,210,44,15,0,269
500211210,238,0,1,0,239
500211211,257,13,9,0,279
500211301,195,2,0,0,197
500211302,172,2,2,0,176
500211303,371,11,0,0,382
500211304,314,4,0,0,318
500211305,328,3,0,0,331
500211306,232,0,0,0,232
500211307,342,2,0,0,344
500211308,234,0,0,0,234
500211309,314,0,0,0,314
500211310,263,0,0,0,263
500211311,333,1,0,0,334
500211312,271,0,0,0,271
500211313,377,12,9,0,398
500211314,190,18,18,0,226
500211315,220,3,0,0,223
500211401,127,0,0,0,127
500211402,231,0,0,1,232
500211403,337,1,0,0,338
500211404,228,2,2,0,232
500211405,308,1,0,0,309
500211406,322,0,0,0,322
500211407,363,0,0,0,363
500211408,211,10,17,0,238
500211409,137,49,102,0,288
500211410,290,0,0,0,290
500211501,402,12,2,0,416
500211502,299,2,0,0,301
500211503,122,0,1,2,125
500211504,182,6,0,0,188
500211505,190,3,0,0,193
500211506,191,1,0,0,192
500211507,297,1,0,0,298
500211508,173,0,0,0,173
500211509,157,4,3,0,164
500211601,421,2,2,0,425
500211602,372,1,2,0,375
500211603,225,8,0,0,233
500211604,373,2,0,0,375
500211605,278,4,5,0,287
500211606,376,6,7,0,389
500211607,322,17,8,0,347
500211608,312,16,0,0,328
500211609,196,5,4,0,205
500211610,165,3,4,0,172
500280101,129,4,0,0,133
500280102,201,3,3,0,207
500280103,227,3,3,0,233
500280104,176,0,0,0,176
500280105,240,1,0,0,241
500280106,342,2,1,0,345
500280107,242,0,0,0,242
500280108,260,5,0,0,265
500280109,220,3,1,0,224
500280110,291,3,0,0,294
500280111,333,7,5,0,345
500280112,167,7,1,0,175
500280201,265,0,5,0,270
500280202,236,9,2,0,247
500280203,249,6,1,0,256
500280204,172,9,0,0,181
500280205,304,3,5,0,312
500280206,341,0,0,0,341
500280207,232,3,0,0,235
500280208,199,2,3,0,204
500280209,282,4,5,0,291
500280210,203,2,2,0,207
500280211,290,3,1,0,294
500280212,314,5,3,0,322
500280213,182,1,1,0,184
500280214,179,2,4,0,185
500280301,320,16,14,0,350
500280302,309,27,12,0,348
500280303,205,3,4,0,212
500280304,334,8,17,0,359
500280305,291,1,3,0,295
500280306,294,21,10,0,325
500280307,306,17,8,0,331
500280308,340,10,3,0,353
500280309,259,15,4,1,279
500280310,427,20,21,0,468
500280311,321,12,0,0,333
500280312,350,13,3,0,366
500280313,399,14,23,0,436
500280314,378,12,22,0,412
500280315,374,29,72,8,483
500280316,242,5,0,0,247
500280317,294,3,3,0,300
500280401,119,53,41,0,213
500280402,198,11,9,0,218
500280403,287,36,117,0,440
500280404,183,25,29,0,237
500280405,150,57,37,2,246
500280406,232,27,15,0,274
500280407,265,1,3,0,269
500280408,46,78,135,0,259
500280409,360,0,1,1,362
500280410,134,18,90,2,244
500280411,283,0,14,0,297
500280412,222,2,40,0,264
500280413,368,6,8,0,382
500280414,303,1,3,0,307
500280415,311,9,2,0,322
500280501,116,25,9,1,151
500280502,139,66,119,6,330
500280503,3,117,165,15,300
500280504,6,97,121,6,230
500280505,0,12,143,2,157
500280506,1,151,100,6,258
500280507,11,290,194,8,503
500280508,226,104,114,4,448
500280509,21,212,98,5,336
500280510,8,191,145,7,351
500280511,8,259,151,4,422
500280512,0,141,43,0,184
500280513,9,203,86,12,310
500280514,2,136,121,30,289
500280515,1,162,41,2,206
500280516,7,245,203,9,464
500280517,8,296,218,8,530
500280518,79,30,31,2,142
500280519,2,166,111,2,281
500280520,6,121,45,7,179
500280601,229,6,0,2,237
500280602,188,4,3,0,195
500280603,152,9,7,0,168
500280604,334,26,17,0,377
500280605,163,29,56,2,250
500280606,463,3,2,0,468
500280607,301,7,22,0,330
500280608,210,37,21,0,268
500280609,1,55,45,0,101
500280610,228,39,48,1,316
500280611,199,34,19,0,252
500280612,4,44,53,1,102
500280613,279,14,12,0,305
500280614,313,18,14,1,346
500280701,174,30,4,2,210
500280702,221,0,0,0,221
500280703,87,113,32,0,232
500280704,298,3,5,0,306
500280705,105,45,20,0,170
500280706,310,0,0,0,310
500280707,275,0,1,0,276
500280708,259,4,0,0,263
500280709,318,6,0,0,324
500280710,209,4,0,0,213
500280711,258,4,4,0,266
500280712,309,3,6,0,318
500280801,259,17,5,0,281
500280802,164,5,0,0,169
500280803,188,9,3,0,200
500280804,194,7,4,0,205
500280805,291,7,5,0,303
500280806,268,15,2,0,285
500280807,279,5,1,0,285
500280808,292,6,4,0,302
500280809,283,7,15,0,305
500280810,236,1,0,0,237
500280811,345,2,3,0,350
500280812,304,2,1,0,307
500280813,307,4,3,0,314
500280814,159,5,2,0,166
500280815,321,2,0,0,323
500280816,229,2,4,0,235
500280817,225,3,2,0,230
500280818,141,1,4,0,146
500280819,147,7,2,0,156
500280820,186,11,0,0,197
500280901,311,1,0,1,313
500280902,242,1,0,0,243
500280903,302,0,0,0,302
500280904,179,0,0,0,179
500280905,308,2,0,0,310
500280906,358,5,0,0,363
500280907,164,0,1,0,165
500280908,364,0,0,0,364
500280909,279,4,1,0,284
500280910,331,6,3,0,340
500280911,144,13,2,0,159
500280912,273,7,5,0,285
500280913,305,0,0,0,305
500280914,174,0,0,0,174
500281001,307,2,4,0,313
500281002,200,11,13,0,224
500281003,199,7,2,1,209
500281004,318,7,8,0,333
500281005,188,15,2,0,205
500281006,290,15,12,1,318
500281007,339,24,9,0,372
500281008,369,11,14,0,394
500281009,244,1,1,0,246
500281010,332,5,1,0,338
500281101,219,3,2,0,224
500281102,251,4,5,0,260
500281103,383,16,23,1,423
500281104,370,27,13,0,410
500281105,315,10,15,0,340
500281106,257,7,4,0,268
500281107,297,18,10,1,326
500281108,311,13,8,2,334
500281109,285,16,9,1,311
500281110,297,19,8,0,324
500281111,195,12,5,0,212
500281112,273,10,7,1,291
500281113,167,17,8,0,192
500281114,227,1,0,0,228
500281115,276,3,10,0,289
500281116,194,4,7,0,205
500281117,253,9,8,0,270
500281118,219,4,11,0,234
500281201,310,66,47,0,423
500281202,285,0,0,0,285
500281203,293,5,0,0,298
500281204,303,9,3,0,315
500281205,262,5,3,0,270
500281206,275,2,1,0,278
500281207,229,3,0,0,232
500281208,144,18,17,0,179
500281209,253,8,26,0,287
500281210,310,35,7,0,352
500281211,144,17,67,0,228
500281212,52,150,25,0,227
500281213,218,6,1,0,225
500281214,225,11,13,0,249
500281215,223,4,2,0,229
500281216,293,8,1,0,302
500281217,272,11,2,0,285
500281218,263,4,0,0,267
500281219,356,9,10,0,375
500281301,310,6,0,0,316
500281302,305,6,2,0,313
500281303,345,13,3,0,361
500281304,297,10,10,0,317
500281305,275,15,9,1,300
500281306,184,11,9,0,204
500281307,169,9,2,0,180
500281308,259,25,9,0,293
500281309,200,2,1,0,203
500281310,280,5,1,0,286
500281311,217,4,2,0,223
500281312,195,1,3,0,199
500281401,170,0,13,0,183
500281402,212,0,0,0,212
500281403,216,0,0,0,216
500281404,308,0,0,0,308
500281405,309,2,2,0,313
500281406,252,0,0,0,252
500281407,275,1,4,0,280
500281408,301,3,0,0,304
500281409,295,1,0,0,296
500281410,260,0,0,0,260
500281411,232,0,0,0,232
500281412,327,0,0,0,327
500281413,287,0,1,0,288
500281414,223,0,0,0,223
500281415,215,3,0,0,218
500281501,84,135,68,1,288
500281502,23,231,228,12,494
500281503,0,134,5,0,139
500281504,229,29,18,2,278
500281505,397,14,2,0,413
500281506,334,21,30,0,385
500281507,298,1,1,0,300
500281508,3,152,89,0,244
500281601,265,8,5,0,278
500281602,199,4,2,0,205
500281603,218,7,3,0,228
500281604,290,3,3,0,296
500281605,373,2,2,0,377
500281606,187,0,0,0,187
500281607,180,0,0,0,180
500281608,313,8,6,0,327
500281609,409,11,3,0,423
500281610,288,5,3,0,296
500281611,350,3,2,0,355
500281701,47,131,12,0,190
500281702,243,26,15,0,284
500281703,288,19,32,0,339
500281704,198,23,4,0,225
500281705,223,10,4,0,237
500281706,321,26,20,0,367
500281707,33,236,133,0,402
500281708,224,29,14,0,267
500281709,112,73,14,0,199
500281710,261,17,13,0,291
500281711,86,47,2,0,135
500281712,14,236,248,10,508
500281713,6,163,67,16,252
500281714,1,114,79,16,210
500281715,4,81,89,36,210
500281716,6,166,118,15,305
500281801,239,16,7,0,262
500281802,296,5,2,0,303
500281803,374,31,1,0,406
500281804,176,36,90,0,302
500281805,328,30,21,0,379
500281806,228,9,3,0,240
500281807,378,18,5,0,401
500281808,25,91,118,2,236
500281809,294,3,5,0,302
500281810,246,21,18,0,285
500281811,38,85,130,1,254
500281812,88,78,49,0,215
500281901,249,49,108,0,406
500281902,202,8,29,0,239
500281903,147,2,39,0,188
500281904,174,11,103,1,289
500281905,288,93,130,1,512
500281906,201,81,48,0,330
500281907,162,4,35,0,201
500281908,294,10,21,0,325
500281909,301,28,35,0,364
500281910,245,41,46,1,333
500282001,303,34,17,0,354
500282002,236,8,5,0,249
500282003,182,10,6,0,198
500282004,169,3,3,0,175
500282005,213,30,6,0,249
500282006,256,16,7,0,279
500282007,289,22,11,0,322
500282008,185,10,6,0,201
500282009,333,2,3,0,338
500282010,201,7,5,0,213
500282011,240,1,0,1,242
500350101,417,11,1,0,429
500350102,1,141,73,5,220
500350103,2,185,63,4,254
500350104,1,201,19,0,221
500350105,5,158,85,8,256
500350201,156,167,55,2,380
500350202,6,251,61,0,318
500350203,250,136,84,1,471
500350204,210,17,6,0,233
500350205,221,74,25,0,320
500350206,152,17,3,0,172
500350207,255,31,3,0,289
500350208,176,46,8,0,230
500350209,407,6,0,0,413
500350210,334,8,12,0,354
500350211,239,5,3,0,247
500350212,214,42,10,0,266
500350213,250,9,1,0,260
500350214,104,150,76,2,332
500350215,215,18,11,0,244
500350216,267,130,33,3,433
500350217,220,6,0,0,226
500350218,275,1,0,0,276
500350301,49,327,86,5,467
500350302,3,190,131,14,338
500350303,0,248,72,6,326
500350401,2,48,60,3,113
500350402,0,77,46,5,128
500350403,47,227,87,7,368
500350404,0,123,30,0,153
500350501,8,412,96,6,522
500350502,1,57,62,8,128
500350503,0,48,34,7,89
500350504,4,280,95,0,379
500350505,0,69,32,6,107
500350506,1,70,40,1,112
500350507,90,66,42,2,200
500420101,4,108,59,1,172
500420102,0,27,38,3,68
500420201,0,19,13,3,35
500420301,0,24,7,0,31
500420302,0,7,16,0,23
500420401,0,23,31,0,54
500420402,0,92,19,1,112
500420403,0,87,28,3,118
500420404,116,103,29,1,249
500420405,5,130,42,0,177
500420406,23,275,155,3,456
500420407,3,168,65,1,237
500420408,140,129,19,0,288
500420409,71,126,1,0,198
500420410,33,83,89,1,206
500420411,90,113,16,0,219
500420412,0,108,10,2,120
500490101,0,0,4,0,4
500490201,7,174,136,24,341
500490202,10,15,29,0,54
500490203,158,2,16,0,176
500490204,290,4,1,0,295
500490205,295,3,7,0,305
500490206,223,18,65,1,307
500490207,371,14,8,1,394
500490208,171,13,38,6,228
500490209,276,6,1,0,283
500490210,303,5,24,0,332
500490211,233,11,25,1,270
500490212,331,4,9,0,344
500490213,340,25,16,0,381
500490214,259,2,0,0,261
500490215,296,0,0,0,296
500490216,357,5,6,0,368
500490217,210,8,2,0,220
500490218,266,0,22,0,288
500490219,417,4,5,0,426
500490220,256,12,7,0,275
500490221,408,1,1,0,410
500490301,150,35,38,8,231
500490302,3,71,120,48,242
500490303,301,3,11,0,315
500490304,344,5,13,0,362
500490305,303,11,13,0,327
500490306,218,30,89,1,338
500490307,12,4,1,0,17
500490308,232,16,18,0,266
500490309,174,66,161,8,409
500490310,188,0,0,0,188
500490311,201,1,0,0,202
500490312,263,2,0,0,265
500490313,17,138,218,30,403
500490314,1,118,258,12,389
500490315,3,65,184,46,298
500490316,230,9,18,9,266
500490317,285,6,3,0,294
500490318,193,14,12,0,219
500490319,193,11,46,0,250
500490320,125,41,103,7,276
500490321,115,51,80,3,249
500490401,253,0,1,0,254
500490402,342,6,1,0,349
500490403,334,2,0,0,336
500490404,298,1,1,0,300
500490405,217,3,0,0,220
500490406,224,0,0,0,224
500490407,284,4,0,0,288
500490408,205,2,2,0,209
500490409,376,1,3,1,381
500490410,265,7,0,0,272
500490411,336,4,2,0,342
500490412,249,2,1,0,252
500490413,144,2,0,0,146
500490414,280,15,8,0,303
500490501,0,2,4,0,6
500490502,2,42,97,2,143
500490503,128,77,204,10,419
500490504,312,10,18,3,343
500490505,360,42,58,0,460
500490506,0,68,81,2,151
500490507,3,129,223,1,356
500490601,0,0,0,0,0
500490602,45,0,0,1,46
500490603,45,4,1,0,50
500490701,214,0,10,0,224
500490702,228,5,0,0,233
500490703,229,1,0,0,230
500490704,313,16,15,2,346
500490705,353,2,3,1,359
500490706,207,3,0,0,210
500490707,208,0,4,0,212
500490708,214,0,1,0,215
500490709,248,18,16,0,282
500490710,152,0,0,0,152
500490711,252,2,5,0,259
500490712,256,2,2,0,260
500490713,266,1,1,0,268
500490714,169,3,0,0,172
500490715,267,3,0,0,270
500490801,279,1,2,0,282
500490802,347,0,0,0,347
500490803,218,0,0,0,218
500490804,292,7,2,1,302
500490805,343,7,15,1,366
500490806,280,6,0,0,286
500490807,323,6,1,0,330
500490808,408,1,1,0,410
500490809,319,6,0,0,325
500490810,296,5,0,0,301
500490811,324,2,1,0,327
500490812,407,3,2,0,412
500490813,151,1,0,0,152
500490814,340,0,0,0,340
500490815,324,6,7,5,342
500490816,182,0,4,1,187
500490817,334,1,0,0,335
500490818,225,14,7,1,247
500490819,193,1,6,0,200
500490820,237,0,3,0,240
500490901,367,8,3,0,378
500490902,218,2,0,0,220
500490903,202,3,0,0,205
500490904,180,0,4,0,184
500490905,337,0,2,0,339
500490906,294,7,5,0,306
500490907,276,1,0,0,277
500490908,200,3,1,0,204
500490909,291,1,6,0,298
500490910,270,1,0,0,271
500490911,368,1,0,0,369
500490912,170,2,1,0,173
500490913,245,3,8,0,256
500490914,286,3,3,0,292
500490915,278,5,2,0,285
500490916,306,1,0,0,307
500490917,230,1,0,0,231
500490918,217,1,0,0,218
500490919,168,1,1,0,170
500491001,435,3,4,0,442
500491002,332,1,0,0,333
500491003,98,48,62,0,208
500491004,163,0,0,0,163
500491005,255,0,1,0,256
500491006,187,1,0,0,188
500491007,354,0,0,0,354
500491008,185,1,1,0,187
500491009,220,1,0,0,221
500491010,282,2,0,0,284
500491011,248,0,1,0,249
500491012,291,0,0,0,291
500491013,228,1,2,0,231
500491101,0,0,7,0,7
500491102,25,0,1,0,26
500491103,307,13,21,0,341
500491104,23,46,79,2,150
500491105,0,92,58,0,150
500491106,79,95,25,0,199
500491107,119,0,0,0,119
500491108,173,1,0,0,174
500491109,108,69,18,0,195
500491110,376,9,2,0,387
500491111,236,24,10,0,270
500491112,374,5,1,0,380
500491113,105,4,0,0,109
500491114,228,2,2,0,232
500491115,172,1,0,0,173
500491116,287,0,1,0,288
500491117,358,5,1,1,365
500491118,206,0,2,0,208
500491119,292,3,3,0,298
500491201,128,7,27,0,162
500491202,223,16,21,0,260
500491203,366,5,1,0,372
500491204,184,7,11,0,202
500491205,309,0,0,1,310
500491206,251,2,0,0,253
500491207,339,0,0,0,339
500491208,205,5,4,0,214
500491209,178,2,3,0,183
500491210,222,0,0,0,222
500491211,169,0,0,0,169
500491212,338,0,3,0,341
500491213,229,0,5,0,234
500491214,232,0,0,0,232
500491215,388,0,1,0,389
500491216,329,2,0,0,331
500491217,234,0,0,0,234
500491301,269,8,3,2,282
500491302,390,3,54,2,449
500491303,241,15,7,0,263
500491304,315,11,3,0,329
500491305,205,0,0,0,205
500491306,193,2,0,0,195
500491307,353,10,15,1,379
500491308,351,5,1,0,357
500491309,339,8,4,0,351
500491310,362,3,3,0,368
500491311,344,5,1,0,350
500491312,414,8,8,0,430
500491313,241,1,0,0,242
500491314,185,0,2,0,187
500491401,266,1,0,0,267
500491402,412,0,0,0,412
500491403,275,0,0,0,275
500491404,145,0,0,0,145
500491405,333,3,3,0,339
500491406,372,0,0,0,372
500491407,313,0,0,0,313
500491408,315,0,1,0,316
500491409,260,0,0,0,260
500491410,301,6,1,0,308
500491411,66,20,71,0,157
500491412,287,16,13,0,316
500491413,226,13,41,6,286
500491414,171,11,6,2,190
500560101,1,8,36,36,81
500560201,2,66,58,40,166
500560301,1,46,67,30,144
500560401,0,65,65,16,146
500560402,2,131,63,16,212
500560403,45,170,96,31,342
500560404,5,153,160,33,351
500560405,156,26,6,1,189
500560406,4,161,71,19,255
500560407,155,185,104,37,481
500560408,172,16,3,0,191
500560409,43,150,75,10,278
500560501,7,137,94,11,249
500560502,1,36,55,11,103
500560503,1,118,59,13,191
500560504,2,189,70,17,278
500560505,5,73,33,2,113
500560506,2,116,62,21,201
500560507,1,247,15,0,263
500560601,0,31,67,8,106
500560602,3,145,42,6,196
500560603,288,36,21,2,347
500560604,11,275,82,5,373
500560605,342,31,17,2,392
500560606,273,65,38,2,378
500560607,94,12,4,3,113
500560608,3,157,75,2,237
500560609,12,157,98,14,281
500560610,1,114,55,44,214
500560611,301,1,0,0,302
500560612,6,120,65,12,203
500560613,91,93,24,13,221
500560614,2,30,30,1,63
500560615,1,173,79,4,257
500560616,6,138,33,1,178
500560701,2,90,35,15,142
500630101,209,49,24,1,283
500630102,31,172,26,0,229
500630103,305,37,38,1,381
500630104,209,83,25,0,317
500630105,39,121,27,0,187
500630106,49,102,20,0,171
500630107,179,102,72,0,353
500630108,40,123,19,0,182
500630109,15,247,87,0,349
500630110,6,125,39,0,170
500630111,7,69,74,1,151
500630112,69,17,47,0,133
500630113,50,155,93,0,298
500630201,234,0,0,0,234
500630202,319,1,0,0,320
500630203,292,2,5,0,299
500630204,229,5,1,0,235
500630205,232,1,1,0,234
500630206,155,2,3,0,160
500630207,172,0,0,0,172
500630208,240,2,0,0,242
500630209,188,2,1,0,191
500630210,202,3,4,0,209
500630211,302,16,6,0,324
500630212,226,4,2,0,232
500630213,237,1,1,0,239
500630214,258,2,0,0,260
500630215,262,4,3,0,269
500630216,159,7,38,0,204
500630217,0,19,15,1,35
500630218,102,34,111,6,253
500630301,0,3,9,3,15
500630302,7,64,145,0,216
500630303,0,11,43,2,56
500630304,1,74,76,0,151
500630305,6,156,175,2,339
500630306,8,238,111,0,357
500630307,15,150,167,0,332
500630308,193,14,11,0,218
500630309,21,252,61,0,334
500630310,134,244,269,0,647
500630311,15,156,106,0,277
500630312,171,73,185,6,435
500630401,0,65,131,31,227
500630402,11,139,190,27,367
500630403,4,102,187,0,293
500630404,1,43,49,1,94
500630405,14,127,146,1,288
500630406,19,215,255,17,506
500630407,7,158,94,3,262
500630408,0,73,116,7,196
500630409,2,147,195,3,347
500630410,4,92,247,11,354
500630411,31,332,158,3,524
500630501,31,113,133,7,284
500630502,4,116,118,5,243
500630503,1,49,76,11,137
500630504,3,66,107,7,183
500630601,14,1,11,1,27
500630602,1,1,34,3,39
500630701,2,3,2,0,7
500630702,1,16,11,0,28
500630703,87,34,54,0,175
500630704,0,30,33,0,63
500630705,1,14,24,0,39
500630706,0,7,17,1,25
500630707,0,26,27,0,53
500630801,225,21,7,0,253
500630802,182,56,37,0,275
500630803,283,11,2,0,296
500630804,374,0,0,0,374
500630805,260,0,0,0,260
500630806,136,0,0,0,136
500630807,237,0,0,0,237
500630808,311,0,0,0,311
500630809,339,3,1,0,343
500630810,160,11,1,0,172
500630811,223,40,16,0,279
500630812,268,36,31,0,335
500630813,181,66,12,0,259
500630814,122,124,112,1,359
500630901,229,28,20,0,277
500630902,0,0,0,0,0
500630903,60,82,46,4,192
500630904,233,26,12,0,271
500630905,294,27,27,0,348
500630906,332,8,11,0,351
500630907,78,61,254,4,397
500630908,211,11,21,0,243
500630909,291,9,0,0,300
500630910,278,2,1,0,281
500630911,192,0,0,0,192
500630912,272,12,6,0,290
500630913,252,3,0,0,255
500630914,398,0,0,0,398
500630915,294,3,17,0,314
500631001,12,131,99,0,242
500631002,6,113,47,0,166
500631003,7,118,130,0,255
500631004,55,64,62,2,183
500631005,7,216,66,0,289
500631006,229,5,14,0,248
500631007,197,3,5,0,205
500631008,245,74,44,0,363
500631009,35,46,91,0,172
500631010,309,6,13,0,328
500631011,314,6,9,0,329
500631012,120,37,22,0,179
500631013,309,5,18,0,332
500631014,161,1,5,0,167
500631015,7,143,43,0,193
500631016,4,57,57,0,118
500631017,4,189,169,8,370
500631101,370,3,3,0,376
500631102,155,2,0,0,157
500631103,389,6,2,0,397
500631104,306,0,0,0,306
500631105,124,58,147,4,333
500631106,165,4,3,0,172
500631107,113,0,1,0,114
500631108,275,13,0,0,288
500631109,273,2,0,0,275
500631110,119,4,3,2,128
500631111,25,91,47,0,163
500631112,81,41,40,0,162
500631113,302,9,12,0,323
500631114,311,4,0,0,315
500631115,204,5,3,0,212
500631116,202,24,5,0,231
500700101,4,43,142,8,197
500700102,2,168,103,5,278
500700103,14,264,140,0,418
500700104,2,91,76,3,172
500700105,7,234,192,7,440
500700106,9,285,131,0,425
500700107,8,134,4,0,146
500700108,1,196,7,0,204
500700109,15,361,210,4,590
500700110,20,435,304,0,759
500700111,1,152,88,26,267
500700112,2,158,107,16,283
500700113,1,62,110,31,204
500700114,2,133,128,27,290
500700115,0,70,66,10,146
500700116,6,239,209,50,504
500700117,8,362,81,1,452
500700118,3,157,67,10,237
500700201,2,57,104,12,175
500700202,3,77,187,13,280
500700203,1,70,84,18,173
500700204,0,124,132,35,291
500700205,1,122,127,31,281
500700206,1,126,95,18,240
500700207,147,214,122,4,487
500700208,6,278,60,2,346
500700209,4,182,103,3,292
500700210,7,192,131,8,338
500700211,2,200,110,45,357
500700212,0,215,84,20,319
500700213,10,353,10,0,373
500700214,3,205,35,0,243
500700215,0,49,38,12,99
500700301,8,295,125,8,436
500700302,12,309,163,34,518
500700303,1,123,169,29,322
500700304,1,159,121,2,283
500700305,5,422,122,8,557
500700306,2,55,75,13,145
500700307,1,70,96,1,168
500700308,11,136,63,16,226
500700401,31,66,50,0,147
500700402,257,59,20,0,336
500700403,3,227,116,4,350
500700404,10,200,236,3,449
500700405,32,206,154,2,394
500700406,146,190,138,1,475
500700407,109,168,167,0,444
500700408,19,325,154,0,498
500700409,12,184,260,0,456
500700410,5,31,70,1,107
500700411,72,165,63,1,301
500700412,231,114,25,0,370
500700413,231,142,49,0,422
500700414,5,150,152,2,309
500700415,5,169,42,0,216
500700416,4,174,201,1,380
500700417,8,179,179,1,367
500700418,3,203,108,0,314
500700419,2,147,198,3,350
500700420,1,109,191,8,309
500700421,16,133,200,2,351
500700422,8,108,174,6,296
500700423,38,155,121,11,325
500700424,85,57,68,2,212
500700425,6,152,95,0,253
500700501,512,3,0,0,515
500700502,294,3,2,0,299
500700503,157,8,0,0,165
500700504,232,1,0,0,233
500700505,347,1,0,0,348
500700506,302,14,10,0,326
500700507,253,14,2,0,269
500700508,280,0,1,0,281
500700509,214,4,0,0,218
500700510,392,3,4,0,399
500700511,358,8,4,1,371
500700512,341,9,12,0,362
500700513,268,32,18,1,319
500700514,252,30,22,0,304
500700601,425,11,10,0,446
500700602,445,13,4,0,462
500700603,410,19,15,0,444
500700604,203,4,5,0,212
500700605,245,5,2,0,252
500700606,279,11,9,0,299
500700607,266,2,1,0,269
500700608,432,7,6,0,445
500700609,226,0,0,0,226
500700610,221,0,0,0,221
500700611,204,1,1,0,206
500700612,416,2,2,0,420
500700613,254,0,0,0,254
500700701,212,3,0,0,215
500700702,284,8,2,0,294
500700703,283,20,5,0,308
500700704,179,5,0,0,184
500700705,206,25,73,0,304
500700706,1,267,135,2,405
500700707,267,4,1,0,272
500700708,270,5,1,0,276
500700709,175,2,0,0,177
500700710,165,4,2,0,171
500700711,258,4,1,0,263
500700712,171,2,0,0,173
500700801,184,79,48,0,311
500700802,271,1,1,0,273
500700803,293,4,0,0,297
500700804,331,0,0,0,331
500700805,397,16,40,0,453
500700806,361,1,0,0,362
500700807,204,6,1,0,211
500700808,271,4,2,0,277
500700809,214,3,0,0,217
500700810,339,10,9,0,358
500700811,247,10,10,0,267
500700812,266,22,20,1,309
500700813,178,22,31,0,231
500700814,209,46,51,0,306
500700815,174,28,33,0,235
500700816,14,213,90,0,317
500700901,213,15,39,0,267
500700902,304,12,24,0,340
500700903,399,79,168,0,646
500700904,345,9,14,0,368
500700905,216,5,1,0,222
500700906,184,11,2,0,197
500700907,271,10,7,0,288
500700908,380,4,10,1,395
500700909,211,8,2,1,222
500700910,200,14,21,0,235
500700911,325,10,60,0,395
500700912,282,5,7,0,294
500700913,174,0,0,0,174
500701001,162,40,91,1,294
500701002,259,0,0,0,259
500701003,249,2,1,0,252
500701004,280,6,20,0,306
500701005,144,4,1,0,149
500701006,13,231,155,0,399
500701007,202,15,1,0,218
500701008,197,2,5,0,204
500701009,203,10,4,0,217
500701010,311,6,4,0,321
500701011,195,1,3,0,199
500701012,292,27,16,0,335
500701013,34,92,66,3,195
500770101,0,0,38,22,60
500770102,0,12,40,10,62
500770103,0,39,104,7,150
500770104,0,5,57,3,65
500770105,10,182,91,1,284
500770106,5,164,74,0,243
500770107,6,128,99,0,233
500770108,7,224,65,1,297
500770109,11,125,116,0,252
500770110,5,138,125,0,268
500770111,0,19,27,0,46
500770112,4,190,101,0,295
500770113,3,158,139,0,300
500770114,22,303,129,0,454
500770115,0,59,156,1,216
500770116,30,276,87,0,393
500770117,2,197,122,0,321
500770118,5,74,139,0,218
500770119,3,108,190,0,301
500770120,1,77,171,0,249
500770121,1,60,100,7,168
500770122,0,120,201,3,324
500770123,5,249,92,0,346
500770124,2,118,134,0,254
500770125,2,91,175,0,268
500770126,1,68,186,2,257
500770127,2,108,169,1,280
500770128,0,3,1,0,4
500770201,0,28,91,12,131
500770202,1,2,63,1,67
500770203,0,4,6,7,17
500770301,0,70,119,13,202
500770302,0,0,20,1,21
500770401,0,0,8,1,9
500770402,10,23,83,26,142
500770403,0,3,51,14,68
500840101,7,303,30,3,343
500840102,5,96,54,10,165
500840103,0,158,61,22,241
500840104,1,186,50,1,238
500840105,0,136,35,6,177
500840201,92,239,154,7,492
500840202,44,212,31,1,288
500840203,3,163,79,1,246
500840204,322,163,17,0,502
500840205,309,35,19,4,367
500840206,153,73,44,1,271
500840207,283,62,8,1,354
500840208,209,14,4,0,227
500840209,173,6,0,1,180
500840210,218,8,1,0,227
500840211,269,32,7,0,308
500840212,243,15,2,0,260
500840213,307,40,5,0,352
500840214,238,65,20,0,323
500840215,279,0,0,0,279
500840216,173,11,5,2,191
500840217,12,45,31,2,90
500840301,5,162,42,6,215
500840302,8,257,124,9,398
500840303,2,180,68,3,253
500840304,5,209,96,10,320
500840305,4,153,123,4,284
500840306,3,150,78,14,245
500840307,2,187,64,7,260
500840308,3,163,75,0,241
500840309,6,183,68,0,257
500840401,1,27,28,1,57
500840402,0,101,89,1,191
500840403,0,232,85,2,319
500840404,0,47,42,2,91
500840405,1,112,46,13,172
500840406,2,145,56,1,204
500840407,1,209,22,0,232
500840501,1,26,37,1,65
500840601,0,24,14,1,39
500840701,0,68,46,2,116
500840702,1,141,88,5,235
500840703,93,49,13,7,162
500840704,5,93,61,4,163
500840705,58,164,80,7,309
500840706,3,114,37,5,159
500840801,188,20,5,0,213
500840802,252,55,8,2,317
500840803,10,277,63,4,354
500840804,89,105,37,0,231
500840805,249,105,28,0,382
500840806,295,84,47,0,426
500840807,219,22,2,0,243
500840808,387,37,5,0,429
500840809,27,259,57,0,343
500840810,111,128,60,1,300
500840811,281,17,1,0,299
500840812,351,20,0,0,371
500840813,258,29,71,20,378
500910101,11,382,146,2,541
500910102,2,50,76,11,139
500910103,11,34,88,7,140
500910104,0,62,76,8,146
500910105,57,282,61,0,400
500910106,5,170,47,0,222
500910107,24,181,46,1,252
500910108,3,261,99,0,363
500910109,50,174,77,1,302
500910110,104,90,21,0,215
500910111,244,120,3,0,367
500910112,1,111,99,5,216
500910113,2,91,122,3,218
500910201,115,62,111,9,297
500910202,476,31,28,0,535
500910203,210,112,51,0,373
500910204,250,70,20,0,340
500910205,1,124,109,3,237
500910206,251,26,22,3,302
500910207,202,18,57,0,277
500910208,234,49,64,0,347
500910209,185,102,18,0,305
500910301,6,116,107,3,232
500910302,1,153,158,12,324
500910303,0,69,110,29,208
500910304,1,174,52,0,227
500910305,4,135,188,3,330
500910306,9,195,136,5,345
500910307,0,79,150,14,243
500910401,0,9,15,16,40
500910501,0,8,6,2,16
500910601,0,32,29,8,69
500980101,0,142,120,30,292
500980102,2,190,161,54,407
500980103,5,116,70,22,213
500980104,0,180,94,40,314
500980105,1,176,74,4,255
500980106,3,207,122,17,349
500980107,0,50,43,17,110
500980108,3,245,48,1,297
500980201,0,12,7,0,19
500980202,1,135,54,3,193
500980203,0,39,20,1,60
500980204,0,74,34,5,113
500980205,0,63,24,3,90
500980206,0,13,12,1,26
500980301,11,96,120,20,247
500980302,2,87,55,6,150
500980303,6,235,84,4,329
500980304,1,155,68,4,228
500980305,3,177,70,5,255
500980306,21,243,134,6,404
500980307,1,118,50,2,171
500980308,6,294,61,6,367
500980401,245,2,0,1,248
500980402,304,0,0,0,304
500980403,331,0,0,0,331
500980404,361,0,0,0,361
500980405,311,1,1,0,313
500980406,302,32,0,1,335
500980407,336,13,6,0,355
500980408,279,1,0,0,280
500980409,343,3,5,0,351
500980410,205,0,0,0,205
500980411,289,2,1,0,292
500980412,257,2,0,0,259
500980413,214,1,0,0,215
500980414,1,13,5,0,19
500980415,384,14,3,0,401
500980416,147,8,4,0,159
500980417,310,49,13,4,376
500980501,1,85,63,15,164
500980502,0,31,21,1,53
500980503,1,153,84,5,243
500980504,1,190,114,5,310
500980505,2,227,89,3,321
500980506,218,99,24,1,342
500980507,167,73,7,1,248
500980508,9,338,44,3,394
500980509,175,9,2,0,186
500980510,200,7,0,0,207
500980511,156,32,16,0,204
500980512,327,60,1,0,388
500980601,4,98,63,5,170
500980602,0,135,80,7,222
500980603,1,199,50,9,259
500980604,4,184,101,7,296
500980605,6,172,98,6,282
500980606,3,160,85,17,265
500980607,7,162,47,6,222
500980608,1,214,72,5,292
500980609,0,143,65,21,229
500980610,0,79,57,6,142
500980611,3,276,51,2,332
500980612,0,169,56,2,227
500980701,4,133,23,0,160
500980702,278,43,16,0,337
500980703,169,52,26,1,248
500980704,185,38,8,0,231
500980705,303,12,18,1,334
500980706,292,2,0,0,294
500980707,282,0,0,0,282
500980708,180,4,0,0,184
500980709,266,1,0,0,267
500980710,150,7,0,0,157
500980711,187,3,1,0,191
500980712,226,1,0,0,227
500980713,195,0,0,0,195
500980714,256,9,4,0,269
500980715,15,411,72,4,502
500980716,347,0,0,0,347
500980717,200,2,0,0,202
500980718,249,5,1,0,255
500980719,6,292,11,1,310
500980720,185,1,0,0,186
500980721,100,63,43,2,208
500980722,2,122,80,8,212
500980801,241,58,33,2,334
500980802,318,66,31,2,417
500980803,197,128,68,5,398
500980804,21,323,40,2,386
500980805,388,63,4,0,455
500980806,388,54,7,0,449
500980807,364,9,2,0,375
500980808,325,0,0,0,325
500980809,274,9,6,0,289
500980810,289,3,1,0,293
500980811,435,0,0,0,435
500980812,167,21,7,0,195
500980813,233,0,1,0,234
500980814,206,6,3,0,215
500980815,183,6,1,0,190
500980816,163,2,0,0,165
500980817,4,95,56,11,166
500980818,371,1,1,0,373
500980819,1,234,76,6,317
500980820,3,162,74,3,242
500980821,108,8,1,0,117
500980901,234,22,2,0,258
500980902,135,24,2,0,161
500980903,306,39,29,1,375
500980904,304,44,17,0,365
500980905,244,49,25,0,318
500980906,227,65,9,0,301
500980907,134,155,148,46,483
500980908,269,11,4,0,284
500980909,264,96,30,1,391
500980910,209,51,17,0,277
500980911,267,40,1,0,308
500980912,79,132,37,7,255
501050101,0,0,3,4,7
501050102,2,49,202,30,283
501050103,3,94,157,8,262
501050104,3,77,185,7,272
501050105,2,72,155,9,238
501050106,1,185,149,3,338
501050107,36,209,75,2,322
501050108,350,8,0,0,358
501050109,2,47,45,0,94
501050110,0,60,135,13,208
501050111,31,107,152,1,291
501050112,10,157,173,1,341
501050113,9,131,123,0,263
501050201,0,1,2,0,3
501050202,4,120,238,4,366
501050203,0,73,135,30,238
501050204,10,309,89,0,408
501050205,6,122,260,1,389
501050301,0,4,15,0,19
501050302,2,68,127,8,205
501050303,4,59,157,5,225
501050304,13,115,387,21,536
501050305,4,96,120,1,221
501050306,4,186,211,10,411
501050307,0,106,167,3,276
501050308,1,119,72,0,192
501050309,0,167,124,0,291
501050310,6,132,93,0,231
501050401,109,130,66,0,305
501050402,29,114,168,0,311
501050403,3,168,70,0,241
501050404,61,88,12,0,161
501050405,133,101,126,0,360
501050406,184,65,42,0,291
501050407,37,38,326,1,402
501050408,35,136,154,1,326
501050409,27,69,132,0,228
501050410,8,126,75,0,209
501050411,61,130,158,0,349
501050412,13,129,108,0,250
501050413,190,81,27,0,298
501050414,216,34,33,0,283
501050415,138,34,18,0,190
501050416,61,112,77,0,250
501050417,150,103,49,0,302
501050418,6,210,134,0,350
501050419,238,34,133,2,407
501050420,11,71,115,0,197
501050421,223,145,151,2,521
501050422,52,36,14,0,102
501050501,185,3,3,0,191
501050502,113,4,0,0,117
501050503,152,26,8,0,186
501050504,208,19,36,0,263
501050505,145,36,2,0,183
501050506,146,89,48,0,283
501050507,102,76,48,0,226
501050508,108,43,45,0,196
501050509,130,108,44,0,282
501050510,188,66,38,0,292
501050511,205,46,13,0,264
501050512,108,54,30,0,192
501050513,265,57,4,0,326
501050514,102,95,103,0,300
501050515,238,25,5,0,268
501050516,232,35,38,0,305
501050517,155,31,26,0,212
501050518,107,33,17,0,157
501050519,182,7,0,0,189
501050520,65,51,77,1,194
501050521,82,53,48,1,184
501050601,0,7,31,3,41
501050602,34,117,132,2,285
501050603,0,18,21,5,44
501050604,0,0,2,0,2
501050605,5,116,69,1,191
501050606,0,113,140,26,279
501050607,0,204,89,0,293
501050608,0,54,43,0,97
501050701,0,2,5,0,7
501050702,0,54,86,16,156
501050703,1,55,106,18,180
501050704,2,106,109,23,240
501050705,68,141,89,6,304
501050706,42,99,134,7,282
501050707,80,68,58,8,214
501050708,85,94,48,3,230
501050801,0,68,95,38,201
501050802,0,59,69,7,135
501050803,9,36,67,5,117
501050804,0,6,7,1,14
501050805,0,0,1,2,3
501050806,0,7,31,12,50
501050807,0,37,66,24,127
501050808,1,78,24,5,108
501050901,0,30,74,25,129
501050902,0,2,4,1,7
501050903,3,42,82,64,191
501050904,0,192,121,4,317
501050905,2,107,88,3,200
501050906,13,204,96,2,315
501050907,2,119,144,4,269
501051001,0,5,9,1,15
501051002,60,84,110,16,270
501051003,0,5,17,6,28
501051004,0,6,77,10,93
501051005,0,0,15,5,20
501051006,39,131,135,11,316
501051007,1,109,155,14,279
501051008,0,100,246,7,353
501051009,3,75,134,4,216
501051010,1,23,19,0,43
501051011,1,91,112,6,210
501051012,110,14,113,7,244
501051101,4,100,205,20,329
501051102,1,76,171,8,256
501051103,1,134,120,6,261
501051104,1,30,119,12,162
501051105,3,175,312,21,511
501051106,1,232,194,5,432
501051107,4,43,196,64,307
501051108,0,40,111,11,162
501051109,3,25,80,13,121
501051110,1,99,93,11,204
501051201,0,48,49,6,103
501051202,0,30,68,9,107
501051203,1,24,57,11,93
501051204,0,29,45,3,77
501051205,3,164,122,6,295
501051206,0,70,58,4,132
501051207,0,14,57,10,81
501051208,1,103,105,7,216
501051209,0,19,113,50,182
501051301,154,9,19,0,182
501051302,193,10,13,0,216
501051303,165,51,28,0,244
501051304,120,53,6,0,179
501051305,122,22,13,0,157
501051306,142,36,11,1,190
501051307,172,50,25,0,247
501051308,140,8,3,0,151
501051309,260,14,3,0,277
501051310,244,27,11,0,282
501051311,119,0,0,0,119
501051312,186,17,8,0,211
501051401,278,27,7,0,312
501051402,96,34,1,0,131
501051403,156,35,11,0,202
501051404,188,14,7,0,209
501051405,236,53,18,0,307
501051406,138,15,15,0,168
501051407,149,8,7,0,164
501051408,135,41,16,0,192
501051409,157,17,8,0,182
501051410,172,38,2,0,212
501051411,201,22,19,0,242
501051412,213,31,18,0,262
501051413,248,45,31,0,324
501051501,200,95,80,0,375
501051502,98,44,41,0,183
501051503,125,51,42,0,218
501051504,89,51,64,0,204
501051505,164,83,46,0,293
501051506,169,42,37,0,248
501051507,165,14,32,0,211
501051508,180,71,61,0,312
501051509,109,42,69,1,221
501051510,108,41,80,1,230
501051511,105,45,143,0,293
501051512,129,11,35,2,177
501051513,168,82,83,0,333
501051514,121,42,77,0,240
501051515,84,38,41,0,163
501051516,12,54,108,1,175
501051517,24,322,23,0,369
501051518,3,127,229,5,364
501051519,3,33,208,8,252
501051601,8,181,173,5,367
501051602,3,180,215,11,409
501051603,4,100,249,12,365
501051604,2,158,102,1,263
501051605,4,161,243,8,416
501051606,0,0,16,4,20
501051607,0,22,91,32,145
501051608,0,11,48,6,65
501051609,0,29,100,38,167
501051701,158,42,69,0,269
501051702,3,132,120,1,256
501051703,4,92,157,1,254
501051704,43,88,131,0,262
501051705,72,78,69,0,219
501051706,214,1,0,0,215
501051707,141,5,2,0,148
501051708,222,17,5,0,244
501051709,156,87,20,0,263
501051710,148,51,31,0,230
501051711,196,59,28,0,283
501051712,243,75,39,0,357
501051713,181,47,20,0,248
501051714,121,35,17,0,173
501051801,292,21,35,0,348
501051802,129,0,0,0,129
501051803,220,12,0,0,232
501051804,411,0,0,0,411
501051805,227,79,27,0,333
501051806,111,68,116,0,295
501051807,99,54,15,0,168
501051808,142,38,17,0,197
501051809,202,21,12,0,235
501051810,242,59,23,0,324
501051811,203,28,12,0,243
501051812,214,1,0,0,215
501051813,218,1,0,0,219
501051814,110,22,36,0,168
501051815,280,15,5,0,300
501051816,218,25,3,0,246
501051817,175,6,2,0,183
501051818,318,0,1,0,319
501051901,73,56,60,0,189
501051902,228,100,72,1,401
501051903,104,43,31,1,179
501051904,162,28,47,0,237
501051905,265,2,2,1,270
501051906,5,64,325,11,405
501051907,11,215,140,8,374
501051908,215,88,59,0,362
501051909,147,134,19,0,300
501051910,332,6,9,0,347
501051911,8,63,66,0,137
501051912,3,190,90,1,284
501051913,5,146,97,1,249
501051914,3,161,101,2,267
501051915,1,83,63,0,147
501120101,0,148,62,2,212
501120102,0,446,93,2,541
501120103,0,129,62,6,197
501120104,0,269,132,5,406
501120105,0,92,53,0,145
501120201,0,220,67,15,302
501120202,0,177,55,1,233
501120203,0,96,13,0,109
501120204,0,324,46,3,373
501120205,0,213,111,13,337
501120301,0,46,36,3,85
501120302,0,153,67,3,223
501120303,0,52,53,2,107
501120304,0,260,39,3,302
501120305,0,181,91,2,274
501120401,0,97,69,2,168
501120501,0,34,29,2,65
501120601,0,90,47,3,140
501190101,0,2,0,0,2
501190201,0,51,25,2,78
501190202,0,75,54,0,129
501190203,0,20,30,0,50
501190204,5,210,147,22,384
501190205,1,182,124,9,316
501190206,2,38,151,15,206
501190301,198,118,117,3,436
501190302,316,46,5,0,367
501190303,370,29,12,1,412
501190304,381,31,10,1,423
501190305,363,25,26,0,414
501190306,389,23,23,0,435
501190307,290,33,21,1,345
501190308,361,90,78,2,531
501190309,469,13,6,0,488
501190310,298,8,8,0,314
501190311,137,93,32,3,265
501190312,9,100,64,9,182
501190401,15,292,94,1,402
501190402,1,101,44,8,154
501190403,6,296,114,9,425
501190404,41,11,37,8,97
501190405,88,11,38,1,138
501190406,2,163,90,6,261
501190407,13,374,103,2,492
501190408,10,323,105,1,439
501190409,40,217,148,11,416
501190501,0,24,53,0,77
501190601,30,99,113,7,249
501190602,66,16,19,0,101
501190603,313,42,13,0,368
501190604,323,34,8,0,365
501190605,228,20,6,0,254
501190606,231,0,0,0,231
501190607,416,9,6,1,432
501190608,284,4,0,0,288
501190609,194,1,1,0,196
501190610,244,13,7,0,264
501190611,209,1,0,0,210
501190612,200,78,78,1,357
501190613,455,33,59,5,552
501190614,100,45,180,19,344
501260101,2,34,54,11,101
501260102,0,0,5,0,5
501260201,0,2,5,3,10
501260202,2,30,58,1,91
501260203,1,18,44,13,76
501260204,1,27,59,1,88
501260205,0,0,3,0,3
501260301,75,252,379,30,736
501260302,147,20,11,0,178
501260303,367,74,95,0,536
501260304,300,60,35,0,395
501260305,294,45,33,0,372
501260306,299,47,27,1,374
501260307,187,65,32,0,284
501260308,80,40,39,0,159
501260309,5,121,204,6,336
501260310,217,21,10,0,248
501260311,275,40,29,0,344
501260312,156,164,52,0,372
501260313,106,45,71,3,225
501260314,305,20,36,2,363
501260315,4,68,95,8,175
501260316,164,36,17,0,217
501260317,103,77,62,8,250
501260318,1,24,48,0,73
501260319,268,14,17,0,299
501260401,2,54,179,8,243
501260402,0,7,5,0,12
501260501,13,319,360,8,700
501260502,6,72,165,12,255
501260503,1,42,200,9,252
501260504,3,131,156,13,303
540070101,0,9,18,9,36
540070102,1,100,88,42,231
540070103,14,141,84,83,322
540070104,16,34,28,12,90
540070105,4,30,54,24,112
540070106,0,4,1,1,6
540070107,0,84,46,61,191
540070108,19,244,59,5,327
540070109,0,73,113,54,240
540070110,0,13,63,61,137
540070201,0,3,15,22,40
540070202,0,6,1,13,20
540070301,0,5,20,6,31
540070302,7,28,35,37,107
540070303,21,38,95,132,286
540070304,1,24,35,27,87
540070305,0,10,26,16,52
540070306,0,12,20,13,45
540070307,0,14,7,9,30
540070308,0,6,9,10,25
540070309,0,19,3,2,24
540070310,3,61,63,43,170
540070311,225,32,3,0,260
540070312,2,387,37,5,431
540070313,6,290,5,0,301
540070314,0,23,46,58,127
540070315,2,254,14,0,270
540070316,5,268,14,0,287
540070317,0,59,61,27,147
540070318,77,218,5,0,300
540070319,5,68,59,63,195
540070401,0,23,11,16,50
540070402,0,17,30,34,81
540070403,3,26,70,39,138
540070404,0,0,13,5,18
540070405,0,4,2,4,10
540070406,0,3,7,7,17
540070501,0,9,11,3,23
540070502,0,17,20,23,60
540070503,0,27,26,26,79
540070504,1,120,71,47,239
540070505,0,0,4,2,6
540070506,0,23,36,35,94
540070507,0,13,25,4,42
540070508,6,120,105,78,309
540070509,1,65,42,65,173
540070601,17,10,1,0,28
540070602,6,197,68,10,281
540070603,9,124,97,39,269
540070604,0,169,43,17,229
540070605,1,162,73,2,238
540070606,31,162,66,18,277
540070607,10,190,120,23,343
540070608,9,128,28,1,166
540070609,2,110,25,0,137
540070610,1,186,37,2,226
540070611,3,225,31,1,260
540070612,2,153,37,26,218
540070613,1,207,100,22,330
540070614,6,158,34,1,199
540070615,13,122,134,38,307
540070616,0,107,143,89,339
540070617,5,150,53,1,209
540070618,10,219,33,0,262
540070619,16,143,91,17,267
540070620,0,25,32,44,101
540140101,0,3,6,19,28
540140102,0,12,46,54,112
540140103,3,128,63,58,252
540140104,1,141,91,36,269
540140105,0,9,24,5,38
540140106,0,21,11,40,72
540140107,0,19,47,64,130
540140108,7,199,10,3,219
540140109,1,120,118,55,294
540140110,0,122,85,41,248
540140111,3,72,53,183,311
540140112,0,5,35,46,86
540140201,0,19,41,25,85
540140202,4,132,70,21,227
540140203,2,122,48,22,194
540140204,1,80,46,66,193
540140205,0,136,83,14,233
540140206,0,126,31,0,157
540140207,0,12,42,70,124
540140208,9,232,56,12,309
540140209,0,118,97,81,296
540140210,7,174,69,37,287
540140211,6,85,122,98,311
540140212,3,160,38,39,240
540140301,0,36,26,33,95
540140302,1,28,34,13,76
540140303,1,146,111,52,310
540140304,0,23,43,96,162
540140305,1,10,27,29,67
540140306,0,5,11,14,30
540140307,0,54,74,111,239
540140308,4,51,36,33,124
540140309,1,42,68,40,151
540140401,0,25,45,40,110
540140402,0,18,26,27,71
540140403,1,10,47,35,93
540140404,2,33,91,91,217
540140501,0,30,51,70,151
540140502,0,47,78,71,196
540140503,0,14,68,63,145
540140504,3,89,48,45,185
540140505,0,154,71,21,246
540140506,1,117,56,45,219
540140507,0,17,61,46,124
540140508,1,156,95,25,277
540140509,2,150,19,11,182
540140510,0,101,4,0,105
540140511,3,38,67,229,337
540140512,16,119,38,5,178
540140601,0,14,30,55,99
540140602,0,22,25,175,222
540140603,1,10,13,57,81
540140604,0,19,43,135,197
540140605,0,14,16,66,96
540140606,0,24,44,89,157
540140607,1,68,100,229,398
540140608,0,8,49,189,246
540140609,0,20,58,76,154
540140701,0,25,42,62,129
540140702,0,16,21,41,78
540140703,0,24,50,86,160
540140704,0,26,50,73,149
540140705,2,13,52,71,138
540140801,2,55,70,16,143
540140802,1,26,49,23,99
540140803,0,2,22,26,50
540140804,0,5,21,24,50
540140805,0,5,12,40,57
540140806,0,92,71,100,263
540140807,2,153,26,0,181
540140808,4,87,117,44,252
540140901,0,9,22,40,71
540140902,0,7,30,54,91
540140903,0,1,23,54,78
540140904,0,0,5,29,34
540140905,0,10,7,60,77
540140906,0,26,58,79,163
540141001,0,36,26,50,112
540141002,2,62,40,25,129
540141003,0,12,33,18,63
540141004,0,13,35,61,109
540141005,1,18,33,40,92
540141006,1,66,48,14,129
540210101,0,14,3,36,53
540210102,2,78,20,20,120
540210103,0,9,14,2,25
540210201,0,6,7,23,36
540210202,2,67,62,97,228
540210203,0,2,3,32,37
540210301,0,4,12,3,19
540210302,0,4,15,22,41
540210303,0,7,1,13,21
540210304,0,6,13,12,31
540210305,0,6,3,31,40
540210306,13,45,42,72,172
540210401,31,13,36,18,98
540210402,0,7,16,11,34
540210403,1,4,7,3,15
540210404,0,2,0,2,4
540210501,1,64,30,7,102
540210502,1,7,36,13,57
540210503,0,20,6,7,33
540210504,4,142,95,33,274
540210505,11,92,111,18,232
540210506,2,108,55,39,204
540210507,6,176,55,12,249
540210508,6,238,12,9,265
540210509,10,187,65,15,277
540210510,17,145,68,12,242
540210511,9,167,45,12,233
540210512,14,140,53,63,270
540210513,6,148,22,18,194
540210514,5,189,38,14,246
540210515,23,183,35,1,242
540210516,9,250,7,0,266
540210517,11,102,24,9,146
540210518,0,29,21,66,116
540210601,2,146,60,70,278
540210602,2,80,46,68,196
540210603,0,93,23,2,118
540210604,0,11,6,13,30
540210605,0,6,13,3,22
540210606,0,2,11,10,23
540210607,2,180,75,36,293
540210608,0,98,64,56,218
540210609,11,170,32,26,239
540210610,0,19,12,66,97
540210611,0,29,13,16,58
540210701,0,10,9,29,48
540210702,0,4,21,12,37
540210703,0,4,5,25,34
540210704,2,150,47,53,252
540210705,7,112,79,44,242
540280101,145,3,27,3,178
540280102,19,59,115,19,212
540280103,20,127,195,15,357
540280104,8,154,37,0,199
540280105,18,32,16,0,66
540280106,4,78,20,1,103
540280107,105,154,33,1,293
540280108,28,169,15,0,212
540280109,122,39,19,0,180
540280110,163,13,3,0,179
540280111,227,33,10,0,270
540280112,296,63,7,0,366
540280113,129,45,5,0,179
540280114,87,64,16,4,171
540280116,3,2,0,0,5
540280117,186,15,5,0,206
540280118,126,13,7,0,146
540280119,147,30,5,0,182
540280201,191,14,1,0,206
540280202,225,5,0,0,230
540280203,280,13,6,0,299
540280204,192,22,0,0,214
540280205,171,7,3,0,181
540280206,206,36,4,0,246
540280207,251,4,0,0,255
540280208,232,0,0,0,232
540280209,148,6,0,0,154
540280210,266,0,1,0,267
540280211,189,6,0,0,195
540280212,118,1,1,0,120
540280213,203,8,3,0,214
540280214,122,3,1,0,126
540280215,187,8,1,0,196
540280216,118,6,4,0,128
540280217,212,4,0,0,216
540280218,132,2,1,0,135
540280301,241,107,78,9,435
540280302,149,97,47,2,295
540280303,36,164,67,11,278
540280304,124,93,9,0,226
540280305,150,78,65,11,304
540280306,133,66,37,3,239
540280307,202,178,54,1,435
540280308,24,314,70,4,412
540280309,166,71,6,0,243
540280310,251,26,8,2,287
540280311,138,247,37,0,422
540280312,88,185,16,3,292
540280313,32,167,67,0,266
540280314,167,68,5,0,240
540280401,56,207,82,5,350
540280402,324,32,4,0,360
540280403,136,55,15,3,209
540280404,96,91,11,1,199
540280405,201,107,1,0,309
540280406,184,111,8,0,303
540280407,156,116,12,4,288
540280408,215,153,57,5,430
540280409,165,76,32,2,275
540280410,347,10,3,0,360
540280411,227,27,0,0,254
540280412,281,11,39,9,340
540280413,141,21,91,33,286
540280414,95,127,27,0,249
540280415,104,110,34,0,248
540280416,187,54,13,0,254
540280417,272,7,37,0,316
540280418,138,52,33,21,244
540280419,269,74,16,1,360
540280501,134,150,13,3,300
540280502,67,185,12,0,264
540280504,11,108,33,16,168
540280505,17,189,46,1,253
540280506,154,220,43,0,417
540280507,131,96,17,0,244
540280508,115,83,8,0,206
540280509,30,176,31,3,240
540280510,11,76,20,0,107
540280511,79,125,80,1,285
540280601,171,176,30,0,377
540280602,177,95,45,1,318
540280603,202,189,41,0,432
540280604,24,47,42,39,152
540280605,92,55,55,4,206
540280606,111,88,7,0,206
540280607,176,111,15,0,302
540280608,143,78,12,0,233
540280609,131,135,24,6,296
540280610,6,153,12,0,171
540280611,5,237,50,5,297
540280612,9,308,61,11,389
540280613,15,207,100,3,325
540280614,12,87,131,7,237
540280615,1,47,7,0,55
540280616,33,55,78,34,200
540280617,75,109,47,8,239
540280618,73,269,118,18,478
540280701,1,188,72,3,264
540280702,9,156,112,11,288
540280703,108,189,26,1,324
540280704,126,111,14,0,251
540280705,136,130,18,1,285
540280706,186,0,0,0,186
540280707,173,2,0,0,175
540280708,254,1,0,0,255
540280709,177,0,0,0,177
540280710,305,16,1,0,322
540280711,83,101,27,1,212
540280712,62,158,39,16,275
540280713,40,322,49,3,414
540280714,7,201,105,3,316
540280715,3,117,73,6,199
540280716,14,208,106,1,329
540280717,10,143,66,2,221
540280718,104,77,34,1,216
540280719,66,136,36,2,240
540280720,6,151,74,32,263
540280721,129,105,25,2,261
540280803,10,183,71,43,307
540280804,9,216,34,8,267
540280805,8,174,41,4,227
540280806,201,58,8,1,268
540280807,408,25,13,8,454
540280808,287,84,2,2,375
540280809,12,191,89,27,319
540280810,10,196,103,40,349
540280811,27,157,79,5,268
540280812,9,353,58,8,428
540280813,0,130,94,0,224
540280814,4,145,79,15,243
540280815,0,69,113,40,222
540280816,17,186,81,4,288
540280817,10,75,51,5,141
540280818,83,160,59,22,324
540280819,18,240,28,19,305
540280820,3,214,92,56,365
540280821,3,41,155,26,225
540280822,10,121,34,0,165
540280901,152,81,8,3,244
540280902,160,39,26,0,225
540280903,69,59,1,0,129
540280906,88,85,29,0,202
540280907,318,28,1,2,349
540280908,262,16,1,0,279
540280909,155,11,4,0,170
540280910,202,0,0,0,202
540280911,126,32,18,0,176
540281001,188,19,10,0,217
540281002,180,18,4,0,202
540281003,184,101,12,0,297
540281004,210,162,23,0,395
540281005,190,70,11,0,271
540281006,157,59,21,0,237
540281007,140,49,6,0,195
540281008,319,106,16,2,443
540281009,245,136,35,0,416
540281010,198,109,16,1,324
540281011,198,85,15,0,298
540281012,144,86,21,1,252
540281013,155,51,1,0,207
540281014,132,83,8,0,223
540281015,86,76,26,2,190
540281101,62,12,17,4,95
540281102,4,60,33,5,102
540281103,5,36,27,33,101
540281201,262,70,61,11,404
540281202,135,11,18,0,164
540281203,2,6,24,10,42
540281204,2,23,36,3,64
540281205,252,10,2,0,264
540281206,155,103,45,3,306
540281207,159,34,72,2,267
540281208,3,143,135,25,306
540281209,14,117,171,40,342
540281210,429,9,6,0,444
540281211,385,23,0,0,408
540281212,328,47,0,0,375
540281213,426,12,2,4,444
540281214,440,26,0,0,466
540281215,193,24,45,9,271
540281216,198,58,83,23,362
540281217,282,15,2,4,303
540281218,4,63,233,131,431
540281219,364,28,8,0,400
540281220,255,16,2,0,273
540281301,3,38,18,24,83
540281302,0,34,16,19,69
540281303,2,35,27,3,67
540281304,1,6,0,0,7
540281305,0,51,27,8,86
540281306,15,182,78,36,311
540281307,7,45,75,14,141
540281308,1,109,98,56,264
540281309,1,94,38,7,140
540281310,4,111,81,27,223
540281311,8,247,2,1,258
540281312,10,217,86,21,334
540281313,25,145,114,43,327
540281314,11,127,220,66,424
540281315,2,163,157,81,403
540281316,17,249,4,0,270
540281317,0,90,47,23,160
540281318,4,111,0,0,115
540281319,16,448,15,0,479
540281320,6,164,10,0,180
540281321,2,151,23,0,176
540281322,0,102,125,61,288
540281323,10,89,58,15,172
540281401,2,143,113,34,292
540281402,0,0,0,0,0
540281403,0,0,1,0,1
540281501,0,67,11,0,78
540281502,0,23,25,6,54
540281503,1,36,19,2,58
540281504,36,378,10,0,424
540281505,14,380,13,2,409
540281601,0,53,167,195,415
540281602,0,3,2,1,6
540281701,0,24,11,13,48
540281702,0,6,11,2,19
540281703,0,4,3,8,15
540281704,0,4,2,0,6
540281801,306,8,1,1,316
540281802,2,99,59,61,221
540281803,4,73,106,37,220
540281804,9,205,90,35,339
540281805,83,73,41,7,204
540281806,3,79,48,33,163
540281807,6,187,125,34,352
540281808,14,118,50,2,184
540281809,3,102,80,21,206
540281810,4,241,64,11,320
540281811,4,204,62,15,285
540281812,37,116,47,7,207
540281813,350,10,5,0,365
540281814,263,23,3,0,289
540281815,298,6,0,0,304
540281816,18,86,56,34,194
540281817,5,136,60,12,213
540281818,3,184,60,4,251
540281819,6,69,71,27,173
540281820,1,129,56,10,196
540281821,1,136,74,17,228
540281822,2,181,16,4,203
540281901,202,117,87,6,412
540281902,15,118,39,0,172
540281903,404,3,0,0,407
540281904,16,105,157,25,303
540281905,403,10,1,0,414
540281906,357,1,0,0,358
540281907,366,5,4,0,375
540281908,376,4,1,0,381
540281909,345,2,1,0,348
540281910,198,39,24,1,262
540281911,300,41,13,0,354
540281912,110,216,83,2,411
540281913,22,231,125,9,387
540281914,9,196,131,4,340
540281915,281,1,0,0,282
540281916,377,6,0,0,383
540281917,12,76,200,55,343
540281918,287,43,10,0,340
540281919,10,252,129,6,397
540281920,306,18,0,0,324
540281921,190,121,75,5,391
540281922,300,60,6,0,366
540281923,205,245,63,8,521
540281924,151,200,115,36,502
540281925,279,55,47,1,382
540281926,250,67,25,0,342
540281927,144,27,49,9,229
540281928,274,14,0,0,288
540282001,313,87,14,4,418
540282002,110,247,41,22,420
540282003,62,299,71,8,440
540282004,48,281,104,13,446
540282005,13,231,106,4,354
540282006,8,239,51,1,299
540282007,2,220,84,4,310
540282008,5,122,13,0,140
540282009,2,233,49,1,285
540282010,32,142,37,3,214
540282011,161,124,142,15,442
540282012,8,164,15,3,190
540282013,5,125,55,11,196
540282014,0,176,34,1,211
540282015,2,83,114,51,250
540282016,100,160,66,10,336
540282017,6,42,124,43,215
540282018,2,188,41,0,231
540282019,113,135,92,14,354
540282020,2,152,37,6,197
540282021,4,128,117,26,275
540282101,0,2,2,1,5
540282102,0,67,25,18,110
540282103,0,4,14,2,20
540282201,11,143,47,0,201
540282202,128,288,40,1,457
540282203,64,143,10,1,218
540282204,77,97,77,13,264
540282205,131,105,2,0,238
540282206,226,122,11,0,359
540282207,178,140,16,0,334
540282208,36,195,15,0,246
540282209,223,148,36,2,409
540282210,144,139,26,0,309
540282211,129,93,12,0,234
540282212,41,167,10,6,224
540282213,139,63,7,0,209
540282301,167,202,47,6,422
540282302,130,110,10,1,251
540282303,116,208,13,1,338
540282304,253,48,47,0,348
540282305,206,155,56,7,424
540282306,21,140,140,11,312
540282307,92,160,19,0,271
540282308,62,119,44,0,225
540282309,10,201,45,2,258
540282310,123,111,13,0,247
540282311,127,171,105,14,417
540282312,75,114,119,24,332
540282313,5,111,122,23,261
540282314,84,99,10,0,193
540282401,4,248,55,6,313
540282402,256,57,2,0,315
540282403,249,46,35,2,332
540282404,391,1,1,0,393
540282405,254,0,1,0,255
540282406,200,0,0,0,200
540282407,314,2,0,0,316
540282408,351,8,0,0,359
540282409,238,29,2,0,269
540282410,273,13,0,0,286
540282411,305,9,0,0,314
540282412,341,40,5,0,386
540282413,194,5,1,0,200
540282414,248,19,3,0,270
540282415,340,49,0,0,389
540282416,348,3,0,0,351
540282417,44,9,2,0,55
540350101,0,13,21,29,63
540350102,0,1,17,2,20
540350103,0,26,46,47,119
540350104,0,0,13,2,15
540350105,0,0,0,0,0
540350106,0,2,8,0,10
540350201,0,12,33,16,61
540350202,0,4,5,4,13
540350203,0,3,7,1,11
540350204,0,0,2,16,18
540350205,0,0,1,2,3
540350206,0,1,3,6,10
540350207,0,2,17,6,25
540350301,0,64,13,14,91
540350302,0,4,2,0,6
540350303,0,4,6,7,17
540350304,0,2,14,19,35
540350305,0,0,1,2,3
540350306,0,1,3,1,5
540350307,0,0,10,5,15
540350308,0,0,13,13,26
540350401,0,6,28,86,120
540350402,0,8,10,21,39
540350403,0,131,96,28,255
540350404,0,135,74,36,245
540350405,0,4,15,23,42
540350406,0,2,6,7,15
540350407,0,0,8,1,9
540350408,0,0,0,0,0
540350409,0,2,3,6,11
540350410,0,132,94,17,243
540350411,0,91,61,21,173
540350412,0,241,51,45,337
540350413,0,65,12,21,98
540350414,0,104,76,53,233
540420101,4,24,18,51,97
540420102,0,22,26,45,93
540420103,0,2,17,38,57
540420104,0,0,5,3,8
540420105,0,3,8,11,22
540420106,0,0,4,10,14
540420107,7,149,76,45,277
540420201,0,0,0,1,1
540420202,0,0,0,0,0
540420203,2,0,5,24,31
540420301,3,84,30,66,183
540420302,0,54,47,28,129
540420303,0,126,25,73,224
540420304,0,45,9,17,71
540420305,4,317,114,19,454
540420306,44,234,7,2,287
540420307,193,87,9,15,304
540420308,0,25,25,68,118
540420309,12,322,48,15,397
540420310,1,156,2,0,159
540420311,2,81,14,12,109
540420312,0,142,12,7,161
540420313,21,126,14,15,176
540420314,8,228,18,9,263
540420315,9,131,26,38,204
540420316,7,180,13,1,201
540420317,5,158,52,41,256
540420318,3,61,42,25,131
540420401,1,135,61,23,220
540420402,4,174,80,64,322
540420403,2,207,80,18,307
540420404,5,211,52,6,274
540420405,4,291,44,44,383
540420406,7,275,86,26,394
540420407,1,174,99,60,334
540420408,1,107,26,34,168
540420409,2,171,66,42,281
540420410,3,124,49,107,283
540420411,5,211,87,93,396
540420412,4,187,25,12,228
540420413,0,185,56,15,256
540420414,18,226,76,15,335
540420415,1,189,31,58,279
540420416,11,195,54,2,262
540420417,7,163,52,9,231
540420418,0,189,31,43,263
540420419,0,141,59,26,226
540420420,6,196,37,30,269
540420501,2,103,70,35,210
540420502,17,270,60,13,360
540420503,3,206,39,0,248
540420504,3,245,31,5,284
540420505,3,280,44,4,331
540420506,240,31,0,0,271
540420507,3,214,27,1,245
540420508,7,249,22,0,278
540420509,3,218,9,1,231
540420510,8,160,13,0,181
540420511,7,285,1,0,293
540420512,3,222,39,1,265
540420513,6,266,32,1,305
540420514,2,259,13,5,279
540420515,3,220,46,3,272
540420516,10,236,18,4,268
540420517,0,129,54,37,220
540420518,3,182,68,17,270
540420519,2,158,30,8,198
540420520,114,110,3,2,229
540420601,1,17,82,168,268
540420602,22,156,48,31,257
540420603,1,29,41,94,165
540420604,2,12,7,16,37
540420605,1,29,9,44,83
540420606,0,17,31,32,80
540420607,2,70,56,72,200
540420608,0,14,15,4,33
540420609,0,2,2,12,16
540420610,2,144,47,45,238
540420611,0,47,27,58,132
540420612,1,99,68,125,293
540420613,39,239,75,140,493
540420614,10,220,40,47,317
540420701,0,76,36,126,238
540420702,1,35,18,69,123
540420703,1,56,12,19,88
540420704,0,49,17,55,121
540420705,0,3,10,16,29
540420706,0,4,1,18,23
540420707,0,2,1,5,8
540420708,0,1,7,12,20
540420709,1,37,7,35,80
540420710,18,99,24,34,175
540420801,0,46,35,47,128
540420802,0,44,20,85,149
540420803,0,43,28,69,140
540420804,0,0,1,4,5
540420805,0,4,11,33,48
540420806,0,0,0,6,6
540420901,0,1,1,28,30
540420902,0,1,0,6,7
540420903,0,0,1,2,3
540420904,0,3,6,6,15
540421001,2,32,19,178,231
540421002,0,1,14,17,32
540421003,0,5,16,51,72
540421004,0,1,5,13,19
540421005,1,113,59,49,222
540421006,0,15,9,120,144
540421007,0,63,33,4,100
540421008,0,115,35,55,205
540421009,0,11,30,124,165
540490101,0,56,126,154,336
540490102,15,81,101,285,482
540490103,1,64,48,106,219
540490104,0,64,165,186,415
540490105,2,138,143,223,506
540490106,0,102,52,74,228
540490107,13,280,34,7,334
540490108,3,101,102,98,304
540490109,7,125,90,89,311
540490110,0,41,33,50,124
540490111,0,25,72,49,146
540490112,0,24,67,76,167
540490113,0,41,84,81,206
540490114,2,63,109,105,279
540490115,1,126,28,42,197
540490116,0,72,64,104,240
540490201,0,14,39,56,109
540490202,0,63,115,275,453
540490203,0,60,114,340,514
540490204,8,140,40,28,216
540490205,0,44,115,120,279
540490206,4,155,130,237,526
540490207,1,101,69,16,187
540490301,7,75,181,214,477
540490302,1,6,68,24,99
540490303,76,185,75,3,339
540490304,5,152,64,13,234
540490305,9,45,89,88,231
540490306,0,32,60,51,143
540490307,21,97,58,13,189
540490308,100,63,62,0,225
540490309,1,132,68,109,310
540490310,5,21,60,88,174
540490311,1,74,127,37,239
540490312,3,150,40,21,214
540490401,0,0,81,271,352
540490402,0,0,30,2,32
540490403,0,0,2,18,20
540560101,0,33,61,58,152
540560102,0,16,58,135,209
540560103,0,18,45,131,194
540560104,0,24,41,120,185
540560105,0,8,37,53,98
540560106,1,3,22,60,86
540560201,16,92,111,103,322
540560202,0,24,62,80,166
540560203,0,23,41,24,88
540560204,0,16,34,77,127
540560205,1,9,19,210,239
540560206,0,141,109,35,285
540560207,0,10,44,73,127
540560208,11,230,44,30,315
540560209,0,76,54,52,182
540560210,1,85,112,76,274
540560301,1,11,61,249,322
540560302,0,13,50,127,190
540560303,0,12,84,303,399
540560304,0,6,34,85,125
540560305,0,28,47,111,186
540560306,0,9,14,68,91
540560307,0,5,17,63,85
540560308,0,18,58,123,199
540560309,0,59,45,22,126
540560401,0,0,0,0,0
540560402,0,1,0,0,1
540560403,0,3,14,11,28
540560501,0,28,53,144,225
540560502,0,0,0,0,0
540560503,0,1,0,0,1
540560601,0,69,121,318,508
540560602,1,28,72,321,422
540560603,1,56,147,238,442
540560604,0,89,193,263,545
540560605,0,14,79,119,212
540560606,0,7,8,109,124
540560607,2,10,56,153,221
540560608,0,21,104,292,417
540560609,0,30,33,148,211
540560610,1,115,85,144,345
540560611,0,18,79,204,301
540560612,0,47,76,231,354
540560613,1,72,153,155,381
540560614,0,26,79,124,229
540560701,0,7,21,52,80
540560702,1,65,83,100,249
540560703,0,8,15,27,50
540560704,0,17,12,25,54
540560705,0,15,40,44,99
540560706,0,11,16,31,58
540560707,0,28,36,40,104
540560708,0,41,112,160,313
540560709,0,21,49,139,209
540560710,1,131,74,43,249
540560711,17,244,14,0,275
540560801,2,63,153,248,466
540560802,1,61,84,325,471
540560803,0,9,43,115,167
540560901,6,258,60,23,347
540560902,19,317,215,67,618
540560903,3,191,150,79,423
540560904,1,144,105,29,279
540560905,4,140,124,23,291
540560906,0,158,45,16,219
540560907,0,96,80,43,219
540560908,5,273,19,3,300
540560909,8,54,132,75,269
540560910,3,164,47,12,226
540560911,1,104,72,18,195
540630101,0,9,53,54,116
540630102,1,21,9,13,44
540630103,0,1,0,0,1
540630104,2,0,0,0,2
540630105,0,2,63,109,174
540630106,3,79,125,37,244
540630107,0,95,145,23,263
540630108,5,99,77,19,200
540630109,21,149,113,55,338
540630110,13,127,124,64,328
540630111,0,20,94,147,261
540630112,1,49,173,34,257
540630113,0,98,77,26,201
540630114,9,145,27,21,202
540630115,0,53,96,78,227
540630201,1,2,2,0,5
540630202,0,1,0,0,1
540630203,0,0,0,0,0
540630301,0,0,0,51,51
540630302,0,14,31,29,74
540630401,0,0,17,6,23
540630402,0,2,14,3,19
540630403,0,33,40,8,81
540630404,0,4,6,43,53
540630405,8,111,45,50,214
540630406,10,97,100,69,276
540630407,1,116,52,11,180
540630408,1,201,37,17,256
540630409,0,96,13,72,181
540630410,2,76,40,56,174
540630501,0,17,27,66,110
540630502,0,3,2,7,12
540630503,0,10,10,12,32
540630504,0,3,3,17,23
540630505,2,2,39,5,48
540630601,0,0,1,0,1
540630602,0,0,4,16,20
540630701,0,0,0,7,7
540630702,0,0,0,2,2
540630703,0,2,7,6,15
540630704,0,4,34,8,46
540630705,0,0,6,19,25
540630801,0,73,42,63,178
540630802,5,233,92,31,361
540630803,2,161,6,0,169
540630804,0,90,42,30,162
540630805,0,234,88,61,383
540630806,0,9,3,14,26
540630807,0,14,9,17,40
540630808,0,6,1,2,9
540630809,0,0,1,2,3
540630810,1,10,18,37,66
540630811,1,13,17,70,101
540630812,0,90,102,60,252
540630813,5,349,43,2,399
540630814,4,283,108,37,432
540630815,0,264,90,25,379
540630816,3,106,71,113,293
540630817,11,42,84,61,198
540630818,3,145,40,3,191
540630819,1,86,90,83,260
540630901,0,29,38,77,144
540630902,1,33,15,28,77
540630903,0,3,1,8,12
540630904,0,135,37,3,175
540630905,1,109,40,76,226
540630906,2,174,64,11,251
540630907,2,220,9,0,231
540630908,1,125,104,63,293
540630909,1,131,53,49,234
540630910,0,67,66,50,183
540630911,2,120,38,28,188
540630912,0,102,81,29,212
540630913,0,20,20,69,109
540630914,7,200,77,37,321
540630915,0,82,106,58,246
540630916,0,4,43,140,187
540630917,1,120,36,18,175
540630918,4,128,22,10,164
540631001,50,165,35,1,251
540631002,225,100,60,1,386
540631003,146,103,136,11,396
540631004,172,139,59,0,370
540631005,6,175,53,3,237
540631006,28,100,60,6,194
540631007,3,96,46,27,172
540631008,34,194,99,7,334
540631009,4,66,74,10,154
540631010,24,69,59,3,155
540631011,5,55,113,27,200
540631012,4,114,90,5,213
540631013,7,156,140,24,327
540631014,20,230,85,31,366
540631101,74,136,19,1,230
540631102,10,163,128,51,352
540631103,212,10,7,0,229
540631104,90,222,68,5,385
540631105,233,175,26,0,434
540631106,100,172,100,18,390
540631107,11,192,139,3,345
540631108,27,159,68,1,255
540631109,1,130,73,7,211
540631110,58,112,105,3,278
540631111,141,26,15,4,186
540631112,211,17,18,0,246
540631113,224,53,46,7,330
540700101,11,57,38,97,203
540700102,0,5,10,33,48
540700103,0,2,1,16,19
540700104,0,45,38,26,109
540700105,0,24,19,40,83
540700201,0,19,19,37,75
540700202,0,19,107,20,146
540700203,0,8,22,32,62
540700204,0,5,15,33,53
540700205,0,32,78,104,214
540700206,12,43,47,60,162
540700207,0,64,99,149,312
540700208,24,76,86,52,238
540700301,0,32,42,37,111
540700302,4,40,27,81,152
540700303,0,30,23,33,86
540700304,0,56,56,151,263
540700305,0,57,35,139,231
540700306,1,32,109,62,204
540700307,4,177,52,9,242
540700308,0,97,91,195,383
540700309,4,118,88,140,350
540700310,2,192,23,13,230
540700311,1,182,51,44,278
540700312,13,167,18,0,198
540700313,5,169,2,0,176
540700314,1,116,44,28,189
540700315,9,118,38,29,194
540700316,3,213,20,2,238
540700401,0,5,35,33,73
540700402,8,58,70,134,270
540700403,0,11,10,34,55
540700404,0,6,8,71,85
540700501,0,13,23,59,95
540700502,0,20,45,52,117
540700503,8,174,77,162,421
540700504,1,117,53,29,200
540700505,0,35,33,64,132
540700506,2,14,27,37,80
540700507,2,166,30,8,206
540700508,1,202,66,27,296
540700601,0,30,27,48,105
540700602,0,85,34,81,200
540700603,0,22,18,36,76
540700701,4,228,30,4,266
540700702,1,160,23,5,189
540700703,3,194,30,12,239
540700704,7,179,60,11,257
540700705,48,156,22,5,231
540700706,2,221,29,2,254
540700707,4,253,35,9,301
540700708,4,209,88,14,315
540700709,0,151,20,10,181
540700801,2,158,47,8,215
540700802,3,182,69,13,267
540700803,1,263,88,27,379
540700804,20,190,21,5,236
540700805,0,176,27,23,226
540700806,6,263,24,3,296
540700807,1,240,94,47,382
540700808,5,206,14,12,237
540770101,112,59,72,43,286
540770102,11,199,106,42,358
540770103,2,55,41,135,233
540770104,3,137,89,35,264
540770105,4,190,148,49,391
540770106,0,9,12,21,42
540770107,48,120,48,26,242
540770108,125,116,112,24,377
540770109,79,83,60,6,228
540770110,1,293,48,26,368
540770201,0,38,60,51,149
540770202,2,23,28,27,80
540770203,1,1,5,5,12
540770204,0,4,5,1,10
540770205,0,41,42,40,123
540770206,0,2,13,7,22
540770207,4,27,47,32,110
540770208,5,169,134,62,370
540770209,3,113,66,91,273
540770210,0,124,64,3,191
540770211,4,73,90,100,267
540770212,2,84,54,47,187
540770213,2,174,52,26,254
540770301,4,151,45,43,243
540770302,0,24,9,104,137
540770303,0,14,6,23,43
540770304,0,20,69,31,120
540770305,0,4,9,90,103
540770306,0,19,20,28,67
540770307,0,1,3,2,6
540770308,1,46,41,104,192
540770309,3,166,74,86,329
540770401,0,73,97,125,295
540770402,0,105,57,36,198
540770403,0,34,7,6,47
540770404,3,234,66,6,309
540770405,1,203,38,0,242
540770406,0,11,33,24,68
540770407,6,199,59,1,265
540770408,15,133,77,4,229
540770501,0,4,26,19,49
540770502,0,0,0,3,3
540770503,0,1,4,1,6
540770601,0,67,39,18,124
540770602,0,259,61,34,354
540770603,0,94,29,41,164
540770604,1,53,23,31,108
540770605,0,39,26,76,141
540770701,1,4,24,5,34
540770702,0,58,20,32,110
540770703,1,97,62,60,220
540770704,2,80,30,31,143
540770801,153,92,22,1,268
540770802,42,54,19,0,115
540770803,178,64,25,9,276
540770804,159,59,38,19,275
540770805,6,174,84,49,313
540770806,231,49,15,2,297
540770807,149,61,6,2,218
540770808,73,40,1,0,114
540770809,101,97,19,1,218
540770810,187,52,15,0,254
540770811,155,23,12,0,190
540770812,103,36,33,16,188
540840101,1,67,11,8,87
540840102,1,172,57,44,274
540840103,0,9,2,18,29
540840104,2,23,42,105,172
540840105,10,180,50,6,246
540840106,0,181,46,11,238
540840107,4,255,37,25,321
540840108,3,192,45,31,271
540840109,6,167,67,57,297
540840110,0,57,48,76,181
540840201,0,7,13,34,54
540840202,0,9,18,48,75
540840203,0,0,0,15,15
540840204,0,0,0,1,1
540840301,4,219,99,37,359
540840302,143,97,9,42,291
540840303,64,67,47,11,189
540840304,74,177,46,43,340
540840305,77,91,18,1,187
540840306,0,2,13,11,26
540840307,0,73,55,22,150
540840308,0,6,0,17,23
540840309,7,85,27,30,149
540840310,12,6,2,14,34
540840311,1,31,10,15,57
540840312,121,110,14,8,253
540840313,0,21,57,73,151
540840314,56,115,26,3,200
540840401,0,4,6,22,32
540840402,0,46,26,12,84
540840403,1,137,84,71,293
540840404,0,5,10,18,33
540840405,1,112,43,60,216
540840406,0,2,1,7,10
540840407,0,9,11,17,37
540840408,1,31,29,120,181
540840409,2,92,69,54,217
540840501,0,6,10,12,28
540840502,0,0,6,15,21
540840601,0,9,6,18,33
540840602,0,56,21,25,102
540840603,0,26,18,29,73
540840604,0,2,14,18,34
540840605,0,71,10,16,97
540840606,1,68,52,38,159
540840607,17,34,40,111,202
540840701,0,1,10,18,29
540840702,0,0,0,6,6
540840801,0,0,4,5,9
540840802,0,4,4,37,45
540840901,22,122,48,44,236
540840902,182,82,27,56,347
540840903,53,117,15,4,189
540840904,82,141,49,30,302
540840905,0,129,25,4,158
540840906,17,181,38,23,259
540840907,57,194,60,23,334
540840908,105,120,16,1,242
540840909,54,109,86,77,326
540840910,109,61,6,0,176
540910101,105,86,51,12,254
540910102,246,21,2,3,272
540910103,207,13,3,1,224
540910104,339,36,21,6,402
540910105,278,43,27,3,351
540910106,163,98,96,27,384
540910107,11,81,161,37,290
540910108,439,31,20,3,493
540910109,228,16,10,0,254
540910110,176,20,6,1,203
540910111,214,35,7,0,256
540910112,91,164,74,4,333
540910113,185,21,18,1,225
540910114,1,54,77,4,136
540910115,234,0,0,0,234
540910116,184,157,106,54,501
540910117,35,122,127,57,341
540910118,300,39,15,3,357
540910119,150,146,99,2,397
540910201,3,178,164,112,457
540910202,94,90,80,161,425
540910203,49,119,76,26,270
540910204,6,73,73,47,199
540910205,14,141,75,87,317
540910206,90,101,27,4,222
540910207,252,114,22,1,389
540910208,8,180,91,16,295
540910209,45,201,67,21,334
540910210,177,78,46,14,315
540910211,8,215,36,5,264
540910212,2,115,96,41,254
540910213,10,196,150,146,502
540910214,5,37,95,66,203
540910215,45,99,88,50,282
540910216,102,68,29,5,204
540910217,193,10,3,0,206
540910218,0,131,49,53,233
540910219,3,112,104,20,239
540910301,0,3,7,39,49
540910302,0,13,14,38,65
540910303,0,12,15,20,47
540910304,0,11,31,7,49
540910305,1,27,30,53,111
540910306,11,162,24,33,230
540910401,1,25,30,64,120
540910402,0,30,31,66,127
540910403,0,45,107,47,199
540910404,0,37,65,107,209
540910405,0,8,17,60,85
540910406,0,113,34,35,182
540910501,0,5,29,22,56
540910502,0,24,43,21,88
540910503,0,22,21,51,94
540910504,0,10,11,51,72
540910505,0,12,17,43,72
540910506,0,32,11,35,78
540910507,0,20,75,80,175
540910508,0,28,27,52,107
540910509,0,101,165,131,397
540910510,1,13,15,37,66
540910511,0,109,4,0,113
540910512,3,224,30,7,264
540910513,1,132,85,16,234
540910514,9,182,24,5,220
540910515,2,150,104,67,323
540910516,1,38,46,67,152
540910601,1,56,38,70,165
540910602,0,26,19,73,118
540910603,0,26,32,26,84
540910701,0,19,16,16,51
540910702,0,11,46,12,69
540910703,0,6,32,62,100
540910704,0,16,23,26,65
540910705,0,39,49,41,129
540910706,7,41,59,43,150
540910707,2,81,76,56,215
540910708,0,14,59,41,114
540910709,58,6,33,10,107
540910710,4,113,15,10,142
540910711,0,6,4,7,17
540910712,16,153,46,39,254
540910713,3,73,72,111,259
540910714,87,10,70,81,248
540910715,256,62,47,5,370
540910716,0,110,83,34,227
540910717,0,104,89,77,270
540910718,9,229,79,9,326
540910719,9,147,91,13,260
540910801,0,7,9,17,33
540910802,0,18,46,97,161
540910803,0,19,48,93,160
540910804,0,5,7,55,67
540910805,2,16,56,59,133
540910806,0,10,7,14,31
540910807,0,38,34,22,94
540910808,0,18,33,68,119
540910809,0,21,16,77,114
540910810,3,128,101,57,289
540910811,0,22,51,80,153
540910901,0,76,79,77,232
540910902,0,17,103,91,211
540910903,0,19,30,110,159
540910904,0,2,21,54,77
540910905,3,109,88,40,240
540911001,0,21,78,131,230
540911002,0,4,42,51,97
540911003,0,3,27,24,54
540911004,0,6,8,21,35
540911005,0,26,43,53,122
540911006,0,10,31,17,58
540911007,0,5,23,2,30
540911008,0,60,41,47,148
540911009,0,40,58,47,145
540911010,0,5,58,30,93
540911011,2,21,15,9,47
540911012,0,4,6,6,16
540911013,0,2,6,69,77
540911014,5,40,32,99,176
540911101,0,49,75,71,195
540911102,0,3,16,57,76
540911103,0,0,2,8,10
540911104,0,2,3,21,26
540911105,0,14,30,27,71
540911106,0,13,83,31,127
540911107,0,7,16,25,48
540911108,0,32,30,53,115
540911201,0,12,42,51,105
540911202,0,9,6,8,23
540911203,2,42,60,6,110
540911204,0,2,5,6,13
540911205,1,18,24,41,84
540911206,0,15,26,28,69
540911207,1,14,25,32,72
540911208,0,8,15,14,37
540911209,1,89,63,56,209
540911210,0,116,96,25,237
540911211,0,77,41,5,123
540911301,0,6,28,280,314
540911302,0,7,76,127,210
540911303,177,51,32,20,280
540911304,3,59,132,57,251
540911305,196,12,3,4,215
540911306,6,175,58,9,248
540911307,2,91,68,42,203
540911308,225,35,8,2,270
540911309,318,36,16,71,441
540911310,445,6,5,0,456
540911311,128,92,66,76,362
540911312,103,102,48,59,312
540911313,242,14,5,0,261
540980101,0,78,25,45,148
540980102,0,38,32,26,96
540980103,0,17,17,39,73
540980104,2,145,65,65,277
540980105,0,24,15,16,55
540980106,2,172,68,46,288
540980201,0,4,9,14,27
540980202,8,166,76,62,312
540980203,0,29,35,56,120
540980204,0,10,9,23,42
540980205,0,6,1,24,31
540980206,5,262,38,8,313
540980207,6,209,58,47,320
540980301,0,21,9,23,53
540980302,2,75,24,26,127
540980303,0,24,16,56,96
540980401,1,27,35,52,115
540980402,0,15,17,30,62
540980403,0,11,8,28,47
540980501,9,190,36,51,286
540980502,1,300,8,0,309
540980503,0,199,42,5,246
540980504,3,180,40,8,231
540980505,5,173,33,15,226
540980506,3,154,12,3,172
540980507,1,54,75,72,202
540980508,0,6,13,11,30
540980509,0,42,72,35,149
540980510,1,25,22,26,74
540980511,1,37,69,38,145
540980512,1,31,23,28,83
540980513,1,101,57,43,202
540980514,1,103,73,25,202
540980515,1,151,23,3,178
540980516,0,100,83,95,278
540980517,0,12,32,56,100
540980518,4,209,4,0,217
540980601,0,22,11,33,66
540980602,0,10,16,33,59
540980603,0,1,12,20,33
540980604,0,4,10,11,25
540980605,0,7,0,3,10
540980701,0,46,42,44,132
540980702,0,84,61,103,248
540980703,0,10,12,26,48
540980704,0,85,37,23,145
540980801,0,9,8,77,94
540980802,0,8,18,53,79
540980803,0,29,39,38,106
540980901,0,46,20,92,158
540980902,1,89,99,140,329
540980903,9,183,27,13,232
540980904,0,52,50,118,220
540980905,0,33,17,52,102
540980906,0,4,14,48,66
540980907,2,211,44,35,292
540980908,2,197,20,81,300
540981001,0,3,3,5,11
540981002,1,143,77,245,466
540981003,0,17,35,108,160
540981004,2,106,30,48,186
540981005,4,174,36,6,220
540981006,3,189,61,11,264
540981007,0,146,45,21,212
540981008,1,220,24,11,256
540981009,3,167,19,1,190
540981010,2,129,47,12,190
540981011,7,210,21,38,276
540981101,0,16,4,7,27
540981102,0,5,40,58,103
540981103,0,22,26,75,123
540981201,2,141,4,1,148
540981202,0,120,50,36,206
540981203,2,67,54,23,146
540981204,0,65,50,185,300
540981205,2,61,93,191,347
540981206,12,173,13,14,212
540981207,2,137,26,30,195
540981208,0,132,117,63,312
540981209,7,157,58,3,225
540981210,4,153,22,13,192
540981211,2,201,24,4,231
540981212,0,124,41,21,186
540981213,1,158,10,0,169
540981214,5,106,89,32,232
541050101,0,17,7,45,69
541050102,0,12,19,12,43
541050103,0,24,32,108,164
541050104,0,13,26,28,67
541050105,0,8,25,31,64
541050106,0,2,0,3,5
541050107,0,1,17,15,33
541050108,0,20,35,29,84
541050109,0,3,1,1,5
541050110,0,2,7,4,13
541050111,0,2,7,0,9
541050112,0,57,11,12,80
541050113,5,92,83,22,202
541050201,0,36,23,46,105
541050202,0,16,30,36,82
541050203,0,18,33,27,78
541050204,0,27,6,29,62
541050205,0,0,4,1,5
541050206,0,0,5,1,6
541050207,2,31,27,57,117
541050208,1,20,19,40,80
541050209,5,103,140,81,329
541050210,0,0,6,17,23
541050211,0,3,0,12,15
541050212,0,4,14,30,48
541050213,0,110,39,60,209
541050214,5,185,36,20,246
541050215,3,78,51,25,157
541050216,3,152,38,19,212
541050217,2,176,48,26,252
541050218,131,144,22,23,320
541050219,8,212,36,1,257
541050220,12,102,16,44,174
541050221,13,151,50,11,225
541050222,1,156,35,10,202
541050223,9,134,25,9,177
541050301,0,6,2,30,38
541050302,0,121,32,90,243
541050303,0,13,5,18,36
541050304,0,0,2,8,10
541050305,0,5,19,24,48
541050306,0,4,9,39,52
541050307,0,5,9,59,73
541050308,0,4,2,31,37
541050401,0,35,63,90,188
541050402,0,17,74,85,176
541050403,0,9,27,76,112
541050404,0,4,17,33,54
541120101,0,24,62,320,406
541120102,0,62,317,286,665
541120103,0,102,83,93,278
541120104,0,15,3,16,34
541120105,0,6,12,9,27
541120106,0,28,22,32,82
541120201,0,0,0,1,1
541120202,0,0,0,1,1
541120301,0,0,0,0,0
541120302,0,2,0,4,6
541120401,0,0,0,0,0
541120402,0,0,0,0,0
541120501,0,105,82,124,311
541120502,0,236,39,13,288
541120503,0,118,43,55,216
541120504,0,88,75,74,237
541120505,0,42,91,171,304
541120506,0,20,56,152,228
541120507,0,19,41,91,151
541120508,0,36,122,100,258
541120509,0,66,68,91,225
541120510,0,118,97,124,339
541120511,0,161,70,46,277
541120512,0,122,59,59,240
541120513,0,161,38,13,212
541120514,0,37,48,32,117
541120515,0,55,42,134,231
541120601,0,28,34,159,221
541120602,0,35,107,320,462
541120701,0,0,2,12,14
541120702,0,8,144,161,313
541120703,0,132,153,300,585
541120704,0,35,42,47,124
541190101,0,35,52,108,195
541190102,0,25,71,64,160
541190103,0,27,129,188,344
541190104,16,131,77,105,329
541190105,1,125,233,189,548
541190106,2,152,71,60,285
541190107,21,180,196,103,500
541190201,1,11,14,101,127
541190202,0,14,52,184,250
541190203,0,17,35,168,220
541190204,0,18,38,78,134
541190301,0,2,29,31,62
541190302,0,26,180,132,338
541190303,0,24,89,142,255
541190304,0,13,61,50,124
541190305,1,26,63,69,159
541190306,0,2,29,21,52
541190307,2,117,116,19,254
541190401,3,24,52,39,118
541190402,0,29,66,156,251
541190403,0,87,151,135,373
541190501,0,11,19,58,88
541190502,4,167,116,175,462
541190503,1,39,52,80,172
541190504,0,18,49,85,152
541190505,0,15,1,29,45
541190506,0,21,25,60,106
541190507,1,83,25,21,130
541190508,4,210,84,59,357
541190601,0,1,6,27,34
541190602,1,34,85,41,161
541190603,0,19,14,73,106
580070101,0,0,0,0,0
580070102,0,15,31,27,73
580070103,0,78,38,6,122
580070104,17,137,17,8,179
580070105,9,60,16,3,88
580070201,0,30,14,32,76
580070202,1,8,18,3,30
580070203,0,24,40,5,69
580070204,0,20,6,4,30
580070205,1,48,87,51,187
580070301,0,71,29,2,102
580070302,427,78,22,1,528
580070303,320,8,6,0,334
580070304,338,16,6,3,363
580070305,3,33,28,23,87
580140101,1,22,43,5,71
580140102,0,79,21,4,104
580140103,0,38,29,1,68
580140104,4,176,88,1,269
580140105,1,59,14,1,75
580140106,329,7,3,0,339
580140107,193,1,4,1,199
580140108,2,152,67,0,221
580140109,480,5,3,0,488
580140110,264,24,48,0,336
580140111,0,59,41,0,100
580140112,2,34,31,0,67
580140113,0,24,34,2,60
580140114,7,154,84,7,252
580140115,4,13,79,23,119
580140116,135,48,97,1,281
580210101,0,4,8,12,24
580210102,0,7,4,23,34
580210103,0,19,12,30,61
580210104,0,0,10,19,29
580210105,0,37,36,4,77
580210106,0,4,5,1,10
580210107,0,5,12,25,42
580210108,0,7,1,2,10
580210109,0,5,11,26,42
580210110,0,11,21,0,32
580210111,0,10,7,0,17
580210112,0,132,78,1,211
580280101,0,5,10,13,28
580280102,0,7,8,0,15
580280103,0,5,14,12,31
580280104,0,8,32,8,48
580280105,0,5,9,7,21
580280106,6,1,5,2,14
580280107,252,15,11,0,278
580280108,49,18,34,0,101
580280109,156,65,38,0,259
580280110,96,16,4,0,116
580280115,1,6,26,2,35
580280116,56,3,3,0,62
580280117,225,23,10,0,258
580350101,1,0,16,8,25
580350102,2,48,37,1,88
580350103,0,8,7,0,15
580350104,2,13,10,0,25
580350105,1,7,12,1,21
580350106,0,1,12,3,16
580350107,2,4,12,1,19
580350108,0,12,8,0,20
580350109,0,9,4,0,13
580350201,11,32,65,3,111
580350202,0,71,66,1,138
580350203,0,0,7,0,7
580350204,2,65,172,31,270
580350205,1,18,98,2,119
580350206,0,6,31,2,39
580350207,2,9,95,2,108
580350208,0,17,103,2,122
580350209,217,0,1,0,218
580350210,33,19,149,18,219
580350211,1,13,99,1,114
580350212,4,19,90,9,122
580350213,3,11,96,1,111
580350214,0,11,93,14,118
580350215,117,10,64,6,197
580350216,0,46,1,0,47
580350301,220,4,25,0,249
580350302,242,1,0,0,243
580350303,262,1,0,0,263
580350304,366,6,0,0,372
580350305,362,4,1,0,367
580350306,152,164,31,0,347
580350307,373,3,0,0,376
580350308,200,56,158,9,423
580350309,343,1,0,0,344
580350310,274,11,0,0,285
580350311,12,26,77,0,115
580350312,135,0,0,0,135
580350313,23,208,37,0,268
580350314,63,1,0,0,64
580350315,9,21,122,5,157
580350316,295,6,0,0,301
580350401,256,1,0,0,257
580350402,304,2,0,0,306
580350403,133,1,0,0,134
580350404,410,11,32,8,461
580350405,268,2,7,0,277
580350406,285,1,1,0,287
580350407,231,1,1,0,233
580350408,324,3,0,0,327
580350409,344,2,0,0,346
580350410,317,3,0,0,320
580350411,309,0,2,0,311
580350412,346,4,0,0,350
580350413,175,1,1,0,177
580350414,314,1,0,0,315
580350415,296,4,3,0,303
580350416,262,4,2,0,268
580350417,286,1,3,0,290
580350418,280,1,0,0,281
580350419,358,4,1,0,363
580350420,292,0,0,0,292
580350421,192,0,0,0,192
580350501,219,1,0,0,220
580350502,256,0,0,0,256
580350503,337,0,0,0,337
580350504,195,0,0,0,195
580350505,212,0,0,0,212
580350506,251,1,0,0,252
580350507,195,0,0,0,195
580350508,177,0,0,0,177
580350509,252,0,1,0,253
580350510,282,0,0,0,282
580350511,297,0,2,0,299
580350512,118,1,0,0,119
580350513,255,6,1,0,262
580350514,194,0,0,0,194
580350515,201,1,0,0,202
580350516,320,1,0,0,321
580350517,205,0,0,0,205
580350518,132,0,1,0,133
580350519,147,1,0,0,148
580350520,123,1,0,0,124
580350521,192,0,0,0,192
580350522,208,1,0,0,209
580350523,190,0,0,0,190
580350601,335,9,35,1,380
580350602,223,1,0,0,224
580350603,207,1,0,0,208
580350604,222,0,1,0,223
580350605,258,5,0,0,263
580350606,178,2,2,0,182
580350607,202,1,0,0,203
580350608,372,4,2,0,378
580350609,295,0,1,0,296
580350610,221,2,0,0,223
580350611,232,1,0,0,233
580350612,275,0,0,0,275
580350613,289,5,1,0,295
580350614,285,0,0,0,285
580350615,238,0,0,0,238
580350616,188,2,2,0,192
580350617,238,1,0,0,239
580350618,97,1,0,0,98
580350701,53,1,1,0,55
580350702,167,0,0,0,167
580350703,323,0,0,0,323
580350704,399,6,3,0,408
580350705,186,22,30,8,246
580350706,319,8,1,0,328
580350707,292,5,1,0,298
580350708,370,11,4,0,385
580350709,296,12,16,0,324
580350710,297,8,8,0,313
580350711,330,10,3,1,344
580350712,364,13,19,0,396
580350713,231,4,7,0,242
580350714,234,4,10,0,248
580350715,214,9,15,2,240
580350801,3,21,143,4,171
580350802,394,8,62,0,464
580350803,340,25,12,0,377
580350804,72,16,116,0,204
580350805,119,0,0,0,119
580350806,321,3,0,0,324
580350807,59,78,152,2,291
580350808,214,0,1,0,215
580350809,306,0,0,0,306
580350810,337,4,5,0,346
580350811,346,2,0,0,348
580350812,233,1,4,0,238
580350813,243,1,0,0,244
580350814,360,3,7,0,370
580350815,277,4,2,2,285
580350816,200,40,114,4,358
580350817,279,3,0,0,282
580350818,179,0,1,0,180
580350819,219,0,0,0,219
580350820,270,6,0,0,276
580350821,133,7,40,1,181
580350822,305,15,36,0,356
580350823,214,12,45,0,271
580350824,3,30,123,4,160
580350825,137,18,63,0,218
580350826,204,4,3,1,212
580350901,91,8,92,2,193
580350902,267,0,0,0,267
580350903,330,2,6,0,338
580350904,354,2,0,0,356
580350905,199,1,0,0,200
580350906,228,2,23,2,255
580350907,338,0,0,0,338
580350908,321,1,1,0,323
580350909,331,2,0,0,333
580350910,302,0,0,0,302
580350911,297,0,0,0,297
580350912,283,1,1,0,285
580350913,369,0,1,0,370
580350914,317,1,1,0,319
580350915,239,2,1,0,242
580350916,254,1,1,0,256
580350917,321,1,0,0,322
580350918,259,1,17,1,278
580351001,176,1,1,0,178
580351002,289,3,2,0,294
580351003,229,4,2,0,235
580351004,288,3,3,0,294
580351005,383,3,5,0,391
580351006,423,7,3,0,433
580351007,245,0,1,0,246
580351008,266,7,4,0,277
580351009,271,34,8,0,313
580351010,6,68,65,2,141
580351011,164,84,16,0,264
580351012,288,3,3,0,294
580351013,506,3,3,0,512
580351014,195,2,0,0,197
580351015,273,1,1,0,275
580351016,209,19,6,0,234
580351017,249,5,2,0,256
580351018,3,115,31,0,149
580351101,235,13,5,0,253
580351102,256,1,1,0,258
580351103,398,4,3,0,405
580351104,447,4,0,0,451
580351105,243,1,2,0,246
580351106,362,5,4,0,371
580351107,386,9,13,0,408
580351108,234,1,1,0,236
580351109,77,10,1,0,88
580351110,227,10,5,0,242
580351111,0,0,0,0,0
580351112,101,93,134,12,340
580351113,280,16,8,0,304
580351114,240,1,1,0,242
580351115,11,114,115,0,240
580351116,177,0,0,0,177
580351117,282,30,43,14,369
580351118,207,7,8,0,222
580351119,217,1,0,0,218
580351120,194,5,1,0,200
580351121,260,1,1,0,262
580351122,247,7,1,0,255
580351123,191,7,0,0,198
580351124,106,4,1,0,111
580351125,123,28,13,0,164
580351126,31,44,73,3,151
580351201,333,7,2,0,342
580351202,165,2,0,0,167
580351203,216,4,3,0,223
580351204,389,4,3,0,396
580351205,380,23,21,1,425
580351206,250,6,1,0,257
580351207,199,2,4,0,205
580351208,253,3,3,0,259
580351209,333,11,3,0,347
580351210,243,3,1,0,247
580351211,161,3,7,0,171
580351212,232,7,8,0,247
580351213,263,3,7,1,274
580351214,230,10,4,1,245
580351215,328,4,2,0,334
580351216,255,6,2,0,263
580351301,248,0,2,0,250
580351302,153,0,0,0,153
580351303,120,0,0,0,120
580351304,143,0,0,0,143
580351305,149,0,0,0,149
580351306,287,2,0,0,289
580351307,279,1,7,0,287
580351308,201,3,1,0,205
580351309,309,5,2,0,316
580351310,335,5,9,1,350
580351311,256,3,0,0,259
580351312,311,1,1,0,313
580351313,392,9,1,0,402
580351314,254,12,1,0,267
580351315,346,12,7,0,365
580351316,312,4,1,0,317
580351401,156,22,6,0,184
580351402,38,20,3,0,61
580351403,290,9,3,0,302
580351404,283,10,2,0,295
580351405,286,6,2,0,294
580351406,194,6,0,0,200
580351407,329,1,1,0,331
580351408,331,13,6,0,350
580351409,293,9,6,0,308
580351410,335,17,24,0,376
580351411,354,26,25,0,405
580351412,333,8,1,0,342
580351413,396,12,2,0,410
580351414,405,6,8,0,419
580351415,153,2,10,0,165
580351416,133,9,1,0,143
580351417,188,12,83,4,287
580351418,348,20,9,0,377
580351419,294,9,11,0,314
580351420,4,39,5,0,48
580351421,44,10,134,0,188
580351422,219,5,11,1,236
580351501,400,2,2,0,404
580351502,256,3,0,0,259
580351503,347,5,1,0,353
580351504,258,6,6,0,270
580351505,421,7,6,0,434
580351506,389,9,3,0,401
580351507,327,17,8,0,352
580351508,292,2,0,0,294
580351509,308,4,1,0,313
580351510,359,9,0,0,368
580351511,321,4,12,0,337
580351512,236,0,1,0,237
580351513,278,4,4,0,286
580351514,290,0,9,0,299
580351515,182,8,0,0,190
580351601,8,106,42,10,166
580351602,2,173,61,2,238
580351603,0,26,34,2,62
580351604,1,130,35,0,166
580351605,1,117,98,2,218
580351606,35,96,52,2,185
580351607,1,18,69,6,94
580351608,3,107,43,0,153
580351609,2,43,82,5,132
580351610,78,12,105,5,200
580351611,257,2,1,0,260
580351612,148,10,46,0,204
580351613,1,34,103,17,155
580351614,20,28,73,2,123
580351615,4,65,100,4,173
580351616,298,9,31,0,338
580351617,0,11,24,3,38
580351618,2,43,14,0,59
580351619,31,67,34,0,132
580351620,69,3,4,0,76
580351701,319,8,2,0,329
580351702,242,2,6,0,250
580351703,152,5,0,0,157
580351704,277,15,9,0,301
580351705,47,16,39,0,102
580351706,215,7,1,0,223
580351707,337,16,11,0,364
580351708,361,13,13,1,388
580351709,357,5,2,0,364
580351710,347,5,2,0,354
580351711,386,17,16,0,419
580351801,0,1,1,1,3
580351802,58,155,61,0,274
580351803,124,70,57,5,256
580351804,103,63,13,0,179
580351805,16,239,18,1,274
580351806,8,183,21,0,212
580351807,280,45,4,0,329
580351808,240,33,17,0,290
580351809,246,52,32,0,330
580351810,280,66,13,0,359
580351811,7,127,115,13,262
580351812,2,227,120,23,372
580351813,1,148,93,2,244
580351814,1,64,64,1,130
580351815,0,232,35,0,267
580351816,188,50,13,0,251
580351817,0,52,124,13,189
580351818,84,156,33,0,273
580351819,123,47,14,0,184
580351820,130,41,21,0,192
580351821,3,192,42,1,238
580351822,2,160,37,0,199
580351823,179,20,5,0,204
580351824,10,172,63,4,249
580351825,101,82,55,0,238
580351826,47,94,77,8,226
580351901,2,128,73,3,206
580351902,221,57,30,0,308
580351903,208,35,15,0,258
580351904,249,45,25,0,319
580351905,280,65,12,0,357
580351906,257,42,31,0,330
580351907,193,93,30,0,316
580351908,234,101,28,0,363
580351909,132,128,49,0,309
580351910,9,153,74,0,236
580351911,17,191,145,5,358
580351912,0,85,23,0,108
580351913,2,112,63,0,177
580351914,2,128,50,0,180
580352001,64,36,12,1,113
580352002,199,0,0,0,199
580352003,0,32,20,0,52
580352004,73,2,14,10,99
580352005,1,12,7,0,20
580352006,0,48,47,9,104
580352007,0,260,106,12,378
580352008,16,334,83,0,433
580352009,118,91,28,2,239
580352010,55,159,77,0,291
580352011,269,12,5,0,286
580352012,6,341,47,0,394
580352101,5,20,68,2,95
580352102,289,4,1,0,294
580352103,270,2,0,0,272
580352104,349,6,0,0,355
580352105,267,6,3,1,277
580352106,275,4,5,0,284
580352107,341,3,1,0,345
580352108,267,2,1,0,270
580352109,256,2,0,0,258
580352110,296,4,6,0,306
580352111,246,10,8,0,264
580352112,189,5,4,0,198
580352113,3,29,95,0,127
580352114,225,21,5,0,251
580352115,180,1,1,0,182
580352116,159,4,7,0,170
580352201,3,37,121,7,168
580352202,193,0,3,0,196
580352203,1,17,16,0,34
580352204,14,0,1,0,15
580352205,239,8,15,1,263
580352206,286,0,0,0,286
580352207,269,1,0,1,271
580352208,300,8,1,0,309
580352209,270,3,3,0,276
580352210,254,1,5,0,260
580352211,380,2,0,0,382
580352212,131,1,0,0,132
580352213,217,10,1,0,228
580352214,276,2,1,0,279
580352215,181,0,4,0,185
580352216,168,1,4,0,173
580352217,332,6,1,0,339
580352218,120,1,0,0,121
580352219,291,3,2,0,296
580352220,240,3,2,0,245
580352221,207,2,4,0,213
580352301,11,8,23,4,46
580352302,272,1,3,0,276
580352303,205,5,3,0,213
580352304,292,1,0,1,294
580352305,233,7,2,0,242
580352306,153,3,4,0,160
580352307,291,3,3,0,297
580352308,294,1,3,0,298
580352309,341,2,2,0,345
580352310,257,2,2,0,261
580352311,303,5,6,0,314
580352312,286,3,2,0,291
580352313,294,0,0,0,294
580352314,266,0,0,0,266
580352315,201,3,3,0,207
580352316,219,1,1,0,221
580352317,243,4,4,0,251
580352318,170,0,1,0,171
580352319,324,5,0,0,329
580352320,196,2,0,0,198
580352321,166,1,0,0,167
580352322,2,0,0,5,7
580352323,183,1,0,0,184
580352324,194,3,1,0,198
580352325,242,2,0,0,244
580352326,224,0,0,0,224
580352327,166,0,1,0,167
580352401,211,2,18,1,232
580352402,231,4,1,0,236
580352403,373,14,43,0,430
580352404,302,22,25,1,350
580352405,244,2,1,0,247
580352406,9,28,194,14,245
580352407,5,45,216,5,271
580352408,7,36,206,10,259
580352409,129,13,66,2,210
580352410,232,12,29,0,273
580352411,386,1,0,0,387
580352412,311,0,1,0,312
580352413,183,2,15,0,200
580352414,52,117,25,0,194
580352501,32,190,112,0,334
580352502,84,156,83,1,324
580352503,171,73,92,0,336
580352504,213,9,0,0,222
580352505,174,0,0,0,174
580352506,165,0,0,0,165
580352507,214,0,0,0,214
580352508,174,3,0,0,177
580352509,205,0,0,0,205
580352510,276,0,0,0,276
580352511,165,26,36,0,227
580352512,100,73,57,1,231
580352513,13,126,129,0,268
580352514,3,170,124,0,297
580352515,83,78,93,2,256
580352516,150,43,76,1,270
580352517,274,29,24,0,327
580420101,0,0,29,19,48
580420102,0,23,15,4,42
580420103,0,12,35,16,63
580420104,1,20,27,6,54
580420105,46,44,17,0,107
580420106,0,50,71,9,130
580420107,0,10,15,3,28
580420108,0,15,13,9,37
580420109,0,47,6,0,53
580420201,22,115,72,1,210
580420202,17,182,17,0,216
580420203,8,165,39,0,212
580420204,157,14,5,0,176
580420205,179,15,1,0,195
580420206,50,128,58,1,237
580420207,114,124,33,1,272
580420208,106,138,33,0,277
580420209,6,139,44,1,190
580420210,33,124,26,0,183
580420211,1,222,72,0,295
580420212,136,41,22,0,199
580420213,2,109,58,1,170
580420214,196,60,23,0,279
580420215,44,139,36,0,219
580420216,7,154,34,0,195
580420217,52,172,66,0,290
580490101,0,4,0,0,4
580490102,1,22,25,0,48
580490103,0,8,0,2,10
580490201,1,9,3,1,14
580490202,0,10,30,16,56
580490203,0,9,19,16,44
580490204,0,3,15,50,68
580490205,0,11,41,16,68
580490301,0,43,27,5,75
580490302,1,23,1,0,25
580490401,238,41,2,0,281
580490402,100,21,1,0,122
580490403,249,7,0,0,256
580490404,300,5,5,0,310
580490405,188,2,0,0,190
580490406,204,0,0,0,204
580490407,418,5,10,1,434
580490408,252,3,3,0,258
580490409,256,3,7,0,266
580490410,190,2,1,0,193
580490411,160,6,11,2,179
580490412,168,2,2,0,172
580490413,271,5,2,0,278
580490414,153,5,12,6,176
580490415,120,6,28,13,167
580560101,1,23,19,14,57
580560102,0,4,1,3,8
580560104,0,3,4,1,8
580560105,1,38,38,37,114
580560201,0,27,4,1,32
580560202,0,12,5,0,17
580560203,0,9,3,0,12
580560204,0,6,1,0,7
580560205,0,9,2,0,11
580560206,0,23,1,2,26
580560301,164,12,8,0,184
580560302,192,50,19,1,262
580560303,274,0,1,0,275
580560304,271,2,2,0,275
580560305,311,8,16,0,335
580560306,309,5,1,1,316
580560307,135,50,15,1,201
580560308,275,25,52,2,354
580560309,210,1,0,0,211
580560310,2,51,28,11,92
580560401,2,191,17,1,211
580560402,177,23,2,0,202
580560403,256,13,5,0,274
580560404,136,71,4,0,211
580560405,452,11,4,0,467
580560406,65,200,19,0,284
580560407,345,15,27,0,387
580560408,79,103,44,0,226
580560409,182,11,1,1,195
580560410,116,49,0,0,165
580560411,20,36,8,2,66
580560501,0,9,8,0,17
580560502,89,62,5,0,156
580560503,98,3,0,0,101
580560504,171,2,0,0,173
580560505,324,6,7,0,337
580560506,264,4,5,0,273
580560507,330,7,9,2,348
580560508,255,3,0,0,258
580560509,302,2,3,0,307
580560510,202,2,2,0,206
580560511,224,0,0,0,224
580560512,205,1,0,0,206
580560513,137,1,1,0,139
580560514,113,0,0,0,113
580560515,171,3,0,0,174
580560516,207,1,0,0,208
580560517,134,5,1,0,140
580630101,0,10,21,1,32
580630102,0,8,32,28,68
580630103,0,0,14,1,15
580630104,1,12,54,65,132
580630105,7,48,24,4,83
580630106,0,2,3,3,8
580630107,0,0,5,5,10
580630108,0,2,11,0,13
580630109,1,25,24,2,52
580630110,11,6,14,0,31
580630111,531,22,9,1,563
580630112,431,21,18,6,476
580630113,273,15,31,0,319
580700101,0,8,3,1,12
580700102,5,12,9,5,31
580700103,4,269,32,16,321
580700104,2,183,14,0,199
580700105,11,377,57,0,445
580700106,4,246,22,0,272
580700107,15,331,69,0,415
580700108,2,185,11,0,198
580700109,4,153,34,0,191
580700110,9,141,23,1,174
580700111,3,232,65,0,300
580700112,2,142,20,0,164
580700113,5,282,42,0,329
580700114,3,191,85,5,284
580700201,0,20,9,0,29
580700202,0,49,14,1,64
580700203,1,8,3,2,14
580700204,0,88,12,0,100
580770101,0,0,0,0,0
580770102,2,69,50,17,138
580770103,26,91,40,4,161
580770104,0,58,31,4,93
580770105,77,19,42,1,139
580770106,222,11,1,0,234
580770201,1,51,57,4,113
580770202,0,9,8,3,20
580770203,0,15,58,1,74
580770204,36,13,20,4,73
580770205,217,6,2,1,226
580770206,0,32,46,4,82
580770207,1,144,69,1,215
580770208,334,33,8,0,375
580770210,5,57,28,1,91
580840101,0,3,2,4,9
580840102,82,41,68,0,191
580840103,58,21,7,0,86
580840104,0,14,13,0,27
580840105,2,80,39,5,126
580840106,132,67,43,0,242
580840107,0,20,36,10,66
580840108,1,48,41,9,99
580840109,1,63,34,1,99
580840110,0,2,10,1,13
580840111,0,0,37,16,53
580840112,0,1,6,4,11
580840113,0,0,3,0,3
580840114,0,5,9,2,16
580840115,0,0,0,0,0
580840116,172,5,3,0,180
580910101,0,3,1,1,5
580910102,0,23,40,5,68
580910103,4,143,92,0,239
580910104,0,9,4,1,14
580910105,0,0,2,2,4
580910106,3,31,75,1,110
580910107,120,196,110,1,427
580910108,45,159,104,0,308
580910109,0,0,27,9,36
580910201,0,1,0,8,9
580910202,6,0,0,7,13
580910203,2,0,1,9,12
580910204,1,0,6,2,9
580910205,1,23,18,0,42
580910301,0,2,4,0,6
580910302,1,38,79,5,123
580910303,95,102,80,0,277
580910304,213,88,101,4,406
580910305,177,74,30,0,281
580910306,169,15,14,0,198
580910307,124,16,6,0,146
580910308,171,11,13,0,195
580910309,154,12,27,0,193
580910310,130,10,23,1,164
580910311,10,84,180,2,276
580910312,144,13,12,0,169
580910313,165,7,2,0,174
580910314,156,7,6,0,169
580910315,154,5,0,0,159
580910316,122,5,6,0,133
580910317,176,30,22,0,228
580910318,274,17,12,0,303
580910319,77,98,64,0,239
580910320,149,28,50,0,227
580910321,124,26,79,1,230
580910322,189,30,19,0,238
580910323,10,62,169,2,243
580910324,168,62,53,0,283
580910325,190,16,10,0,216
580910326,74,46,37,2,159
580910327,127,33,68,1,229
580980101,7,32,47,4,90
580980102,0,1,1,1,3
580980103,436,4,21,0,461
580980104,408,9,25,5,447
580980105,0,16,59,9,84
580980201,0,1,10,22,33
580980202,6,102,29,7,144
580980203,0,1,3,13,17
580980204,0,46,13,7,66
580980205,4,53,7,0,64
581050101,0,29,16,0,45
581050102,4,62,59,0,125
581050103,198,6,5,0,209
581050104,288,6,8,0,302
581050105,205,8,18,0,231
581050106,408,20,22,0,450
581050201,0,2,2,0,4
581050202,0,6,6,0,12
581050203,0,5,4,2,11
581050204,57,1,0,0,58
581050205,1,1,5,5,12
581050206,0,0,7,2,9
581050207,0,4,42,3,49
581050208,0,4,5,2,11
581050209,0,22,31,5,58
581050210,0,10,18,2,30
581050211,1,183,25,0,209
581050212,0,0,17,7,24
581050213,0,1,12,14,27
581050214,0,1,11,3,15
581120101,2,21,41,2,66
581120102,1,7,6,0,14
581120103,85,13,0,0,98
581120104,0,1,23,3,27
581120105,0,10,49,7,66
581120106,0,12,10,0,22
581120107,0,3,16,4,23
581120108,0,4,13,7,24
581120109,14,5,16,1,36
581120201,0,15,36,8,59
581120202,5,7,58,3,73
581120203,0,2,18,15,35
581120205,2,114,72,6,194
581120206,22,108,73,2,205
581120207,79,4,4,1,88
581120208,159,37,23,0,219
581120301,108,7,9,0,124
581120302,358,5,1,0,364
581120303,384,6,1,0,391
581120304,370,3,0,0,373
581120305,299,10,6,0,315
581120306,240,6,2,0,248
581120307,310,9,6,0,325
581120308,312,5,0,0,317
581120309,275,5,5,0,285
581120310,330,0,0,0,330
581120311,223,5,1,0,229
581120312,302,1,0,0,303
581120313,227,4,1,1,233
581120314,245,12,0,0,257
581120315,138,7,0,0,145
581120316,212,8,2,0,222
581120401,4,39,95,5,143
581120402,129,22,62,4,217
581120403,4,4,8,1,17
581120404,335,4,0,0,339
581120405,238,10,4,0,252
581120406,157,12,0,1,170
581120407,192,5,1,0,198
581120408,351,7,5,0,363
581120409,152,2,0,0,154
581120410,174,4,2,0,180
581120411,183,7,1,1,192
581120412,174,5,2,0,181
581120413,342,3,8,0,353
581120414,31,33,39,0,103
581120415,248,17,20,2,287
581120416,125,5,0,0,130
581120417,17,0,0,0,17
581120418,403,6,4,0,413
581120419,214,8,30,5,257
581120420,291,9,6,0,306
581120421,339,1,0,0,340
620070101,1,8,7,0,16
620070201,2,12,20,3,37
620070301,2,12,8,0,22
620070302,104,58,21,0,183
620070303,0,89,26,0,115
620070401,0,7,19,2,28
620070501,183,4,2,0,189
620070502,146,5,6,0,157
620070503,268,3,3,0,274
620070504,161,1,1,0,163
620070505,181,1,0,0,182
620070506,210,4,0,0,214
620070507,231,3,1,0,235
620070508,190,0,0,0,190
620070509,165,1,0,0,166
620070510,367,2,4,0,373
620070511,230,1,0,0,231
620070601,3,40,33,1,77
620070602,0,163,73,9,245
620070603,0,135,60,4,199
620070604,3,55,48,5,111
620070605,0,1,5,0,6
620070606,0,36,13,0,49
620070607,0,81,59,4,144
620070608,365,3,0,0,368
620070609,325,0,0,0,325
620070610,4,32,154,1,191
620070611,0,44,98,10,152
620070612,308,0,0,0,308
620070613,107,3,0,0,110
620070614,0,0,106,4,110
620070701,182,9,2,0,193
620070702,234,4,1,0,239
620070703,189,3,0,0,192
620070704,312,7,4,0,323
620070705,331,3,0,0,334
620070706,193,4,6,0,203
620070707,401,2,0,0,403
620070708,437,3,0,0,440
620070709,123,9,3,0,135
620070710,39,4,12,1,56
620070711,656,1,0,0,657
620070712,225,0,0,0,225
620070713,249,0,0,0,249
620070801,173,1,0,0,174
620070802,139,0,0,0,139
620070803,1,10,20,0,31
620070804,276,2,0,0,278
620070805,322,0,0,0,322
620070806,345,2,0,0,347
620070807,185,0,0,0,185
620070808,182,11,11,0,204
620070809,176,0,0,0,176
620070810,291,12,4,0,307
620070811,240,8,9,1,258
620070812,159,2,5,0,166
620070813,223,0,0,0,223
620070814,187,1,0,0,188
620070815,127,25,9,0,161
620070816,147,2,4,1,154
620070817,151,3,0,0,154
620070818,143,5,3,0,151
620070901,0,16,9,0,25
620070902,1,64,12,0,77
620070903,0,25,5,0,30
620070904,7,32,12,3,54
620070905,0,29,3,0,32
620070906,4,33,21,0,58
620071001,176,1,0,0,177
620071002,178,2,0,0,180
620071003,234,2,0,0,236
620071004,182,1,0,0,183
620071005,203,1,0,0,204
620071006,207,3,2,0,212
620071007,259,3,1,0,263
620071008,182,2,0,0,184
620071009,155,7,4,0,166
620071010,167,1,3,0,171
620071011,148,4,5,0,157
620071012,205,10,0,0,215
620071013,211,3,4,0,218
620071101,303,17,11,0,331
620071102,183,2,0,0,185
620071103,296,9,19,0,324
620071104,264,0,2,0,266
620071105,126,0,0,0,126
620071106,151,3,33,0,187
620071107,179,19,20,0,218
620071108,99,28,59,4,190
620071109,171,16,37,2,226
620071110,98,57,40,1,196
620071111,172,38,78,2,290
620071112,143,43,93,7,286
620140101,0,11,3,0,14
620140102,2,131,77,2,212
620140103,287,13,11,0,311
620140104,242,55,26,2,325
620140105,85,118,79,0,282
620140106,0,22,3,0,25
620140107,0,0,0,0,0
620140108,100,40,24,0,164
620140109,0,32,23,1,56
620140110,274,4,5,0,283
620140111,226,26,65,0,317
620140112,85,13,75,1,174
620140201,243,8,7,0,258
620140202,190,6,1,0,197
620140203,231,2,5,0,238
620140204,281,1,11,0,293
620140301,322,36,5,0,363
620140302,1,51,78,7,137
620140303,62,102,58,3,225
620140304,240,16,42,0,298
620140401,235,46,74,2,357
620140402,325,11,6,0,342
620140403,253,3,6,0,262
620140404,254,12,21,0,287
620140405,209,1,1,0,211
620140406,217,9,15,0,241
620140407,200,13,4,0,217
620140408,293,8,37,0,338
620140409,192,8,7,0,207
620140410,261,4,0,0,265
620140501,0,12,12,0,24
620140601,177,32,24,0,233
620140602,157,45,41,3,246
620140603,165,39,7,2,213
620140604,121,34,55,1,211
620140605,181,22,18,1,222
620140606,116,35,22,0,173
620140607,189,19,23,0,231
620140608,132,31,50,5,218
620140609,83,58,66,12,219
620140701,0,19,14,10,43
620140801,0,0,32,6,38
620140901,42,77,47,3,169
620140902,89,25,6,0,120
620140903,0,13,2,2,17
620141001,0,36,20,6,62
620141002,48,43,42,11,144
620141003,72,38,45,9,164
620141101,1,76,67,10,154
620141102,280,10,9,1,300
620141103,5,80,85,1,171
620210101,38,65,13,0,116
620210102,4,187,82,25,298
620210103,2,84,8,0,94
620210104,0,171,18,9,198
620210105,3,81,11,5,100
620210106,4,194,19,4,221
620210107,7,192,18,2,219
620210108,2,199,9,1,211
620210109,0,158,8,0,166
620210110,0,168,46,10,224
620210111,114,100,11,3,228
620210112,1,102,14,2,119
620210201,4,63,19,6,92
620210202,5,123,16,3,147
620210203,69,36,107,75,287
620210204,1,67,104,42,214
620210205,5,93,125,6,229
620210206,5,158,126,4,293
620210207,197,4,0,0,201
620210208,259,6,0,0,265
620210209,2,97,62,0,161
620210210,8,142,73,3,226
620210211,6,127,156,4,293
620210212,29,10,112,17,168
620210301,132,2,0,0,134
620210302,149,0,0,0,149
620210303,194,0,0,0,194
620210304,146,0,0,0,146
620210305,133,0,0,0,133
620210306,115,1,0,0,116
620210307,115,1,0,0,116
620210308,137,5,0,0,142
620210309,241,1,0,0,242
620210310,159,0,0,0,159
620210311,165,3,3,0,171
620210312,156,4,1,0,161
620210313,209,6,4,0,219
620210401,1,28,6,3,38
620210402,0,49,15,10,74
620210403,0,23,3,0,26
620210501,1,119,48,23,191
620210502,0,57,30,28,115
620210503,0,4,2,9,15
620210601,85,10,12,0,107
620210602,127,26,20,6,179
620210603,144,3,1,0,148
620210604,218,11,2,0,231
620210605,136,0,0,0,136
620210606,171,6,1,0,178
620210607,165,38,28,9,240
620210608,101,91,70,28,290
620210701,9,145,38,7,199
620210702,0,58,24,34,116
620210703,0,76,27,15,118
620210704,0,45,34,19,98
620210705,3,149,90,16,258
620210706,2,172,91,27,292
620210707,2,220,96,51,369
620210708,4,73,39,12,128
620210709,5,144,82,46,277
620210710,2,127,7,4,140
620210801,191,0,2,0,193
620210802,182,4,1,0,187
620210803,241,4,5,2,252
620210804,152,2,0,0,154
620210805,234,5,12,1,252
620210806,196,2,12,1,211
620210807,217,18,5,0,240
620210808,218,3,5,2,228
620210809,283,18,26,4,331
620210810,252,10,40,5,307
620210901,211,1,0,0,212
620210902,304,14,0,0,318
620210903,282,7,20,18,327
620210904,354,4,6,0,364
620210905,307,10,6,0,323
620210906,116,27,1,1,145
620210907,148,66,11,1,226
620210908,260,85,34,6,385
620210909,177,10,4,0,191
620211001,237,21,18,2,278
620211002,274,18,8,0,300
620211003,183,13,34,2,232
620211004,162,7,9,4,182
620211005,261,24,21,8,314
620211006,174,7,17,1,199
620211007,169,12,2,0,183
620211008,172,13,10,0,195
620211009,187,2,0,0,189
620211010,183,0,0,0,183
620211011,158,8,0,0,166
620211101,130,30,2,1,163
620211102,6,176,29,4,215
620211103,180,91,7,0,278
620211104,35,146,10,3,194
620211105,65,145,10,2,222
620211106,7,242,8,0,257
620211107,7,149,10,24,190
620211108,11,144,17,1,173
620211109,2,170,14,1,187
620211110,2,171,16,2,191
620211111,28,109,70,24,231
620211112,12,208,71,9,300
620211113,6,186,31,1,224
620211114,3,117,32,4,156
620211201,1,172,22,1,196
620211202,7,165,10,4,186
620211203,2,149,10,3,164
620211204,5,105,18,0,128
620211205,5,130,6,0,141
620211206,2,207,5,0,214
620211207,3,174,25,2,204
620211208,1,261,36,6,304
620211209,17,15,5,0,37
620211301,67,105,13,0,185
620211302,256,19,1,0,276
620211303,210,10,2,0,222
620211304,130,23,0,0,153
620211305,60,59,7,1,127
620211306,93,118,7,0,218
620211307,98,105,10,0,213
620211308,200,7,0,0,207
620211309,107,15,2,0,124
620211310,164,35,1,0,200
620211311,25,200,21,1,247
620211401,29,67,89,9,194
620211402,5,140,163,19,327
620211403,3,92,206,31,332
620211404,4,73,168,54,299
620211405,165,70,84,10,329
620211406,3,41,102,22,168
620211407,1,34,131,14,180
620211408,114,36,54,2,206
620211409,12,277,56,19,364
620211410,7,170,136,6,319
620211411,215,55,15,2,287
620211412,249,3,0,1,253
620211413,22,154,15,0,191
620211414,1,216,7,0,224
620211415,6,233,18,2,259
620211416,46,185,30,6,267
620211417,3,195,16,1,215
620211418,8,21,3,11,43
620211501,147,0,0,0,147
620211502,133,0,0,0,133
620211503,277,1,0,0,278
620211504,146,2,1,0,149
620211505,147,9,1,1,158
620211506,273,2,2,0,277
620211507,156,6,0,0,162
620211508,152,1,0,0,153
620211509,144,1,0,0,145
620211510,152,0,0,0,152
620211511,190,2,3,0,195
620211512,201,5,0,0,206
620211601,304,8,2,0,314
620211602,230,14,11,2,257
620211603,336,6,7,1,350
620211604,246,8,0,0,254
620211605,167,7,0,0,174
620211606,282,4,0,0,286
620211607,258,29,27,5,319
620211608,326,4,0,0,330
620211609,243,3,0,0,246
620211701,207,12,16,2,237
620211702,170,12,10,1,193
620211703,144,2,1,0,147
620211704,73,8,46,55,182
620211705,169,12,51,6,238
620211706,131,26,42,21,220
620211707,169,19,28,2,218
620211708,302,2,0,0,304
620211709,3,88,112,0,203
620211710,130,15,49,17,211
620211801,159,36,39,5,239
620211802,226,19,2,1,248
620211803,179,13,16,1,209
620211804,131,22,18,1,172
620211805,235,4,1,0,240
620211806,184,9,4,1,198
620211807,15,66,102,0,183
620211808,131,0,0,0,131
620211809,223,11,35,2,271
620211901,158,17,5,0,180
620211902,72,92,43,23,230
620211903,219,42,5,0,266
620211904,212,19,10,0,241
620211905,90,71,21,12,194
620211906,1,129,7,3,140
620211907,1,92,22,2,117
620211908,67,99,78,26,270
620211909,101,21,37,9,168
620211910,84,50,32,12,178
620211911,189,55,18,1,263
620211912,5,87,83,48,223
620280101,0,2,5,2,9
620280102,0,15,5,5,25
620280103,0,21,14,24,59
620280104,0,108,73,15,196
620280105,0,37,49,28,114
620280201,0,15,3,6,24
620280301,0,2,20,0,22
620280401,17,256,60,2,335
620280402,12,275,33,0,320
620280403,11,148,33,1,193
620280404,97,139,27,1,264
620280405,1,154,24,0,179
620280406,8,239,52,2,301
620280407,8,115,14,2,139
620350101,0,92,54,3,149
620350102,0,60,112,2,174
620350103,0,18,36,14,68
620350104,0,37,34,9,80
620350105,0,3,41,3,47
620350106,0,73,13,1,87
620350107,0,4,16,23,43
620350108,0,0,22,3,25
620350109,0,15,13,3,31
620350110,0,143,35,5,183
620350111,0,4,88,147,239
620350112,0,118,38,2,158
620350113,0,99,107,9,215
620350114,0,138,58,1,197
620420101,0,16,6,2,24
620420102,0,21,26,2,49
620420103,4,47,72,2,125
620420104,0,5,15,6,26
620420201,1,42,23,0,66
620420202,6,28,102,6,142
620420301,0,0,14,0,14
620420401,286,42,13,0,341
620420402,1,203,52,4,260
620420403,83,47,32,3,165
620420404,100,60,50,7,217
620420405,59,199,34,2,294
620420406,2,77,104,26,209
620420407,0,36,28,4,68
620420408,0,55,93,6,154
620420409,1,48,54,7,110
620420410,197,32,13,0,242
620420411,161,12,9,0,182
620420412,142,64,14,5,225
620420501,32,64,41,2,139
620420502,2,92,48,3,145
620420503,4,18,20,1,43
620420504,177,3,7,0,187
620420505,169,9,7,0,185
620420506,162,29,34,0,225
620420601,210,24,21,1,256
620420602,291,17,13,0,321
620420603,164,4,0,0,168
620420604,192,6,9,1,208
620420605,176,28,7,2,213
620420606,161,5,23,0,189
620420607,256,16,3,0,275
620420608,182,1,1,0,184
620420609,250,0,0,0,250
620420610,217,2,0,0,219
620420611,211,0,1,0,212
620420612,145,1,0,0,146
620420613,175,5,6,0,186
620420614,192,0,5,0,197
620420615,241,6,11,0,258
620420701,133,107,115,13,368
620420702,27,56,272,56,411
620420703,0,80,74,1,155
620420704,5,130,65,1,201
620420705,6,187,166,4,363
620420706,0,23,67,9,99
620420707,3,79,110,5,197
620420708,4,92,76,6,178
620420709,2,92,89,2,185
620420710,2,52,102,21,177
620420711,181,3,3,2,189
620420712,0,17,57,13,87
620420713,4,59,156,42,261
620420714,151,15,154,15,335
620420715,1,70,126,2,199
620420716,1,108,85,3,197
620420717,0,31,88,10,129
620420801,224,63,4,0,291
620420802,279,3,4,0,286
620420803,183,10,8,0,201
620420804,180,8,3,0,191
620420805,160,1,3,0,164
620420806,204,18,9,0,231
620420807,256,2,2,0,260
620420808,258,0,0,0,258
620420809,193,3,0,0,196
620420810,247,2,0,0,249
620420901,191,6,1,0,198
620420902,6,195,125,9,335
620420903,2,98,119,7,226
620420904,191,4,4,0,199
620420905,234,5,2,0,241
620420906,293,6,0,0,299
620420907,165,64,41,2,272
620420908,179,12,18,2,211
620420909,197,4,5,0,206
620420910,209,14,8,1,232
620421001,237,28,48,1,314
620421002,194,21,26,0,241
620421003,154,43,15,0,212
620421004,123,13,27,0,163
620421005,183,29,38,0,250
620421006,186,21,31,0,238
620421007,160,12,25,0,197
620421008,143,13,63,0,219
620421009,232,24,18,0,274
620421010,147,26,89,1,263
620421011,226,3,3,0,232
620421012,195,2,1,0,198
620421013,188,0,0,0,188
620421101,79,40,54,7,180
620421102,19,90,96,0,205
620421103,1,64,96,9,170
620421104,1,106,112,0,219
620421105,7,50,168,4,229
620421106,0,75,131,3,209
620421107,1,35,169,9,214
620421108,1,59,82,3,145
620421109,2,92,112,13,219
620421110,143,11,116,11,281
620421111,106,4,47,1,158
620421112,0,11,156,24,191
620421201,251,9,15,1,276
620421202,292,5,3,0,300
620421203,343,4,0,0,347
620421204,224,6,4,0,234
620421205,151,1,1,0,153
620421206,165,0,0,0,165
620421207,325,1,2,0,328
620421208,248,3,3,0,254
620421209,231,0,0,0,231
620421210,201,1,0,0,202
620421211,169,0,0,0,169
620421212,194,0,0,0,194
620421213,203,0,0,0,203
620421214,127,1,0,0,128
620421301,5,65,137,3,210
620421302,9,88,214,7,318
620421303,57,132,69,3,261
620421304,24,176,105,1,306
620421305,75,128,90,6,299
620421306,99,123,140,1,363
620421401,6,132,71,0,209
620421402,0,10,9,0,19
620421403,10,173,96,4,283
620421404,0,110,56,0,166
620421405,4,150,151,4,309
620421406,1,46,62,0,109
620421407,35,169,62,1,267
620421408,3,123,98,5,229
620421409,1,78,83,5,167
620421410,2,69,28,0,99
620421411,1,85,109,3,198
620421412,0,38,44,1,83
620421501,354,9,12,0,375
620421502,1,47,125,21,194
620421503,14,112,88,3,217
620421504,2,85,103,4,194
620421505,185,2,3,0,190
620421506,1,66,105,0,172
620421507,241,0,0,0,241
620421508,111,1,0,0,112
620421601,2,192,43,6,243
620421602,0,30,76,16,122
620421603,6,87,98,0,191
620421604,0,80,103,4,187
620421701,5,104,118,20,247
620421702,0,96,82,17,195
620421801,170,57,14,0,241
620421802,40,51,16,0,107
620421803,7,150,136,2,295
620421804,180,30,17,0,227
620421805,3,122,102,6,233
620421806,38,101,44,3,186
620421807,93,162,40,0,295
620421901,200,38,39,1,278
620421902,28,118,23,14,183
620421903,225,24,7,0,256
620421904,65,72,97,4,238
620421905,1,42,39,0,82
620422001,4,8,36,12,60
620422002,236,1,0,0,237
620422003,151,0,0,0,151
620422004,191,0,0,0,191
620422005,150,0,0,0,150
620422006,145,51,45,0,241
620422007,218,25,0,0,243
620422008,168,2,0,0,170
620422009,151,0,0,0,151
620422010,134,0,0,0,134
620422011,222,2,0,0,224
620422012,225,1,0,0,226
620422013,242,2,0,0,244
620422101,139,58,60,1,258
620422102,7,72,69,4,152
620422103,237,35,23,0,295
620422104,74,34,28,0,136
620422105,60,83,61,3,207
620422106,1,80,95,0,176
620422107,2,155,83,2,242
620422108,1,68,52,0,121
620422109,2,64,41,3,110
620422201,256,82,53,3,394
620422202,3,52,12,0,67
620422203,120,51,68,6,245
620422204,0,39,34,1,74
620422205,67,133,84,22,306
620422206,2,119,79,14,214
620422301,14,104,121,0,239
620422302,9,106,87,1,203
620422303,18,95,73,1,187
620422304,116,46,54,2,218
620422305,371,9,8,0,388
620422306,16,140,61,0,217
620422307,176,13,15,0,204
620422308,169,6,4,0,179
620422309,203,3,6,0,212
620422310,151,8,8,0,167
620422311,242,45,23,1,311
620422401,209,8,0,0,217
620422402,215,1,1,0,217
620422403,216,5,1,0,222
620422404,326,0,0,0,326
620422405,290,3,19,0,312
620422406,182,5,0,0,187
620422407,180,3,2,0,185
620422408,325,8,5,2,340
620422501,316,3,0,0,319
620422502,288,3,2,0,293
620422503,324,15,3,0,342
620422504,195,6,5,0,206
620422505,355,9,3,0,367
620422506,238,0,2,0,240
620422507,273,6,6,0,285
620422508,394,7,6,0,407
620422509,267,4,4,0,275
620422510,320,4,3,0,327
620422601,134,43,87,0,264
620422602,90,34,89,2,215
620422603,154,62,88,0,304
620422604,76,49,43,1,169
620422605,90,11,76,2,179
620422606,130,8,59,0,197
620422607,123,9,36,2,170
620422608,143,9,13,1,166
620422609,215,16,35,2,268
620422610,139,24,16,2,181
620422611,136,16,3,0,155
620422612,214,13,2,0,229
620422613,240,4,1,0,245
620422614,192,3,3,0,198
620422615,142,5,0,0,147
620422701,194,3,5,0,202
620422702,245,3,1,0,249
620422703,186,2,0,0,188
620422704,187,0,0,0,187
620422705,206,1,0,0,207
620422706,184,1,2,0,187
620422707,169,2,0,0,171
620422708,305,4,0,0,309
620422709,213,0,0,0,213
620422710,242,3,9,0,254
620422711,148,0,0,0,148
620422712,196,0,0,0,196
620422713,322,2,3,0,327
620422714,223,7,5,0,235
620422715,155,7,2,0,164
620422801,283,16,16,0,315
620422802,123,33,36,0,192
620422803,359,1,0,0,360
620422804,319,1,0,0,320
620422805,317,4,10,0,331
620422806,335,7,8,0,350
620422807,192,4,0,0,196
620422808,198,2,2,0,202
620422901,119,44,70,1,234
620422902,13,97,58,0,168
620422903,248,45,17,0,310
620422904,268,21,22,0,311
620422905,215,11,17,0,243
620422906,141,96,31,1,269
620422907,264,7,5,0,276
620422908,182,63,60,0,305
620422909,187,46,59,1,293
620422910,89,123,77,1,290
620423001,275,4,0,0,279
620423002,371,9,6,0,386
620423003,244,3,0,0,247
620423004,239,9,4,0,252
620423005,181,7,8,0,196
620423006,1,27,9,0,37
620423007,326,12,4,0,342
620423008,313,13,15,1,342
620423009,253,19,48,0,320
620423010,205,7,15,3,230
620423011,211,13,29,21,274
620423012,77,10,18,0,105
620423101,343,2,8,0,353
620423102,346,9,5,3,363
620423103,240,4,10,1,255
620423104,302,5,0,0,307
620423105,344,1,0,0,345
620423106,268,0,0,0,268
620423107,164,23,88,1,276
620423108,240,2,1,0,243
620423109,282,4,4,0,290
620423201,260,1,0,0,261
620423202,221,2,1,0,224
620423203,201,2,0,0,203
620423204,382,2,0,0,384
620423205,190,1,2,0,193
620423206,193,2,5,0,200
620423207,200,0,3,0,203
620423208,188,3,1,0,192
620423209,236,2,0,0,238
620423210,226,0,0,0,226
620423211,246,3,2,0,251
620423212,191,2,0,1,194
620423301,180,13,2,0,195
620423302,197,3,1,0,201
620423303,360,6,3,0,369
620423304,288,4,1,0,293
620423305,222,1,0,0,223
620423306,187,1,2,0,190
620423307,163,5,0,0,168
620423308,161,2,0,0,163
620423309,216,7,5,0,228
620423310,226,5,0,0,231
620423311,329,2,0,0,331
620423401,228,0,0,0,228
620423402,372,4,5,2,383
620423403,213,3,0,0,216
620423404,167,4,6,0,177
620423405,293,1,1,0,295
620423406,153,12,1,0,166
620423407,148,6,4,0,158
620423408,80,69,10,0,159
620423409,173,10,5,0,188
620423410,346,1,1,0,348
620423501,225,2,0,0,227
620423502,243,3,0,0,246
620423503,280,3,2,0,285
620423504,221,3,1,0,225
620423505,241,3,0,0,244
620423506,251,1,2,0,254
620423507,255,8,20,0,283
620423508,190,3,2,0,195
620423509,291,0,0,0,291
620423601,256,6,7,0,269
620423602,233,1,0,0,234
620423603,272,2,2,0,276
620423604,228,3,12,0,243
620423605,199,4,1,0,204
620423606,189,0,0,0,189
620423607,258,1,8,0,267
620423608,238,1,2,0,241
620423609,240,1,0,0,241
620423610,156,1,0,0,157
620423611,222,6,2,0,230
620423612,215,8,1,0,224
620423701,112,14,59,4,189
620423702,147,19,24,1,191
620423703,92,14,106,10,222
620423704,109,26,88,4,227
620423705,282,2,1,0,285
620423706,192,22,92,1,307
620423707,4,74,230,1,309
620423708,1,5,85,4,95
620423709,315,1,0,0,316
620423710,326,0,0,0,326
620423711,182,8,2,0,192
620423801,275,5,1,0,281
620423802,290,16,9,0,315
620423803,196,9,19,0,224
620423804,190,14,9,0,213
620423805,240,2,4,0,246
620423806,218,1,0,0,219
620423807,147,5,0,0,152
620423808,218,0,0,0,218
620423809,187,5,0,0,192
620423810,211,0,0,0,211
620423811,313,0,2,0,315
620423812,178,0,0,0,178
620423813,187,0,0,0,187
620423814,282,1,0,0,283
620423901,268,0,0,0,268
620423902,157,2,0,0,159
620423903,167,1,1,0,169
620423904,211,0,0,0,211
620423905,271,0,1,0,272
620423906,281,0,0,0,281
620423907,276,0,1,0,277
620423908,206,1,1,0,208
620423909,189,0,0,0,189
620423910,195,0,0,0,195
620423911,243,0,0,0,243
620423912,219,0,3,0,222
620424001,7,24,165,6,202
620424002,1,37,142,5,185
620424003,354,0,0,0,354
620424004,4,106,192,1,303
620424005,55,69,52,2,178
620424006,3,131,43,0,177
620424007,220,1,0,0,221
620424008,145,16,6,1,168
620424009,279,9,24,0,312
620424010,92,31,23,0,146
620424011,250,0,0,0,250
620424012,195,2,0,0,197
620424013,129,0,0,0,129
620424014,256,49,28,0,333
620424101,235,0,1,0,236
620424102,236,0,0,0,236
620424103,201,0,0,0,201
620424104,120,3,0,0,123
620424105,235,0,0,0,235
620424106,207,3,0,0,210
620424107,181,0,0,0,181
620424108,264,2,2,0,268
620424109,183,0,0,0,183
620424110,153,2,0,0,155
620424111,224,0,0,0,224
620424112,244,1,2,0,247
620424113,186,3,1,0,190
620424114,176,1,0,0,177
620424201,271,4,8,0,283
620424202,292,4,13,0,309
620424203,252,3,0,0,255
620424204,265,2,2,0,269
620424205,105,14,32,0,151
620424206,132,124,62,0,318
620424207,352,24,24,1,401
620424208,315,0,0,0,315
620424209,268,6,1,0,275
620424210,244,0,0,0,244
620424301,1,54,131,18,204
620424302,122,0,1,0,123
620424303,187,3,2,0,192
620424304,195,1,0,0,196
620424305,248,0,0,0,248
620424306,349,1,0,0,350
620424307,291,0,0,0,291
620424308,261,0,0,0,261
620424309,309,4,7,0,320
620424310,104,56,69,0,229
620424311,277,11,7,1,296
620424312,263,22,6,0,291
620490101,0,192,35,1,228
620490102,0,126,118,3,247
620490103,0,20,52,1,73
620490104,0,23,50,31,104
620490105,0,7,50,40,97
620490106,0,181,25,2,208
620490107,0,21,17,15,53
620560101,0,112,29,1,142
620560102,0,37,32,25,94
620560103,0,7,24,154,185
620560104,0,13,16,130,159
620630101,139,38,27,0,204
620630102,170,16,1,0,187
620630103,181,24,14,0,219
620630104,192,38,12,0,242
620630105,100,108,13,0,221
620630106,143,124,44,0,311
620630107,0,50,23,2,75
620630108,36,71,103,3,213
620630109,246,36,12,0,294
620630110,158,9,4,0,171
620630111,163,10,11,0,184
620630112,8,163,53,0,224
620630113,310,1,5,0,316
620630114,132,17,2,0,151
620630115,77,53,58,0,188
620630116,148,2,0,0,150
620630117,0,173,38,1,212
620630118,2,80,53,1,136
620630201,3,251,44,5,303
620630202,0,77,26,3,106
620630203,1,21,39,1,62
620630204,0,50,69,1,120
620630205,3,125,57,3,188
620630301,0,3,10,2,15
620630302,0,60,5,0,65
620630401,0,40,14,2,56
620700101,110,62,32,22,226
620700102,1,113,81,20,215
620700103,0,96,68,12,176
620700104,0,49,96,37,182
620700105,1,36,17,29,83
620700106,0,25,34,52,111
620700107,0,42,33,42,117
620700201,4,230,8,3,245
620700202,1,160,18,6,185
620700203,4,240,43,3,290
620700204,5,158,14,3,180
620700205,4,184,23,1,212
620770101,3,154,50,3,210
620770102,1,92,60,0,153
620770103,102,44,9,0,155
620770104,159,59,19,0,237
620770105,70,27,30,0,127
620770106,85,70,40,2,197
620770107,8,207,38,0,253
620770108,4,130,41,0,175
620770109,23,187,56,2,268
620770110,144,87,11,0,242
620770111,8,162,119,2,291
620770112,8,230,33,1,272
620770113,1,140,26,1,168
620770114,56,71,25,0,152
620770115,99,23,16,0,138
620770116,92,56,31,1,180
620770117,2,162,29,0,193
620770201,310,20,4,0,334
620770202,13,83,66,1,163
620770203,5,112,65,0,182
620770204,91,13,9,0,113
620770205,131,75,30,0,236
620770206,128,15,22,0,165
620770207,128,0,0,0,128
620770208,213,10,2,0,225
620770209,18,108,68,1,195
620770210,35,153,82,0,270
620770211,247,6,2,0,255
620770301,66,2,1,0,69
620770302,66,1,0,0,67
620770303,60,8,0,0,68
620770304,76,0,1,0,77
620770305,91,48,13,0,152
620770306,57,1,1,0,59
620770307,141,11,4,0,156
620770401,2,101,12,3,118
620770402,1,58,51,7,117
620770403,4,267,61,0,332
620770404,3,268,38,0,309
620770405,12,240,39,0,291
620770406,8,279,32,1,320
620770407,18,16,4,0,38
620770408,0,1,8,3,12
620770409,11,97,54,1,163
620770410,10,39,34,0,83
620770411,22,83,13,0,118
620770412,33,58,20,0,111
620770413,7,138,9,0,154
620770501,1,13,19,1,34
620770502,0,12,2,0,14
620770503,0,31,4,0,35
620770504,0,28,8,0,36
620770601,49,10,1,0,60
620770602,26,3,0,0,29
620770603,69,9,1,0,79
620770604,82,9,2,0,93
620770605,5,61,47,0,113
620770606,13,34,8,0,55
620770607,0,56,28,0,84
620840101,3,87,60,4,154
620840102,3,95,50,3,151
620840103,35,38,42,6,121
620840104,135,75,29,6,245
620840105,1,80,67,3,151
620840106,33,54,41,3,131
620840107,27,77,51,10,165
620840201,0,3,1,5,9
620840202,0,17,19,1,37
620840203,0,12,11,0,23
620840204,0,30,22,0,52
620840205,0,8,5,1,14
620840206,0,16,6,9,31
620840207,0,5,9,20,34
620840208,0,15,54,44,113
620840209,0,14,35,6,55
620849999,75,204,139,27,445
620910101,10,309,62,6,387
620910102,11,164,50,8,233
620910103,9,310,45,3,367
620910104,4,134,39,14,191
620910201,6,116,46,33,201
620910202,4,176,82,30,292
620910203,1,101,63,17,182
620910301,4,100,81,26,211
620910302,19,87,40,4,150
620910303,5,188,62,3,258
620910304,8,144,64,34,250
620910305,74,92,76,79,321
620910306,4,84,82,26,196
620910307,5,175,42,0,222
620910308,4,128,91,40,263
620910401,0,9,12,13,34
620910402,1,11,26,12,50
620910403,0,4,8,18,30
620910404,1,72,68,111,252
620910405,0,12,51,119,182
620910406,0,2,28,79,109
620910407,0,8,18,59,85
660070101,0,2,60,37,99
660070102,1,10,5,0,16
660070103,1,26,26,12,65
660070104,0,21,12,13,46
660070105,0,7,21,9,37
660070106,5,35,74,40,154
660070107,4,74,67,25,170
660070108,5,67,84,44,200
660070201,2,1,52,14,69
660070202,3,5,14,9,31
660070203,0,2,5,0,7
660070204,0,10,32,32,74
660070205,79,11,44,28,162
660070206,0,0,2,6,8
660070207,2,143,54,24,223
660070208,182,6,11,4,203
660070209,168,8,12,0,188
660070210,169,4,11,4,188
660070211,175,19,38,12,244
660070212,99,15,93,28,235
660070213,171,6,23,3,203
660070214,130,24,28,8,190
660070301,0,0,0,2,2
660070302,0,9,2,2,13
660070303,115,7,8,6,136
660070304,0,6,13,6,25
660070305,0,6,16,1,23
660070306,0,5,6,0,11
660070307,0,0,7,1,8
660070308,0,0,16,4,20
660070309,0,0,3,0,3
660070310,0,0,3,0,3
660070311,0,4,10,7,21
660070312,0,0,2,2,4
660070313,0,8,14,2,24
660070314,0,0,12,0,12
660070315,4,54,75,41,174
660070316,225,18,25,6,274
660070317,212,7,12,5,236
660070318,286,29,28,5,348
660070319,231,11,14,0,256
660070320,211,16,12,3,242
660070321,201,14,94,15,324
660070322,173,15,25,9,222
660070401,0,6,7,0,13
660070402,0,5,10,2,17
660070403,1,2,18,0,21
660070404,0,2,1,7,10
660070405,0,59,17,6,82
660070406,0,11,4,4,19
660070407,0,14,38,12,64
660070408,124,71,64,6,265
660070409,2,25,8,15,50
660070410,0,1,36,5,42
660070411,0,1,10,3,14
660070412,0,8,18,1,27
660070413,0,19,15,2,36
660070414,1,40,42,4,87
660070415,2,98,51,8,159
660070416,239,102,55,0,396
660070417,109,106,91,9,315
660070418,171,51,75,3,300
660070419,244,19,26,2,291
660070420,209,63,19,0,291
660070421,157,14,16,0,187
660070422,208,14,19,0,241
660070423,173,60,31,1,265
660070424,11,182,153,40,386
660070425,6,114,90,14,224
660070426,0,52,126,33,211
660070427,1,45,94,86,226
660070501,0,18,5,9,32
660070502,0,0,1,0,1
660070503,0,0,21,8,29
660070504,0,1,6,5,12
660070505,0,3,8,37,48
660070506,0,6,9,14,29
660070507,0,7,3,0,10
660070508,0,4,13,48,65
660070509,0,0,5,10,15
660070510,0,13,18,101,132
660070601,1,208,87,69,365
660070602,0,5,1,4,10
660070603,0,1,9,1,11
660070604,0,0,4,5,9
660070605,0,7,0,2,9
660070606,0,25,14,5,44
660070607,0,15,24,22,61
660070608,0,2,8,8,18
660070609,0,15,10,10,35
660070610,0,0,4,24,28
660070611,0,5,21,38,64
660070612,0,2,2,11,15
660070613,0,1,3,4,8
660070614,1,122,66,91,280
660070615,1,107,48,15,171
660070616,6,100,45,15,166
660070617,2,151,85,9,247
660070618,1,138,45,6,190
660070619,0,122,78,16,216
660070620,0,163,13,0,176
660070621,5,170,64,30,269
660140101,0,43,77,1,121
660140102,0,1,22,10,33
660140103,1,4,67,3,75
660140104,2,94,27,0,123
660140201,0,0,0,0,0
660140202,39,193,265,23,520
660140203,59,39,87,10,195
660140204,0,35,27,4,66
660140205,0,3,1,0,4
660140206,225,30,33,2,290
660140207,143,19,16,1,179
660210101,0,7,23,5,35
660210102,0,13,10,1,24
660210103,0,94,83,3,180
660210104,135,36,33,3,207
660210105,0,6,6,0,12
660210106,1,52,12,5,70
660210107,177,27,40,0,244
660210108,281,1,2,0,284
660210109,280,1,0,0,281
660210110,296,4,1,0,301
660210111,227,1,1,0,229
660210112,275,4,8,0,287
660210113,233,8,11,0,252
660210114,304,2,2,0,308
660210115,281,4,2,1,288
660210116,296,8,1,0,305
660210201,0,0,4,1,5
660210202,0,1,3,2,6
660280101,49,73,12,0,134
660280102,0,50,5,0,55
660280103,0,6,15,0,21
660280104,11,179,135,3,328
660280105,356,3,0,0,359
660280106,274,0,0,0,274
660280107,7,178,22,1,208
660280108,11,111,35,1,158
660280109,1,155,50,2,208
660280110,5,163,84,2,254
660280111,8,168,47,0,223
660280112,22,320,55,0,397
660280113,14,168,14,0,196
660280114,233,8,2,0,243
660280115,113,73,4,0,190
660280116,0,36,61,3,100
660280117,1,154,150,7,312
660280118,1,93,191,3,288
660280119,0,38,163,11,212
660280120,1,108,46,1,156
660280121,73,21,10,1,105
660280201,140,101,19,0,260
660280202,170,8,4,0,182
660280203,0,6,7,4,17
660280204,0,7,4,0,11
660280205,218,11,2,0,231
660280206,1,58,201,0,260
660280207,395,1,0,0,396
660280208,3,16,94,4,117
660280301,0,3,1,0,4
660280302,0,2,5,4,11
660280303,0,0,2,0,2
660280304,0,2,11,0,13
660280401,208,12,64,0,284
660280402,45,103,174,1,323
660280403,118,71,106,0,295
660280404,1,84,302,1,388
660280405,31,94,280,4,409
660280406,16,178,223,1,418
660280407,43,107,154,0,304
660280408,90,137,127,0,354
660280409,332,0,0,0,332
660280410,244,16,12,0,272
660280411,228,0,0,0,228
660280412,422,7,0,0,429
660280413,435,3,0,0,438
660280414,246,1,0,0,247
660280415,96,141,63,0,300
660280416,136,92,43,0,271
660280417,123,232,135,1,491
660280418,218,23,42,1,284
660280419,133,47,95,0,275
660280420,174,12,20,0,206
660280421,240,0,0,0,240
660280422,404,0,0,0,404
660280423,443,0,1,0,444
660280501,391,3,0,0,394
660280502,199,1,0,0,200
660280503,203,26,10,0,239
660280504,187,15,23,0,225
660280505,223,8,25,0,256
660280506,289,4,6,1,300
660280507,291,6,2,15,314
660280508,317,0,0,0,317
660280509,296,0,0,0,296
660280510,395,0,0,0,395
660280511,249,3,0,0,252
660280512,248,0,1,0,249
660280513,247,0,0,0,247
660280514,220,4,0,0,224
660280515,256,0,0,0,256
660280516,386,4,4,0,394
660280517,353,0,0,0,353
660280518,220,2,0,0,222
660280519,178,4,0,0,182
660280520,214,0,0,0,214
660280601,327,1,0,0,328
660280602,330,1,0,0,331
660280603,369,1,0,0,370
660280604,310,7,0,0,317
660280605,354,2,0,0,356
660280606,230,2,0,0,232
660280607,257,4,1,0,262
660280608,290,2,0,0,292
660280609,197,0,0,0,197
660280610,295,1,0,0,296
660280611,380,0,0,0,380
660280612,239,1,0,0,240
660280613,226,0,0,0,226
660280614,220,3,0,0,223
660280615,225,1,0,0,226
660280616,347,1,0,0,348
660280617,220,0,0,0,220
660280618,194,1,0,0,195
660280619,305,8,3,0,316
660280620,248,4,0,0,252
660280621,414,6,3,0,423
660280622,432,3,0,0,435
660280701,318,5,4,0,327
660280702,354,1,0,0,355
660280703,281,2,0,0,283
660280704,281,0,4,0,285
660280705,249,0,2,0,251
660280706,249,1,0,0,250
660280707,390,3,2,1,396
660280708,362,1,0,0,363
660280709,391,3,2,1,397
660280710,354,4,2,0,360
660280711,429,28,4,0,461
660280712,205,0,1,0,206
660280713,303,3,2,0,308
660280714,292,0,1,0,293
660280715,277,4,2,0,283
660280716,325,2,3,0,330
660280717,305,4,3,0,312
660280801,0,0,0,0,0
660280802,216,0,0,0,216
660280803,198,3,3,0,204
660280804,272,6,2,0,280
660280805,249,6,1,0,256
660280806,278,2,0,0,280
660280807,248,1,0,0,249
660280808,240,8,4,0,252
660280809,451,5,4,0,460
660280810,263,2,0,0,265
660280811,234,0,0,0,234
660280812,223,1,0,0,224
660280813,275,2,0,0,277
660280814,191,1,0,0,192
660280815,221,4,0,0,225
660280901,382,5,1,0,388
660280902,411,15,8,0,434
660280903,246,4,2,0,252
660280904,227,6,13,0,246
660280905,427,10,2,0,439
660280906,393,5,1,0,399
660280907,169,63,33,0,265
660280908,114,82,110,0,306
660280909,395,6,0,0,401
660280910,193,0,0,0,193
660280911,189,3,0,0,192
660280912,215,0,0,0,215
660280913,273,4,2,0,279
660280914,293,4,0,0,297
660280915,199,0,0,0,199
660280916,201,3,0,0,204
660281001,251,3,0,0,254
660281002,323,2,3,0,328
660281003,351,2,3,0,356
660281004,318,4,1,0,323
660281005,323,3,0,0,326
660281006,347,11,0,0,358
660281007,254,2,0,0,256
660281008,169,0,0,0,169
660281009,290,0,0,0,290
660281010,304,0,0,0,304
660281011,160,0,0,0,160
660281012,241,0,0,0,241
660281013,205,1,0,0,206
660281101,241,21,2,0,264
660281102,168,1,0,0,169
660281103,323,1,0,0,324
660281104,232,1,0,0,233
660281105,276,0,0,0,276
660281106,225,0,0,0,225
660281107,209,2,0,0,211
660281108,181,0,0,0,181
660281109,184,1,0,0,185
660281110,220,1,0,0,221
660281111,192,1,0,0,193
660281112,212,0,0,0,212
660281113,188,1,0,0,189
660281114,233,0,0,0,233
660281115,126,2,0,0,128
660281116,98,0,0,0,98
660281201,272,0,0,0,272
660281202,223,0,1,0,224
660281203,203,1,0,0,204
660281204,214,2,0,0,216
660281205,153,1,0,0,154
660281206,150,0,0,0,150
660281207,175,2,0,0,177
660281208,157,1,0,0,158
660281209,174,0,0,0,174
660281210,246,1,1,1,249
660281211,314,2,0,0,316
660281212,385,38,27,1,451
660281213,418,22,25,1,466
660281214,179,32,46,0,257
660281215,198,15,40,3,256
660281301,219,0,0,0,219
660281302,131,1,0,0,132
660281303,259,1,0,0,260
660281304,172,1,0,0,173
660281305,388,1,0,0,389
660281306,291,2,0,0,293
660281307,383,3,0,0,386
660281308,217,3,0,0,220
660281309,156,3,0,0,159
660281310,195,6,0,0,201
660281311,141,0,0,0,141
660281401,317,2,0,0,319
660281402,360,3,0,0,363
660281403,333,0,0,0,333
660281404,237,6,0,0,243
660281405,281,1,1,0,283
660281406,413,0,0,0,413
660281407,391,5,0,0,396
660281408,383,1,0,0,384
660281409,316,9,1,0,326
660281410,310,5,0,0,315
660281411,418,7,5,0,430
660281412,410,2,2,0,414
660281413,421,0,1,0,422
660281414,246,1,0,0,247
660281501,194,17,11,0,222
660281502,270,54,48,3,375
660281503,396,5,0,0,401
660281504,263,36,44,1,344
660281505,182,34,81,0,297
660281506,154,49,99,0,302
660281507,270,15,49,1,335
660281508,259,0,3,1,263
660281509,268,1,6,0,275
660281510,268,0,0,0,268
660281511,314,32,20,0,366
660281512,284,29,43,3,359
660281513,166,36,64,0,266
660281514,290,0,0,0,290
660281515,400,3,2,1,406
660281516,292,2,0,0,294
660281517,224,0,0,0,224
660281518,321,2,0,0,323
660281519,241,0,0,0,241
660281520,267,2,1,2,272
660281521,234,0,0,0,234
660281522,339,1,0,0,340
660281523,271,0,1,0,272
660281524,431,6,3,0,440
660281525,345,2,1,0,348
660281601,367,9,13,0,389
660281602,506,25,28,0,559
660281603,229,0,0,0,229
660281604,296,1,1,0,298
660281605,390,13,1,0,404
660281606,369,2,1,0,372
660281607,292,4,6,0,302
660281608,268,6,6,0,280
660281609,286,3,22,0,311
660281610,333,4,2,0,339
660281611,358,0,0,0,358
660281612,265,0,0,0,265
660281613,213,11,18,0,242
660281614,325,0,0,0,325
660281615,217,3,0,0,220
660281616,292,6,19,0,317
660281617,235,41,114,2,392
660281618,366,8,23,0,397
660281619,340,56,48,1,445
660281701,266,0,0,0,266
660281702,226,4,0,0,230
660281703,259,2,0,0,261
660281704,229,7,0,0,236
660281705,250,25,0,0,275
660281706,217,1,0,0,218
660281707,371,12,0,0,383
660281708,347,11,0,0,358
660281709,334,2,1,0,337
660281710,207,0,3,0,210
660281711,225,0,3,0,228
660281712,374,10,0,0,384
660281713,227,38,51,2,318
660281714,351,49,21,2,423
660281715,282,7,2,0,291
660281716,304,4,9,1,318
660281801,330,5,0,0,335
660281802,426,3,0,0,429
660281803,256,2,0,0,258
660281804,222,1,0,0,223
660281805,262,1,1,0,264
660281806,289,2,0,0,291
660281807,244,0,0,0,244
660281808,239,2,0,0,241
660281809,265,5,0,0,270
660281810,262,1,0,0,263
660281811,381,1,1,0,383
660281812,283,0,0,0,283
660281813,266,1,1,0,268
660281814,317,0,6,0,323
660281815,247,2,0,0,249
660281816,275,4,0,0,279
660281817,282,6,4,0,292
660281818,180,42,22,0,244
660281901,159,90,72,0,321
660281902,103,88,105,2,298
660281903,209,21,8,0,238
660281904,226,12,8,0,246
660281905,245,34,78,0,357
660281906,276,7,26,3,312
660281907,314,3,5,0,322
660281908,214,18,32,2,266
660281909,57,65,99,4,225
660281910,113,61,211,1,386
660281911,314,5,5,0,324
660281912,214,5,0,0,219
660281913,329,0,0,0,329
660281914,61,70,137,1,269
660281915,108,58,100,2,268
660282001,217,2,0,0,219
660282002,314,0,2,0,316
660282003,246,0,0,0,246
660282004,287,5,2,0,294
660282005,213,7,0,0,220
660282006,207,0,0,0,207
660282007,360,19,14,1,394
660282008,300,4,11,0,315
660282009,307,11,32,0,350
660282010,205,4,3,0,212
660282011,342,7,5,0,354
660282012,264,11,33,1,309
660282013,192,10,11,0,213
660282014,295,14,3,0,312
660282015,279,2,8,0,289
660282016,302,3,2,0,307
660282017,232,12,43,0,287
660282018,359,23,60,5,447
660282019,30,25,107,4,166
660282101,247,5,0,0,252
660282102,225,0,0,0,225
660282103,136,2,1,0,139
660282104,363,2,0,0,365
660282105,442,3,5,0,450
660282106,414,0,0,0,414
660282107,290,0,0,0,290
660282108,206,8,0,0,214
660282109,237,1,0,0,238
660282110,176,2,0,0,178
660282111,212,8,3,0,223
660282112,229,0,0,0,229
660282113,224,6,4,0,234
660282114,232,3,0,0,235
660282115,364,1,0,0,365
660282116,405,0,0,0,405
660282117,377,2,0,0,379
660282118,324,0,0,0,324
660282119,354,0,0,0,354
660282120,334,3,1,0,338
660282121,385,5,2,0,392
660282122,338,1,0,0,339
660282123,248,3,0,0,251
660282124,248,1,0,0,249
660282201,335,2,0,0,337
660282202,219,0,0,0,219
660282203,308,1,0,0,309
660282204,384,0,2,0,386
660282205,252,0,0,0,252
660282206,253,0,0,0,253
660282207,235,3,0,0,238
660282208,294,0,0,0,294
660282209,310,0,0,0,310
660282210,332,0,0,0,332
660282211,275,0,0,0,275
660282212,385,0,0,0,385
660282213,331,0,0,0,331
660282214,395,1,0,0,396
660282301,314,9,8,0,331
660282302,264,1,0,0,265
660282303,422,2,2,0,426
660282304,320,16,2,0,338
660282305,356,3,4,0,363
660282306,357,5,0,0,362
660282307,349,0,2,0,351
660282308,184,34,100,1,319
660282309,379,8,0,0,387
660282310,344,0,0,0,344
660282311,382,1,0,0,383
660282312,286,2,0,0,288
660282313,338,2,0,0,340
660282314,332,14,18,0,364
660282315,359,3,0,0,362
660282316,255,16,18,2,291
660282317,264,19,25,1,309
660282318,242,17,32,1,292
660282401,83,11,8,0,102
660282402,200,0,1,0,201
660282403,281,7,2,0,290
660282404,347,1,8,1,357
660282405,319,10,5,0,334
660282406,215,16,47,1,279
660282407,210,0,0,0,210
660282408,371,3,11,0,385
660282409,276,6,41,0,323
660282410,313,3,57,1,374
660282411,312,14,41,1,368
660282412,386,17,18,0,421
660282501,425,10,0,0,435
660282502,239,0,2,1,242
660282503,175,37,22,0,234
660282504,202,54,18,0,274
660282505,3,131,28,0,162
660282506,3,194,22,0,219
660282507,5,227,40,1,273
660282508,12,270,95,3,380
660282509,233,6,16,2,257
660282510,376,2,0,0,378
660282511,372,5,2,0,379
660282512,275,1,0,0,276
660282513,222,1,0,0,223
660282514,310,4,0,0,314
660282515,366,0,0,0,366
660282601,157,57,55,1,270
660282602,308,0,0,0,308
660282603,327,1,0,0,328
660282604,211,8,15,0,234
660282605,255,5,4,0,264
660282606,80,91,137,0,308
660282607,0,89,304,7,400
660282608,99,97,207,4,407
660282609,227,58,132,2,419
660282610,342,28,78,2,450
660282611,255,38,62,0,355
660282612,350,41,66,4,461
660282613,265,49,69,3,386
660282614,332,16,68,3,419
660282615,230,17,71,0,318
660282616,223,30,55,0,308
660282617,368,22,41,1,432
660282618,3,77,169,18,267
660282619,14,62,256,5,337
660282620,3,64,215,5,287
660282701,232,10,4,2,248
660282702,41,69,100,7,217
660282703,176,85,57,1,319
660282704,344,3,2,2,351
660282705,243,17,36,1,297
660282706,197,16,24,0,237
660282707,101,53,61,1,216
660282708,167,28,54,1,250
660282709,144,70,62,3,279
660282710,220,0,4,0,224
660282711,229,25,32,1,287
660282712,297,4,4,0,305
660282713,367,11,9,0,387
660282714,302,6,5,0,313
660282715,183,56,84,0,323
660282801,205,4,0,0,209
660282802,196,2,0,0,198
660282803,238,0,0,0,238
660282804,246,0,0,0,246
660282805,329,0,1,0,330
660282806,417,0,1,0,418
660282807,276,29,21,0,326
660282808,296,0,0,0,296
660282809,487,3,0,0,490
660282810,330,19,31,0,380
660282811,316,10,17,0,343
660282812,285,2,0,0,287
660282813,398,18,25,0,441
660282814,239,4,6,0,249
660282815,221,1,3,0,225
660350101,1,9,38,3,51
660350102,76,37,68,8,189
660350103,4,128,72,4,208
660350104,0,2,12,0,14
660350105,1,37,66,4,108
660350106,11,168,134,0,313
660350107,0,3,26,0,29
660350108,12,85,62,3,162
660350109,365,40,31,2,438
660350110,257,16,4,0,277
660350111,235,27,9,3,274
660350112,269,15,7,1,292
660350113,222,27,26,3,278
660350114,222,20,33,2,277
660350115,157,31,19,3,210
660350116,237,42,22,3,304
660350117,233,62,96,3,394
660350118,103,16,71,2,192
660350119,89,11,38,10,148
660350120,119,50,99,4,272
660350121,105,24,54,0,183
660350122,45,74,148,9,276
660350123,343,0,0,0,343
660350124,330,0,0,0,330
660350201,0,117,162,25,304
660350202,3,74,110,13,200
660350203,1,54,123,2,180
660350204,0,6,0,0,6
660350205,0,2,11,2,15
660350206,1,202,35,3,241
660350207,0,14,38,11,63
660350208,3,102,52,2,159
660350209,27,186,67,4,284
660350210,2,218,90,1,311
660350211,0,223,39,1,263
660350212,4,259,83,3,349
660420101,2,11,34,4,51
660420102,0,4,31,3,38
660420103,1,132,85,18,236
660420104,3,205,192,7,407
660420105,9,36,65,10,120
660420106,2,45,116,15,178
660420107,5,27,25,8,65
660420108,205,13,5,0,223
660420109,221,27,26,2,276
660420110,115,39,40,3,197
660420111,224,6,22,7,259
660420201,1,36,64,8,109
660420202,1,76,84,19,180
660420203,9,257,67,18,351
660420204,0,0,1,2,3
660420205,103,200,125,5,433
660420206,118,196,77,4,395
660420207,55,201,52,2,310
660420208,120,177,65,2,364
660420209,2,187,53,0,242
660420210,1,123,101,5,230
660490101,0,3,16,2,21
660490102,0,10,40,0,50
660490103,2,19,82,6,109
660490104,7,229,141,2,379
660490105,2,182,146,7,337
660490106,3,226,48,1,278
660490107,4,233,77,4,318
660490201,0,7,48,10,65
660490202,0,2,15,3,20
660490203,0,0,2,1,3
660490204,0,3,27,4,34
660490205,74,1,9,0,84
660490206,0,2,26,3,31
660490207,0,13,4,0,17
660490208,0,4,20,1,25
660490209,0,2,18,0,20
660490210,0,3,5,0,8
660490211,209,8,5,0,222
660490212,188,6,18,0,212
660490213,287,25,20,0,332
660490214,224,0,0,0,224
660490215,1,74,138,2,215
660490216,0,54,120,1,175
660490217,142,46,122,0,310
660490301,1,44,128,3,176
660490302,0,105,88,10,203
660490303,0,2,18,0,20
660490304,1,72,97,3,173
660490305,1,280,82,2,365
660490306,1,102,73,1,177
660490307,15,182,21,0,218
660490308,44,144,40,0,228
660490309,1,161,40,1,203
660490401,311,5,2,0,318
660490402,106,40,94,1,241
660490403,85,124,141,4,354
660490404,193,82,38,0,313
660490405,188,83,46,0,317
660490406,157,27,28,0,212
660490407,54,78,69,1,202
660490408,241,14,13,1,269
660490409,203,23,75,2,303
660490410,123,92,197,3,415
660490411,159,38,63,2,262
660490412,173,37,44,6,260
660490413,263,5,3,0,271
660490414,162,19,21,1,203
660490415,168,34,29,2,233
660490416,232,20,33,0,285
660490417,243,3,2,0,248
660490418,248,13,9,0,270
660490419,174,10,20,0,204
660490420,168,9,12,0,189
660490421,130,37,27,2,196
660490422,189,8,12,0,209
660560101,0,0,2,9,11
660560102,85,10,109,47,251
660560103,5,16,93,42,156
660560104,0,0,0,1,1
660560105,156,25,66,11,258
660560106,206,18,108,37,369
660560107,160,23,41,4,228
660560108,186,7,5,4,202
660560109,190,20,24,3,237
660560110,215,6,13,4,238
660560111,170,26,17,1,214
660560112,247,45,125,61,478
660560113,4,22,100,4,130
660560114,211,14,16,8,249
660560115,116,16,35,9,176
660560116,70,2,22,22,116
660560117,192,2,31,12,237
660560118,74,23,78,35,210
660560119,127,34,96,38,295
660560120,53,31,36,28,148
660560201,0,3,19,14,36
660560202,0,11,34,53,98
660560203,7,30,143,91,271
660560204,7,23,141,79,250
660560205,6,27,49,5,87
660560206,0,5,17,26,48
660560207,0,4,22,13,39
660560208,0,27,44,29,100
660560209,0,2,50,37,89
660560210,192,47,63,6,308
660560211,196,13,22,0,231
660560212,112,41,31,21,205
660560213,222,36,100,24,382
660560214,178,6,7,1,192
660560215,73,34,61,11,179
660560216,85,42,49,17,193
660560217,162,15,11,2,190
660560218,248,21,38,1,308
660560301,3,28,88,64,183
660560302,1,26,91,58,176
660560303,0,1,27,33,61
660560304,6,10,22,49,87
660560305,0,5,106,95,206
660560306,7,9,113,119,248
660560307,0,30,124,35,189
660560401,0,7,46,76,129
660560402,34,88,74,15,211
660560403,0,27,20,61,108
660560404,0,0,2,2,4
660560405,153,36,49,43,281
660560406,54,2,4,2,62
660560407,58,8,16,5,87
660560408,136,27,59,4,226
660560409,0,9,43,57,109
660560410,2,39,138,60,239
660560411,0,24,94,48,166
660560501,0,0,6,5,11
660560502,1,20,6,3,30
660560503,0,6,18,32,56
660560504,3,60,70,70,203
660560505,3,66,28,40,137
660560601,0,8,8,4,20
660560602,1,8,18,39,66
660560603,0,28,43,49,120
660560604,0,5,2,32,39
660560605,0,1,2,41,44
660560606,0,4,2,36,42
660560607,0,2,7,16,25
660560608,10,10,159,53,232
660560609,4,29,5,5,43
660560610,0,0,25,6,31
660560611,0,15,19,49,83
660560612,5,33,77,44,159
660560613,1,12,127,60,200
660560614,225,15,73,32,345
660560615,62,27,174,65,328
660560616,4,65,220,91,380
660560617,83,42,124,32,281
660560618,46,107,192,61,406
660560619,187,13,20,2,222
660560620,168,18,33,2,221
660560621,85,29,101,39,254
660560622,302,6,2,0,310
660560623,174,6,7,0,187
660560624,0,17,248,143,408
660560625,116,22,11,2,151
660560626,149,18,75,25,267
660560627,11,22,79,61,173
660560628,127,13,22,41,203
660560629,0,47,68,50,165
660560630,0,11,21,73,105
660560701,2,66,269,75,412
660560702,100,25,88,64,277
660560703,168,9,63,43,283
660560704,187,0,16,15,218
660560705,205,7,45,3,260
660560706,347,0,0,0,347
660560707,1,6,22,12,41
660560708,0,37,251,89,377
660560709,187,11,36,8,242
660560710,297,24,61,3,385
660560711,257,2,14,3,276
660560712,188,7,2,1,198
660560713,301,3,5,0,309
660560714,195,13,26,4,238
660560715,110,18,175,44,347
660560801,66,32,99,82,279
660560802,36,63,166,25,290
660560803,216,15,16,3,250
660560804,187,24,48,0,259
660560805,211,1,0,1,213
660560806,186,5,0,0,191
660560807,126,1,1,0,128
660560808,174,2,0,2,178
660560809,186,1,1,1,189
660560810,219,8,7,0,234
660560811,148,4,0,0,152
660560812,276,10,8,0,294
660560813,217,9,10,2,238
660560814,8,31,185,70,294
660560815,1,43,177,83,304
660560901,55,2,0,0,57
660560902,238,9,8,1,256
660560903,232,5,5,0,242
660560904,244,13,11,1,269
660560905,265,7,19,4,295
660560906,216,2,25,0,243
660560907,36,22,162,56,276
660560908,102,59,80,68,309
660560909,284,42,86,74,486
660560910,17,7,112,62,198
660560911,75,21,127,117,340
660560912,241,1,10,1,253
660560913,244,10,21,27,302
660560914,237,4,8,0,249
660560915,380,21,9,0,410
660560916,250,31,11,6,298
660560917,73,13,156,122,364
660560918,144,6,57,21,228
660560919,50,25,96,67,238
660560920,274,6,12,1,293
660560921,195,3,9,4,211
660560922,229,11,14,0,254
660560923,249,1,31,4,285
660560924,216,1,24,25,266
660560925,196,10,56,22,284
660561001,182,15,9,5,211
660561002,2,111,138,87,338
660561003,4,136,108,28,276
660561004,14,165,76,4,259
660561005,11,151,106,4,272
660561006,19,142,73,3,237
660561007,236,0,1,0,237
660561008,10,99,79,29,217
660561009,3,113,48,8,172
660561010,11,114,122,50,297
660561011,214,52,28,3,297
660561012,146,14,27,15,202
660561013,63,32,112,47,254
660561014,71,50,32,1,154
660561015,101,88,8,0,197
660630101,0,4,6,1,11
660630102,0,1,5,0,6
660630103,0,0,0,0,0
660630104,0,1,8,0,9
660630105,0,1,4,2,7
660630106,0,0,3,0,3
660630107,2,37,28,3,70
660630108,0,53,11,0,64
660630109,0,1,12,0,13
660630110,194,8,17,0,219
660630111,205,3,5,1,214
660630201,0,6,0,11,17
660630202,6,51,18,5,80
660630203,0,3,4,0,7
660700101,2,1,11,3,17
660700102,10,12,26,41,89
660700103,0,1,2,13,16
660700104,0,1,0,11,12
660700105,0,3,38,1,42
660700106,0,3,17,0,20
660700107,0,17,15,28,60
660700201,2,9,28,17,56
660700202,0,2,4,15,21
660700203,34,8,52,11,105
660700204,3,11,60,19,93
660700205,153,41,70,9,273
660700301,0,0,3,19,22
660700302,0,0,3,0,3
660700303,0,1,7,5,13
660700401,0,0,18,6,24
660700402,0,1,1,11,13
660700403,0,0,1,0,1
660700404,0,3,6,6,15
660700405,0,0,0,3,3
660700406,0,0,2,0,2
660700407,0,2,13,12,27
660700501,0,1,0,0,1
660700502,0,1,2,0,3
660700503,0,2,7,1,10
660700504,0,3,34,31,68
660700505,0,0,0,0,0
660700506,0,0,2,10,12
660700507,0,18,100,16,134
660700508,1,49,100,14,164
660770101,0,0,0,0,0
660770102,0,23,11,2,36
660770103,0,32,25,0,57
660770104,0,135,24,6,165
660770105,0,182,28,1,211
660770106,0,152,40,0,192
660770107,0,128,49,3,180
660770108,0,205,27,0,232
660770109,0,140,36,0,176
660770201,0,1,2,1,4
660770202,0,2,2,1,5
660770203,0,4,6,1,11
660770204,0,218,16,2,236
660770205,0,223,53,1,277
660770301,0,5,4,2,11
660770302,0,5,1,0,6
660770303,0,70,18,4,92
660770304,0,20,9,1,30
660840101,0,12,47,34,93
660840102,0,62,56,7,125
660840103,0,3,1,3,7
660840104,0,7,5,1,13
660840105,0,7,4,4,15
660840106,2,158,51,3,214
660840107,5,164,59,1,229
660840108,5,144,36,2,187
660840109,5,159,50,3,217
660840201,2,8,9,3,22
660840202,0,18,8,0,26
660840203,0,25,12,2,39
660840204,0,2,11,0,13
660840205,40,86,30,0,156
660910101,0,0,12,0,12
660910102,0,0,30,0,30
660910103,0,4,19,5,28
660910104,0,0,1,20,21
660910105,0,10,16,7,33
660910201,0,1,8,8,17
660910202,0,1,13,1,15
660910203,0,0,7,7,14
660910204,0,0,45,5,50
660910205,0,82,56,3,141
660980101,45,39,55,19,158
660980102,0,8,43,1,52
660980103,1,34,17,0,52
660980104,1,13,12,1,27
660980105,108,138,85,13,344
660980106,173,126,122,6,427
660980201,0,2,7,3,12
660980202,0,0,1,0,1
660980203,0,20,37,1,58
660980204,0,3,7,4,14
660980205,0,36,21,21,78
660980206,0,0,0,0,0
660980207,0,3,22,1,26
660980208,0,125,65,8,198
660980209,0,179,38,3,220
661050101,0,0,0,0,0
661050102,0,0,0,0,0
661050103,0,0,0,0,0
661050104,12,25,12,1,50
661050201,0,9,14,4,27
661050202,0,12,57,26,95
661050203,0,0,17,19,36
661050204,0,0,8,3,11
661050205,0,12,0,2,14
661050206,0,0,1,3,4
661050207,0,0,1,2,3
661050208,0,0,5,0,5
661050209,66,5,111,20,202
661050210,113,5,45,5,168
661050211,133,5,8,9,155
661050212,92,5,27,18,142
661050213,52,5,98,35,190
661120101,0,22,22,5,49
661120102,0,0,0,6,6
661120103,0,4,17,0,21
661120104,0,7,37,7,51
661120105,97,33,100,6,236
661120106,0,38,49,11,98
661120107,0,15,35,2,52
661120108,0,56,20,1,77
661120109,3,152,114,10,279
661120110,2,27,63,9,101
661120201,2,41,37,7,87
661120202,0,1,14,3,18
661120203,0,3,3,0,6
661120204,0,4,22,8,34
661120205,0,10,29,31,70
661120206,0,13,22,12,47
661120207,0,2,1,0,3
661120208,0,22,82,14,118
661120209,0,19,60,50,129
661120210,1,52,62,3,118
661120211,0,6,20,19,45
661120212,198,5,15,20,238
661120213,318,2,15,6,341
661120214,349,16,10,2,377
661120215,238,30,7,1,276
661120301,194,30,48,3,275
661120302,229,8,16,0,253
661120303,149,24,26,1,200
661120304,156,14,25,0,195
661120305,148,18,52,39,257
661120306,193,18,59,0,270
661120307,174,3,2,0,179
661120308,176,1,2,0,179
661120309,221,2,0,0,223
661120310,297,14,20,5,336
661120311,193,8,8,0,209
661120312,141,21,149,2,313
661120313,210,13,17,2,242
661120401,254,15,65,7,341
661120402,154,13,8,0,175
661120403,150,7,12,0,169
661120404,236,3,1,0,240
661120405,281,17,29,5,332
661120406,216,14,17,0,247
661120407,116,15,44,2,177
661120408,193,3,2,0,198
661120409,386,6,17,1,410
661120410,144,2,25,0,171
661120411,261,3,28,4,296
661120412,279,21,37,1,338
661120413,262,29,61,2,354
661190101,0,10,34,1,45
661190102,0,80,162,25,267
661190103,0,71,53,11,135
661190104,0,25,24,4,53
661190105,73,3,1,1,78
661190201,0,0,12,0,12
661190202,0,2,25,6,33
661190203,0,21,46,2,69
661190204,0,6,24,12,42
661190205,162,36,40,5,243
661260101,1,7,15,1,24
661260102,1,36,234,37,308
661260103,1,4,54,9,68
661260104,118,7,48,4,177
661260105,138,26,64,9,237
661260201,1,3,54,4,62
661260202,0,3,27,14,44
661260203,0,11,121,39,171
661260204,17,6,11,0,34
661260205,107,24,70,3,204
661260206,80,17,206,46,349
661260207,235,0,0,0,235
661260208,289,0,0,0,289
661260209,299,21,64,18,402
661260210,124,31,95,5,255
661260211,11,38,155,24,228
661260212,44,7,143,18,212
661260213,262,5,57,11,335
661260214,8,10,165,55,238
661260215,16,31,190,47,284
661260216,62,4,116,36,218
661260217,78,92,214,8,392
661260218,124,10,82,4,220
661260301,1,5,26,17,49
661260302,88,14,32,12,146
661260303,158,10,30,22,220
661260304,102,5,46,29,182
661260401,2,38,102,7,149
661260402,2,12,105,27,146
661260403,8,3,13,0,24
661260404,7,9,32,0,48
661260405,2,8,6,1,17
661260406,32,10,40,11,93
661260407,0,10,15,3,28
661260408,12,14,95,18,139
661260409,17,33,84,19,153
661260410,375,14,53,5,447
661260411,238,10,57,15,320
661260412,133,18,139,54,344
661260413,146,10,98,19,273
661260414,125,15,58,22,220
661260415,301,6,7,1,315
661260416,350,1,3,0,354
661260417,146,0,0,0,146
661260418,229,0,0,0,229
661260501,0,2,2,0,4
661260502,36,17,126,26,205
661260503,0,0,2,1,3
661260504,246,29,1,0,276
661260505,203,3,3,4,213
661260506,211,0,6,4,221
661260507,340,0,0,0,340
661260508,273,5,4,1,283
661260509,336,13,24,0,373
661260510,264,11,4,2,281
661260511,206,25,8,15,254
661260601,29,51,110,13,203
661260602,1,23,11,26,61
661260603,0,38,49,88,175
661260604,0,15,17,6,38
661260605,1,11,23,7,42
661260606,0,9,9,1,19
661260607,0,3,8,8,19
661260608,0,0,0,1,1
661260609,3,46,178,81,308
661260610,222,4,49,32,307
661260611,90,14,165,44,313
661260612,168,8,38,9,223
661260613,268,7,15,0,290
661260614,213,16,42,34,305
661260615,263,10,15,2,290
661260616,54,41,136,20,251
661260617,190,3,18,2,213
661260618,220,0,1,0,221
661260619,232,17,57,16,322
661260620,326,5,4,15,350
661260621,149,3,8,0,160
661260622,54,17,98,13,182
661260623,0,2,44,47,93
661260624,204,18,32,6,260
661260625,16,34,100,11,161
661260701,158,24,160,12,354
661260702,92,4,164,30,290
661260703,190,9,49,0,248
661260704,261,4,4,0,269
661260705,186,6,5,1,198
661260706,184,17,17,0,218
661260707,282,3,9,4,298
661260708,162,10,97,31,300
661260709,265,17,144,10,436
661260710,200,4,9,4,217
661260711,202,4,5,0,211
661260712,200,1,6,5,212
661260713,184,6,107,19,316
661260714,237,8,44,0,289
661260715,194,3,1,0,198
661260716,177,10,2,0,189
661260717,282,2,5,2,291
661260718,268,3,4,4,279
661260719,157,1,6,2,166
661260720,238,9,30,3,280
661260721,253,0,0,0,253
661260722,218,0,0,0,218
661260723,199,40,5,9,253
661260801,287,6,49,9,351
661260802,267,3,4,1,275
661260803,146,2,1,0,149
661260804,168,3,9,1,181
661260805,187,9,3,0,199
661260806,202,3,1,0,206
661260807,144,5,5,0,154
661260808,152,13,20,18,203
661260809,276,27,75,9,387
661260810,151,5,22,22,200
661260811,133,11,32,17,193
661260812,42,32,253,36,363
661260813,215,29,53,5,302
661260814,321,11,25,11,368
661260815,306,6,4,0,316
661260816,272,0,0,1,273
661260817,298,23,15,0,336
661260818,149,31,190,62,432
661260819,269,15,18,1,303
661260820,148,4,0,0,152
661260821,304,24,27,3,358
661260822,290,28,26,2,346
661260823,230,8,31,0,269
661260824,328,11,41,8,388
661330101,0,133,144,146,423
661330102,0,5,58,88,151
661330103,0,1,31,33,65
661330104,0,0,22,14,36
661330105,0,0,33,1,34
661330106,0,24,38,69,131
661330107,0,38,188,59,285
661330108,0,137,186,69,392
661330201,0,10,11,8,29
661330202,0,0,0,25,25
661330203,0,0,36,8,44
661330204,0,1,21,5,27
661330205,0,0,9,13,22
661330206,0,0,0,22,22
661330207,0,1,5,17,23
661330208,0,46,39,43,128
661330209,0,0,8,41,49
661330210,0,12,36,24,72
661330211,0,4,4,17,25
661330212,0,0,2,63,65
661330213,0,0,1,14,15
661330214,0,4,14,121,139
661330215,0,1,5,17,23
661330216,0,35,57,86,178
661330217,0,0,11,20,31
661330218,0,4,8,27,39
661330219,0,18,34,23,75
661330220,0,52,106,52,210
661330221,0,145,31,73,249
661330222,0,59,35,37,131
661330223,0,100,26,52,178
661330224,0,55,83,77,215
661330301,0,7,55,85,147
661330302,0,7,12,43,62
661330303,0,0,2,7,9
661330304,0,5,40,87,132
661330305,0,4,14,107,125
661330306,0,14,42,66,122
661330307,0,26,3,2,31
661330308,0,30,4,28,62
661330309,0,90,64,57,211
661330310,0,39,52,90,181
661330311,0,103,73,45,221
661330312,0,34,27,84,145
661400101,0,2,15,2,19
661400102,1,15,13,2,31
661400103,0,18,22,0,40
661400104,0,0,6,0,6
661400105,0,12,9,2,23
661400106,0,1,15,0,16
661400107,20,5,14,0,39
661400108,1,7,68,6,82
661400109,0,1,2,0,3
661400110,0,7,30,12,49
661400111,1,16,9,0,26
661400112,0,3,11,5,19
661400113,1,34,26,0,61
661400114,0,14,33,2,49
661400115,0,33,13,0,46
661400116,19,27,200,4,250
661400117,53,64,159,20,296
661400118,216,0,0,0,216
661400119,286,4,3,0,293
661400120,287,0,1,0,288
661400121,469,18,2,0,489
661400201,0,1,11,4,16
661400202,0,4,11,1,16
661400203,0,8,7,18,33
661400204,0,1,16,21,38
661400205,0,3,21,9,33
661400301,0,5,19,3,27
661400302,1,5,7,1,14
661400303,0,1,4,1,6
661400304,0,7,62,14,83
661400305,0,4,5,0,9
661400306,0,2,2,3,7
661400307,0,7,10,5,22
661400308,0,1,5,8,14
661400309,0,2,4,2,8
661400310,22,18,65,8,113
661400311,1,70,39,3,113
661400312,7,81,48,3,139
661400401,286,11,15,0,312
661400402,212,36,39,2,289
661400403,255,7,9,2,273
661400404,190,6,21,0,217
661400405,150,14,77,14,255
661400406,196,3,7,1,207
661400407,198,2,3,0,203
661400408,228,1,4,0,233
661400409,190,32,107,9,338
661400410,268,28,39,0,335
661400411,276,5,2,0,283
661400412,237,12,10,5,264
661400413,232,6,1,1,240
661400414,252,47,38,0,337
661400415,273,19,22,3,317
661400416,122,13,17,5,157
661470101,0,0,2,19,21
661470102,0,0,15,7,22
661470103,0,0,5,23,28
661470104,0,2,26,15,43
661470105,0,3,24,7,34
661470201,0,0,6,16,22
661470202,0,10,21,13,44
661470203,0,2,1,12,15
661470204,0,1,1,8,10
661470205,0,10,21,6,37
661470301,0,0,1,13,14
661470302,0,4,5,5,14
661470303,0,0,5,1,6
661470304,0,0,5,2,7
661470305,0,1,23,0,24
661470306,0,59,59,0,118
661470307,6,303,202,16,527
661470308,0,0,1,0,1
661470309,0,2,2,5,9
661470310,0,0,2,1,3
661470311,0,200,107,0,307
661470312,1,266,53,1,321
661470313,1,121,63,0,185
661470314,6,109,28,1,144
661470315,3,335,72,0,410
661470316,7,295,32,1,335
661470317,1,149,148,6,304
661470401,1,158,110,3,272
661470402,2,71,92,0,165
661470403,0,21,67,5,93
661470404,1,24,39,35,99
661470405,0,6,18,34,58
661470406,0,0,0,0,0
661470407,3,166,236,8,413
661470408,5,159,177,11,352
661470409,0,157,97,2,256
661470501,106,31,75,6,218
661470502,85,105,33,1,224
661470503,204,3,3,0,210
661470504,266,16,15,2,299
661470505,198,17,8,0,223
661470506,178,17,38,1,234
661470507,242,4,10,0,256
661470508,190,1,6,0,197
661470509,250,16,14,0,280
661470510,280,11,25,1,317
661470511,133,61,149,2,345
661470512,151,9,1,1,162
661470513,243,18,10,1,272
661470514,221,26,30,0,277
661470515,173,12,37,4,226
661540101,0,5,13,11,29
661540102,0,12,22,20,54
661540103,0,9,11,5,25
661540104,0,0,0,1,1
661540105,1,1,39,82,123
661540106,119,16,31,4,170
661540201,0,18,19,3,40
661540202,0,3,15,1,19
661540203,0,9,19,10,38
661540204,0,2,5,7,14
661540205,0,0,7,0,7
661540206,0,7,30,0,37
661540207,0,2,24,14,40
661540208,0,36,55,9,100
661540209,243,8,24,0,275
661540210,252,6,24,6,288
661540211,164,15,24,4,207
661610101,0,4,35,10,49
661610102,0,10,119,43,172
661610103,0,14,80,83,177
661610104,0,0,25,27,52
661610105,0,2,40,83,125
661610106,0,1,39,4,44
661610107,0,0,36,24,60
661610108,0,5,44,1,50
661610109,0,1,31,54,86
661610110,169,20,80,12,281
661610201,0,23,37,9,69
661610202,2,31,22,29,84
661610203,0,14,28,8,50
661610204,0,1,8,24,33
661610205,0,187,46,22,255
661610301,0,4,27,36,67
661610302,15,6,41,11,73
661610303,0,2,8,28,38
661610304,45,30,64,22,161
661610305,0,4,33,11,48
661610306,194,5,22,3,224
700070101,16,258,47,0,321
700070102,2,222,154,2,380
700070103,6,171,78,12,267
700070104,4,191,68,0,263
700070201,1,142,53,75,271
700070202,2,154,41,16,213
700070203,2,157,37,12,208
700070204,5,318,52,30,405
700070205,5,281,75,35,396
700070206,7,224,73,10,314
700070207,0,99,39,12,150
700070301,3,196,134,38,371
700070302,49,94,67,8,218
700070303,0,42,60,8,110
700070304,0,80,102,7,189
700070305,0,23,24,7,54
700070306,224,12,1,1,238
700070307,79,150,33,7,269
700070308,258,5,4,0,267
700070401,1,82,34,20,137
700070402,1,52,37,26,116
700070403,1,223,65,24,313
700070501,0,20,14,2,36
700140101,0,47,53,12,112
700140102,0,43,57,23,123
700140103,4,225,63,24,316
700140104,2,128,44,20,194
700140105,6,126,60,35,227
700140106,1,247,53,1,302
700140107,102,240,47,15,404
700140201,0,15,33,11,59
700140202,0,38,36,23,97
700140301,0,1,3,6,10
700210101,0,7,52,9,68
700210201,0,153,132,5,290
700210202,0,3,34,3,40
700210203,0,138,98,15,251
700210204,0,6,37,4,47
700210205,0,0,5,3,8
700210301,0,11,61,16,88
700210302,0,105,135,2,242
700210401,0,133,125,2,260
700210402,0,2,33,3,38
700210403,0,130,162,6,298
700210404,0,197,117,4,318
700210405,0,10,25,4,39
700210501,0,2,2,6,10
700210601,0,3,5,0,8
700210701,0,0,6,3,9
700210702,0,0,0,1,1
700280101,281,4,0,0,285
700280102,239,0,1,0,240
700280103,237,2,0,0,239
700280104,222,0,0,0,222
700280105,114,0,0,0,114
700280106,245,2,0,0,247
700280107,154,4,0,0,158
700280108,216,2,0,0,218
700280109,145,0,1,0,146
700280110,234,1,0,0,235
700280111,207,0,0,0,207
700280112,230,1,1,0,232
700280113,143,3,0,0,146
700280114,234,2,0,0,236
700280115,143,1,0,0,144
700280116,203,2,1,0,206
700280117,163,0,0,0,163
700280118,177,2,0,0,179
700280201,136,82,44,0,262
700280202,180,38,55,0,273
700280203,309,18,23,0,350
700280204,144,29,5,0,178
700280205,166,13,27,0,206
700280206,197,17,1,0,215
700280207,166,23,9,0,198
700280208,116,28,42,0,186
700280209,228,3,0,0,231
700280210,261,1,4,0,266
700280211,184,1,0,0,185
700280212,96,14,2,0,112
700280213,165,6,10,0,181
700280301,131,19,67,2,219
700280302,143,19,61,0,223
700280303,285,20,19,1,325
700280304,220,21,77,1,319
700280305,188,54,38,1,281
700280306,295,1,1,0,297
700280307,182,3,8,0,193
700280308,193,39,27,0,259
700280309,252,16,23,0,291
700280310,127,34,20,0,181
700280311,133,18,44,0,195
700280312,146,5,25,0,176
700280313,206,41,39,0,286
700280314,156,20,29,0,205
700280315,137,8,8,0,153
700280316,278,11,10,0,299
700280317,184,0,4,0,188
700280318,268,1,3,0,272
700280319,198,8,3,0,209
700280320,155,4,2,0,161
700280321,167,2,4,0,173
700280401,100,8,23,0,131
700280402,153,11,16,0,180
700280403,216,3,8,0,227
700280404,144,14,7,0,165
700280405,237,26,26,0,289
700280406,266,27,8,0,301
700280407,216,10,14,0,240
700280408,232,29,21,0,282
700280409,151,11,25,0,187
700280410,137,64,47,0,248
700280411,124,45,6,0,175
700280412,183,76,75,2,336
700280413,123,64,45,0,232
700280414,9,189,83,0,281
700280501,255,29,11,0,295
700280502,280,17,6,0,303
700280503,145,16,3,0,164
700280504,261,25,20,0,306
700280505,135,7,5,0,147
700280506,257,53,19,0,329
700280507,171,7,5,0,183
700280508,109,78,39,0,226
700280509,1,118,40,0,159
700280510,13,138,49,0,200
700280511,27,207,66,0,300
700280512,200,6,7,0,213
700280513,159,37,31,0,227
700280514,119,8,22,0,149
700280515,124,17,48,0,189
700280516,21,138,33,0,192
700280601,100,100,103,1,304
700280602,282,2,8,0,292
700280603,186,17,10,0,213
700280604,166,38,32,0,236
700280605,300,6,7,0,313
700280606,108,16,48,0,172
700280607,184,20,32,0,236
700280608,300,2,3,0,305
700280609,258,15,16,0,289
700280610,173,2,6,0,181
700280611,250,3,16,0,269
700280612,262,15,1,0,278
700280613,296,8,5,0,309
700280614,208,6,3,0,217
700280615,135,72,41,0,248
700280616,111,11,22,0,144
700280617,202,32,67,0,301
700280618,166,41,50,1,258
700280619,156,3,0,0,159
700280701,320,12,10,0,342
700280702,216,13,13,0,242
700280703,192,50,41,1,284
700280704,216,37,73,0,326
700280705,252,15,21,0,288
700280706,198,28,39,0,265
700280707,214,48,43,1,306
700280708,154,48,98,1,301
700280709,167,59,90,0,316
700280710,179,31,57,0,267
700280711,148,52,114,0,314
700280712,253,69,23,1,346
700280713,68,61,83,0,212
700280714,186,70,47,0,303
700280715,104,94,54,0,252
700280716,141,12,3,0,156
700280801,78,84,61,0,223
700280802,152,13,26,0,191
700280803,168,28,13,0,209
700280804,106,10,53,0,169
700280805,186,23,28,0,237
700280806,258,5,3,0,266
700280807,222,21,8,0,251
700280808,185,11,0,0,196
700280809,256,5,3,0,264
700280810,246,26,43,0,315
700280811,167,6,6,0,179
700280901,306,11,24,0,341
700280902,286,3,4,0,293
700280903,179,18,14,0,211
700280904,159,5,6,0,170
700280905,213,21,23,0,257
700280906,160,8,3,0,171
700280907,202,7,2,0,211
700280908,285,18,30,0,333
700280909,243,0,0,0,243
700280910,219,37,11,0,267
700280911,77,1,6,0,84
700280912,66,32,61,1,160
700280913,42,74,54,1,171
700280914,176,0,0,0,176
700280915,235,33,30,0,298
700280916,220,33,46,0,299
700350101,163,16,83,33,295
700350102,19,78,137,48,282
700350103,192,21,69,14,296
700350104,122,55,54,7,238
700350105,285,26,17,2,330
700350106,257,8,12,1,278
700350107,199,7,17,1,224
700350108,254,20,2,0,276
700350109,221,11,10,5,247
700350110,225,12,18,0,255
700350111,271,24,16,0,311
700350112,300,11,7,0,318
700350113,188,35,23,1,247
700350114,327,11,9,0,347
700350201,1,133,66,23,223
700350202,0,22,58,46,126
700350203,3,47,90,92,232
700350204,0,48,56,45,149
700350205,163,0,0,0,163
700350301,6,82,124,33,245
700350302,6,92,94,33,225
700350401,0,27,47,15,89
700350402,8,111,67,19,205
700350403,0,70,71,53,194
700350501,0,18,42,41,101
700350502,1,0,21,18,40
700350503,30,8,47,3,88
700350601,0,1,20,0,21
700350602,0,4,19,18,41
700350701,99,31,59,18,207
700350702,388,36,6,0,430
700350703,195,13,13,0,221
700350704,62,89,65,8,224
700350705,181,51,56,1,289
700350706,191,4,3,0,198
700350707,233,15,9,0,257
700350708,221,0,0,0,221
700350709,201,26,49,4,280
700350710,7,52,162,11,232
700350711,158,20,46,16,240
700420101,3,98,80,1,182
700420102,11,318,46,0,375
700420103,11,190,14,0,215
700420104,12,330,32,0,374
700420105,7,211,100,0,318
700420106,17,229,131,0,377
700420107,5,106,90,1,202
700420108,18,84,146,2,250
700420109,3,75,156,1,235
700420110,1,89,176,0,266
700420111,21,30,123,26,200
700420112,9,47,136,1,193
700420201,9,274,64,1,348
700420202,1,180,11,0,192
700420203,4,202,143,9,358
700420204,0,82,351,5,438
700420205,2,101,136,3,242
700420206,1,127,189,2,319
700420207,12,309,169,3,493
700420208,3,33,182,2,220
700420209,11,189,118,6,324
700420210,4,237,62,0,303
700420211,14,109,91,2,216
700420212,7,189,179,3,378
700420213,3,143,208,1,355
700420214,6,138,135,1,280
700420215,0,96,114,4,214
700420216,1,152,205,0,358
700420217,6,156,183,0,345
700420301,3,153,102,1,259
700420302,4,118,182,13,317
700420303,4,62,213,23,302
700420304,2,19,23,3,47
700420401,9,208,57,3,277
700420402,7,383,91,1,482
700420403,13,141,68,0,222
700420404,3,88,241,9,341
700420405,23,200,79,0,302
700420406,5,217,135,0,357
700420407,8,198,128,0,334
700420408,15,229,19,0,263
700420409,13,190,29,1,233
700420410,2,89,146,3,240
700420411,7,55,167,0,229
700420412,6,189,167,0,362
700420413,17,251,89,1,358
700420414,7,184,207,2,400
700420415,7,137,124,0,268
700420416,12,225,83,0,320
700420417,10,135,289,6,440
700420418,4,155,42,0,201
700420419,2,58,123,0,183
700420501,1,131,220,6,358
700420502,5,174,146,0,325
700420503,7,189,51,4,251
700420504,7,250,54,0,311
700420505,1,37,294,10,342
700420506,8,173,130,0,311
700420507,2,224,126,7,359
700420508,17,159,153,0,329
700420509,9,243,68,0,320
700420510,12,353,62,0,427
700420511,9,155,85,0,249
700420512,6,187,91,2,286
700420513,7,129,158,0,294
700420514,15,233,169,0,417
700420515,3,64,179,4,250
700490101,0,44,29,9,82
700490102,0,11,6,4,21
700490201,0,60,19,13,92
700490202,0,84,64,18,166
700490203,0,183,42,6,231
700490204,0,185,56,4,245
700490205,0,142,14,6,162
700490206,0,23,28,23,74
700490207,0,129,83,11,223
700490301,0,37,25,13,75
700490302,0,136,22,2,160
700490303,0,47,25,3,75
700490401,0,1,3,0,4
700560101,0,19,65,81,165
700560102,0,45,124,72,241
700560103,0,30,90,27,147
700560104,0,57,126,12,195
700560105,0,212,96,10,318
700560106,0,19,45,27,91
700560107,0,68,13,15,96
700560108,0,64,67,9,140
700560109,0,70,90,13,173
700560201,0,158,88,7,253
700560202,0,132,119,7,258
700560203,0,165,132,7,304
700560204,0,66,68,0,134
700560205,0,147,114,1,262
700560206,0,233,32,0,265
700560207,0,50,111,4,165
700560208,0,146,130,0,276
700560209,0,127,76,17,220
700560210,0,16,32,8,56
700560211,0,202,97,2,301
700560212,0,82,121,11,214
700560213,0,180,8,0,188
700560301,0,44,59,19,122
700560302,0,101,93,36,230
700560401,0,2,3,13,18
700560501,0,1,1,5,7
700560601,0,12,18,27,57
700560701,0,56,55,40,151
700560702,0,18,19,11,48
700630101,1,48,55,10,114
700630102,49,57,30,9,145
700630103,8,219,104,25,356
700630104,0,44,20,7,71
700630105,2,16,6,4,28
700630106,25,176,45,13,259
700630201,0,16,26,0,42
700630202,5,181,89,37,312
700630203,15,220,56,1,292
700630204,2,95,81,48,226
700630205,6,201,46,2,255
700700101,0,71,148,21,240
700700102,2,112,224,27,365
700700103,13,139,199,22,373
700700104,3,141,126,9,279
700700105,2,96,187,12,297
700700106,1,114,145,5,265
700700107,28,153,80,0,261
700700108,1,72,177,8,258
700700109,5,133,124,3,265
700700110,2,109,91,0,202
700700111,6,122,78,4,210
700700112,4,185,94,0,283
700700113,2,181,103,39,325
700700114,5,146,151,92,394
700700115,8,271,55,0,334
700700201,0,20,38,15,73
700700202,0,22,37,40,99
700700203,6,69,234,17,326
700700204,2,31,111,46,190
700700205,10,124,100,1,235
700700206,12,241,229,26,508
700700207,2,163,334,34,533
700700301,1,73,67,30,171
700700302,3,88,80,57,228
700700303,2,29,122,51,204
700700304,222,31,12,7,272
700700305,3,29,77,8,117
700700401,1,8,20,5,34
700700501,3,148,127,4,282
700700502,12,142,86,4,244
700700503,0,24,174,32,230
700700504,3,60,87,3,153
700700505,10,149,40,0,199
700700506,148,67,78,0,293
700700507,157,67,57,0,281
700700508,1,131,158,1,291
700700509,2,128,116,0,246
700700510,5,194,96,1,296
700700511,6,176,229,2,413
700700512,11,180,170,9,370
700700513,3,114,221,0,338
700700514,4,149,205,4,362
700700515,2,89,243,2,336
700700516,15,56,171,68,310
700700517,149,73,64,3,289
700700518,1,95,102,4,202
700770101,2,48,69,14,133
700770102,73,322,77,0,472
700770103,0,0,3,0,3
700770104,52,196,4,0,252
700770105,7,186,39,0,232
700770106,6,132,97,2,237
700770201,2,160,148,2,312
700770202,3,154,176,1,334
700770203,16,177,141,0,334
700770204,2,301,68,0,371
700770205,3,111,226,1,341
700770206,21,217,101,4,343
700770207,5,261,61,0,327
700770208,16,333,58,0,407
700770209,15,275,18,0,308
700770210,21,68,81,1,171
700770211,15,170,84,0,269
700770212,10,134,79,0,223
700770213,14,163,100,2,279
700770301,6,238,13,0,257
700770302,7,186,85,0,278
700770303,5,246,22,0,273
700770304,8,203,134,0,345
700770305,18,77,170,3,268
700770306,7,194,156,1,358
700770307,12,58,317,1,388
700770308,2,128,54,0,184
700770309,9,136,167,1,313
700770310,10,230,116,1,357
700770311,142,101,93,0,336
700770312,19,23,183,2,227
700770313,6,57,174,0,237
700770401,35,85,80,2,202
700770402,22,99,65,0,186
700770403,4,127,87,0,218
700770404,8,169,79,1,257
700770405,56,127,81,0,264
700770406,229,66,11,0,306
700770407,252,31,11,0,294
700770408,199,17,28,0,244
700770409,2,33,164,0,199
700770410,6,131,220,1,358
700770411,2,109,96,0,207
700770412,3,190,154,0,347
700770413,3,134,60,0,197
700770414,3,50,144,1,198
700770415,1,104,106,0,211
700770416,5,63,140,0,208
700770501,219,10,46,0,275
700770502,3,128,139,41,311
700770503,154,35,0,0,189
700770504,1,39,87,5,132
700770505,145,62,21,0,228
700770506,52,66,26,1,145
700770507,9,160,115,1,285
700770508,3,67,132,14,216
700770509,90,50,9,2,151
700770510,14,303,10,0,327
700770511,8,254,103,2,367
700770512,7,252,39,0,298
700770601,0,120,148,38,306
700770602,0,127,70,49,246
700770603,97,25,7,3,132
700770701,1,100,67,43,211
700770702,0,75,51,41,167
700770703,2,33,56,38,129
700770801,20,37,123,1,181
700770802,3,71,130,1,205
700770803,0,107,246,0,353
700770804,1,126,106,1,234
700770805,3,97,207,4,311
700770806,20,225,143,3,391
700770807,4,50,166,0,220
700770808,3,92,162,0,257
700770809,9,103,244,2,358
700770810,13,282,108,2,405
700770811,0,95,134,3,232
700770812,8,100,174,2,284
700770813,1,164,273,5,443
700770814,2,72,209,0,283
700770815,8,57,203,2,270
700770901,93,89,111,2,295
700770902,56,108,89,2,255
700770903,74,111,84,0,269
700770904,18,83,208,3,312
700770905,390,3,0,0,393
700770906,5,167,88,1,261
700770907,3,174,76,0,253
700770908,30,109,101,0,240
700770909,235,3,0,0,238
700770910,1,133,188,0,322
700770911,2,114,214,0,330
700770912,7,166,108,0,281
700771001,27,126,45,0,198
700771002,10,180,208,0,398
700771003,65,39,106,0,210
700771004,191,79,30,0,300
700771005,287,5,9,0,301
700771006,129,87,79,1,296
700771007,82,178,65,1,326
700771008,15,72,144,0,231
700771009,1,104,99,0,204
700771010,14,123,160,2,299
700771011,3,163,67,0,233
700771012,4,125,77,0,206
700771013,4,175,140,3,322
700840101,0,5,6,1,12
700840102,30,12,25,0,67
700840201,8,70,168,12,258
700840202,27,121,59,0,207
700840203,23,154,78,3,258
700840204,15,237,82,1,335
700840205,29,78,146,1,254
700840206,218,8,7,0,233
700840207,199,26,19,0,244
700840208,253,22,42,1,318
700840209,214,23,22,1,260
700840210,324,9,1,0,334
700840211,283,35,43,2,363
700840212,298,59,30,0,387
700840213,65,98,66,0,229
700840214,5,131,77,1,214
700840215,33,114,166,0,313
700840216,2,170,122,0,294
700840217,89,101,47,0,237
700840301,7,221,108,0,336
700840302,197,34,90,0,321
700840303,140,27,111,0,278
700840304,132,48,129,1,310
700840305,369,58,32,1,460
700840306,173,87,112,1,373
700840307,164,126,118,0,408
700840308,220,103,50,0,373
700840309,246,43,65,0,354
700840310,295,40,21,0,356
700840311,314,18,11,0,343
700840312,269,48,28,0,345
700840313,4,242,12,0,258
700840314,41,198,25,0,264
700840315,18,245,60,0,323
700840316,137,122,32,0,291
700840317,141,58,40,1,240
700840318,91,92,55,1,239
700840319,122,83,56,0,261
700840320,187,69,13,0,269
700840401,34,220,225,1,480
700840402,9,197,12,0,218
700840403,11,249,45,0,305
700840404,23,192,8,0,223
700840405,15,222,170,0,407
700840406,3,104,64,0,171
700840407,10,45,178,1,234
700840408,3,177,85,0,265
700840409,8,161,132,1,302
700840410,11,214,42,0,267
700840411,14,180,5,0,199
700840412,15,211,153,1,380
700840413,5,128,72,0,205
700840414,12,98,83,0,193
700840415,5,68,166,1,240
700840416,4,173,47,0,224
700840417,67,56,62,2,187
700840501,7,113,200,2,322
700840502,5,186,37,0,228
700840503,12,214,164,6,396
700840504,28,347,114,45,534
700840505,6,123,63,0,192
700840506,14,154,32,0,200
700840601,9,157,155,0,321
700840602,3,95,304,2,404
700840603,5,174,51,0,230
700840604,11,281,41,0,333
700840605,6,209,44,0,259
700840606,7,236,46,0,289
700840607,13,200,45,0,258
700840608,9,221,40,0,270
700840609,10,171,101,0,282
700840610,9,124,297,29,459
700840611,21,184,90,0,295
700840612,13,133,140,1,287
700840613,0,75,106,0,181
700910101,1,102,70,33,206
700910102,102,57,51,14,224
700910103,5,35,49,11,100
700910104,15,191,72,20,298
700910105,5,30,23,5,63
700910106,1,42,35,15,93
700910107,11,71,39,12,133
700910108,0,55,25,5,85
700910109,164,80,28,5,277
700910110,2,33,26,15,76
700910111,0,56,53,10,119
700910112,271,50,16,3,340
700910113,5,227,14,0,246
700910114,11,98,130,34,273
700910201,0,0,4,1,5
700980101,13,80,183,4,280
700980102,24,107,80,0,211
700980103,63,107,87,1,258
700980104,122,55,117,0,294
700980105,99,76,95,5,275
700980106,29,150,225,0,404
700980107,3,38,237,16,294
700980108,214,22,33,0,269
700980109,296,27,29,0,352
700980110,205,33,67,0,305
700980111,317,2,0,0,319
700980112,253,25,20,0,298
700980113,217,14,7,0,238
700980114,41,35,154,0,230
700980115,195,4,42,0,241
700980116,346,18,53,0,417
700980117,73,37,76,1,187
700980118,6,106,166,3,281
700980201,10,128,160,22,320
700980202,1,82,84,6,173
700980203,0,53,159,17,229
700980204,28,107,68,5,208
700980205,18,214,100,28,360
700980206,180,97,68,10,355
700980207,115,142,95,2,354
700980301,387,26,14,0,427
700980302,207,20,59,0,286
700980303,126,15,28,2,171
700980304,269,17,26,3,315
700980305,178,88,41,4,311
700980306,2,120,113,9,244
700980307,184,66,111,0,361
700980308,33,98,163,1,295
700980401,359,26,37,0,422
700980402,239,2,1,0,242
700980403,249,22,15,1,287
700980404,310,11,10,0,331
700980405,192,15,25,0,232
700980406,211,37,9,0,257
700980407,143,9,10,0,162
700980408,118,31,2,0,151
700980409,221,2,4,0,227
700980410,118,22,8,0,148
700980411,175,17,24,0,216
700980412,164,7,8,0,179
701050101,1,22,41,12,76
701050102,0,78,59,19,156
701050103,1,36,46,4,87
701050104,0,71,43,4,118
701050105,0,53,71,9,133
701050106,5,134,83,9,231
701050107,11,189,131,19,350
701050108,9,148,136,8,301
701050201,7,199,91,87,384
701050202,38,175,111,85,409
701050203,4,67,85,26,182
701050301,5,196,99,5,305
701050302,411,14,25,7,457
701050303,109,103,90,44,346
701050304,1,44,58,40,143
701050305,11,92,84,30,217
701050306,39,171,109,2,321
701050307,30,192,69,5,296
701050308,37,132,55,0,224
701120101,0,51,116,10,177
701120102,0,175,161,19,355
701120103,0,39,73,7,119
701120104,0,96,128,10,234
701120105,0,163,107,6,276
701120201,0,2,11,0,13
701190101,0,26,28,1,55
701190102,0,56,25,1,82
701190103,0,5,13,0,18
701190201,0,119,154,2,275
701190202,0,289,131,1,421
701190203,0,20,26,0,46
701190204,0,5,18,0,23
701190205,0,31,65,3,99
701190206,0,132,104,0,236
701190207,0,140,72,0,212
701190301,0,8,33,6,47
701190302,0,6,34,6,46
701190303,0,48,104,4,156
701260101,215,109,8,18,350
701260102,0,48,110,74,232
701260103,1,32,78,113,224
701260104,93,41,57,60,251
701260105,1,81,67,29,178
701260106,6,163,40,8,217
701260107,69,122,56,1,248
701260201,30,275,21,4,330
701260202,0,45,103,96,244
701260203,6,188,75,12,281
701260204,0,36,42,92,170
701260205,1,59,22,17,99
701260206,2,190,15,0,207
701260207,0,144,18,0,162
701260208,0,66,113,24,203
701260301,2,59,83,57,201
701260401,0,4,12,1,17
701330101,0,81,50,7,138
701330102,0,352,147,6,505
701330103,0,212,170,2,384
701330104,0,38,44,3,85
701330201,0,1,1,0,2
740070101,0,14,13,2,29
740070102,0,14,21,6,41
740070201,0,8,29,1,38
740070202,1,13,27,1,42
740070203,0,7,26,2,35
740070301,0,3,6,0,9
740070302,0,8,8,2,18
740070303,0,12,22,1,35
740070304,31,179,133,4,347
740070305,58,198,68,0,324
740070306,0,11,17,0,28
740070307,0,5,6,0,11
740070401,0,68,44,2,114
740070402,0,204,65,3,272
740070403,6,104,36,2,148
740070404,0,135,89,2,226
740070405,16,212,41,1,270
740070406,9,192,21,0,222
740070407,7,183,26,0,216
740070408,15,212,37,2,266
740070409,16,136,20,0,172
740070410,2,126,68,1,197
740070411,1,27,28,0,56
740070412,0,2,6,0,8
740070413,3,200,85,5,293
740070414,1,240,68,0,309
740070501,0,6,12,0,18
740070502,0,0,10,0,10
740070503,0,2,10,0,12
740070504,5,66,37,4,112
740070505,0,24,24,1,49
740070506,0,18,33,0,51
740070507,6,270,84,6,366
740070508,3,244,51,0,298
740070509,3,205,53,0,261
740070510,13,161,25,3,202
740140101,0,4,2,1,7
740140102,0,13,22,2,37
740140103,0,3,15,0,18
740140201,0,4,8,0,12
740140202,0,4,6,1,11
740140203,0,0,18,1,19
740140204,0,5,8,0,13
740140301,0,10,6,1,17
740140302,0,12,20,0,32
740140303,0,1,30,1,32
740140304,39,4,7,1,51
740140401,1,6,17,1,25
740140402,0,15,29,0,44
740140403,4,153,46,0,203
740140404,0,42,84,4,130
740140405,57,87,37,0,181
740140406,0,1,21,0,22
740140501,0,4,15,0,19
740140502,0,5,11,2,18
740140503,10,83,58,1,152
740140504,0,5,8,1,14
740140505,0,16,17,1,34
740210101,0,0,15,0,15
740210102,14,33,26,1,74
740210103,0,12,28,1,41
740210104,0,2,18,0,20
740210105,4,24,26,1,55
740210106,3,29,14,0,46
740210107,13,41,23,1,78
740210108,41,23,10,0,74
740210109,76,40,23,0,139
740210110,61,21,7,0,89
740210111,83,0,0,1,84
740210112,5,41,28,4,78
740210113,0,14,1,0,15
740210201,0,8,33,0,41
740210202,0,5,19,7,31
740210203,1,15,55,8,79
740210204,0,20,34,3,57
740210301,0,4,9,2,15
740210302,1,21,9,1,32
740210303,0,200,84,2,286
740210304,1,163,115,0,279
740210305,7,378,49,1,435
740210306,17,202,48,0,267
740210307,5,290,74,0,369
740210308,19,270,97,1,387
740210309,2,177,9,0,188
740210310,0,15,18,4,37
740210311,0,15,11,0,26
740210401,2,63,22,0,87
740210402,1,5,4,0,10
740210403,4,9,12,0,25
740210404,5,23,18,0,46
740210405,115,135,36,0,286
740210406,0,25,15,1,41
740210407,0,3,25,0,28
740280101,0,16,21,6,43
740280102,45,176,100,0,321
740280103,63,184,46,0,293
740280104,34,137,2,0,173
740280105,18,100,56,2,176
740280106,51,137,60,0,248
740280107,56,166,64,0,286
740280108,7,34,19,0,60
740280109,0,40,30,3,73
740280110,0,8,15,2,25
740280201,0,28,38,1,67
740280202,1,95,73,0,169
740280203,2,174,70,0,246
740280204,0,36,49,2,87
740280205,1,73,49,1,124
740280206,1,121,64,0,186
740280301,50,39,37,1,127
740280302,0,9,28,7,44
740280303,0,4,8,0,12
740280304,0,26,43,1,70
740280305,0,12,21,2,35
740280306,67,104,61,0,232
740280307,0,17,6,0,23
740280308,17,228,42,0,287
740280309,11,192,32,0,235
740280310,40,180,51,0,271
740280311,17,200,29,0,246
740280401,0,0,16,0,16
740280402,27,77,58,3,165
740280403,45,237,38,0,320
740280404,70,207,48,0,325
740280405,68,266,41,0,375
740280406,17,145,14,0,176
740280407,53,196,28,6,283
740280408,40,131,76,14,261
740280409,35,14,10,2,61
740280410,0,12,24,11,47
740280411,0,0,13,0,13
740350101,0,2,9,0,11
740350102,0,4,9,0,13
740350103,1,46,31,0,78
740350104,1,4,13,0,18
740350201,0,10,0,0,10
740350202,0,2,4,0,6
740350203,0,14,11,1,26
740350204,0,8,11,2,21
740350205,0,9,3,0,12
740350301,0,5,13,2,20
740350302,0,15,19,0,34
740350303,0,3,15,2,20
740350304,4,44,18,0,66
740350305,0,11,9,0,20
740350401,0,8,10,0,18
740350402,0,16,7,0,23
740350403,1,14,22,1,38
740350404,1,16,30,0,47
740350405,0,6,5,0,11
740350406,1,6,9,0,16
740350407,0,79,62,1,142
740350501,2,14,16,1,33
740350502,0,3,17,0,20
740350601,0,12,38,12,62
740350602,0,35,39,1,75
740350603,0,14,17,1,32
740350604,0,3,9,0,12
740350605,0,2,11,0,13
740350701,0,10,16,0,26
740350702,151,46,62,0,259
740350703,154,60,60,0,274
740350704,124,13,64,0,201
740350705,134,36,39,1,210
740350706,132,25,69,3,229
740350707,177,31,47,1,256
740350708,122,124,50,0,296
740350709,117,59,43,1,220
740350710,138,76,124,1,339
740350711,138,44,57,3,242
740350712,236,18,2,0,256
740350713,334,21,17,0,372
740350714,268,0,3,0,271
740350715,199,4,2,0,205
740350716,252,8,2,0,262
740350801,199,35,57,2,293
740350802,4,32,104,3,143
740350803,0,0,1,1,2
740350804,218,33,79,3,333
740350805,279,22,31,0,332
740350806,46,43,94,1,184
740350807,89,32,31,0,152
740350808,250,4,7,0,261
740350809,165,21,46,0,232
740350810,148,45,76,0,269
740350811,264,42,68,2,376
740350812,123,49,36,0,208
740350813,165,12,27,0,204
740350814,303,4,4,0,311
740350815,254,9,10,0,273
740350816,234,3,3,0,240
740350817,263,51,39,1,354
740350818,182,35,83,1,301
740350819,247,30,40,0,317
740350820,180,10,3,0,193
740350821,2,0,22,0,24
740350901,261,0,0,0,261
740350902,268,4,2,0,274
740350903,270,4,0,0,274
740350904,156,36,94,0,286
740350905,4,5,25,0,34
740350906,199,13,30,0,242
740350907,315,16,27,0,358
740350908,280,2,0,0,282
740350909,259,2,0,0,261
740350910,323,5,1,0,329
740350911,315,3,0,0,318
740350912,243,3,1,0,247
740350913,268,6,0,0,274
740350914,277,16,5,0,298
740350915,230,6,13,0,249
740350916,244,6,8,0,258
740350917,156,50,54,1,261
740351001,416,12,25,0,453
740351002,198,5,0,0,203
740351003,231,0,0,0,231
740351004,272,3,0,0,275
740351005,418,7,7,0,432
740351006,399,0,3,0,402
740351007,320,1,0,0,321
740351008,283,0,0,0,283
740351009,257,0,0,0,257
740351010,148,16,24,0,188
740351011,261,24,1,0,286
740351012,201,0,0,0,201
740351013,231,1,0,0,232
740351014,163,0,0,0,163
740351015,197,3,0,0,200
740351016,300,32,12,0,344
740351017,178,5,34,0,217
740351018,177,11,35,0,223
740351019,334,7,16,0,357
740351020,0,39,4,1,44
740351101,0,49,11,0,60
740351102,46,63,103,1,213
740351103,233,4,26,0,263
740351104,198,17,22,0,237
740351105,158,5,6,0,169
740351106,212,1,1,0,214
740351107,183,1,1,0,185
740351108,176,0,0,0,176
740351109,162,3,0,0,165
740351110,289,4,9,0,302
740351111,223,63,78,0,364
740351112,48,62,247,0,357
740351113,34,42,122,0,198
740351114,170,11,130,0,311
740351201,276,2,3,1,282
740351202,256,3,4,0,263
740351203,207,2,0,0,209
740351204,216,0,0,0,216
740351205,319,1,0,0,320
740351206,176,12,45,0,233
740351207,145,32,60,1,238
740351208,139,47,85,5,276
740351209,182,76,68,0,326
740351210,281,11,39,0,331
740351211,146,0,1,0,147
740351212,177,1,3,0,181
740351213,100,21,35,0,156
740351214,117,101,100,3,321
740351215,49,46,150,1,246
740351216,13,50,157,3,223
740351217,114,24,25,3,166
740351218,13,20,78,0,111
740351301,278,1,0,0,279
740351302,5,0,0,0,5
740351303,350,1,0,0,351
740351304,355,0,0,0,355
740351305,356,0,1,0,357
740351306,242,0,0,0,242
740351307,41,0,0,0,41
740351308,347,0,0,0,347
740351309,348,0,0,0,348
740351310,290,1,0,0,291
740351311,295,0,0,0,295
740351401,369,12,6,0,387
740351402,0,13,3,0,16
740351403,301,1,2,0,304
740351404,269,0,0,0,269
740351405,190,20,6,0,216
740351406,369,0,1,0,370
740351407,315,0,0,0,315
740351408,364,1,0,0,365
740351409,285,0,0,0,285
740351410,338,1,0,0,339
740351501,0,9,2,0,11
740351502,2,103,29,0,134
740351503,3,13,28,4,48
740351504,81,1,0,0,82
740351505,3,0,0,0,3
740351506,0,1,3,3,7
740351507,0,18,3,0,21
740351601,58,66,81,0,205
740351602,87,75,43,0,205
740351603,104,64,27,0,195
740351604,101,75,53,0,229
740351605,42,71,77,2,192
740351606,87,66,90,2,245
740351607,91,83,59,1,234
740351608,158,61,16,0,235
740351609,170,47,37,0,254
740351610,246,81,28,0,355
740351611,229,5,13,0,247
740351612,168,69,22,3,262
740351701,0,35,24,1,60
740351702,1,28,32,0,61
740351703,0,3,14,2,19
740351704,1,13,34,0,48
740351705,0,15,38,0,53
740351801,0,25,20,2,47
740351802,0,14,21,0,35
740351803,0,6,10,0,16
740351804,0,13,4,0,17
740351805,0,10,18,0,28
740351806,0,18,2,0,20
740420101,0,3,9,0,12
740420102,2,27,8,0,37
740420103,0,16,12,0,28
740420201,0,22,4,0,26
740420202,1,54,47,0,102
740420203,0,14,5,0,19
740420204,2,57,46,7,112
740420205,0,42,38,0,80
740420206,4,77,3,0,84
740420207,1,212,113,12,338
740420208,4,211,113,10,338
740420301,0,1,5,0,6
740420302,1,36,24,1,62
740420303,0,13,5,2,20
740420304,30,107,87,4,228
740420305,0,15,10,5,30
740420306,105,118,142,6,371
740420307,0,20,30,1,51
740420308,3,137,46,2,188
740420401,0,5,11,2,18
740420402,0,35,21,2,58
740420403,78,138,86,0,302
740420404,86,186,97,9,378
740420405,33,39,2,0,74
740420406,0,14,2,2,18
740420501,0,7,11,5,23
740420502,0,0,7,0,7
740420601,0,10,13,0,23
740420602,0,20,9,2,31
740420603,4,215,75,5,299
740490101,0,14,11,1,26
740490102,0,27,15,0,42
740490103,0,91,23,0,114
740490104,0,58,8,0,66
740490105,0,5,23,8,36
740490106,2,31,9,0,42
740490107,0,3,3,3,9
740490201,0,23,28,4,55
740490202,0,5,26,4,35
740490203,0,11,28,1,40
740490204,2,212,41,1,256
740490205,1,163,31,0,195
740490206,0,177,70,3,250
740490207,1,171,34,0,206
740490208,3,164,31,1,199
740490209,2,238,15,0,255
740490210,1,155,29,1,186
740490211,6,93,33,0,132
740490212,0,30,11,3,44
740490213,0,12,41,23,76
740490301,0,70,29,0,99
740490302,0,32,11,0,43
740490303,1,325,84,2,412
740490304,1,237,43,0,281
740490305,3,194,32,0,229
740490306,54,128,31,1,214
740490401,1,379,45,1,426
740490402,5,260,44,1,310
740490403,2,162,29,0,193
740490404,2,157,12,0,171
740490405,1,420,34,0,455
740490406,5,397,32,0,434
740490407,3,209,29,0,241
740490408,0,170,12,0,182
740490409,0,179,18,0,197
740490410,1,254,15,0,270
740490411,4,270,40,0,314
740490412,3,205,8,0,216
740490413,10,313,44,0,367
740490414,4,239,15,0,258
740490415,4,376,80,0,460
740490416,137,122,7,1,267
740490417,4,179,17,0,200
740490418,1,161,22,0,184
740490419,0,177,7,0,184
740560101,1,7,21,1,30
740560102,0,6,8,0,14
740560103,0,1,37,3,41
740560104,0,18,50,0,68
740560105,0,82,85,4,171
740560201,2,24,36,0,62
740560202,5,44,29,0,78
740560203,0,53,48,0,101
740560204,259,60,127,19,465
740560205,63,26,64,0,153
740560206,148,31,134,6,319
740560301,9,0,0,0,9
740560302,207,0,0,0,207
740560303,129,0,0,0,129
740560304,191,1,0,0,192
740560305,211,0,0,0,211
740560306,328,0,0,0,328
740560307,266,0,0,0,266
740560308,283,0,0,0,283
740560309,0,0,0,0,0
740560310,331,0,0,0,331
740560311,349,0,0,0,349
740560312,309,1,0,0,310
740560313,335,1,0,0,336
740560314,278,1,0,0,279
740560315,248,2,0,0,250
740560316,337,2,0,0,339
740560317,0,0,0,0,0
740560318,8,0,0,0,8
740560401,2,25,21,1,49
740560402,27,44,11,0,82
740560403,64,64,19,0,147
740560404,44,53,50,1,148
740560405,61,75,10,0,146
740560406,69,168,53,0,290
740560407,9,147,53,0,209
740560408,0,15,34,0,49
740560501,46,84,25,0,155
740560502,239,54,42,1,336
740560503,18,32,44,0,94
740560504,212,0,0,0,212
740560505,202,4,0,0,206
740560506,87,103,85,0,275
740560507,84,104,31,0,219
740560508,146,79,83,1,309
740560509,147,192,66,0,405
740560510,154,89,18,0,261
740560511,116,9,2,0,127
740560512,146,149,77,7,379
740560513,155,94,86,0,335
740560514,94,103,68,2,267
740560515,0,5,16,0,21
740560601,2,2,2,2,8
740560602,62,0,0,0,62
740560603,247,0,0,0,247
740560604,224,0,0,0,224
740560605,249,68,41,0,358
740560606,328,38,40,1,407
740560607,174,34,34,0,242
740560608,127,31,1,0,159
740560609,257,26,18,1,302
740560610,228,49,44,0,321
740560611,290,3,0,0,293
740560612,265,2,3,0,270
740560613,263,15,10,0,288
740560614,208,3,10,0,221
740560615,330,16,4,0,350
740560616,217,17,16,0,250
740560617,298,48,27,0,373
740560701,167,48,50,0,265
740560702,306,15,19,0,340
740560703,16,0,9,0,25
740560704,307,79,71,1,458
740560705,296,79,91,0,466
740560706,451,22,27,0,500
740560707,130,8,3,0,141
740560708,354,1,0,0,355
740560709,292,6,0,0,298
740560710,263,63,35,0,361
740560711,126,9,2,0,137
740560712,290,15,10,1,316
740560713,360,24,41,0,425
740560714,251,2,0,0,253
740560715,246,0,0,0,246
740560716,297,3,2,0,302
740560717,312,1,15,0,328
740560718,190,5,10,0,205
740560719,248,26,7,0,281
740560720,217,53,28,2,300
740560721,298,47,42,1,388
740560722,165,57,18,0,240
740560723,98,40,30,0,168
740560724,153,41,30,0,224
740560725,171,41,19,0,231
740560726,268,30,40,0,338
740560801,63,64,137,0,264
740560802,61,87,185,1,334
740560803,226,1,0,0,227
740560804,240,0,0,0,240
740560805,239,0,0,0,239
740560806,99,0,0,0,99
740560807,247,0,0,0,247
740560808,264,0,0,0,264
740560809,239,3,0,0,242
740560810,300,0,0,0,300
740560811,176,1,0,0,177
740560812,290,1,0,0,291
740560813,238,0,0,0,238
740560814,227,1,0,0,228
740560815,236,0,0,0,236
740560901,256,3,0,0,259
740560902,267,0,0,0,267
740560903,273,0,0,0,273
740560904,161,0,0,0,161
740560905,215,0,0,0,215
740560906,257,3,0,0,260
740560907,245,1,0,0,246
740560908,287,1,0,0,288
740560909,242,1,0,0,243
740560910,306,1,0,0,307
740560911,226,1,0,0,227
740560912,160,1,0,0,161
740560913,67,0,0,0,67
740560914,213,13,0,0,226
740560915,281,0,0,0,281
740560916,109,14,13,0,136
740561001,293,11,21,0,325
740561002,175,25,5,0,205
740561003,211,72,65,0,348
740561004,213,38,21,0,272
740561005,329,22,16,0,367
740561006,319,1,0,0,320
740561007,319,0,0,0,319
740561008,217,0,0,0,217
740561009,68,10,3,0,81
740561010,296,2,3,0,301
740561011,273,73,44,0,390
740561012,340,49,24,0,413
740561013,256,25,5,0,286
740561014,203,47,11,0,261
740561015,229,55,7,0,291
740561016,263,13,2,0,278
740561017,292,19,6,0,317
740561018,325,10,6,0,341
740561101,205,16,32,0,253
740561102,293,15,45,0,353
740561103,319,14,19,0,352
740561104,221,19,38,0,278
740561105,249,8,5,0,262
740561106,236,16,9,0,261
740561107,363,6,9,0,378
740561108,242,9,8,0,259
740561109,145,20,9,0,174
740561110,159,10,7,0,176
740561111,198,6,0,0,204
740561112,224,3,1,0,228
740561113,225,4,3,0,232
740561114,116,5,0,0,121
740561115,158,0,0,0,158
740561116,167,1,0,0,168
740561117,218,5,2,0,225
740561118,262,51,81,0,394
740561119,177,8,23,0,208
740561120,195,11,7,0,213
740561121,215,17,3,0,235
740561122,256,45,20,0,321
740561201,14,199,251,3,467
740561202,67,55,160,1,283
740561203,405,4,14,1,424
740561204,385,4,1,0,390
740561205,183,14,37,0,234
740561206,181,35,23,0,239
740561207,175,48,0,0,223
740561208,156,23,6,0,185
740561209,123,31,69,0,223
740561210,121,60,22,0,203
740561211,154,12,24,0,190
740561212,124,71,30,1,226
740561213,227,42,58,0,327
740561214,280,5,0,0,285
740561215,257,92,66,1,416
740561216,369,16,3,0,388
740561217,8,39,97,0,144
740561218,3,7,20,0,30
740561219,103,45,45,0,193
740561220,212,38,29,0,279
740561301,168,10,5,0,183
740561302,136,14,7,0,157
740561303,245,2,2,0,249
740561304,215,2,2,0,219
740561305,224,9,5,0,238
740561306,107,26,3,0,136
740561307,213,45,11,0,269
740561308,173,32,44,0,249
740561309,282,40,10,0,332
740561310,166,25,22,0,213
740561311,302,31,17,0,350
740561312,195,29,17,0,241
740561401,230,0,0,0,230
740561402,203,3,2,0,208
740561403,279,16,6,0,301
740561404,326,11,7,0,344
740561405,295,50,15,0,360
740561406,258,60,23,0,341
740561407,108,40,54,1,203
740561408,194,58,19,0,271
740561409,234,33,22,0,289
740561410,169,7,7,0,183
740561411,158,12,5,0,175
740561412,198,21,11,0,230
740561413,238,29,18,0,285
740561414,246,33,26,0,305
740561415,343,5,0,0,348
740561416,326,5,3,0,334
740561417,352,0,0,0,352
740561418,220,32,46,0,298
740561501,4,106,85,5,200
740561502,191,22,7,0,220
740561503,257,34,14,0,305
740561504,66,29,17,0,112
740561505,257,1,0,0,258
740561506,309,2,0,0,311
740561507,289,18,3,0,310
740561508,295,13,11,0,319
740561509,243,0,0,0,243
740561510,223,1,1,0,225
740561511,273,0,2,0,275
740561512,284,5,0,0,289
740561513,309,0,0,0,309
740561514,240,1,0,0,241
740561515,117,0,0,0,117
740561601,0,33,47,1,81
740561602,0,19,29,0,48
740561603,0,4,29,0,33
740561701,1,7,23,0,31
740561702,0,1,3,0,4
740561703,0,0,6,2,8
740561704,0,9,9,0,18
740561705,0,7,11,1,19
740561706,0,0,3,0,3
740561707,0,99,134,5,238
740561801,0,0,4,0,4
740561802,2,11,46,1,60
740561803,0,0,10,0,10
740561804,0,0,10,0,10
740561805,0,0,5,0,5
740561901,0,5,18,0,23
740561902,0,16,32,0,48
740561903,0,0,5,0,5
740561904,0,0,3,0,3
740630101,0,15,15,2,32
740630102,70,62,85,3,220
740630201,0,2,26,2,30
740630202,0,9,75,15,99
740630301,0,46,69,3,118
740630302,1,37,20,0,58
740630303,0,10,31,7,48
740630304,0,12,32,0,44
740630305,0,27,17,1,45
740630401,0,29,42,1,72
740630402,0,18,42,5,65
740630501,0,3,17,6,26
740630502,0,5,8,1,14
740630503,0,81,52,1,134
740630504,0,40,43,4,87
780070101,0,2,12,3,17
780070201,0,10,12,0,22
780070301,0,1,7,4,12
780070302,0,3,4,1,8
780070401,0,37,17,4,58
780070501,292,7,11,1,311
780070502,396,69,23,0,488
780070503,338,77,22,0,437
780070504,161,9,1,0,171
780070505,397,65,38,0,500
780070601,230,12,7,0,249
780070602,518,6,2,0,526
780070603,284,15,8,2,309
780070604,292,5,2,0,299
780140101,1,4,16,0,21
780140102,1,4,14,5,24
780140103,49,295,139,0,483
780140104,215,174,104,1,494
780140105,135,110,80,1,326
780140106,221,220,164,7,612
780140107,152,172,69,1,394
780140108,205,184,90,5,484
780140109,443,186,59,3,691
780140201,1,4,21,2,28
780140202,325,7,4,0,336
780140203,522,16,25,1,564
780140204,411,8,0,0,419
780140205,383,8,6,0,397
780140206,393,9,3,0,405
780140207,312,6,6,0,324
780140208,335,27,65,8,435
780140209,8,63,110,4,185
780140210,359,13,3,0,375
780140211,453,9,6,0,468
780140212,513,18,13,1,545
780140213,445,1,3,0,449
780140214,268,12,6,0,286
780140215,1,5,2,0,8
780140216,438,8,7,0,453
780140217,274,5,2,0,281
780140218,335,35,8,0,378
780140219,422,10,12,0,444
780140220,320,23,13,0,356
780140221,431,15,7,0,453
780140222,373,2,3,0,378
780140301,0,7,12,0,19
780140302,0,3,9,1,13
780140303,0,32,24,2,58
780140304,328,7,20,0,355
780140305,462,43,18,0,523
780140401,0,4,19,2,25
780140402,1,67,33,0,101
780140403,8,64,34,0,106
780140501,0,4,8,4,16
780140502,0,3,11,0,14
780140503,4,7,10,3,24
780140504,98,63,39,0,200
780140505,342,140,87,2,571
780140506,179,75,41,1,296
780140507,362,14,4,0,380
780140601,0,7,6,0,13
780140701,0,3,11,1,15
780140801,8,116,82,1,207
780140802,35,333,90,0,458
780140803,44,253,115,0,412
780140804,202,171,30,2,405
780140805,267,70,24,2,363
780140901,478,44,47,0,569
780140902,358,68,57,1,484
780140903,223,19,16,0,258
780140904,212,14,11,0,237
780140905,289,44,16,0,349
780140906,425,32,29,0,486
780140907,232,23,5,2,262
780140908,402,30,39,0,471
780140909,277,31,15,0,323
780140910,299,42,36,0,377
780140911,302,27,10,0,339
780140912,275,47,57,1,380
780140913,246,57,67,1,371
780140914,280,20,18,0,318
780141001,233,11,5,0,249
780141101,493,1,2,0,496
780141102,320,1,1,0,322
780141103,117,11,2,15,145
780141104,264,5,22,0,291
780141105,163,5,1,0,169
780141106,216,13,5,0,234
780141107,214,4,0,0,218
780141108,429,18,9,0,456
780141109,259,21,5,0,285
780141110,237,5,3,0,245
780141111,385,14,5,0,404
780141112,358,18,2,0,378
780141113,340,2,3,0,345
780141114,337,9,2,0,348
780141115,423,12,6,0,441
780141116,266,13,2,0,281
780141117,217,9,4,0,230
780141118,135,2,2,0,139
780141119,203,13,4,0,220
780141120,495,3,1,0,499
780141121,281,5,0,0,286
780141122,240,0,0,0,240
780141123,229,3,2,0,234
780141124,199,3,1,0,203
780141125,209,6,3,0,218
780141201,243,35,16,0,294
780141202,329,5,4,0,338
780141203,399,34,31,0,464
780141204,226,23,15,1,265
780141205,194,29,13,0,236
780141206,330,46,15,0,391
780141207,158,95,42,0,295
780141208,290,40,7,0,337
780210101,4,37,26,2,69
780210102,0,13,3,3,19
780210201,0,11,9,2,22
780210301,2,33,22,0,57
780210401,7,65,28,1,101
780210402,0,32,12,0,44
780210403,0,22,21,1,44
780210404,0,1,0,0,1
780210405,20,117,245,15,397
780210406,1,10,28,1,40
780210501,0,24,7,2,33
780210601,0,21,26,1,48
780210701,5,8,55,4,72
780210702,60,8,19,1,88
780210703,0,2,5,0,7
780210704,137,5,0,0,142
780210705,7,0,1,0,8
780210706,46,4,13,0,63
780210801,345,2,1,0,348
780210802,624,3,1,0,628
780210803,12,0,0,0,12
780210804,264,1,0,0,265
780210805,324,2,1,0,327
780210806,391,4,0,1,396
780210807,479,0,0,0,479
780210901,493,13,4,0,510
780210902,572,21,20,1,614
780210903,501,5,0,0,506
780211001,241,0,0,0,241
780211002,420,6,0,0,426
780211003,221,11,1,0,233
780211004,236,1,1,0,238
780211005,182,0,0,0,182
780211006,226,1,0,0,227
780211007,162,4,1,0,167
780211008,321,5,2,0,328
780211009,152,2,1,0,155
780211010,347,3,3,0,353
780211011,327,2,4,0,333
780211012,326,3,2,0,331
780211013,216,5,0,0,221
780211014,326,4,0,0,330
780211015,191,0,0,0,191
780211016,225,3,0,0,228
780211101,243,2,0,0,245
780211102,196,0,1,0,197
780211103,368,3,0,0,371
780211104,154,3,0,0,157
780211105,388,9,1,0,398
780211106,256,0,1,0,257
780211107,231,1,0,0,232
780211108,183,2,0,0,185
780211109,293,2,3,0,298
780211110,176,1,0,0,177
780211111,240,2,0,0,242
780211112,287,1,1,0,289
780211113,261,0,0,0,261
780211114,247,3,2,0,252
780211115,320,1,0,0,321
780211116,179,1,0,0,180
780211117,172,0,0,0,172
780211118,235,0,0,0,235
780211119,116,1,1,0,118
780211120,280,1,0,0,281
780211121,218,0,1,0,219
780211122,314,0,0,0,314
780211123,294,4,0,0,298
780211201,372,6,1,0,379
780211202,172,1,0,0,173
780211203,236,0,0,0,236
780211204,274,5,2,0,281
780211205,430,3,2,0,435
780211206,159,2,0,0,161
780211207,366,3,0,0,369
780211208,360,5,1,0,366
780211209,317,4,3,0,324
780211210,228,1,0,0,229
780211211,232,2,0,0,234
780211212,398,3,0,0,401
780211213,198,1,1,0,200
780211214,252,1,1,0,254
780211215,225,1,0,0,226
780211216,240,3,3,0,246
780211217,217,4,0,0,221
780211218,201,0,0,0,201
780211219,212,3,1,0,216
780211220,381,3,0,0,384
780211221,551,6,0,0,557
780211301,309,3,14,0,326
780211302,151,32,22,0,205
780211303,170,3,0,0,173
780211304,442,1,0,0,443
780211305,444,7,8,0,459
780211306,496,12,14,0,522
780211307,468,8,4,0,480
780211308,434,5,5,0,444
780211309,327,3,1,0,331
780211310,312,5,2,0,319
780211311,269,1,0,0,270
780211312,556,5,5,0,566
780211313,16,85,78,1,180
780211314,245,3,1,0,249
780211315,445,1,0,0,446
780211316,35,10,9,0,54
780211317,474,12,6,0,492
780211318,9,94,83,1,187
780211319,158,0,0,0,158
780211320,289,28,235,4,556
780211321,251,23,50,4,328
780211322,357,0,3,0,360
780211401,377,4,6,0,387
780211402,327,4,7,0,338
780211403,266,3,0,0,269
780211404,226,1,1,0,228
780211405,224,0,0,0,224
780211406,346,11,2,0,359
780211407,404,5,4,0,413
780211408,334,3,1,0,338
780211409,285,7,1,0,293
780211410,346,3,0,0,349
780211411,228,2,2,0,232
780211412,218,0,2,0,220
780211413,136,5,7,0,148
780211414,402,2,0,0,404
780211415,272,5,0,0,277
780280101,0,1,8,2,11
780280102,0,12,10,3,25
780280103,381,37,40,1,459
780280201,0,0,8,0,8
780280301,0,2,5,1,8
780280401,0,12,8,1,21
780280402,61,18,5,0,84
780280501,0,13,6,0,19
780280502,0,0,7,4,11
780280503,210,192,69,0,471
780280504,369,237,137,1,744
780280505,3,40,59,0,102
780280506,16,72,13,0,101
780280507,0,2,2,0,4
780280508,0,14,1,1,16
780280509,2,25,12,1,40
780280510,50,202,63,0,315
780280511,1,12,2,0,15
780280512,2,23,2,0,27
780280513,338,189,81,0,608
780280514,131,135,156,0,422
780280601,0,2,17,0,19
780280701,193,4,1,0,198
780280702,256,22,7,0,285
780280703,358,3,1,0,362
780280704,274,114,86,3,477
780280705,263,7,1,0,271
780280706,262,15,3,0,280
780350101,0,0,8,4,12
780350102,0,0,12,0,12
780350201,0,6,6,1,13
780350301,0,3,15,1,19
780350401,0,22,9,0,31
780350402,65,95,65,6,231
780350403,382,20,14,4,420
780350404,315,19,38,1,373
780350501,0,4,8,0,12
780350601,178,13,12,0,203
780350602,373,15,14,1,403
780350603,380,16,6,0,402
780350604,239,15,13,0,267
780350605,57,23,17,0,97
780420101,1,8,14,3,26
780420201,0,7,6,2,15
780420202,150,11,23,2,186
780420203,131,0,14,0,145
780420301,253,16,21,0,290
780420302,321,47,25,0,393
780420303,94,15,17,0,126
780420304,238,30,19,0,287
780420305,336,60,13,0,409
780420306,457,53,21,2,533
780420307,286,30,17,0,333
780490101,7,7,22,0,36
780490102,12,0,0,0,12
780490103,34,36,16,1,87
780490201,1,8,16,2,27
780490301,0,6,11,0,17
780490401,0,2,3,0,5
780490501,517,7,1,1,526
780490502,443,5,3,3,454
780490503,129,47,53,8,237
820070101,0,31,46,0,77
820070102,0,36,77,2,115
820070103,1,238,156,1,396
820070104,1,46,22,1,70
820070201,258,35,38,0,331
820070202,269,45,61,1,376
820070203,276,11,17,0,304
820070204,308,21,40,0,369
820070205,276,38,42,1,357
820070206,205,44,20,1,270
820070207,191,18,19,0,228
820070208,342,73,87,2,504
820070209,1,38,57,1,97
820070210,198,45,43,0,286
820070211,294,41,51,0,386
820070212,0,31,65,1,97
820070213,189,19,35,2,245
820070214,164,30,36,0,230
820070215,129,16,69,3,217
820070216,252,18,45,5,320
820070217,123,31,90,0,244
820070301,221,27,52,0,300
820070302,323,46,19,1,389
820070303,267,62,46,0,375
820070304,320,18,15,0,353
820070305,26,154,216,3,399
820070306,4,114,225,1,344
820070307,0,43,54,0,97
820070308,106,86,61,6,259
820070309,0,35,45,1,81
820070310,144,242,96,0,482
820070311,218,51,49,0,318
820070312,283,63,63,0,409
820070313,78,87,99,0,264
820070314,166,51,26,0,243
820070315,50,107,159,0,316
820070401,121,24,104,1,250
820070402,188,0,9,1,198
820070403,306,8,10,0,324
820070404,200,4,6,2,212
820070405,253,20,2,0,275
820070406,222,32,40,1,295
820070407,193,38,115,8,354
820070408,206,63,59,3,331
820070409,171,97,180,8,456
820070410,146,33,51,5,235
820070411,232,3,1,0,236
820070412,336,28,24,1,389
820070413,37,58,181,7,283
820070414,260,28,22,1,311
820140101,9,224,189,5,427
820140102,2,183,222,3,410
820140103,70,84,127,0,281
820140104,143,56,31,0,230
820140105,3,169,120,1,293
820140106,1,200,169,0,370
820140107,1,156,159,4,320
820140108,2,128,144,1,275
820140109,0,168,283,0,451
820140110,1,219,212,0,432
820140111,0,104,228,4,336
820140112,2,144,262,0,408
820140113,86,127,98,0,311
820140114,225,82,65,1,373
820140115,210,104,140,0,454
820140116,64,83,99,3,249
820140117,2,197,72,5,276
820140118,0,3,4,0,7
820140119,0,10,13,0,23
820140120,0,9,26,0,35
820140121,0,23,22,0,45
820140122,0,1,15,1,17
820140123,0,1,5,0,6
820140124,1,5,22,0,28
820140125,0,6,14,0,20
820140126,5,22,21,0,48
820140127,0,20,12,0,32
820140128,0,39,25,0,64
820140129,0,5,40,1,46
820140130,112,65,88,0,265
820140201,18,13,23,0,54
820140202,1,6,26,0,33
820140203,288,1,11,0,300
820140204,437,9,40,0,486
820140205,293,0,4,0,297
820140206,317,2,3,0,322
820140207,324,0,2,0,326
820140208,255,2,1,0,258
820140209,225,1,0,0,226
820140210,336,1,1,0,338
820140211,237,1,2,0,240
820140212,175,2,0,0,177
820140213,202,0,0,0,202
820140214,208,0,0,0,208
820140215,186,0,0,0,186
820140216,210,0,1,0,211
820140217,234,0,0,0,234
820140218,385,2,8,0,395
820140219,239,8,11,0,258
820140301,228,0,0,0,228
820140302,258,1,0,0,259
820140303,428,1,4,0,433
820140304,212,0,0,0,212
820140305,286,2,1,0,289
820140306,18,28,47,0,93
820140307,400,10,61,0,471
820140308,246,8,1,0,255
820140309,276,1,2,0,279
820140310,300,6,6,0,312
820140311,254,14,24,0,292
820140312,0,13,26,0,39
820140401,83,95,100,0,278
820140402,225,46,59,0,330
820140403,44,83,219,0,346
820140404,28,71,227,0,326
820140405,45,102,162,0,309
820140406,16,151,230,0,397
820140407,22,90,174,1,287
820140408,24,120,223,2,369
820140409,27,69,134,1,231
820140410,117,24,143,0,284
820140411,166,52,109,0,327
820140412,224,58,58,0,340
820140413,0,11,8,0,19
820140414,0,3,2,0,5
820140415,3,23,70,1,97
820140416,1,8,89,1,99
820140417,0,13,42,0,55
820140418,1,43,34,2,80
820140419,170,52,129,1,352
820140420,151,61,64,0,276
820140501,0,4,11,0,15
820140502,1,21,25,1,48
820140503,0,196,201,4,401
820140504,1,174,187,0,362
820140505,1,54,31,0,86
820140506,166,115,85,0,366
820140507,108,147,50,0,305
820140508,244,79,19,0,342
820140509,86,88,57,0,231
820140510,204,100,53,0,357
820140511,85,123,114,0,322
820140512,1,9,7,0,17
820140513,0,136,85,5,226
820140514,0,211,108,2,321
820140515,0,1,21,1,23
820140516,0,11,11,1,23
820140517,0,159,224,5,388
820140518,0,107,100,3,210
820140519,0,123,149,0,272
820140520,0,3,7,0,10
820140521,0,2,3,0,5
820140522,0,0,8,0,8
820140523,3,113,141,1,258
820140524,0,68,103,2,173
820140601,61,179,466,10,716
820140602,395,9,44,0,448
820140603,223,1,0,0,224
820140604,329,4,21,2,356
820140605,9,159,283,0,451
820140606,132,80,46,2,260
820140607,305,34,89,0,428
820140608,321,13,16,2,352
820140609,30,139,221,0,390
820140610,0,1,15,0,16
820140611,0,5,22,0,27
820149001,1,9,13,0,23
820210101,0,26,25,4,55
820210102,0,3,18,0,21
820210103,119,113,160,23,415
820210104,183,72,63,11,329
820210105,149,34,55,0,238
820210106,222,46,62,0,330
820210107,212,35,45,0,292
820210108,0,38,62,7,107
820210109,0,28,8,0,36
820210110,3,201,177,5,386
820210111,0,31,55,2,88
820210112,0,71,66,4,141
820210113,0,57,7,0,64
820210114,0,28,22,3,53
820210115,3,105,121,1,230
820210116,0,34,74,1,109
820210117,0,37,41,2,80
820210118,1,185,55,5,246
820210119,0,315,169,18,502
820210120,0,20,50,3,73
820210121,0,13,39,1,53
820210122,0,23,29,0,52
820210123,0,38,50,0,88
820210124,0,237,152,4,393
820210125,0,6,9,9,24
820210126,0,8,44,1,53
820210127,0,7,32,1,40
820210128,1,46,51,6,104
820210129,0,21,17,1,39
820210130,0,20,39,1,60
820210131,0,14,36,3,53
820210132,1,23,52,7,83
820210133,0,193,146,15,354
820210134,0,158,178,8,344
820210201,377,20,24,1,422
820210202,365,11,6,0,382
820210203,382,4,3,0,389
820210204,418,9,4,0,431
820210205,341,27,81,3,452
820210206,309,5,4,0,318
820210207,350,19,28,1,398
820210208,363,3,2,0,368
820210209,402,11,7,0,420
820210210,327,17,18,0,362
820210211,277,14,17,0,308
820210212,83,133,201,3,420
820210213,202,3,1,0,206
820210214,279,22,20,1,322
820210215,462,73,59,3,597
820210216,305,17,10,1,333
820210217,359,48,56,0,463
820210218,334,18,20,2,374
820210301,0,10,8,0,18
820210302,1,335,190,6,532
820210303,0,17,48,2,67
820210304,0,48,44,9,101
820210305,0,271,157,6,434
820210306,0,18,43,4,65
820210307,0,28,34,2,64
820210308,0,53,36,0,89
820210309,0,7,3,0,10
820210310,0,47,85,3,135
820210311,1,93,83,3,180
820210312,0,23,14,1,38
820210313,2,224,111,4,341
820210314,1,33,63,0,97
820210315,0,24,40,0,64
820210316,0,20,11,0,31
820210317,0,230,136,4,370
820210318,0,173,174,10,357
820210319,0,41,22,1,64
820210320,0,64,37,6,107
820210321,6,300,116,2,424
820210322,1,34,59,2,96
820210323,0,19,16,0,35
820210324,0,11,18,1,30
820210325,0,13,14,2,29
820210326,0,13,22,0,35
820210327,2,87,92,0,181
820210328,0,7,39,1,47
820210329,0,13,34,0,47
820210330,0,21,18,1,40
820210331,0,23,20,2,45
820210332,0,79,10,0,89
820210333,0,62,81,0,143
820210401,31,182,288,2,503
820210402,260,14,20,0,294
820210403,209,5,2,0,216
820210404,316,11,17,1,345
820210405,209,11,10,0,230
820210406,14,179,231,0,424
820210407,139,5,0,3,147
820210408,337,15,9,0,361
820210409,327,16,6,0,349
820210410,159,1,0,0,160
820210411,304,9,2,0,315
820210412,240,5,2,0,247
820210413,255,5,0,0,260
820210414,302,8,10,0,320
820210415,325,2,4,0,331
820210416,47,422,440,6,915
820210417,13,126,249,0,388
820210418,18,180,226,0,424
820210419,3,113,267,12,395
820210420,209,7,27,0,243
820210421,190,4,11,0,205
820210422,34,498,405,2,939
820210501,256,20,30,1,307
820210502,241,22,81,1,345
820210503,278,57,54,0,389
820210504,243,13,10,5,271
820210505,399,49,42,0,490
820210506,316,11,3,1,331
820210507,235,3,3,0,241
820210508,357,1,6,0,364
820210509,251,0,0,0,251
820210510,205,2,0,0,207
820210511,275,2,0,0,277
820210512,187,31,175,1,394
820210513,262,95,123,3,483
820210514,293,46,88,7,434
820210601,318,5,8,0,331
820210602,359,2,1,0,362
820210603,288,4,0,0,292
820210604,284,1,2,0,287
820210605,368,6,0,0,374
820210606,318,8,3,0,329
820210607,438,9,2,0,449
820210608,382,9,8,0,399
820210609,419,4,3,0,426
820210610,149,144,71,0,364
820210611,339,2,7,0,348
820210612,340,21,35,0,396
820210613,240,14,22,0,276
820210614,328,29,23,0,380
820210615,14,72,47,0,133
820210616,394,329,256,1,980
820210617,255,2,1,0,258
820210618,361,45,34,0,440
820210619,345,36,66,1,448
820210620,305,61,40,0,406
820210701,0,181,45,6,232
820210702,8,336,159,9,512
820210703,0,35,9,1,45
820210704,0,20,30,1,51
820210705,0,8,23,2,33
820210706,1,131,81,5,218
820210707,0,156,124,3,283
820210708,0,0,3,0,3
820210709,0,15,16,2,33
820210710,2,194,65,7,268
820210711,0,22,15,0,37
820210712,0,264,45,0,309
820210713,1,166,64,5,236
820210714,0,30,23,5,58
820210715,0,11,16,0,27
820210716,0,12,10,3,25
820210717,15,331,67,0,413
820210718,2,254,86,5,347
820210719,3,172,56,5,236
820210720,1,209,75,1,286
820210721,0,184,58,3,245
820210722,4,443,98,13,558
820210723,0,5,2,0,7
820210724,1,191,60,0,252
820210725,0,163,39,5,207
820210726,4,218,76,3,301
820210801,201,1,0,0,202
820210802,339,2,1,0,342
820210803,264,3,3,0,270
820210804,313,8,0,0,321
820210805,298,5,1,0,304
820210806,199,3,2,0,204
820210807,370,4,20,0,394
820210808,225,23,6,0,254
820210809,299,13,5,0,317
820210810,325,13,21,0,359
820210811,360,4,2,0,366
820210812,197,1,0,0,198
820210813,238,13,22,0,273
820210814,357,15,10,0,382
820210815,209,18,42,1,270
820210901,406,14,12,0,432
820210902,313,24,13,1,351
820210903,344,18,13,0,375
820210904,461,32,25,0,518
820210905,244,7,4,0,255
820210906,246,3,6,0,255
820210907,338,4,4,0,346
820210908,58,0,0,0,58
820210909,259,3,2,0,264
820210910,185,2,4,0,191
820210911,225,48,100,0,373
820210912,411,8,4,0,423
820210913,233,7,11,0,251
820210914,287,6,4,0,297
820211001,0,35,36,4,75
820211002,0,160,41,4,205
820211003,0,20,44,5,69
820211004,0,20,21,2,43
820211005,0,30,20,1,51
820211006,0,370,86,4,460
820211007,5,314,55,5,379
820211008,1,383,53,0,437
820211009,0,340,71,2,413
820211010,0,6,10,0,16
820211011,0,19,27,3,49
820211012,0,50,28,2,80
820211013,0,278,155,15,448
820211014,31,167,159,1,358
820211015,4,237,155,1,397
820211016,0,191,89,0,280
820211017,2,236,125,1,364
820211018,0,180,139,0,319
820280101,405,59,59,0,523
820280102,211,11,16,0,238
820280103,158,24,37,1,220
820280104,39,158,246,2,445
820280105,10,174,392,3,579
820280106,0,7,13,0,20
820280107,20,59,66,2,147
820280108,1,115,135,1,252
820280109,3,138,72,2,215
820280110,0,50,31,0,81
820280111,0,19,30,0,49
820280112,1,177,180,1,359
820280113,2,134,222,1,359
820280114,5,104,174,7,290
820280115,0,5,8,0,13
820280116,0,1,16,0,17
820280117,2,143,184,1,330
820280118,0,1,18,0,19
820280119,0,9,30,3,42
820280120,159,10,4,0,173
820280121,191,17,17,0,225
820280122,0,153,108,0,261
820280123,6,77,117,3,203
820280124,0,125,106,0,231
820280201,5,268,313,2,588
820280202,0,8,32,0,40
820280203,1,47,87,1,136
820280204,1,158,162,1,322
820280205,1,146,333,4,484
820280206,0,12,27,0,39
820280207,1,98,186,0,285
820280208,1,47,35,1,84
820280209,0,39,70,4,113
820280210,0,7,14,1,22
820280211,5,171,163,1,340
820280212,1,85,165,11,262
820280213,0,7,8,0,15
820280214,0,117,103,2,222
820280215,0,14,8,0,22
820280216,0,117,116,0,233
820280217,0,13,14,0,27
820280218,0,2,11,0,13
820280219,0,4,10,0,14
820280220,0,127,139,1,267
820280221,0,160,124,1,285
820280301,118,76,333,22,549
820280302,327,4,9,0,340
820280303,341,7,9,0,357
820280304,321,3,5,0,329
820280305,265,2,1,0,268
820280306,273,65,73,4,415
820280307,3,189,172,0,364
820280308,5,268,54,0,327
820280309,9,435,275,2,721
820280310,1,25,29,2,57
820280311,2,156,110,0,268
820280312,37,51,20,0,108
820280313,1,70,86,0,157
820280314,0,94,78,0,172
820280315,1,21,40,1,63
820280316,0,120,108,1,229
820280317,1,10,23,0,34
820280318,0,243,86,1,330
820280319,1,134,17,0,152
820280320,1,115,100,5,221
820280321,1,111,113,0,225
820280322,0,30,142,4,176
820280323,0,15,33,5,53
820280324,0,114,142,3,259
820280325,0,13,25,0,38
820280326,442,24,49,1,516
820280327,2,63,36,0,101
820280401,227,22,97,4,350
820280402,216,6,53,1,276
820280403,204,23,121,2,350
820280404,273,42,61,0,376
820280405,203,30,126,1,360
820280406,248,0,0,0,248
820280407,341,1,1,0,343
820280408,234,0,1,0,235
820280409,325,0,1,0,326
820280410,448,15,28,0,491
820280411,279,3,3,0,285
820280412,351,2,3,0,356
820280413,361,4,3,0,368
820280414,387,5,1,0,393
820280415,304,5,5,0,314
820280501,77,34,152,11,274
820280502,201,12,25,0,238
820280503,289,4,3,0,296
820280504,304,1,1,0,306
820280505,442,13,16,1,472
820280506,531,5,15,1,552
820280507,293,9,7,0,309
820280508,237,70,113,2,422
820280509,279,45,41,0,365
820280510,219,7,1,1,228
820280511,442,5,7,1,455
820280512,479,13,21,0,513
820280513,404,6,5,0,415
820280514,316,7,17,0,340
820280515,7,175,197,0,379
820280516,247,8,2,0,257
820280517,421,5,5,0,431
820289201,1,27,21,1,50
820350101,0,23,52,6,81
820350102,0,135,92,10,237
820350103,0,16,23,16,55
820350104,0,0,9,0,9
820350105,0,1,13,0,14
820350106,0,21,113,52,186
820350107,0,7,20,1,28
820350108,0,15,54,12,81
820350109,0,32,44,0,76
820350110,0,42,90,2,134
820350111,0,220,156,1,377
820350112,0,74,141,8,223
820350113,0,123,195,1,319
820350114,0,245,99,2,346
820350115,0,3,13,0,16
820350116,0,74,67,1,142
820350117,0,131,132,0,263
820350201,0,0,5,0,5
820350202,0,158,357,13,528
820350203,0,2,28,0,30
820350204,0,1,11,2,14
820350205,0,14,35,1,50
820350206,0,46,71,6,123
820350207,0,53,214,17,284
820350208,0,15,59,5,79
820350209,0,77,215,11,303
820350210,0,186,180,4,370
820350211,0,182,349,4,535
820350212,0,132,245,0,377
820350213,0,120,173,7,300
820420101,0,18,25,0,43
820420102,0,109,106,1,216
820420103,0,158,122,1,281
820420104,0,63,43,3,109
820420105,0,20,12,1,33
820420106,1,16,38,1,56
820420107,3,194,96,0,293
820420108,4,351,83,0,438
820420109,5,294,112,0,411
820420110,3,81,71,1,156
820420111,1,139,201,1,342
820420112,8,206,95,0,309
820420113,0,27,26,0,53
820420115,0,130,139,1,270
820420116,0,53,42,1,96
820420117,1,55,60,2,118
820420118,1,31,29,0,61
820420119,2,43,49,16,110
820420120,0,18,30,1,49
820420121,0,46,34,9,89
820420122,1,182,130,7,320
820420123,0,106,140,0,246
820420124,0,62,47,0,109
820420201,1,36,68,0,105
820420202,3,67,84,3,157
820420203,0,23,32,0,55
820420204,0,26,48,1,75
820420205,1,197,146,6,350
820420206,0,90,206,16,312
820420207,4,143,100,0,247
820420208,1,83,139,1,224
820420209,2,17,16,0,35
820420210,0,85,68,5,158
820420211,2,41,61,2,106
820420212,2,141,132,1,276
820420213,3,150,148,2,303
820420214,4,189,205,3,401
820420215,2,212,224,6,444
820420216,1,42,63,0,106
820420217,3,34,62,0,99
820420218,1,68,53,0,122
820420219,2,190,184,0,376
820420220,2,259,75,0,336
820420221,5,215,203,1,424
820420222,12,195,98,0,305
820420301,1,22,42,1,66
820420302,21,60,81,0,162
820420303,3,33,34,1,71
820420304,0,37,34,1,72
820420305,1,39,38,1,79
820420306,0,6,68,5,79
820420307,0,26,18,2,46
820420308,0,78,102,3,183
820420309,0,67,82,4,153
820420310,0,146,85,0,231
820420311,1,109,167,1,278
820420312,1,97,248,3,349
820420313,0,269,251,4,524
820420314,6,193,107,4,310
820420315,3,164,118,13,298
820420316,6,268,153,8,435
820420317,2,152,94,3,251
820420318,5,162,197,2,366
820420319,0,130,43,3,176
820420320,1,4,21,0,26
820420321,0,11,18,0,29
820420322,0,10,15,1,26
820420323,0,179,91,8,278
820420324,0,118,102,2,222
820420401,108,180,129,0,417
820420402,5,164,354,9,532
820420403,147,104,210,3,464
820420404,133,90,207,0,430
820420405,187,18,14,0,219
820420406,315,13,9,0,337
820420407,193,30,15,0,238
820420408,156,166,63,3,388
820420409,245,17,23,0,285
820420410,185,18,15,0,218
820420411,146,7,6,0,159
820420412,93,55,64,1,213
820420413,27,117,221,0,365
820420414,55,92,112,1,260
820420415,43,131,153,0,327
820420416,155,29,14,0,198
820420417,106,200,171,0,477
820420418,12,166,120,0,298
820420419,270,3,0,0,273
820420420,1,29,7,0,37
820420421,281,66,58,0,405
820420501,66,160,193,1,420
820420502,91,169,111,1,372
820420503,11,243,198,2,454
820420504,41,103,44,0,188
820420505,121,124,34,0,279
820420506,80,133,125,0,338
820420507,132,93,109,0,334
820420508,16,135,280,13,444
820420509,19,67,100,2,188
820420601,195,35,64,0,294
820420602,34,72,158,1,265
820420603,303,30,46,0,379
820420604,234,42,104,2,382
820420605,189,73,66,0,328
820420606,286,34,78,1,399
820420607,286,18,24,0,328
820420608,341,4,3,0,348
820420609,120,2,2,0,124
820420610,388,20,20,0,428
820420611,340,8,2,0,350
820420612,296,6,5,0,307
820420613,274,18,25,0,317
820420614,252,6,4,0,262
820420615,95,1,3,0,99
820420616,232,12,16,1,261
820420617,149,8,71,3,231
820420618,40,40,171,2,253
820420619,16,80,199,4,299
820420620,222,54,74,0,350
820420621,157,24,60,1,242
820420622,223,3,0,0,226
820420701,1,208,66,0,275
820420702,11,78,162,2,253
820420703,50,91,70,0,211
820420704,94,130,172,2,398
820420705,439,0,0,0,439
820420706,357,21,3,0,381
820420707,380,5,6,0,391
820420708,247,3,1,0,251
820420709,266,2,1,0,269
820420710,325,2,4,0,331
820420711,208,62,22,0,292
820420712,333,1,1,0,335
820420713,247,0,0,0,247
820420714,376,0,0,0,376
820420715,0,149,252,3,404
820420716,172,167,96,0,435
820420717,0,189,202,6,397
820420718,243,7,8,0,258
820420719,196,11,2,0,209
820420720,45,97,90,0,232
820420721,182,23,23,2,230
820420801,268,20,7,2,297
820420802,363,1,0,0,364
820420803,241,0,0,0,241
820420804,268,2,0,0,270
820420805,407,2,1,0,410
820420806,362,2,0,0,364
820420807,266,0,0,0,266
820420808,301,1,0,0,302
820420809,330,1,2,0,333
820420810,340,3,1,0,344
820420811,244,36,15,0,295
820420901,101,158,176,5,440
820420902,140,92,58,0,290
820420903,319,102,95,0,516
820420904,198,10,19,0,227
820420905,286,24,40,0,350
820420906,213,95,230,1,539
820420907,363,10,22,1,396
820420908,250,2,1,0,253
820420909,406,2,0,0,408
820420910,194,0,0,0,194
820420911,246,3,1,1,251
820420912,257,0,0,0,257
820420913,234,6,3,0,243
820420914,277,2,0,0,279
820420915,226,0,0,0,226
820420916,363,49,105,0,517
820420917,199,40,103,0,342
820420918,298,6,0,0,304
820420919,0,126,226,6,358
820420920,59,159,91,4,313
820420921,158,162,153,2,475
820420922,214,69,127,2,412
820420923,400,63,47,2,512
820420924,231,1,0,0,232
820420925,275,5,13,0,293
820420926,214,22,20,0,256
820421001,213,24,30,0,267
820421002,200,103,139,3,445
820421003,293,16,19,0,328
820421004,277,34,48,0,359
820421005,135,53,70,1,259
820421006,168,45,48,0,261
820421007,221,79,35,0,335
820421008,8,178,207,5,398
820421009,1,78,133,11,223
820421010,2,118,284,6,410
820421011,434,88,143,5,670
820421012,207,56,45,0,308
820421013,210,26,50,2,288
820421014,158,21,46,1,226
820421015,127,128,93,2,350
820421016,32,165,205,10,412
820421102,0,8,11,0,19
820421103,3,51,58,0,112
820421104,0,9,10,0,19
820421105,1,125,206,0,332
820421106,0,90,258,2,350
820421107,0,23,11,0,34
820421108,6,114,113,1,234
820421109,1,165,142,3,311
820421110,7,92,94,0,193
820421111,3,91,104,1,199
820421112,1,79,136,2,218
820421113,9,116,140,0,265
820421114,7,167,108,0,282
820421115,4,145,167,0,316
820421116,0,100,261,0,361
820421117,0,42,48,0,90
820421118,0,170,130,3,303
820421119,2,148,100,0,250
820421120,0,82,178,1,261
820421121,4,92,119,2,217
820421201,0,22,79,0,101
820421202,2,31,40,0,73
820421203,3,176,257,6,442
820421204,0,159,161,2,322
820421205,1,188,109,0,298
820421206,1,162,113,0,276
820421207,0,122,160,2,284
820421208,6,231,162,9,408
820421209,1,52,64,1,118
820421210,3,214,241,2,460
820421211,4,241,95,1,341
820421212,5,310,74,0,389
820421213,2,224,87,2,315
820421214,1,269,121,1,392
820421215,0,19,11,1,31
820421216,0,233,106,6,345
820429101,0,3,12,0,15
820490101,4,214,145,25,388
820490102,1,427,164,19,611
820490103,0,70,58,9,137
820490104,0,3,1,5,9
820490105,0,28,51,6,85
820490106,0,4,17,4,25
820490107,3,100,77,22,202
820490108,42,290,97,2,431
820490109,6,271,64,13,354
820490110,2,136,58,12,208
820490111,1,11,40,11,63
820490112,51,157,160,38,406
820490113,0,11,13,9,33
820490114,0,12,51,12,75
820490115,0,1,27,11,39
820490116,12,260,406,40,718
820490117,269,61,47,1,378
820490118,138,161,86,4,389
820490119,1,192,89,2,284
820490120,0,3,7,0,10
820490121,8,351,260,15,634
820490122,0,16,40,7,63
820490123,10,339,213,19,581
820490124,243,96,53,0,392
820490125,166,64,71,1,302
820490126,0,6,40,12,58
820490127,1,99,94,1,195
820490128,107,130,127,5,369
820490201,98,80,63,12,253
820490202,104,36,153,11,304
820490203,0,1,28,0,29
820490204,0,0,4,0,4
820490205,0,3,25,0,28
820490206,0,5,2,2,9
820490207,0,1,6,2,9
820490208,0,0,9,0,9
820490209,0,5,20,2,27
820490210,0,21,26,2,49
820490211,0,5,3,0,8
820490212,0,2,20,3,25
820490213,34,75,111,12,232
820490301,1,150,165,2,318
820490302,195,87,62,3,347
820490303,250,51,13,0,314
820490304,150,116,40,2,308
820490305,141,217,100,3,461
820490306,127,154,46,2,329
820490307,0,22,35,37,94
820490308,27,162,418,52,659
820490309,0,6,3,0,9
820490310,0,25,26,32,83
820490311,1,49,95,39,184
820490312,0,4,22,4,30
820490313,2,33,31,12,78
820490314,0,18,8,3,29
820490315,0,16,59,12,87
820490316,0,3,6,2,11
820490317,0,8,7,6,21
820490318,0,4,16,1,21
820490319,0,21,18,4,43
820490320,0,2,4,6,12
820490321,0,10,11,1,22
820490322,0,8,5,4,17
820490323,0,30,42,9,81
820490324,0,70,44,15,129
820490325,0,7,16,1,24
820490326,59,281,235,15,590
820490327,0,30,30,5,65
820490328,6,40,40,12,98
820490329,19,250,67,10,346
820490330,227,45,35,0,307
820490331,296,19,12,0,327
820490332,229,57,44,1,331
820490333,192,65,68,7,332
820490334,243,19,32,9,303
820490401,2,12,18,9,41
820490402,2,23,44,9,78
820490403,2,89,42,4,137
820490404,1,62,37,7,107
820490405,1,30,26,3,60
820490406,51,106,72,1,230
820490407,13,0,3,7,23
820490408,2,142,141,9,294
820490409,3,32,40,2,77
820490410,0,96,17,6,119
820490411,0,21,66,31,118
820490412,1,36,63,19,119
820490413,0,17,44,10,71
820490414,0,0,3,7,10
820490415,0,28,18,13,59
820490416,0,50,89,18,157
820490417,0,6,2,0,8
820490418,1,31,59,14,105
820490419,0,1,0,0,1
820490501,0,4,8,4,16
820490502,0,25,47,3,75
820490503,0,9,34,2,45
820490504,17,67,43,5,132
820490505,0,30,40,0,70
820490506,2,22,35,16,75
820490507,0,30,44,16,90
820490508,0,18,33,4,55
820490509,60,141,96,5,302
820490510,146,299,322,13,780
820490511,250,16,69,1,336
820490512,266,15,27,0,308
820490513,370,0,5,0,375
820490514,184,186,179,1,550
820490515,239,25,27,1,292
820490516,389,13,10,2,414
820490517,260,7,12,0,279
820490518,230,38,36,0,304
820490519,0,0,0,0,0
820490520,0,0,1,0,1
820490521,3,145,60,1,209
820490522,292,34,39,1,366
820490523,403,42,104,6,555
820490524,304,68,68,5,445
820490525,234,33,43,0,310
820490526,307,9,9,0,325
820490527,444,37,25,0,506
820490601,241,2,10,0,253
820490602,261,6,20,0,287
820490603,449,12,9,0,470
820490604,465,2,9,0,476
820490605,354,9,17,0,380
820490606,314,5,2,0,321
820490607,5,72,209,0,286
820490608,61,154,298,16,529
820490609,118,2,5,0,125
820490610,376,1,2,0,379
820490611,269,0,0,0,269
820490612,231,0,0,0,231
820490613,307,2,0,0,309
820490614,189,3,0,0,192
820490615,235,4,3,0,242
820490616,348,4,0,0,352
820490701,153,42,87,5,287
820490702,318,1,2,0,321
820490703,226,0,0,0,226
820490704,258,2,3,0,263
820490705,44,91,123,1,259
820490706,430,0,0,0,430
820490707,200,153,148,2,503
820490708,426,6,2,0,434
820490709,416,2,1,0,419
820490710,278,0,1,0,279
820490711,260,0,4,0,264
820490712,445,17,7,0,469
820490713,209,0,0,0,209
820490714,183,46,5,0,234
820490715,248,60,170,2,480
820490716,373,15,27,0,415
820490717,7,282,190,2,481
820490718,10,284,385,44,723
820490719,14,157,299,30,500
820490801,0,85,43,6,134
820490802,0,0,26,23,49
820490803,63,4,32,23,122
820490804,0,0,2,0,2
820490805,0,4,6,0,10
820490806,43,20,18,4,85
820490807,0,22,28,10,60
820490808,0,26,45,2,73
820490809,0,34,22,6,62
820490810,7,55,134,30,226
820490811,0,0,0,0,0
820490812,0,33,8,4,45
820490813,0,6,2,0,8
820490814,0,11,57,2,70
820490815,0,10,26,4,40
820490816,0,5,7,4,16
820490817,46,1,0,0,47
820490818,2,59,66,5,132
820490819,11,17,31,2,61
820490901,3,93,14,1,111
820490902,0,12,13,2,27
820490903,0,41,68,5,114
820490904,1,24,58,4,87
820490905,0,50,46,2,98
820490906,183,161,136,5,485
820490907,169,54,14,0,237
820490908,115,105,54,1,275
820490909,0,50,24,2,76
820490910,4,76,38,3,121
820490911,0,82,15,4,101
820490912,0,12,37,5,54
820490913,1,44,134,28,207
820490914,197,64,33,8,302
820490915,77,110,132,6,325
820490916,192,75,27,0,294
820491001,279,1,0,0,280
820491002,256,2,2,0,260
820491003,293,0,0,0,293
820491004,341,7,0,0,348
820491005,434,10,7,0,451
820491006,3,64,222,6,295
820491007,4,363,341,21,729
820491008,0,235,148,0,383
820491009,26,234,98,0,358
820491010,31,183,159,0,373
820491011,30,229,162,1,422
820491012,0,175,148,0,323
820491013,1,181,87,1,270
820491014,6,445,166,3,620
820491015,1,246,193,1,441
820491016,2,191,241,8,442
820491017,2,294,219,10,525
820491018,19,262,100,4,385
820491019,21,387,113,10,531
820560101,0,124,178,6,308
820560102,1,26,32,1,60
820560103,6,157,146,3,312
820560104,2,162,49,0,213
820560105,2,208,154,2,366
820560106,4,41,55,3,103
820560107,9,1,2,1,13
820560108,0,94,181,6,281
820560109,8,168,100,0,276
820560110,0,32,68,5,105
820560111,2,178,78,0,258
820560112,0,94,45,0,139
820560113,1,63,67,2,133
820560114,0,58,22,0,80
820560115,2,137,114,4,257
820560116,1,147,63,0,211
820560117,2,224,85,0,311
820560118,1,81,50,2,134
820560201,28,69,79,0,176
820560202,299,12,24,4,339
820560203,232,5,2,0,239
820560204,367,5,9,0,381
820560205,382,4,2,0,388
820560206,290,11,29,7,337
820560207,15,49,113,0,177
820560208,1,95,83,2,181
820560209,34,29,40,0,103
820560210,258,30,23,2,313
820560211,1,43,35,1,80
820560212,1,43,71,8,123
820560213,0,50,43,3,96
820560214,2,65,79,0,146
820560215,444,9,23,1,477
820560216,150,57,24,0,231
820560217,243,5,16,0,264
820560218,295,10,8,0,313
820560219,283,8,18,1,310
820560301,243,45,79,2,369
820560302,36,49,61,1,147
820560303,172,113,230,2,517
820560304,120,78,24,1,223
820560305,197,112,102,1,412
820560306,144,22,88,0,254
820560307,196,54,34,0,284
820560308,1,68,116,7,192
820560309,106,31,123,2,262
820560310,140,32,51,0,223
820560311,337,66,133,1,537
820560312,1,21,73,1,96
820560313,0,32,63,5,100
820560314,2,35,46,2,85
820560401,284,46,91,1,422
820560402,365,5,4,0,374
820560403,329,0,0,0,329
820560404,264,4,1,0,269
820560405,405,5,1,1,412
820560406,292,0,0,0,292
820560407,180,0,0,0,180
820560408,265,2,0,0,267
820560409,326,2,0,0,328
820560410,250,0,2,0,252
820560411,307,6,3,0,316
820560412,227,1,2,0,230
820560413,175,2,1,0,178
820560414,459,12,29,1,501
820560415,238,2,1,0,241
820560501,39,71,47,0,157
820560502,467,18,20,0,505
820560503,320,3,6,0,329
820560504,272,3,1,0,276
820560505,369,6,6,0,381
820560506,244,0,1,0,245
820560507,418,31,32,0,481
820560508,178,2,6,0,186
820560509,264,47,97,2,410
820560510,256,15,20,0,291
820560511,379,12,36,0,427
820560512,267,12,15,0,294
820560513,169,45,51,0,265
820560514,263,27,29,0,319
820560515,222,2,1,0,225
820560516,198,13,41,1,253
820630101,23,120,77,0,220
820630102,3,4,14,0,21
820630103,0,206,125,1,332
820630104,3,148,132,1,284
820630105,1,258,122,1,382
820630106,0,24,74,3,101
820630107,0,120,169,6,295
820630108,16,26,37,0,79
820630109,5,112,175,0,292
820630110,1,118,240,3,362
820630111,0,18,115,14,147
820630112,0,29,58,0,87
820630113,0,16,25,0,41
820630114,0,16,82,0,98
820630115,0,30,16,2,48
820630116,0,13,15,2,30
820630117,0,8,23,1,32
820630118,4,88,163,1,256
820630119,7,234,155,2,398
820630120,1,196,88,0,285
820630121,3,108,106,2,219
820630122,0,226,121,1,348
820630123,0,151,101,1,253
820630124,0,178,86,1,265
820630125,1,133,181,0,315
820630126,2,241,260,7,510
820630127,4,157,142,1,304
820630128,10,41,292,5,348
820630129,2,159,375,12,548
820630201,0,56,38,0,94
820630202,0,17,17,1,35
820630203,0,7,14,0,21
820630204,3,178,145,6,332
820630205,3,210,92,2,307
820630206,2,248,80,2,332
820630207,4,296,89,1,390
820630208,2,292,188,3,485
820630209,4,206,53,0,263
820630210,2,220,48,1,271
820630211,80,151,30,0,261
820630212,0,305,88,0,393
820630213,3,193,249,4,449
820630214,0,44,29,2,75
820630215,1,33,43,1,78
820630216,1,116,108,1,226
820630217,0,3,20,0,23
820630218,0,19,31,0,50
820630219,2,15,31,0,48
820630220,21,93,186,2,302
820630221,133,161,188,0,482
820630222,92,121,196,1,410
820630223,1,44,86,1,132
820630224,0,18,74,1,93
820630225,1,74,117,0,192
820630226,0,24,48,1,73
820630227,0,34,39,7,80
820630228,1,28,56,3,88
820630229,0,1,19,3,23
820630230,0,13,12,1,26
820630231,65,146,87,3,301
820630232,29,191,165,0,385
820630301,1,51,95,9,156
820630302,1,62,149,8,220
820630303,0,81,85,0,166
820630304,0,0,0,1,1
820630305,3,94,108,1,206
820630306,2,66,124,1,193
820630307,8,98,258,1,365
820630308,0,87,178,2,267
820630309,3,186,122,7,318
820630310,2,144,265,4,415
820630311,2,67,304,16,389
820630312,6,223,209,16,454
820630313,3,96,114,3,216
820630314,0,179,198,1,378
820630315,2,57,173,6,238
820630316,8,46,302,5,361
820630317,0,16,272,8,296
820630318,0,0,3,5,8
820630319,0,212,254,1,467
820630320,0,1,1,0,2
820630321,0,0,0,0,0
820630322,4,105,206,7,322
820630323,2,74,164,1,241
820630324,0,204,209,4,417
820630325,2,151,210,1,364
820630326,0,155,148,2,305
820630327,0,89,120,1,210
820630401,1,0,10,7,18
820630402,374,4,0,0,378
820630403,134,1,0,0,135
820630404,371,1,0,0,372
820630405,1,2,80,9,92
820630406,0,2,1,1,4
820630407,23,83,197,15,318
820630408,2,20,268,0,290
820630409,25,149,683,1,858
820630410,10,199,941,28,1178
820630411,4,31,249,4,288
820630412,559,1,0,0,560
820630501,15,211,273,10,509
820630502,8,136,292,3,439
820630503,12,147,222,3,384
820630504,6,80,224,4,314
820630505,3,52,231,0,286
820630506,4,100,435,4,543
820630507,3,64,264,0,331
820630508,6,52,325,5,388
820630509,11,49,499,9,568
820630510,7,86,330,17,440
820630511,3,151,189,0,343
820630512,2,66,157,6,231
820630513,15,66,272,5,358
820630601,14,51,333,2,400
820630602,5,97,215,0,317
820630603,411,3,4,0,418
820630604,284,41,50,3,378
820630605,90,18,118,0,226
820630606,167,33,53,3,256
820630607,213,5,7,0,225
820630608,202,5,5,0,212
820630609,417,8,12,2,439
820630610,37,94,87,0,218
820630611,4,120,135,0,259
820630612,28,130,90,0,248
820630613,258,3,5,0,266
820630614,317,7,6,0,330
820630615,267,6,6,0,279
820630616,276,9,5,0,290
820630617,290,8,6,0,304
820630618,225,5,4,0,234
820630701,118,15,126,14,273
820630702,223,10,13,0,246
820630703,194,5,1,0,200
820630704,411,5,11,0,427
820630705,421,2,0,0,423
820630706,464,3,3,0,470
820630707,299,0,0,0,299
820630708,247,1,0,0,248
820630709,238,11,0,0,249
820630710,267,1,7,0,275
820630711,274,6,5,0,285
820630712,260,1,0,0,261
820630713,311,10,3,0,324
820630714,215,1,0,0,216
820630801,233,4,4,0,241
820630802,307,5,12,0,324
820630803,241,11,4,0,256
820630804,258,7,3,0,268
820630805,235,3,3,0,241
820630806,252,5,1,0,258
820630807,222,6,1,0,229
820630808,285,4,3,0,292
820630809,258,5,3,0,266
820630810,296,4,3,0,303
820630811,263,4,6,0,273
820630812,318,5,5,0,328
820630813,195,7,9,0,211
820630814,214,5,4,0,223
820630901,384,16,14,1,415
820630902,237,6,8,0,251
820630903,340,11,10,0,361
820630904,214,6,7,0,227
820630905,229,5,3,0,237
820630906,321,7,12,0,340
820630907,233,6,4,0,243
820630908,349,11,5,0,365
820630909,275,4,6,0,285
820630910,334,3,11,0,348
820631001,5,120,161,1,287
820631002,15,169,206,0,390
820631003,16,73,169,0,258
820631004,5,93,124,0,222
820631005,6,51,175,0,232
820631006,9,119,127,1,256
820631007,10,108,300,4,422
820631008,39,135,349,3,526
820631009,16,73,255,0,344
820631010,11,249,97,0,357
820631011,251,94,36,0,381
820631012,12,55,141,2,210
820631013,1,75,344,4,424
820631101,19,46,316,8,389
820631102,16,46,231,5,298
820631103,13,96,277,2,388
820631104,10,93,144,0,247
820631105,45,105,206,0,356
820631106,55,98,456,11,620
820631107,0,164,484,11,659
820631108,3,27,164,1,195
820631109,1,55,192,1,249
820631110,27,127,374,11,539
820631111,7,90,317,0,414
820631112,3,30,191,1,225
820631113,114,49,213,1,377
820631114,8,130,127,1,266
820631115,93,161,108,1,363
820631116,203,60,29,2,294
820631117,10,30,215,3,258
820631118,9,69,204,9,291
820631119,9,43,179,7,238
820631201,19,96,236,2,353
820631202,7,125,93,2,227
820631203,4,69,96,1,170
820631204,22,121,245,1,389
820631205,5,7,209,0,221
820631206,12,55,72,17,156
820631207,18,131,213,2,364
820631208,11,154,212,0,377
820631209,253,65,77,0,395
820631210,13,27,200,12,252
820631211,143,107,57,0,307
820631212,295,3,2,2,302
820631213,129,122,120,0,371
820631214,17,43,204,0,264
820631215,16,37,196,2,251
820631301,5,113,153,0,271
820631302,9,131,216,0,356
820631303,87,57,32,1,177
820631304,276,8,12,0,296
820631305,60,65,134,0,259
820631306,8,86,140,0,234
820631307,5,76,179,1,261
820631308,6,81,152,2,241
820631309,26,108,324,1,459
820631310,23,93,115,1,232
820631311,200,36,30,0,266
820631312,279,11,10,0,300
820631313,340,14,11,0,365
820631314,268,7,7,0,282
820631315,329,23,9,1,362
820631316,237,55,106,0,398
820631317,319,31,19,0,369
820631318,242,10,14,0,266
820631319,12,111,98,0,221
820631320,3,135,79,0,217
820631401,287,8,6,0,301
820631402,363,7,11,0,381
820631403,335,11,3,0,349
820631404,334,7,17,0,358
820631405,266,9,11,0,286
820631406,270,0,7,0,277
820631407,277,2,1,0,280
820631408,309,2,1,0,312
820631409,356,3,0,0,359
820631410,332,4,22,0,358
820631411,326,0,0,0,326
820631501,333,9,13,0,355
820631502,283,1,1,0,285
820631503,291,2,4,0,297
820631504,235,3,1,0,239
820631505,301,4,5,0,310
820631506,184,3,2,0,189
820631507,245,10,30,0,285
820631508,248,3,5,0,256
820631509,254,5,7,0,266
820631510,325,12,11,0,348
820631511,320,24,11,1,356
820631512,307,4,5,0,316
820631513,244,7,1,0,252
820631601,300,2,2,0,304
820631602,321,2,7,0,330
820631603,393,2,0,0,395
820631604,245,2,4,0,251
820631605,224,3,2,0,229
820631606,241,0,0,0,241
820631607,173,3,1,0,177
820631608,330,8,34,0,372
820631609,218,5,8,0,231
820631610,364,9,4,0,377
820631611,235,3,5,0,243
820631612,241,5,10,0,256
820631701,351,3,1,0,355
820631702,425,11,16,0,452
820631703,156,23,32,5,216
820631704,170,2,1,0,173
820631705,341,2,3,0,346
820631706,305,3,3,0,311
820631707,239,3,0,0,242
820631708,289,1,1,0,291
820631709,280,1,0,0,281
820631710,289,0,1,0,290
820631711,308,3,0,0,311
820631712,283,1,0,1,285
820631713,325,1,0,0,326
820631714,339,1,0,0,340
820631801,319,8,4,0,331
820631802,391,1,0,0,392
820631803,323,1,0,0,324
820631804,279,2,2,0,283
820631805,96,1,0,0,97
820631806,259,2,0,0,261
820631807,468,0,0,0,468
820631808,345,2,0,0,347
820631809,224,3,0,0,227
820631810,252,13,0,0,265
820631811,365,3,1,0,369
820631812,197,0,0,0,197
820631813,178,0,0,0,178
820631901,37,95,194,3,329
820631902,133,74,46,0,253
820631903,355,8,11,0,374
820631904,186,0,0,0,186
820631905,235,2,0,0,237
820631906,163,2,2,0,167
820631907,339,6,22,0,367
820631908,19,40,122,1,182
820631909,72,112,206,0,390
820631910,5,67,335,5,412
820631911,4,34,207,0,245
820631912,281,0,1,0,282
820631913,31,93,440,14,578
820632001,305,3,2,0,310
820632002,121,0,0,0,121
820632003,154,38,14,0,206
820632004,0,0,0,0,0
820632005,159,0,0,0,159
820632006,234,2,0,0,236
820632007,163,5,0,0,168
820632008,302,5,5,0,312
820632009,200,16,21,0,237
820632010,289,9,14,0,312
820632011,218,16,40,0,274
820632012,202,55,46,1,304
820632101,325,3,0,0,328
820632102,346,1,0,0,347
820632103,288,0,0,0,288
820632104,459,1,1,0,461
820632105,342,1,0,0,343
820632106,253,1,0,0,254
820632107,319,0,0,0,319
820632108,256,1,0,1,258
820632109,354,0,0,0,354
820632110,101,0,0,0,101
820632111,289,23,0,0,312
820632112,344,2,0,0,346
820632113,206,3,0,0,209
820632114,340,0,0,0,340
820632115,155,1,0,0,156
820632201,218,3,0,0,221
820632202,241,0,0,0,241
820632203,191,2,0,0,193
820632204,132,2,0,0,134
820632205,149,3,0,0,152
820632206,110,0,0,0,110
820632207,325,1,1,0,327
820632208,326,0,0,0,326
820632209,272,1,0,0,273
820632210,208,0,0,0,208
820632211,167,1,0,0,168
820632212,249,0,0,0,249
820632213,240,0,0,0,240
820632214,248,4,0,0,252
820632301,282,1,0,0,283
820632302,312,2,0,0,314
820632303,262,0,0,0,262
820632304,328,1,0,0,329
820632305,249,2,0,0,251
820632306,440,0,0,0,440
820632307,156,0,0,0,156
820632308,372,0,0,0,372
820632309,298,0,0,0,298
820632310,353,0,0,0,353
820632311,156,0,1,0,157
820632312,271,7,4,0,282
820632313,147,0,0,0,147
820632314,287,7,0,0,294
820632401,290,2,0,0,292
820632402,260,1,0,0,261
820632403,298,1,0,0,299
820632404,235,1,0,0,236
820632405,186,0,0,0,186
820632406,175,0,0,0,175
820632407,136,0,0,0,136
820632408,229,0,0,0,229
820632409,249,0,0,0,249
820632410,201,0,0,0,201
820632411,243,1,0,0,244
820632412,255,2,0,0,257
820632413,175,0,2,0,177
820632414,231,0,0,0,231
820632415,221,0,0,0,221
820632416,228,3,0,0,231
820632417,221,0,0,0,221
820632418,119,1,0,0,120
820632501,128,32,44,1,205
820632502,352,2,13,0,367
820632503,402,1,0,0,403
820632504,196,1,0,0,197
820632505,176,0,1,0,177
820632506,111,44,116,1,272
820632507,155,20,8,0,183
820632508,198,1,0,0,199
820632509,338,1,0,0,339
820632510,293,2,0,0,295
820632511,156,51,43,0,250
820632512,47,46,28,0,121
820632513,221,5,2,0,228
820632601,25,59,457,10,551
820632602,15,85,221,5,326
820632603,208,19,71,2,300
820632604,197,33,64,1,295
820632605,15,76,270,5,366
820632606,94,62,115,4,275
820632607,408,2,4,1,415
820632608,317,8,5,1,331
820632609,365,11,12,0,388
820632610,244,0,0,0,244
820632611,248,0,0,0,248
820632612,356,0,0,0,356
820632613,205,54,340,2,601
820632614,284,13,6,0,303
820632615,198,13,46,0,257
820632616,9,30,236,5,280
820632617,108,67,267,0,442
820632701,4,123,103,0,230
820632702,74,93,103,1,271
820632703,186,53,32,0,271
820632704,334,6,4,0,344
820632705,264,0,1,0,265
820632706,407,2,2,0,411
820632707,301,3,6,0,310
820632708,256,1,0,0,257
820632709,125,156,222,1,504
820632710,284,69,115,0,468
820632711,267,50,59,0,376
820632712,47,186,167,0,400
820632713,4,66,342,17,429
820632714,3,211,256,3,473
820632715,170,118,81,2,371
820632716,0,31,91,5,127
820632801,221,53,37,0,311
820632802,298,47,28,0,373
820632803,403,3,10,0,416
820632804,14,1,1,0,16
820632805,393,52,81,0,526
820632806,389,83,91,0,563
820632807,189,164,72,0,425
820632808,20,145,144,0,309
820632809,7,174,236,0,417
820632810,8,224,228,2,462
820632811,15,189,442,8,654
820632812,1,2,1,0,4
820632813,7,0,0,0,7
820632814,0,187,273,3,463
820632815,1,47,108,0,156
820632816,0,42,114,3,159
820632817,4,138,94,0,236
820632818,1,83,168,5,257
820632819,6,216,117,3,342
820632820,0,1,4,0,5
820632821,1,17,35,1,54
820632822,26,10,20,0,56
820632823,1,96,112,1,210
820632824,0,0,2,0,2
820632825,2,103,57,0,162
820632826,8,86,103,0,197
820632827,1,52,26,0,79
820632828,7,123,111,0,241
820632829,5,134,147,2,288
820632901,117,221,163,4,505
820632902,1,87,136,3,227
820632903,246,9,3,0,258
820632904,377,18,36,0,431
820632905,30,67,331,1,429
820632906,4,114,199,5,322
820632907,5,148,100,0,253
820632908,39,113,139,0,291
820632909,9,173,165,1,348
820632910,11,120,157,1,289
820632911,213,11,10,0,234
820632912,232,3,2,0,237
820632913,329,3,0,0,332
820632914,188,25,2,0,215
820632915,235,22,81,0,338
820633001,327,2,0,0,329
820633002,376,4,1,0,381
820633003,219,0,0,0,219
820633004,180,11,7,0,198
820633005,242,2,2,0,246
820633006,288,1,0,0,289
820633007,440,2,6,0,448
820633008,461,2,4,0,467
820633009,418,12,26,1,457
820633010,389,16,8,0,413
820633011,335,14,8,0,357
820633012,182,56,25,0,263
820633013,268,29,91,2,390
820633101,16,252,303,0,571
820633102,1,78,108,0,187
820633103,11,129,198,0,338
820633104,15,401,256,1,673
820633105,3,13,11,0,27
820633106,9,142,173,1,325
820633107,17,157,221,2,397
820633108,6,129,89,1,225
820633109,14,439,211,2,666
820633110,52,58,249,2,361
820633111,17,40,228,18,303
820633112,112,125,115,2,354
820633113,251,60,60,0,371
820633114,8,226,135,1,370
820633115,10,98,324,2,434
820633201,3,113,248,4,368
820633202,2,95,217,0,314
820633203,3,145,280,1,429
820633204,1,76,168,2,247
820633205,4,54,266,2,326
820633206,4,77,168,3,252
820633207,3,153,319,1,476
820633208,9,236,133,0,378
820633209,421,19,50,0,490
820633210,297,1,2,1,301
820633211,12,125,247,3,387
820633212,14,165,402,9,590
820633213,452,33,44,0,529
820633214,230,0,27,0,257
820633215,207,18,0,0,225
820633216,101,47,150,0,298
820633301,5,52,289,4,350
820633302,6,42,220,0,268
820633303,239,28,48,1,316
820633304,34,49,203,4,290
820633305,7,67,183,0,257
820633306,335,8,2,0,345
820633307,295,6,7,0,308
820633308,295,1,3,0,299
820633309,21,86,115,1,223
820633310,4,81,179,4,268
820633401,44,386,282,3,715
820633402,3,85,285,4,377
820633403,3,88,358,7,456
820633404,13,90,141,3,247
820633405,32,896,573,2,1503
820633406,9,225,309,1,544
820633407,0,152,108,2,262
820633408,0,101,114,2,217
820633409,1,40,209,1,251
820633410,5,81,153,3,242
820633411,0,128,158,0,286
820633412,4,176,260,2,442
820633413,12,445,419,1,877
820633501,146,13,73,2,234
820633502,244,8,14,0,266
820633503,180,14,39,1,234
820633504,224,4,2,0,230
820633505,218,4,1,0,223
820633506,323,1,0,0,324
820633507,317,1,0,0,318
820633508,317,1,0,0,318
820633509,305,2,0,0,307
820700101,0,151,129,1,281
820700102,0,22,68,1,91
820700103,0,20,12,0,32
820700104,1,158,152,9,320
820700105,0,46,50,3,99
820700106,0,8,20,0,28
820700107,0,25,27,0,52
820700108,0,121,106,6,233
820700109,0,9,51,1,61
820700110,0,123,61,2,186
820700111,9,345,108,2,464
820700112,0,32,36,5,73
820700113,0,23,14,0,37
820700114,0,8,23,0,31
820700115,0,30,51,0,81
820700116,0,9,37,0,46
820700117,0,129,78,0,207
820700201,254,81,42,0,377
820700202,25,47,83,4,159
820700203,4,64,18,1,87
820700204,193,108,44,0,345
820700205,6,27,83,2,118
820700206,0,25,42,1,68
820700207,0,109,83,0,192
820700208,0,55,51,1,107
820700209,189,55,25,6,275
820700210,1,50,89,2,142
820700211,0,112,39,0,151
820700212,0,35,63,0,98
820700213,216,124,53,0,393
820700214,21,51,89,4,165
820700215,0,28,13,0,41
820700216,0,13,47,0,60
820700217,0,36,26,0,62
820700218,122,131,96,0,349
820700219,302,100,82,0,484
820700220,38,57,63,0,158
820700221,192,92,69,0,353
820700222,245,43,56,1,345
820700301,1,78,110,7,196
820700302,0,59,51,0,110
820700303,2,202,208,1,413
820700304,64,60,44,5,173
820700305,324,19,32,1,376
820700306,225,10,10,0,245
820700307,240,8,4,0,252
820700308,314,12,2,0,328
820700309,326,2,2,0,330
820700310,296,68,100,0,464
820700311,12,217,185,0,414
820700312,215,25,15,0,255
820700313,240,19,10,0,269
820700314,229,66,46,0,341
820700315,3,237,232,0,472
820700316,242,26,22,0,290
820700317,284,5,4,0,293
820700318,34,253,197,1,485
820700319,190,65,113,0,368
820700320,40,169,111,0,320
820700401,3,265,351,6,625
820700402,366,119,76,0,561
820700403,93,158,142,0,393
820700404,301,35,18,0,354
820700405,284,5,6,0,295
820700406,5,197,108,0,310
820700407,227,5,0,1,233
820700408,214,0,1,0,215
820700409,253,0,2,0,255
820700410,199,178,170,0,547
820700411,334,0,1,0,335
820700412,294,3,2,0,299
820700413,330,19,8,0,357
820700414,242,35,37,1,315
820700415,15,229,210,2,456
820700416,303,81,54,0,438
820700417,25,357,243,2,627
820700418,233,3,0,1,237
820700419,307,12,2,0,321
820700420,188,3,4,0,195
820700501,273,33,84,2,392
820700502,165,18,13,1,197
820700503,331,53,22,0,406
820700504,151,25,19,2,197
820700505,50,61,79,0,190
820700506,0,21,27,0,48
820700507,0,13,49,0,62
820700508,385,26,29,0,440
820700509,257,13,11,0,281
820700510,319,21,14,0,354
820700511,501,48,52,0,601
820700512,133,40,79,3,255
820700513,1,19,22,0,42
820700514,1,20,12,0,33
820700515,1,41,61,1,104
820700516,0,12,37,2,51
820700517,273,15,14,0,302
820700518,6,18,94,1,119
820700519,0,22,83,0,105
820700520,0,30,34,0,64
820700521,159,6,18,0,183
820700522,232,13,10,0,255
820700523,410,22,41,0,473
820700524,320,35,60,1,416
820700525,360,44,23,0,427
820700601,3,302,204,0,509
820700602,1,34,59,0,94
820700603,0,95,135,7,237
820700604,0,14,40,0,54
820700605,0,124,109,6,239
820700606,0,17,56,1,74
820700607,4,102,111,0,217
820700608,1,34,76,2,113
820700609,0,36,34,1,71
820700610,1,19,26,0,46
820700611,5,181,146,1,333
820700612,3,238,228,3,472
820700613,3,49,129,12,193
820700701,150,56,51,0,257
820700702,178,55,54,0,287
820700703,181,33,67,0,281
820700704,162,43,34,0,239
820700705,132,46,125,3,306
820700706,139,68,33,0,240
820700707,152,68,84,1,305
820700708,231,99,163,0,493
820700709,3,31,68,3,105
820700710,4,91,116,1,212
820700711,0,25,33,1,59
820700712,111,111,122,1,345
820700713,82,125,88,0,295
820700714,0,13,38,3,54
820700715,212,90,70,3,375
820700716,157,36,63,0,256
820700717,224,47,50,0,321
820700718,189,52,63,0,304
820770101,0,21,52,4,77
820770102,0,19,30,11,60
820770103,0,163,141,33,337
820770104,0,16,75,13,104
820770105,0,20,59,11,90
820770106,0,90,133,17,240
820770107,0,106,119,20,245
820770201,0,80,62,3,145
820770202,0,99,44,40,183
820770203,1,174,126,28,329
820770204,0,52,99,15,166
820770205,0,19,43,0,62
820770206,1,229,177,12,419
820770207,6,228,171,16,421
820770301,0,36,86,12,134
820770302,5,101,153,16,275
820770303,22,136,200,18,376
820770304,8,266,218,20,512
820770305,3,202,169,26,400
820770306,25,200,89,2,316
820770307,231,85,32,0,348
820770308,0,89,270,27,386
820770309,2,126,89,6,223
820770310,0,37,48,5,90
820770311,0,20,46,19,85
820770312,117,102,35,1,255
820770313,69,169,133,5,376
820770314,82,88,48,4,222
820770315,124,58,33,0,215
820770316,2,153,139,5,299
820770317,23,171,72,9,275
820770401,1,27,50,1,79
820770402,2,127,54,8,191
820770403,0,13,28,3,44
820770404,0,13,41,1,55
820770405,0,3,1,1,5
820770406,0,11,4,0,15
820770407,1,25,22,0,48
820770408,0,19,19,5,43
820770409,0,2,1,0,3
820840101,18,78,86,1,183
820840102,3,301,138,1,443
820840103,1,404,225,4,634
820840201,2,43,165,1,211
820840202,4,158,152,3,317
820840203,22,189,152,1,364
820840204,3,187,250,0,440
820840205,3,107,153,0,263
820840206,3,226,360,2,591
820840207,2,147,100,0,249
820840208,13,315,124,2,454
820840209,2,272,192,1,467
820840210,45,251,209,1,506
820840211,4,135,157,4,300
820840212,4,125,177,5,311
820840213,0,2,11,1,14
820840214,5,210,212,0,427
820840301,0,3,101,7,111
820840302,31,57,299,1,388
820840303,17,84,219,3,323
820840304,4,141,189,0,334
820840305,17,197,250,0,464
820840306,25,163,283,1,472
820840307,176,352,91,0,619
820840308,9,78,326,15,428
820840309,7,115,170,2,294
820840310,6,160,126,0,292
820840311,119,59,290,17,485
820840401,78,7,76,0,161
820840402,206,29,18,0,253
820840403,315,24,6,0,345
820840404,279,24,17,0,320
820840405,336,28,17,0,381
820840406,292,37,19,0,348
820840407,178,27,9,0,214
820840408,222,29,27,0,278
820840409,339,43,22,0,404
820840410,204,38,4,0,246
820840411,258,29,19,0,306
820840412,223,54,30,1,308
820840413,66,94,167,2,329
820840414,225,33,21,0,279
820840415,164,37,35,0,236
820840416,100,14,2,0,116
820840417,85,6,3,0,94
820840418,115,16,5,0,136
820840419,64,6,2,0,72
820840420,335,12,8,0,355
820840421,257,68,173,15,513
820840422,203,25,15,0,243
820840501,304,45,71,0,420
820840502,742,79,45,0,866
820840503,340,37,17,0,394
820840504,109,17,4,0,130
820840505,473,112,69,0,654
820840506,295,33,6,0,334
820840507,267,44,25,0,336
820840508,263,36,13,0,312
820840509,255,24,28,0,307
820840510,201,32,13,0,246
820840511,254,31,12,0,297
820840512,139,25,14,0,178
820840513,185,28,12,0,225
820840514,273,31,27,0,331
820840515,195,14,5,0,214
820840516,291,9,2,0,302
820840517,326,17,11,0,354
820840518,407,3,3,0,413
820840519,357,17,8,0,382
820840601,238,1,6,0,245
820840602,347,0,0,0,347
820840603,286,1,0,0,287
820840604,137,117,204,3,461
820840605,25,67,358,3,453
820840606,28,136,208,2,374
820840607,265,0,0,0,265
820840608,294,0,0,0,294
820840609,270,0,0,0,270
820840610,365,2,0,0,367
820840611,347,0,0,0,347
820840612,44,235,93,0,372
820840613,10,167,208,0,385
820840614,57,180,193,1,431
820840615,258,10,18,2,288
820840616,69,144,367,1,581
820840617,41,100,150,0,291
820840618,10,93,193,1,297
820840619,14,52,155,0,221
820840620,292,6,1,0,299
820840621,286,1,0,0,287
820840622,342,2,0,0,344
820840623,25,77,205,1,308
820840624,135,0,19,0,154
820840701,22,52,188,0,262
820840702,51,65,209,0,325
820840703,32,190,225,2,449
820840704,78,120,240,2,440
820840705,470,71,76,0,617
820840706,119,171,364,1,655
820840707,183,25,80,0,288
820840708,214,17,39,0,270
820840709,493,21,10,0,524
820840710,210,2,2,1,215
820840711,200,49,12,0,261
820840712,244,22,7,0,273
820840713,182,9,6,0,197
820840714,238,30,11,0,279
820840715,280,6,3,0,289
820840716,215,1,1,0,217
820840717,248,26,65,1,340
820840718,274,16,87,0,377
820840719,268,1,0,0,269
820840720,289,30,10,0,329
820840721,147,38,179,4,368
820840722,98,12,68,16,194
820840723,239,26,24,0,289
820840724,210,16,34,0,260
820840801,249,3,3,0,255
820840802,313,1,0,0,314
820840803,300,3,0,0,303
820840804,291,11,2,0,304
820840805,324,3,3,1,331
820840806,307,2,4,0,313
820840807,346,2,8,0,356
820840808,332,4,0,0,336
820840809,309,3,0,0,312
820840810,256,2,19,0,277
820840811,74,15,262,17,368
820840901,271,6,1,4,282
820840902,341,5,9,0,355
820840903,224,2,0,0,226
820840904,268,1,0,0,269
820840905,326,1,0,0,327
820840906,279,5,0,0,284
820840907,486,43,156,14,699
820840908,251,20,39,1,311
820840909,193,6,0,0,199
820840910,202,4,0,0,206
820840911,203,4,0,0,207
820841001,23,49,317,3,392
820841002,42,79,350,11,482
820841003,4,89,126,0,219
820841004,71,79,277,8,435
820841005,30,51,229,4,314
820841006,49,79,330,20,478
820841007,68,90,474,5,637
820841008,87,162,209,0,458
820841009,21,117,335,3,476
820841010,25,146,288,5,464
820841011,16,163,364,2,545
820841012,44,171,283,0,498
820841013,43,113,185,1,342
820841014,47,108,230,0,385
820841015,23,70,152,1,246
820841016,9,86,65,0,160
820841017,42,165,207,0,414
820841018,76,177,276,0,529
820841019,280,242,737,20,1279
820841020,44,40,188,3,275
820841101,8,211,19,0,238
820841102,17,142,35,0,194
820841103,32,228,40,0,300
820841104,16,155,62,0,233
820841105,20,113,177,0,310
820841106,19,209,89,1,318
820841107,5,284,156,1,446
820841108,14,186,67,0,267
820841109,1,10,8,0,19
820841110,15,332,146,2,495
820841111,40,272,58,0,370
820841112,25,235,38,0,298
820841113,3,117,60,0,180
820841114,86,74,148,0,308
820841115,23,113,78,0,214
820841116,7,161,107,0,275
820841117,126,162,61,0,349
820841118,41,165,119,0,325
820841119,44,214,64,0,322
820841201,51,111,263,2,427
820841202,66,69,164,0,299
820841203,33,140,157,0,330
820841204,206,71,98,1,376
820841205,18,87,192,0,297
820841206,203,33,191,14,441
820841207,164,15,61,0,240
820841208,21,93,117,1,232
820841209,271,21,9,2,303
820841210,42,105,114,0,261
820841211,287,13,7,0,307
820841212,102,57,108,0,267
820841213,20,84,185,4,293
820841214,85,144,106,0,335
820841215,180,81,42,0,303
820841216,197,19,50,0,266
820841217,172,29,75,0,276
820841218,47,81,258,7,393
820841219,69,91,75,0,235
820841220,202,20,28,0,250
820841221,247,20,69,1,337
820841301,240,40,33,1,314
820841302,402,30,117,3,552
820841303,308,19,76,5,408
820841304,196,58,274,7,535
820841305,252,11,9,0,272
820841306,249,22,42,0,313
820841307,159,5,29,0,193
820841308,207,18,80,1,306
820841309,185,8,19,0,212
820841310,305,21,19,0,345
820841311,266,3,7,0,276
820841312,222,16,7,1,246
820841313,410,27,11,0,448
820841314,187,18,71,0,276
820841401,255,14,12,1,282
820841402,203,2,0,0,205
820841403,281,1,1,0,283
820841404,311,1,3,0,315
820841405,262,5,1,0,268
820841406,337,2,2,0,341
820841407,287,3,1,0,291
820841408,297,6,2,0,305
820841409,237,3,1,0,241
820841410,345,3,3,0,351
820841411,161,3,1,0,165
820841501,249,1,2,0,252
820841502,257,5,0,0,262
820841503,238,1,0,0,239
820841504,263,4,1,0,268
820841505,240,4,0,0,244
820841506,261,0,0,0,261
820841507,200,3,1,0,204
820841508,220,18,4,0,242
820841509,155,24,49,0,228
820841601,316,2,1,0,319
820841602,343,1,0,0,344
820841603,373,4,0,0,377
820841604,290,5,4,0,299
820841605,349,4,0,0,353
820841606,290,4,0,0,294
820841607,442,4,1,0,447
820841608,211,2,0,0,213
820841609,367,5,0,0,372
820841610,250,2,1,0,253
820841611,177,4,0,0,181
820841612,221,1,0,0,222
820841701,157,0,0,0,157
820841702,233,2,0,0,235
820841703,211,0,0,0,211
820841704,262,4,0,0,266
820841705,203,1,0,0,204
820841706,283,3,0,0,286
820841707,249,1,0,0,250
820841708,147,0,0,0,147
820841709,312,2,0,0,314
820841710,285,1,0,0,286
820841711,363,6,0,0,369
820841712,262,0,0,0,262
820841713,282,0,0,0,282
820841714,225,0,0,0,225
820841715,375,0,0,0,375
820841716,159,1,1,0,161
820841717,176,0,0,0,176
820841718,283,0,0,0,283
820841719,260,0,0,0,260
820841801,416,0,0,0,416
820841802,160,1,0,0,161
820841803,172,1,0,0,173
820841804,444,0,0,0,444
820841805,292,0,0,0,292
820841806,231,1,0,0,232
820841807,437,0,0,0,437
820841808,246,0,1,0,247
820841809,264,0,0,0,264
820841810,262,0,0,0,262
820841811,341,0,0,0,341
820841812,226,0,0,0,226
820841813,377,1,0,0,378
820841814,221,0,0,0,221
820841815,223,0,0,0,223
820841816,148,5,0,0,153
820841817,196,1,1,0,198
820841818,280,0,0,0,280
820841901,285,0,0,0,285
820841902,248,1,0,0,249
820841903,359,0,0,0,359
820841904,188,1,0,0,189
820841905,196,1,0,0,197
820841906,200,0,0,7,207
820841907,199,1,0,0,200
820841908,309,0,0,0,309
820841909,352,2,0,0,354
820841910,357,0,0,0,357
820841911,264,0,0,0,264
820841912,265,0,0,0,265
820841913,161,0,0,0,161
820841914,174,0,0,0,174
820841915,236,1,0,0,237
820841916,196,0,0,0,196
820841917,296,0,0,0,296
820841918,329,1,0,0,330
820841919,161,0,0,0,161
820841920,198,0,0,0,198
820841921,155,0,0,0,155
820841922,92,1,0,0,93
820841923,157,0,0,0,157
820841924,246,0,0,0,246
820842001,212,0,0,0,212
820842002,249,0,0,0,249
820842003,350,0,0,0,350
820842004,212,0,0,0,212
820842005,160,0,0,0,160
820842006,240,0,0,0,240
820842007,263,0,0,0,263
820842008,227,0,0,0,227
820842009,293,2,0,0,295
820842010,167,0,0,0,167
820842011,226,2,0,0,228
820842012,217,0,0,0,217
820842013,305,2,0,0,307
820842014,246,0,0,0,246
820842015,128,0,0,0,128
820842016,151,0,0,0,151
820842017,115,0,0,0,115
820842101,271,0,0,0,271
820842102,298,0,0,0,298
820842103,281,0,0,0,281
820842104,363,0,0,0,363
820842105,166,0,0,0,166
820842106,43,0,0,0,43
820842107,241,3,0,0,244
820842108,255,1,0,0,256
820842109,238,0,0,0,238
820842110,249,0,0,0,249
820842111,246,2,0,0,248
820842112,135,0,0,0,135
820842113,64,0,0,0,64
820842114,297,0,0,0,297
820842115,197,0,0,0,197
820842116,266,0,0,0,266
820842117,201,0,0,0,201
820842201,249,0,0,0,249
820842202,230,0,0,0,230
820842203,229,0,0,0,229
820842204,0,0,0,0,0
820842205,291,1,0,0,292
820842206,304,0,0,0,304
820842207,334,0,0,0,334
820842208,303,0,0,0,303
820842209,255,0,0,0,255
820842210,383,2,0,0,385
820842211,319,0,0,0,319
820842212,350,0,0,0,350
820842213,190,0,0,0,190
820842301,272,0,0,0,272
820842302,224,0,0,0,224
820842303,300,0,0,0,300
820842304,189,0,0,0,189
820842305,274,2,0,0,276
820842306,258,0,0,0,258
820842307,319,0,0,0,319
820842308,357,2,0,0,359
820842309,244,0,0,0,244
820842310,222,0,0,0,222
820842311,404,1,0,0,405
820842312,314,6,0,0,320
820842313,316,2,0,0,318
820842314,285,0,0,0,285
820842315,228,0,0,0,228
820842316,240,2,0,0,242
820842317,172,0,0,0,172
820842318,208,1,0,0,209
820842319,218,0,0,0,218
820842320,189,2,0,0,191
820842321,123,0,0,0,123
820842322,213,1,0,0,214
820842323,225,0,0,0,225
820842324,190,0,0,0,190
820842401,195,0,0,0,195
820842402,275,0,0,0,275
820842403,173,0,0,0,173
820842404,319,1,0,0,320
820842405,238,0,0,0,238
820842406,225,1,0,0,226
820842407,272,1,0,0,273
820842408,217,1,1,0,219
820842409,329,1,0,0,330
820842410,189,0,0,0,189
820842411,177,0,1,0,178
820842412,301,2,0,0,303
820842413,318,0,0,0,318
820842414,182,0,0,0,182
820842415,224,2,0,0,226
820842416,241,0,0,0,241
820842417,113,1,0,0,114
820842418,248,1,0,0,249
820842419,217,0,0,0,217
820842501,244,0,0,0,244
820842502,230,0,0,0,230
820842503,191,0,0,0,191
820842504,107,18,42,2,169
820842505,244,0,0,0,244
820842506,343,0,0,0,343
820842507,262,0,1,0,263
820842508,321,1,0,0,322
820842509,260,6,0,0,266
820842510,158,1,0,0,159
820842511,258,0,0,0,258
820842512,554,1,0,0,555
820842513,329,1,0,0,330
820842514,86,0,0,0,86
820842515,188,0,0,0,188
820842516,76,2,0,0,78
820842601,281,0,0,0,281
820842602,220,0,0,0,220
820842603,301,4,0,0,305
820842604,330,1,0,0,331
820842605,200,0,0,0,200
820842606,170,0,0,0,170
820842607,281,1,0,0,282
820842608,293,0,0,0,293
820842609,146,0,0,0,146
820842610,323,0,0,0,323
820842611,187,0,0,0,187
820842612,171,0,0,0,171
820842613,356,1,0,0,357
820842614,296,4,0,0,300
820842615,299,0,0,0,299
820842616,347,0,0,0,347
820842617,191,2,0,0,193
820842618,196,12,0,0,208
820842619,138,0,0,0,138
820842620,198,0,0,0,198
820842621,329,2,0,0,331
820842622,169,0,0,0,169
820842623,223,1,0,0,224
820842701,308,2,0,1,311
820842702,277,0,0,0,277
820842703,175,0,0,0,175
820842704,184,0,0,0,184
820842705,180,0,0,0,180
820842706,151,0,0,0,151
820842707,262,0,0,0,262
820842708,294,2,0,0,296
820842709,116,0,0,0,116
820842710,265,0,0,0,265
820842711,226,0,0,0,226
820842712,353,0,0,0,353
820842713,232,0,0,0,232
820842714,229,2,0,0,231
820842715,303,0,0,0,303
820842716,256,1,0,0,257
820842717,156,0,0,0,156
820842718,157,0,0,0,157
820842719,202,0,0,0,202
820842720,199,0,0,0,199
820842721,250,1,0,0,251
820842722,184,2,0,0,186
820842801,164,0,0,0,164
820842802,386,0,0,0,386
820842803,183,1,0,0,184
820842804,250,1,0,0,251
820842805,107,0,0,0,107
820842806,29,0,0,0,29
820842807,365,0,0,0,365
820842808,213,0,1,0,214
820842809,339,1,0,0,340
820842810,373,0,0,0,373
820842811,411,2,0,0,413
820842812,189,0,0,0,189
820842813,234,0,0,0,234
820842814,160,0,0,0,160
820842815,294,1,0,0,295
820842816,300,0,0,0,300
820842817,318,0,0,0,318
820842818,209,0,0,0,209
820842819,223,0,0,0,223
820842820,282,0,0,0,282
820842821,206,0,0,0,206
820842822,204,1,0,0,205
820842823,155,2,0,0,157
820842824,283,1,0,0,284
820842825,221,1,0,0,222
820842901,486,1,0,0,487
820842902,357,1,1,0,359
820842903,321,1,0,0,322
820842904,326,1,0,0,327
820842905,378,1,0,0,379
820842906,175,0,0,0,175
820842907,303,0,0,0,303
820842908,303,2,0,0,305
820842909,221,0,0,0,221
820842910,369,3,0,0,372
820842911,368,0,0,0,368
820842912,268,1,0,0,269
820842913,259,0,0,0,259
820842914,299,1,0,0,300
820842915,313,2,0,0,315
820842916,186,0,0,0,186
820842917,251,0,0,0,251
820842918,283,3,0,0,286
820842919,228,0,0,0,228
820842920,220,2,0,0,222
820842921,159,0,0,0,159
820842922,151,0,0,0,151
820842923,156,0,0,0,156
820842924,279,0,0,0,279
820843001,142,21,93,0,256
820843002,144,51,81,0,276
820843003,246,186,168,1,601
820843004,127,156,138,1,422
820843005,179,62,77,0,318
820843006,86,30,128,0,244
820843007,241,53,137,0,431
820843008,238,7,41,0,286
820843009,286,44,36,0,366
820843010,326,34,7,0,367
820843011,244,3,3,0,250
820843012,28,79,167,0,274
820843013,6,59,170,2,237
820843014,65,130,166,1,362
820843101,326,33,26,0,385
820843102,258,14,23,0,295
820843103,250,27,12,0,289
820843104,256,22,14,0,292
820843105,155,11,6,0,172
820843106,245,32,27,0,304
820843107,159,15,18,0,192
820843108,219,21,27,0,267
820843109,182,15,5,0,202
820843110,257,6,9,0,272
820843111,267,26,25,0,318
820843112,274,22,16,0,312
820843113,268,20,7,0,295
820843114,233,21,16,0,270
820843115,216,23,18,0,257
820843116,299,19,9,0,327
820843117,229,24,30,0,283
820843118,222,32,14,0,268
820843119,215,28,24,0,267
820843120,198,27,8,0,233
820843121,276,9,3,0,288
820843201,414,5,1,0,420
820843202,309,15,9,0,333
820843203,300,19,20,0,339
820843204,301,12,13,1,327
820843205,284,10,12,1,307
820843206,321,20,14,1,356
820843207,85,51,149,0,285
820843208,191,75,220,2,488
820843209,201,14,29,6,250
820843210,213,33,78,0,324
820843211,200,38,79,0,317
820843212,151,97,141,1,390
820843213,4,100,281,1,386
820843214,7,116,98,0,221
820843215,18,85,198,1,302
820843301,67,45,193,0,305
820843302,61,29,246,0,336
820843303,24,104,352,1,481
820843304,10,144,189,0,343
820843305,308,79,81,0,468
820843306,52,94,212,0,358
820843307,25,98,188,0,311
820843308,156,54,46,0,256
820843309,109,93,257,0,459
820843310,39,175,215,2,431
820843311,46,103,254,7,410
820843312,19,109,265,0,393
820843313,284,2,2,0,288
820843314,11,89,184,1,285
820843315,401,10,63,0,474
820843316,37,103,223,0,363
820843317,12,32,368,3,415
820843318,11,62,229,4,306
820843319,23,194,75,0,292
820843401,99,30,157,1,287
820843402,51,48,265,1,365
820843403,73,47,18,0,138
820843404,173,57,147,0,377
820843405,347,6,8,0,361
820843406,337,4,11,0,352
820843407,326,4,0,0,330
820843408,376,9,0,0,385
820843409,350,2,12,0,364
820843410,285,9,10,0,304
820843411,185,2,1,0,188
820843412,185,7,27,0,219
820843413,165,6,2,1,174
820843414,268,8,16,0,292
820843415,85,59,167,4,315
820843416,40,76,264,8,388
820843417,60,107,76,0,243
820843418,151,3,0,0,154
820843419,35,25,94,1,155
820843501,85,68,171,0,324
820843502,42,6,99,0,147
820843503,228,8,9,0,245
820843504,308,14,7,0,329
820843505,293,17,13,0,323
820843506,253,2,2,0,257
820843507,181,3,4,0,188
820843508,140,20,80,1,241
820843509,373,7,16,0,396
820843510,89,63,191,11,354
820843511,109,78,197,6,390
820843512,48,102,301,2,453
820843513,28,89,143,1,261
820843514,155,67,144,1,367
820843515,274,76,64,0,414
820843516,93,35,155,10,293
820843517,142,41,499,2,684
820843601,249,1,0,0,250
820843602,231,7,2,0,240
820843603,226,0,0,0,226
820843604,267,0,0,0,267
820843605,163,1,0,0,164
820843606,163,0,0,0,163
820843607,264,3,0,0,267
820843608,331,2,0,0,333
820843609,308,3,0,0,311
820843610,328,0,2,0,330
820843611,311,2,8,0,321
820843612,620,2,0,0,622
820843613,284,1,6,0,291
820843614,228,0,3,0,231
820843615,198,2,3,0,203
820843616,374,8,0,0,382
820843617,195,4,0,0,199
820843618,202,0,0,0,202
820843619,207,3,0,0,210
820843701,362,1,1,0,364
820843702,393,3,0,0,396
820843703,281,2,0,0,283
820843704,193,1,0,0,194
820843705,243,1,0,0,244
820843706,351,1,0,0,352
820843707,276,3,0,0,279
820843708,382,2,0,0,384
820843709,220,0,0,0,220
820843710,334,4,1,0,339
820843711,241,1,0,0,242
820843712,332,4,1,0,337
820843713,326,1,0,0,327
820843714,311,1,0,0,312
820843715,252,0,0,0,252
820843716,252,1,0,0,253
820843801,430,1,0,0,431
820843802,306,3,0,0,309
820843803,296,1,0,0,297
820843804,357,1,0,0,358
820843805,281,3,0,0,284
820843806,298,0,0,0,298
820843807,241,1,0,0,242
820843808,193,0,0,0,193
820843809,209,0,0,0,209
820843810,296,7,3,0,306
820843811,322,3,0,0,325
820843812,234,6,1,0,241
820843813,337,10,1,0,348
820843814,352,0,0,0,352
820843815,231,2,0,0,233
820843901,175,0,0,0,175
820843902,208,4,0,0,212
820843903,273,0,0,0,273
820843904,231,1,0,0,232
820843905,407,3,0,0,410
820843906,306,1,0,0,307
820843907,344,2,0,0,346
820843908,412,6,0,1,419
820843909,212,0,0,0,212
820843910,176,0,1,0,177
820843911,223,3,6,1,233
820843912,355,2,0,0,357
820843913,301,8,0,0,309
820843914,149,0,0,0,149
820843915,219,0,0,0,219
820843916,158,4,0,0,162
820843917,187,0,0,0,187
820843918,363,28,47,0,438
820843919,199,2,0,0,201
820843920,215,0,1,0,216
820844001,328,3,9,0,340
820844002,322,1,0,0,323
820844003,371,1,0,0,372
820844004,258,14,46,6,324
820844005,124,17,206,7,354
820844006,262,3,0,0,265
820844007,268,0,0,0,268
820844008,188,3,0,0,191
820844009,256,6,11,2,275
820844010,294,5,1,0,300
820844011,98,5,12,0,115
820844012,65,4,5,0,74
820844013,180,3,22,0,205
820844014,341,0,0,0,341
820844015,222,2,0,0,224
820844101,275,3,15,0,293
820844102,253,8,6,0,267
820844103,246,5,8,0,259
820844104,266,11,11,0,288
820844105,0,0,0,0,0
820844106,284,5,8,0,297
820844107,346,3,0,0,349
820844108,297,23,14,0,334
820844109,303,13,24,0,340
820844110,298,13,88,2,401
820844111,200,14,23,0,237
820844112,168,22,98,2,290
820844201,172,9,2,0,183
820844202,75,17,77,1,170
820844203,36,3,54,5,98
820844204,199,3,25,2,229
820844205,116,24,58,0,198
820844206,94,1,16,0,111
820844207,288,25,54,3,370
820844208,93,41,148,2,284
820844209,327,12,7,0,346
820844210,339,6,14,0,359
820844211,144,26,83,9,262
820844212,267,5,7,0,279
820844213,290,50,73,0,413
820844214,125,14,23,1,163
820844301,255,0,0,0,255
820844302,202,3,1,0,206
820844303,240,6,1,0,247
820844304,276,0,0,0,276
820844305,232,2,0,0,234
820844306,250,5,1,0,256
820844307,331,2,2,0,335
820844308,164,0,1,0,165
820844309,245,0,0,0,245
820844310,232,3,0,0,235
820844311,294,1,3,0,298
820844312,341,9,10,1,361
820844313,299,13,16,0,328
820844314,357,10,8,0,375
820844401,368,3,1,1,373
820844402,178,0,1,0,179
820844403,343,13,4,0,360
820844404,259,8,0,0,267
820844405,169,1,0,0,170
820844406,228,0,0,0,228
820844407,288,0,1,0,289
820844408,214,6,1,0,221
820844409,280,2,0,0,282
820844410,259,2,12,0,273
820844411,236,1,0,0,237
820844412,262,1,1,0,264
820844413,315,1,0,0,316
820844414,208,7,3,0,218
820844415,249,12,2,0,263
820844416,313,6,6,0,325
820844417,259,13,6,1,279
820844418,272,8,0,0,280
820844501,219,14,30,0,263
820844502,155,3,18,0,176
820844503,349,16,2,0,367
820844504,272,14,8,0,294
820844505,190,7,12,0,209
820844506,176,3,1,0,180
820844507,227,12,21,0,260
820844508,231,4,5,0,240
820844509,342,6,5,0,353
820844510,276,11,2,0,289
820844511,354,5,8,0,367
820844512,313,5,9,0,327
820844513,116,3,11,0,130
820844514,310,28,16,0,354
820844515,216,18,24,0,258
820844516,76,32,190,3,301
820844517,280,10,32,0,322
820844518,334,15,21,0,370
820844519,291,15,13,0,319
820844520,144,18,104,7,273
820844521,167,17,6,0,190
820844522,234,6,4,0,244
820844523,340,15,4,0,359
820844524,286,5,2,0,293
820844601,304,11,8,0,323
820844602,301,10,7,0,318
820844603,294,5,20,1,320
820844604,310,4,4,0,318
820844605,146,2,0,0,148
820844606,352,4,0,0,356
820844607,421,2,14,0,437
820844608,285,16,2,0,303
820844609,302,42,172,1,517
820844610,277,14,20,0,311
820844611,118,29,221,0,368
820844612,144,14,52,0,210
820844613,271,39,75,1,386
820844614,346,8,37,1,392
820844615,105,23,88,2,218
820844701,180,17,84,1,282
820844702,193,13,33,0,239
820844703,46,25,201,9,281
820844704,345,43,104,0,492
820844705,290,23,63,0,376
820844706,215,30,37,0,282
820844707,195,28,18,0,241
820844708,215,16,23,2,256
820844709,214,2,15,0,231
820844710,271,44,100,0,415
820844711,196,16,9,0,221
820844712,199,10,25,1,235
820844713,207,9,20,0,236
820844714,167,9,53,0,229
820844715,207,9,35,0,251
820844716,410,5,84,4,503
820844801,479,10,40,2,531
820844802,340,7,33,2,382
820844803,323,14,22,1,360
820844804,231,16,20,0,267
820844805,243,17,17,1,278
820844806,207,25,33,1,266
820844807,68,59,425,19,571
820844808,3,69,155,1,228
820844809,6,54,158,0,218
820844810,5,78,226,0,309
820844811,176,70,224,3,473
820844812,8,158,136,0,302
820844813,37,159,211,1,408
820844814,7,63,233,1,304
820844815,245,4,5,0,254
820844816,320,8,68,4,400
820844817,367,9,49,1,426
820844818,264,1,1,0,266
820844819,7,39,244,1,291
820844820,262,35,35,0,332
820844821,28,56,428,10,522
820844822,6,42,335,9,392
820844901,67,29,47,5,148
820844902,291,1,0,0,292
820844903,278,1,0,0,279
820844904,263,22,50,0,335
820844905,24,49,196,0,269
820844906,25,45,131,2,203
820844907,4,50,385,13,452
820844908,465,24,87,0,576
820844909,376,0,0,0,376
820844910,226,10,59,6,301
820844911,234,58,354,17,663
820844912,164,27,134,8,333
820844913,9,96,260,3,368
820844914,9,72,261,41,383
820844915,8,93,171,2,274
820845001,213,34,63,1,311
820845002,260,52,46,1,359
820845003,213,62,44,1,320
820845004,277,60,49,1,387
820845005,155,89,102,0,346
820845006,8,112,257,0,377
820845007,45,47,296,1,389
820845008,30,131,203,0,364
820845009,8,59,128,0,195
820845010,20,116,67,0,203
820845011,66,72,223,0,361
820845012,82,144,197,0,423
820845013,31,161,143,1,336
820845101,346,11,19,1,377
820845102,293,13,7,0,313
820845103,305,4,1,0,310
820845104,297,9,3,0,309
820845105,298,4,0,0,302
820845106,382,9,8,0,399
820845107,324,17,18,0,359
820845108,285,15,78,0,378
820845109,252,26,39,0,317
820845110,230,19,25,0,274
820845111,297,34,25,0,356
820845112,225,23,14,0,262
820845113,151,9,29,0,189
820845114,159,16,50,2,227
820845201,24,170,300,0,494
820845202,188,24,94,1,307
820845203,19,171,200,0,390
820845204,94,86,176,7,363
820845205,186,72,98,3,359
820845206,227,20,101,22,370
820845207,215,28,159,10,412
820845208,113,60,186,3,362
820845209,62,77,170,1,310
820845210,251,1,21,4,277
820845211,305,21,70,2,398
820845212,233,5,23,1,262
820845213,25,101,207,0,333
820845214,13,176,228,3,420
820845301,219,25,12,0,256
820845302,297,7,5,0,309
820845303,299,3,4,0,306
820845304,109,54,199,5,367
820845305,121,17,45,0,183
820845306,384,1,1,0,386
820845307,381,4,5,0,390
820845308,400,18,21,0,439
820845309,195,31,128,0,354
820845310,349,23,31,0,403
820845311,219,4,0,0,223
820845312,298,9,7,0,314
820845313,172,2,0,0,174
820845314,227,4,0,1,232
820845315,299,0,0,0,299
820845316,248,5,6,0,259
820845317,189,0,0,0,189
820845318,533,4,0,0,537
820845319,284,3,5,0,292
820845320,209,0,0,0,209
820845321,199,2,0,0,201
820845322,59,0,0,0,59
820845323,526,5,1,0,532
820845401,126,6,2,0,134
820845402,224,10,8,0,242
820845403,197,10,2,0,209
820845404,243,36,28,0,307
820845405,134,60,34,0,228
820845406,13,8,82,15,118
820845407,48,48,73,14,183
820845408,47,105,124,16,292
820845409,59,70,146,0,275
820845410,13,103,49,0,165
820845411,313,20,23,0,356
820845412,293,27,9,0,329
820845413,192,3,2,0,197
820845414,280,48,16,6,350
820845415,333,6,7,0,346
820845416,221,15,50,0,286
820845417,216,31,13,0,260
820845418,239,20,23,0,282
820845419,160,6,4,0,170
820845501,102,174,111,1,388
820845502,263,46,42,1,352
820845503,122,54,101,0,277
820845504,205,64,53,0,322
820845505,142,92,169,0,403
820845506,51,65,130,0,246
820845507,164,52,132,0,348
820845508,340,56,51,0,447
820845509,145,62,72,0,279
820845510,215,45,111,0,371
820845511,196,12,79,1,288
820845512,12,53,248,5,318
820845513,273,24,127,2,426
820845514,301,24,54,0,379
820845515,160,53,12,0,225
820845516,158,16,77,0,251
820845517,193,29,26,1,249
820845518,203,23,62,4,292
820845519,140,32,22,0,194
820845520,384,13,15,0,412
820845521,25,124,120,0,269
820845522,17,35,303,55,410
820845523,185,11,51,0,247
820845601,25,0,0,0,25
820845602,7,1,0,0,8
820845603,0,2,20,1,23
820845701,0,48,15,0,63
820845702,4,146,121,1,272
820845703,6,190,92,5,293
820845704,2,171,76,0,249
820845705,4,214,116,0,334
820845706,1,47,64,0,112
820845707,4,162,54,0,220
820845708,1,302,111,0,414
820845709,0,95,39,0,134
820845710,0,261,135,0,396
820845711,12,271,42,0,325
820845712,5,140,116,0,261
820845713,4,137,137,0,278
820845714,0,16,11,0,27
820845715,0,5,7,2,14
820845801,0,10,16,0,26
820845802,4,205,237,2,448
820845803,5,123,249,1,378
820845804,0,14,17,0,31
820845805,2,211,258,0,471
820845806,0,2,5,0,7
820845807,0,154,242,0,396
820845901,0,4,12,2,18
820845902,0,17,10,1,28
820845903,0,5,13,1,19
820845904,4,127,380,3,514
820845905,1,86,328,2,417
820845906,57,47,84,4,192
820845907,21,163,363,1,548
820845908,4,135,125,0,264
820845909,5,116,240,1,362
820845910,4,401,190,3,598
820845911,3,238,157,1,399
820845912,6,308,79,0,393
820845913,0,229,37,1,267
820845914,1,207,96,0,304
820845915,0,141,37,0,178
820845916,0,148,38,0,186
820845917,10,278,227,3,518
820845918,2,325,105,1,433
820845919,0,2,2,0,4
820845920,4,136,149,0,289
820845921,5,82,387,2,476
820845922,3,81,327,4,415
820845923,17,48,391,12,468
820845924,2,144,142,19,307
820846001,0,19,32,1,52
820846002,0,42,96,6,144
820846003,0,3,10,1,14
820846004,57,191,138,2,388
820846005,13,169,184,0,366
820846101,4,83,117,0,204
820846102,7,119,121,1,248
820846103,8,84,165,1,258
820846104,8,44,241,1,294
820846105,9,133,105,0,247
820846106,10,108,133,0,251
820846107,15,92,299,2,408
820846108,12,47,316,1,376
820846109,13,133,313,1,460
820846110,18,161,240,0,419
820846111,8,226,189,0,423
820846112,13,100,219,5,337
820846113,10,158,118,0,286
820846114,6,44,273,3,326
820846115,35,78,438,13,564
820846201,11,64,127,19,221
820846202,2,27,146,5,180
820846203,5,33,149,2,189
820846204,12,126,126,3,267
820846205,17,79,288,9,393
820846206,67,106,203,7,383
820846207,134,131,176,0,441
820846208,256,48,91,1,396
820846209,23,84,249,28,384
820846210,5,74,277,9,365
820846211,19,104,177,0,300
820846212,21,96,201,0,318
820846213,352,43,29,1,425
820846214,46,99,91,0,236
820846215,19,109,125,0,253
820846216,12,155,184,1,352
820846217,5,159,305,3,472
820846218,38,108,343,0,489
820846219,92,114,81,0,287
820846220,122,63,60,2,247
820846221,8,82,216,0,306
820846301,19,57,308,3,387
820846302,5,134,267,1,407
820846303,6,94,287,1,388
820846304,19,42,197,18,276
820846305,2,100,131,0,233
820846306,5,179,214,0,398
820846307,8,157,175,0,340
820846308,4,92,253,1,350
820846309,8,48,264,1,321
820846310,14,67,321,1,403
820846311,8,115,392,20,535
820846312,2,15,227,1,245
820846313,4,29,356,3,392
820846401,1,22,114,3,140
820846402,1,60,233,5,299
820846403,1,82,129,8,220
820846404,5,118,262,0,385
820846405,1,27,48,1,77
820846406,0,99,89,1,189
820846501,11,189,251,2,453
820846502,3,136,159,4,302
820846503,13,264,295,1,573
820846504,6,122,113,3,244
820846505,17,273,340,0,630
820846601,137,55,99,4,295
820846602,708,39,99,6,852
820846701,0,55,78,0,133
820846702,1,7,7,0,15
820846703,0,11,7,0,18
820846704,0,152,121,0,273
820846801,0,57,137,6,200
820846802,1,81,101,1,184
820846901,2,18,42,0,62
820846902,3,196,123,21,343
820846903,12,173,162,8,355
820846904,12,223,338,5,578
820846905,2,100,105,0,207
820846906,5,116,234,0,355
820847001,8,3,5,0,16
820847002,0,78,108,1,187
820847101,0,1,6,0,7
820847102,3,27,58,5,93
820847201,16,6,25,1,48
820847202,386,36,45,1,468
820847203,288,21,47,1,357
820847204,157,20,20,0,197
820847205,41,10,20,2,73
820847206,198,15,39,0,252
820847207,292,17,34,0,343
820847301,0,26,112,1,139
820847302,0,40,65,1,106
820847401,0,61,32,3,96
820847402,0,135,129,3,267
820847501,0,6,4,0,10
820847502,0,1,10,0,11
820847503,0,62,72,0,134
820847504,1,104,48,0,153
820847601,0,8,21,0,29
820847602,0,33,47,0,80
820847701,1,16,33,6,56
820847702,1,17,47,0,65
820847703,8,30,56,3,97
820847704,117,31,77,0,225
820847705,284,15,20,1,320
820847706,0,2,13,2,17
820847707,0,4,0,0,4
820847708,326,16,13,0,355
820847709,295,10,16,0,321
820847710,301,10,22,1,334
820847711,339,19,17,0,375
820847712,171,67,112,1,351
820847713,367,11,7,1,386
820847714,223,7,2,0,232
820847715,178,10,7,0,195
820847716,275,4,7,0,286
820847717,222,10,8,0,240
820847718,127,36,260,7,430
820847719,322,3,2,0,327
820847720,372,4,1,0,377
820847721,370,4,3,0,377
820847722,290,3,1,0,294
820847723,453,1,1,0,455
820847724,267,1,0,0,268
820847725,278,2,4,0,284
820847801,0,5,5,0,10
820847802,7,27,70,0,104
820847803,210,39,34,0,283
820847804,223,57,53,3,336
820847805,2,14,135,5,156
820847806,163,81,76,1,321
820847807,220,58,50,6,334
820847901,0,3,5,0,8
820847902,0,40,3,0,43
820847903,1,7,19,0,27
820847904,0,0,4,0,4
820847905,1,172,134,4,311
820847906,3,135,195,2,335
820848001,348,3,0,1,352
820848002,330,23,8,0,361
820848003,345,0,0,0,345
820848004,349,0,0,0,349
820848005,277,0,0,0,277
820848006,214,0,0,0,214
820848007,239,0,0,0,239
820848008,428,2,0,0,430
820848009,364,3,0,0,367
820848010,256,3,0,0,259
820848011,161,0,0,0,161
820848012,186,1,0,0,187
820848013,311,3,0,0,314
820848014,201,1,0,0,202
820848015,231,0,0,0,231
820848016,296,1,0,0,297
820848017,304,1,0,0,305
820848018,221,1,1,0,223
820848019,255,7,0,0,262
820848020,282,4,0,0,286
820848021,230,1,0,0,231
820848022,320,2,0,0,322
820848101,300,20,11,0,331
820848102,228,15,6,0,249
820848103,217,8,2,0,227
820848104,211,10,11,0,232
820848105,223,1,0,0,224
820848106,246,5,0,0,251
820848107,248,8,4,0,260
820848108,208,15,5,1,229
820848109,291,28,8,0,327
820848110,275,18,14,0,307
820848111,208,15,4,0,227
820848112,272,18,11,0,301
820848113,217,8,10,0,235
820848114,199,9,5,0,213
820848115,102,1,0,0,103
820848116,291,35,24,0,350
820848117,243,5,20,1,269
820848118,248,17,12,0,277
820848119,224,27,50,0,301
820848120,201,27,33,0,261
820848121,170,19,28,1,218
820848201,81,134,234,4,453
820848202,298,26,52,0,376
820848203,18,157,202,1,378
820848204,70,120,174,0,364
820848205,326,0,0,0,326
820848206,319,4,1,0,324
820848207,370,0,0,0,370
820848208,244,109,107,0,460
820848209,108,100,350,9,567
820848210,15,127,335,5,482
820848211,13,131,259,1,404
820848212,15,83,261,2,361
820848213,36,134,338,3,511
820848214,12,293,82,0,387
820848215,9,123,163,4,299
820848216,15,300,42,0,357
820848301,333,17,2,0,352
820848302,345,12,20,0,377
820848303,250,28,11,0,289
820848304,291,29,36,0,356
820848305,279,19,22,0,320
820848306,260,25,9,0,294
820848307,255,22,13,0,290
820848308,303,31,24,5,363
820848309,170,22,7,0,199
820848310,183,15,7,0,205
820848311,278,37,19,0,334
820848312,210,29,8,0,247
820848313,209,17,20,0,246
820848314,325,12,28,0,365
820848315,252,18,27,0,297
820848401,7,78,225,6,316
820848402,30,153,151,2,336
820848403,11,346,130,1,488
820848404,38,226,255,0,519
820848405,224,25,21,0,270
820848406,240,22,17,0,279
820848407,97,23,45,0,165
820848408,285,18,14,0,317
820848409,552,8,0,0,560
820848410,409,12,134,0,555
820848411,189,243,42,3,477
820848412,357,84,132,1,574
820848413,263,28,158,9,458
820848414,285,4,0,0,289
820848415,44,136,80,0,260
820848416,2,4,53,3,62
820848501,23,184,316,3,526
820848502,99,44,260,0,403
820848503,22,59,233,0,314
820848504,30,36,186,0,252
820848505,232,5,5,0,242
820848506,211,6,3,0,220
820848507,251,6,14,1,272
820848508,260,10,3,0,273
820848509,126,28,107,3,264
820848510,326,17,49,0,392
820848511,178,40,54,0,272
820848512,55,85,272,0,412
820848513,46,53,239,0,338
820848514,185,67,136,5,393
820848515,200,26,43,1,270
820848516,194,28,13,0,235
820848601,31,150,93,0,274
820848602,273,85,102,0,460
820848603,286,33,16,0,335
820848604,241,28,63,0,332
820848605,289,27,81,1,398
820848606,418,33,32,0,483
820848607,342,46,139,6,533
820848608,128,38,141,0,307
820848609,43,81,233,3,360
820848610,443,48,149,4,644
820848611,298,4,27,0,329
820848701,105,1,1,0,107
820848702,254,14,4,0,272
820848703,254,1,1,0,256
820848704,392,1,2,0,395
820848705,275,0,13,0,288
820848706,414,8,113,2,537
820848707,411,3,35,0,449
820848708,390,24,17,3,434
820848709,305,16,7,0,328
820848710,342,11,19,1,373
820848711,159,36,32,0,227
820848712,139,34,70,0,243
820848713,187,27,80,0,294
820848714,183,35,20,0,238
820848715,179,15,14,0,208
820848801,0,112,280,2,394
820848802,2,94,241,0,337
820848803,8,167,79,0,254
820848804,257,29,17,0,303
820848805,24,162,114,1,301
820848806,2,132,264,0,398
820848807,11,102,340,6,459
820848808,318,20,10,0,348
820848809,104,109,53,0,266
820848810,119,183,62,0,364
820848811,206,142,118,0,466
820848812,10,173,188,3,374
820848813,7,172,121,0,300
820848814,4,139,126,0,269
820848815,3,112,146,0,261
820848816,7,154,224,1,386
820848817,3,79,188,3,273
820848901,10,162,87,1,260
820848902,7,155,258,1,421
820848903,10,127,362,2,501
820848904,4,103,219,2,328
820848905,6,170,184,1,361
820848906,9,119,108,0,236
820848907,9,100,159,0,268
820848908,5,37,105,4,151
820848909,353,5,35,2,395
820848910,15,111,406,3,535
820848911,14,261,487,13,775
820848912,13,109,579,4,705
820849001,1,123,63,1,188
820849002,1,294,214,3,512
820849003,0,265,197,1,463
820849004,11,169,110,0,290
820849005,3,156,40,0,199
820849006,0,79,20,0,99
820849007,3,324,193,0,520
820849008,3,169,101,0,273
820849009,2,112,27,0,141
820849010,5,207,100,0,312
820849011,1,272,99,0,372
820849012,7,208,110,0,325
820849013,4,151,86,0,241
820849501,0,3,0,0,3
820910101,11,26,139,17,193
820910102,284,47,38,3,372
820910103,241,37,16,14,308
820910104,0,40,79,5,124
820910105,0,73,42,9,124
820910106,0,81,17,4,102
820910107,2,204,28,13,247
820910108,0,45,63,14,122
820910109,0,45,28,1,74
820910110,0,21,21,3,45
820910111,0,38,34,9,81
820910112,1,213,29,7,250
820910113,0,254,39,20,313
820910201,0,22,41,5,68
820910202,0,37,30,7,74
820910203,0,53,72,9,134
820910204,0,23,34,1,58
820910205,0,0,8,1,9
820910206,0,54,73,0,127
820910207,0,13,75,12,100
820910208,0,10,8,1,19
820910209,1,45,34,10,90
820910210,0,27,20,2,49
820910211,1,130,56,15,202
820910212,0,18,16,0,34
820910213,0,7,37,3,47
820910214,0,108,153,32,293
820910216,0,10,18,1,29
820910217,0,54,63,4,121
820910218,0,27,11,1,39
820910301,0,38,29,6,73
820910302,161,108,21,7,297
820910303,0,107,15,23,145
820910304,32,290,129,20,471
820910305,0,87,99,8,194
820910306,4,217,98,10,329
820910307,0,49,39,9,97
820910308,125,127,23,8,283
820910309,90,97,13,6,206
820910310,186,140,35,5,366
820910311,93,70,19,2,184
820910312,146,217,65,29,457
820910313,117,176,12,4,309
820910314,35,190,82,10,317
820910315,0,94,46,6,146
820910316,0,0,4,0,4
820910317,127,330,38,0,495
820910318,104,191,31,4,330
820910319,106,142,30,0,278
820910320,45,149,32,6,232
820910321,221,101,18,2,342
820910322,157,187,86,3,433
820910323,126,78,19,0,223
820910401,0,81,43,2,126
820910402,2,13,51,7,73
820910403,0,80,70,7,157
820910404,1,70,27,7,105
820910405,0,9,13,2,24
820910406,0,11,18,5,34
820910407,0,12,16,7,35
820910408,0,205,112,8,325
820910409,0,96,50,2,148
820910410,1,105,148,37,291
820910411,0,22,45,11,78
820910412,0,6,24,4,34
820910413,0,8,18,0,26
820910414,0,20,21,1,42
820910415,0,25,46,7,78
820910501,67,136,66,14,283
820910502,212,108,32,0,352
820910503,0,210,37,17,264
820910504,208,125,24,3,360
820910505,185,324,124,17,650
820910506,188,141,12,0,341
820910507,151,432,109,37,729
820910508,92,263,109,53,517
820910509,4,312,96,50,462
820910510,0,30,45,7,82
820910511,0,82,42,10,134
820910512,2,93,68,31,194
820910513,162,122,33,7,324
820910601,111,234,101,10,456
820910602,79,196,42,4,321
820910603,99,202,26,2,329
820910604,36,177,9,0,222
820910605,5,233,32,1,271
820910606,0,234,16,0,250
820910607,0,183,8,1,192
820910608,3,275,152,25,455
820910609,0,229,82,9,320
820910610,1,327,76,13,417
820910611,0,316,53,3,372
820910612,1,413,76,19,509
820910613,0,137,47,9,193
820910614,110,112,17,2,241
820910615,2,75,73,10,160
820910616,35,127,13,0,175
820980101,0,13,11,0,24
820980102,0,9,10,0,19
820980103,0,1,3,1,5
820980104,0,11,6,0,17
820980105,0,9,20,10,39
820980106,0,11,5,0,16
820980107,0,8,6,0,14
820980108,0,39,61,10,110
820980109,0,7,4,0,11
820980110,0,11,16,3,30
820980111,0,7,27,1,35
820980112,0,25,20,1,46
820980113,35,200,47,0,282
820980114,41,185,163,0,389
820980115,0,5,25,2,32
820980116,0,13,10,5,28
820980117,0,25,25,1,51
820980118,53,203,159,2,417
820980119,7,81,171,11,270
820980120,44,155,53,0,252
820980121,17,132,249,7,405
820980122,1,185,133,7,326
820980201,0,24,40,4,68
820980202,0,24,15,0,39
820980203,0,92,97,33,222
820980204,0,4,18,1,23
820980205,0,34,93,30,157
820980206,1,105,157,10,273
820980207,2,201,194,16,413
820980301,0,1,13,2,16
820980302,0,41,75,29,145
820980303,0,0,9,0,9
820980304,0,25,80,8,113
820980305,0,11,47,4,62
820980306,0,17,32,4,53
820980307,0,1,11,1,13
820980308,0,18,22,2,42
820980309,0,8,26,5,39
820980310,0,25,126,12,163
820980311,226,115,128,4,473
820980312,0,11,68,18,97
820980313,0,16,12,5,33
820980314,1,13,30,1,45
820980315,0,37,54,5,96
820980316,6,221,495,33,755
820980401,3,138,188,5,334
820980402,1,152,174,0,327
820980403,0,163,67,0,230
820980404,1,48,140,8,197
820980405,19,146,92,3,260
820980406,0,144,94,0,238
820980407,277,8,12,0,297
820980408,6,146,85,0,237
820980409,3,137,65,0,205
820980410,40,91,137,14,282
821050101,1,16,78,9,104
821050102,5,76,98,4,183
821050103,0,96,130,7,233
821050104,0,8,41,2,51
821050105,2,168,127,2,299
821050106,0,6,17,0,23
821050107,2,87,47,5,141
821050108,0,33,128,68,229
821050109,0,17,137,25,179
821050110,1,57,120,31,209
821050111,2,93,128,4,227
821050112,1,142,128,5,276
821050113,0,26,5,4,35
821050114,1,164,92,2,259
821050115,2,84,169,37,292
821050116,1,149,125,1,276
821050117,3,209,92,0,304
821050118,0,135,112,0,247
821050119,1,135,150,2,288
821050120,7,203,128,0,338
821050121,0,76,127,1,204
821050201,0,29,26,0,55
821050202,0,14,12,0,26
821050203,0,13,16,1,30
821050204,0,30,48,0,78
821050205,38,9,6,0,53
821050206,1,21,30,2,54
821050207,0,11,8,1,20
821050208,0,14,10,0,24
821050209,4,20,46,1,71
821050210,0,29,40,0,69
821050211,0,18,72,0,90
821050212,171,64,57,1,293
821050213,219,118,146,2,485
821050214,1,264,143,5,413
821050215,2,46,30,0,78
821050216,0,23,5,0,28
821050217,2,174,117,1,294
821050218,3,140,140,4,287
821050219,1,19,31,3,54
821050220,162,30,29,1,222
821050221,194,55,133,1,383
821050222,174,65,136,5,380
821050223,153,36,24,0,213
821050224,104,64,139,1,308
821050225,117,11,13,0,141
821050226,159,34,16,0,209
821050227,0,178,65,5,248
821050228,178,60,124,5,367
821050229,180,17,26,0,223
821050230,187,33,18,1,239
821050231,145,34,75,4,258
821050301,8,205,315,31,559
821050302,245,41,42,1,329
821050303,287,37,25,1,350
821050304,210,25,13,0,248
821050305,247,32,9,1,289
821050306,109,149,146,3,407
821050307,211,28,11,1,251
821050308,298,55,50,1,404
821050309,11,3,3,0,17
821050310,71,197,174,26,468
821050311,168,29,32,1,230
821050312,220,30,11,0,261
821050313,154,31,24,0,209
821050314,184,27,28,1,240
821050315,4,45,74,11,134
821050316,112,104,102,2,320
821050401,206,46,96,0,348
821050402,273,0,18,0,291
821050403,296,2,0,1,299
821050404,254,1,1,0,256
821050405,199,16,20,0,235
821050406,266,0,0,0,266
821050407,365,5,17,1,388
821050408,239,0,0,0,239
821050409,350,0,1,0,351
821050410,359,9,28,0,396
821050411,268,1,1,0,270
821050412,391,5,12,0,408
821050413,187,41,121,0,349
821050414,318,45,79,0,442
821050415,217,8,57,0,282
821050416,211,30,75,0,316
821050417,231,11,4,0,246
821050418,233,6,22,0,261
821050419,479,4,5,0,488
821050420,259,6,7,0,272
821050501,0,9,35,2,46
821050502,4,202,145,4,355
821050503,1,66,99,8,174
821050504,4,58,88,11,161
821050505,0,150,142,4,296
821050506,1,191,139,4,335
821050507,0,34,70,3,107
821050508,0,132,164,4,300
821050509,2,93,99,4,198
821050510,0,12,17,2,31
821050511,1,82,195,2,280
821050512,0,153,88,3,244
821050513,1,214,198,3,416
821050514,0,180,181,1,362
821050515,1,77,144,0,222
821050516,2,150,74,1,227
821050517,5,74,105,6,190
821120101,1,45,114,2,162
821120102,0,24,37,0,61
821120103,223,12,88,0,323
821120104,5,22,134,8,169
821120105,132,25,123,2,282
821120106,0,6,41,1,48
821120107,0,14,34,1,49
821120108,184,23,56,0,263
821120201,0,7,11,1,19
821120202,1,12,28,0,41
821120203,75,102,96,0,273
821120204,0,32,66,4,102
821120205,2,55,74,26,157
821120206,3,26,78,0,107
821120207,1,84,100,1,186
821120208,1,94,135,1,231
821120209,450,2,5,0,457
821120210,354,2,2,0,358
821120211,1,14,23,3,41
821120212,0,2,35,0,37
821120213,1,17,36,1,55
821120214,0,7,9,2,18
821120215,0,4,13,2,19
821120216,1,25,68,0,94
821120217,0,74,182,13,269
821120218,212,34,109,0,355
821120219,295,2,0,0,297
821120301,0,18,26,4,48
821120302,2,21,18,2,43
821120303,83,18,75,0,176
821120304,1,5,10,0,16
821120305,0,10,19,2,31
821120306,0,7,34,5,46
821120307,0,18,58,1,77
821120308,0,7,8,0,15
821120309,0,2,24,3,29
821120310,2,37,56,1,96
821120311,4,171,128,1,304
821120312,0,32,65,4,101
821120313,1,17,57,3,78
821120314,1,172,226,4,403
821120315,1,5,11,0,17
821120316,200,40,56,0,296
821120401,123,190,133,0,446
821120402,88,65,100,0,253
821120403,158,28,22,0,208
821120404,278,57,44,0,379
821120405,13,164,254,3,434
821120406,22,121,247,3,393
821120407,83,101,148,0,332
821120408,233,52,54,1,340
821120409,220,43,22,1,286
821120410,310,57,31,0,398
821120411,200,29,14,0,243
821120412,176,114,158,1,449
821120413,76,111,373,7,567
821120414,209,40,55,0,304
821120415,272,135,69,0,476
821120416,161,84,52,0,297
821120417,161,18,38,0,217
821120418,4,50,180,1,235
821120419,50,103,231,3,387
821190101,1,93,85,3,182
821190102,10,289,272,4,575
821190103,1,11,24,1,37
821190104,199,27,37,1,264
821190105,359,43,49,1,452
821190106,335,37,24,0,396
821190107,119,11,48,2,180
821190108,205,37,42,0,284
821190109,2,136,56,0,194
821190110,6,282,145,0,433
821190111,1,168,94,2,265
821190112,0,22,25,0,47
821190113,0,10,2,0,12
821190114,0,0,0,0,0
821190115,0,17,22,1,40
821190116,0,21,23,1,45
821190117,19,251,162,1,433
821190118,147,33,63,0,243
821190119,1,102,211,1,315
821190120,759,72,128,1,960
821190121,159,148,235,1,543
821190122,159,76,47,0,282
821190201,227,34,117,1,379
821190202,350,25,68,0,443
821190203,382,25,38,0,445
821190204,341,5,2,0,348
821190205,384,1,0,0,385
821190206,359,12,2,0,373
821190207,200,2,2,0,204
821190208,224,7,4,0,235
821190209,234,2,2,0,238
821190301,2,22,42,0,66
821190302,241,60,201,1,503
821190303,264,0,0,0,264
821190304,488,2,1,0,491
821190305,229,1,0,0,230
821190306,189,32,89,0,310
821190307,111,28,50,0,189
821190308,96,117,437,4,654
821190309,265,1,4,0,270
821190310,2,75,91,0,168
821190311,10,150,104,0,264
821190312,21,87,183,1,292
821190313,5,170,90,0,265
821190314,2,134,168,0,304
821190315,0,4,22,0,26
821190401,3,5,30,3,41
821190402,3,148,148,2,301
821190403,7,192,154,3,356
821190404,2,200,107,0,309
821190405,60,10,0,0,70
821190406,1,183,82,1,267
821190407,13,206,113,0,332
821190408,6,265,95,2,368
821190409,2,322,163,0,487
821190410,6,247,103,0,356
821190411,80,9,3,0,92
821190412,3,214,80,0,297
821190413,4,212,148,0,364
821190414,9,252,282,0,543
821190415,7,206,164,1,378
821190416,1,190,106,3,300
821190417,5,341,157,1,504
821190418,3,186,44,1,234
821190419,8,273,71,0,352
821190420,4,180,109,0,293
821190422,5,240,92,1,338
821190423,0,120,115,0,235
821190424,13,153,160,0,326
821190425,7,187,80,0,274
821190426,1,80,248,3,332
821190501,0,13,31,1,45
821190502,4,117,270,3,394
821190503,3,244,199,0,446
821190504,1,41,39,0,81
821190505,0,1,0,0,1
821190506,0,34,33,0,67
821190507,5,186,263,4,458
821190508,2,123,173,1,299
821190509,32,122,108,0,262
821190510,48,165,196,0,409
821190511,72,141,146,0,359
821190512,90,68,60,0,218
821190513,1,181,80,0,262
821190514,12,186,159,2,359
821190515,5,187,323,10,525
821190516,1,88,30,0,119
821190517,2,129,70,0,201
821190518,0,121,89,0,210
821190519,2,253,151,0,406
821190601,0,13,85,0,98
821190602,8,115,146,0,269
821190603,1,175,305,4,485
821190604,2,155,138,1,296
821190605,0,3,14,0,17
821190606,192,6,26,0,224
821190607,0,1,14,2,17
821190608,483,22,10,0,515
821190609,373,19,25,0,417
821190610,0,7,42,2,51
821190611,177,70,83,0,330
821190612,80,110,176,3,369
821190613,0,4,16,1,21
821190614,2,130,188,0,320
821190701,106,113,162,4,385
821190702,131,84,195,0,410
821190703,50,125,192,2,369
821190704,25,130,171,2,328
821190705,6,149,262,1,418
821190706,167,70,89,1,327
821190707,96,50,42,0,188
821190708,14,139,142,0,295
821190709,14,143,132,3,292
821190710,51,107,103,0,261
821190711,95,71,31,0,197
821190712,119,72,92,0,283
821190713,2,29,56,2,89
821190714,89,93,86,0,268
821190715,46,149,293,0,488
821190716,22,93,240,5,360
821190801,6,174,147,0,327
821190802,4,340,116,1,461
821190803,20,249,93,0,362
821190804,100,160,71,0,331
821190805,4,225,264,18,511
821190806,63,101,39,0,203
821190807,1,240,96,0,337
821190808,5,247,121,0,373
821190809,118,112,57,0,287
821190810,200,93,50,0,343
821190811,133,52,50,1,236
821190812,85,69,28,0,182
821190813,22,178,128,0,328
821190814,4,202,173,7,386
821190815,9,192,187,1,389
821190816,4,166,139,18,327
821190817,1,23,34,0,58
821190818,184,42,25,0,251
821190901,1,0,24,1,26
821190902,9,57,177,8,251
821190903,13,153,104,6,276
821190904,40,128,99,0,267
821190905,9,66,137,2,214
821190906,144,167,201,0,512
821190907,248,13,12,0,273
821190908,237,2,0,2,241
821190909,233,8,6,0,247
821190910,178,0,1,0,179
821190911,191,0,0,0,191
821190912,215,2,6,0,223
821190913,336,31,111,1,479
821190914,1,8,37,0,46
821191001,234,0,0,0,234
821191002,221,0,0,0,221
821191003,235,0,0,0,235
821191004,267,6,7,0,280
821191005,266,5,9,0,280
821191006,74,86,111,0,271
821191007,305,31,60,0,396
821191008,286,3,2,0,291
821191009,256,1,0,0,257
821191010,164,0,2,0,166
821191011,297,2,0,0,299
821191012,361,3,1,0,365
821191013,271,2,4,0,277
821191014,212,2,1,0,215
821199301,0,6,14,0,20
821199401,0,1,3,0,4
821199402,0,0,5,0,5
821199403,0,1,3,0,4
821199601,0,0,2,0,2
821199701,0,2,0,0,2
821260101,0,153,42,8,203
821260102,0,46,18,4,68
821260103,31,50,40,2,123
821260104,0,239,72,7,318
821260105,3,58,59,3,123
821260106,311,67,24,9,411
821260107,141,83,93,8,325
821260108,287,90,17,0,394
821260109,200,30,8,0,238
821260110,210,49,14,3,276
821260111,0,19,29,3,51
821260112,2,55,27,1,85
821260113,0,18,36,5,59
821260114,174,38,17,0,229
821260201,0,292,98,1,391
821260202,3,206,122,0,331
821260203,0,6,16,1,23
821260204,6,46,28,0,80
821260205,0,6,36,0,42
821260206,0,169,36,14,219
821260207,267,83,48,0,398
821260208,320,97,71,1,489
821260209,287,50,23,1,361
821260210,134,115,207,3,459
821260211,0,18,16,0,34
821260212,2,34,21,2,59
821260213,1,26,37,0,64
821260214,0,19,17,0,36
821260215,0,48,50,0,98
821260216,2,15,21,1,39
821260217,3,274,95,12,384
821260301,5,31,43,3,82
821260302,315,24,24,0,363
821260303,306,20,23,0,349
821260304,21,101,219,5,346
821260305,6,50,73,1,130
821260306,1,52,37,0,90
821260307,1,196,184,7,388
821260308,3,66,97,8,174
821260309,98,86,165,2,351
821260310,207,36,16,0,259
821260311,328,27,26,1,382
821260312,226,20,15,0,261
821260313,123,79,249,1,452
821260314,244,46,50,0,340
821260315,230,25,22,0,277
821260316,165,20,9,0,194
821260317,339,38,83,1,461
821260318,210,22,10,0,242
821260319,214,87,54,2,357
821260401,8,317,107,5,437
821260402,0,34,36,2,72
821260403,0,33,31,0,64
821260404,228,150,46,0,424
821260405,43,119,158,15,335
821260406,222,106,69,0,397
821260407,108,49,45,2,204
821260408,273,11,8,2,294
821260409,344,94,73,4,515
821260410,264,9,5,0,278
821260411,394,38,51,0,483
821260501,199,17,5,1,222
821260502,186,49,59,4,298
821260503,311,47,9,0,367
821260504,288,26,4,0,318
821260505,293,24,4,0,321
821260506,261,156,120,6,543
821260507,293,17,2,0,312
821260508,274,21,2,0,297
821260509,231,37,58,1,327
821260510,290,34,7,1,332
821260511,371,25,5,0,401
821260512,359,21,14,0,394
821260513,231,10,27,0,268
821260514,172,76,30,4,282
821260515,281,24,1,0,306
821260516,308,38,21,1,368
821260517,400,9,2,0,411
821330101,0,0,9,0,9
821330102,0,8,19,7,34
821330103,0,0,8,1,9
821330104,0,4,8,3,15
821330105,0,0,11,5,16
821330106,0,0,1,2,3
821330107,2,9,38,11,60
821330108,0,1,16,2,19
821330109,0,0,0,2,2
821330110,0,0,0,0,0
821330201,2,104,143,10,259
821330202,0,1,17,8,26
821330203,0,0,5,0,5
821330204,0,18,91,2,111
821330205,0,1,1,2,4
821330206,0,14,57,10,81
821330207,0,0,32,1,33
821330208,0,0,4,1,5
821330209,0,31,49,5,85
821330210,0,2,3,0,5
821330211,0,4,23,13,40
821330212,110,51,200,41,402
821330213,3,91,139,18,251
821330214,1,2,29,5,37
821330215,0,13,20,9,42
821330216,0,6,11,9,26
821330217,0,1,7,5,13
821330218,0,2,22,2,26
821330219,0,46,174,29,249
821330220,0,3,0,0,3
821330301,0,3,4,1,8
821330302,0,0,0,0,0
821330303,0,19,31,6,56
821330304,0,2,7,2,11
821330305,0,1,9,0,10
821330306,0,1,0,0,1
821330307,0,11,18,1,30
821330308,0,5,37,5,47
821330309,0,6,4,0,10
821330310,0,10,21,5,36
821330311,0,13,94,0,107
821330312,0,19,40,8,67
821330313,10,257,177,24,468
821330314,0,14,48,2,64
821330315,0,2,12,1,15
821330316,0,0,15,1,16
821330317,0,6,7,0,13
821330318,0,15,18,8,41
821330401,16,77,248,20,361
821330402,38,161,122,5,326
821330403,6,117,104,11,238
821330404,128,129,105,7,369
821330405,266,58,15,1,340
821330406,5,86,184,1,276
821330407,64,123,48,0,235
821330408,153,6,6,0,165
821330409,58,142,83,7,290
821330410,53,192,151,2,398
821330411,185,42,10,0,237
821330412,146,75,127,1,349
821330413,37,101,155,2,295
821330414,17,165,72,0,254
821330415,34,157,292,16,499
821330416,4,62,178,15,259
821330417,88,141,118,2,349
821330501,0,5,22,2,29
821330502,0,7,8,4,19
821330503,0,1,4,0,5
821330504,0,7,59,22,88
821330505,4,4,43,7,58
821330506,0,0,1,1,2
821330507,0,1,1,2,4
821330508,0,2,4,1,7
821330509,0,11,35,11,57
821330510,0,4,9,0,13
821330511,0,2,50,10,62
821330512,0,4,11,5,20
821330513,0,0,7,0,7
821330514,4,6,16,7,33
821330515,0,5,10,2,17
821330516,0,0,9,1,10
821330517,16,36,55,6,113
821330518,3,31,17,3,54
821330519,0,0,0,0,0
821330520,0,6,9,0,15
821330521,0,0,0,0,0
821330522,0,3,28,7,38
821330523,0,0,15,8,23
821330524,0,1,24,7,32
821330525,0,9,22,1,32
821330526,0,6,5,1,12
821330527,0,0,17,0,17
821330528,0,6,40,6,52
821330529,0,0,10,0,10
821330530,0,1,6,6,13
821330531,0,3,10,0,13
821330532,0,2,8,1,11
821330533,113,68,150,6,337
821330534,35,71,136,7,249
821330601,3,3,3,3,12
821330602,0,12,26,4,42
821330603,5,30,67,4,106
821330604,239,192,97,3,531
821330605,78,124,188,5,395
821330606,0,5,4,0,9
821330607,0,4,1,1,6
821330608,49,11,35,5,100
821330609,0,5,4,0,9
821330610,0,9,6,4,19
821330611,0,1,7,0,8
821330612,0,6,3,1,10
821330613,0,13,2,0,15
821330614,0,19,20,1,40
821330615,0,0,8,0,8
821330616,0,0,6,0,6
821330617,4,89,144,12,249
821330618,138,53,112,0,303
821330619,509,54,45,0,608
821330620,112,94,255,14,475
821330621,267,8,10,1,286
821330622,0,3,17,0,20
821330623,0,3,17,0,20
821330624,0,1,15,0,16
821330625,0,2,7,0,9
821330626,0,2,15,1,18
821330627,1,4,8,1,14
821330628,0,5,4,0,9
821330629,122,126,200,15,463
821330630,164,25,69,0,258
821330631,67,87,116,2,272
860070101,0,4,17,17,38
860070102,0,39,18,22,79
860070103,0,26,60,22,108
860070104,0,0,29,47,76
860070105,0,146,40,4,190
860070106,0,221,141,3,365
860070107,0,215,117,14,346
860070108,0,189,71,9,269
860070201,0,2,4,2,8
860070202,0,0,12,10,22
860070203,0,6,24,5,35
860070204,0,5,1,0,6
860070205,0,3,3,1,7
860070206,0,174,116,3,293
860070301,0,5,3,0,8
860070302,0,2,14,1,17
860070303,0,8,23,0,31
860070304,0,3,19,0,22
860140101,0,5,35,104,144
860140102,0,0,6,15,21
860140103,0,1,21,48,70
860140201,0,0,15,26,41
860140202,0,5,51,74,130
860140203,0,1,6,21,28
860140301,0,6,23,4,33
860140302,0,1,2,5,8
860140401,0,8,1,4,13
860140402,0,13,31,7,51
860140501,0,10,7,12,29
860140502,0,59,125,50,234
860140503,0,119,77,33,229
860140504,0,96,102,33,231
860140601,0,0,13,1,14
860140602,0,17,14,25,56
860140603,0,11,82,18,111
860140701,0,0,0,1,1
860140702,0,12,108,78,198
860140703,0,177,83,51,311
860140704,0,102,183,51,336
860140705,0,155,95,39,289
860140706,0,174,131,30,335
860140801,0,1,11,40,52
860140802,0,3,18,12,33
860140901,0,14,55,59,128
860140902,0,1,25,47,73
860140903,0,0,1,33,34
860210101,0,0,2,0,2
860210102,0,1,29,20,50
860210103,0,15,93,6,114
860210104,0,2,61,54,117
860210105,0,0,20,11,31
860210201,0,8,164,104,276
860210202,0,2,130,87,219
860210203,0,0,15,14,29
860210204,0,3,37,105,145
860210205,0,0,25,41,66
860210206,0,51,61,25,137
860210207,0,91,104,24,219
860210208,0,161,102,2,265
860210209,0,86,94,50,230
860210301,0,2,10,31,43
860210302,0,2,35,5,42
860210303,0,1,1,15,17
860210304,0,0,9,21,30
860210305,0,1,1,7,9
860210306,0,0,17,8,25
860280101,0,1,46,19,66
860280102,0,0,28,53,81
860280103,0,3,2,61,66
860280104,0,4,8,54,66
860280201,0,0,22,26,48
860280202,0,2,25,3,30
860280203,0,1,35,61,97
860280204,0,1,5,40,46
860280205,0,1,39,23,63
860280206,0,50,111,17,178
860280207,0,119,147,28,294
860280301,0,0,67,61,128
860280302,0,10,91,12,113
860280303,0,1,21,23,45
860280304,0,128,111,7,246
860280305,0,107,73,8,188
860280401,0,9,41,22,72
860280402,0,3,26,6,35
860280403,0,10,100,25,135
860280404,0,13,70,28,111
860280405,0,11,41,21,73
860280406,0,9,85,55,149
860280407,0,131,75,11,217
860280408,0,191,174,13,378
860280409,0,284,84,1,369
860280410,0,121,96,3,220
860280501,0,11,64,58,133
860280502,0,9,36,57,102
860280503,0,4,34,23,61
860280504,0,105,195,20,320
860350101,0,0,4,53,57
860350102,0,1,3,63,67
860350201,0,2,11,34,47
860350202,0,1,4,9,14
860350203,2,14,43,47,106
860350301,0,0,10,13,23
860350302,0,0,3,5,8
860350303,0,1,7,8,16
860350401,0,5,55,27,87
860350402,0,14,23,45,82
860350501,0,2,24,84,110
860350502,0,3,68,31,102
860350503,0,0,26,18,44
860350601,0,19,127,108,254
860350602,1,8,113,30,152
860350701,0,7,49,26,82
860350702,0,7,50,29,86
860350703,0,5,40,21,66
860350704,0,26,164,34,224
860350705,0,2,44,6,52
860350706,0,20,50,9,79
860350707,12,123,101,5,241
860350801,0,4,57,15,76
860350802,0,3,26,18,47
860350803,0,11,95,50,156
860350804,5,185,90,5,285
860350805,5,257,65,21,348
860350806,2,184,65,6,257
860350807,4,191,186,27,408
860350808,0,202,60,1,263
860350809,5,152,94,31,282
860350810,3,387,58,1,449
860350901,1,17,46,40,104
860350902,0,18,33,7,58
860351001,2,41,159,78,280
860351002,0,18,38,76,132
860351003,0,1,25,12,38
860351004,0,21,59,53,133
860351005,0,4,48,39,91
860351101,195,89,22,3,309
860351102,1,26,82,34,143
860351103,0,14,23,3,40
860351104,0,2,40,9,51
860351105,0,2,20,4,26
860351106,127,7,34,2,170
860351107,21,149,222,57,449
860351108,474,1,0,0,475
860351109,420,5,44,3,472
860351110,0,0,0,0,0
860351111,96,0,0,0,96
860351112,298,0,0,1,299
860351113,399,2,0,0,401
860351114,175,30,77,13,295
860351201,0,25,50,10,85
860351202,1,37,60,33,131
860351203,0,53,81,33,167
860351204,0,8,54,19,81
860351205,2,173,134,20,329
860351206,4,121,85,9,219
860351207,4,279,114,15,412
860351208,2,250,4,0,256
860351209,278,0,0,0,278
860351210,279,0,0,0,279
860351211,273,0,0,0,273
860351213,4,92,185,7,288
860351214,5,292,85,0,382
860351215,9,207,42,7,265
860351216,9,162,44,0,215
860351217,31,201,26,1,259
860351218,4,172,5,0,181
860351219,29,146,229,34,438
860351220,218,19,31,5,273
860351221,2,16,15,1,34
860351301,347,22,4,0,373
860351302,4,155,140,18,317
860351303,12,217,190,7,426
860351304,6,146,66,0,218
860351305,105,65,11,0,181
860351306,28,178,26,2,234
860351307,6,278,89,19,392
860351308,4,228,187,20,439
860351309,12,158,76,1,247
860351310,1,99,114,8,222
860351311,257,25,0,0,282
860351312,17,268,8,0,293
860351313,5,169,123,0,297
860351314,8,201,79,3,291
860351315,1,114,187,7,309
860351316,1,61,196,45,303
860351317,4,159,71,0,234
860351318,4,73,178,9,264
860351319,348,14,2,1,365
860351401,4,143,211,40,398
860351402,0,66,149,51,266
860351403,152,96,131,35,414
860351404,37,171,94,6,308
860351405,7,211,113,6,337
860351406,150,43,66,0,259
860351407,3,37,133,3,176
860351408,8,234,48,3,293
860351409,262,14,11,2,289
860351410,227,12,19,1,259
860351411,240,1,1,0,242
860351412,235,37,43,3,318
860351413,193,41,17,1,252
860351414,25,210,130,23,388
860351415,48,111,79,16,254
860351416,94,33,89,1,217
860351501,232,16,7,0,255
860351502,166,78,36,0,280
860351503,19,138,85,7,249
860351504,191,106,84,4,385
860351505,98,71,75,4,248
860351506,6,178,153,4,341
860351507,241,20,23,0,284
860351508,154,3,3,0,160
860351509,246,11,5,0,262
860351510,23,189,134,11,357
860351511,132,104,105,7,348
860351512,11,89,86,10,196
860351513,66,116,96,18,296
860351514,8,93,139,2,242
860351515,34,233,39,2,308
860351516,59,113,131,6,309
860351517,2,85,138,17,242
860351601,162,20,7,0,189
860351602,226,3,2,0,231
860351603,265,22,3,0,290
860351604,332,44,24,0,400
860351605,209,43,12,1,265
860351606,38,96,54,3,191
860351607,193,106,32,3,334
860351608,81,133,37,4,255
860351609,288,81,43,2,414
860351610,279,54,47,1,381
860351611,45,128,76,5,254
860351612,5,174,194,18,391
860351613,45,126,89,8,268
860420101,0,9,27,24,60
860420102,0,3,3,0,6
860420103,0,1,18,1,20
860420201,0,6,2,3,11
860420202,0,199,51,3,253
860420203,0,7,7,1,15
860420204,0,1,1,4,6
860420205,0,86,127,12,225
860420206,0,273,73,24,370
860420207,0,179,177,18,374
860420208,0,232,85,19,336
860420209,0,197,120,6,323
860420301,0,73,33,6,112
860420302,0,5,7,1,13
860420303,0,17,5,2,24
860420304,0,5,8,1,14
860420305,0,45,83,4,132
860490101,11,1,45,124,181
860490102,1,4,77,47,129
860490103,0,0,21,38,59
860490201,93,16,63,115,287
860490202,92,37,226,90,445
860490301,1,2,3,4,10
860490302,3,2,6,0,11
860490303,271,91,29,0,391
860490304,28,235,17,1,281
860490305,26,301,17,2,346
860490306,24,268,55,0,347
860490307,19,135,105,21,280
860490308,6,41,171,18,236
860490309,9,70,144,17,240
860490310,12,41,140,17,210
860490311,15,45,158,59,277
860490312,116,40,47,2,205
860490313,113,14,16,0,143
860490314,314,47,28,8,397
860490401,0,0,69,12,81
860490402,0,1,30,84,115
860490403,0,5,29,3,37
860490404,0,2,22,1,25
860490501,16,206,252,67,541
860490502,4,208,212,65,489
860490503,5,119,111,26,261
860490504,12,204,70,8,294
860490505,4,124,51,2,181
860490506,6,196,93,5,300
860490507,72,144,11,0,227
860490508,196,76,30,0,302
860490509,17,245,86,0,348
860490510,114,1,1,0,116
860490511,5,201,24,0,230
860490512,17,194,76,0,287
860490513,2,199,48,0,249
860490514,312,56,37,1,406
860490515,255,36,12,0,303
860490516,344,26,4,0,374
860490517,136,56,27,0,219
860490518,247,34,20,1,302
860490519,366,3,3,0,372
860490520,5,119,115,8,247
860490521,159,17,6,0,182
860490522,305,15,1,0,321
860490523,100,14,4,0,118
860490601,0,0,23,29,52
860490602,0,3,16,37,56
860490801,5,219,80,7,311
860490802,7,97,108,12,224
860490803,37,76,58,7,178
860490804,68,81,14,0,163
860490805,202,1,0,0,203
860490806,149,1,1,0,151
860490807,148,31,16,1,196
860490808,136,38,7,2,183
860490809,80,87,88,1,256
860490810,14,235,73,0,322
860490811,2,178,8,0,188
860490812,8,301,91,1,401
860490813,11,198,54,5,268
860490814,6,157,42,0,205
860490815,5,175,50,3,233
860490816,1,133,63,0,197
860490817,42,265,67,4,378
860490818,4,120,75,2,201
860490819,2,173,52,2,229
860490901,68,62,149,1,280
860490902,130,76,9,0,215
860490903,207,16,8,0,231
860490904,221,10,6,0,237
860490905,217,7,3,0,227
860490906,232,3,1,0,236
860490907,170,0,1,0,171
860490908,205,0,0,0,205
860490909,277,1,1,0,279
860490910,117,0,0,0,117
860490911,141,0,0,0,141
860490912,164,1,0,0,165
860490913,206,3,0,0,209
860490914,209,1,0,0,210
860490915,260,2,0,0,262
860490916,233,4,2,1,240
860490917,146,94,20,2,262
860490918,233,42,22,1,298
860490919,259,0,0,0,259
860490920,144,1,0,0,145
860490921,182,5,2,0,189
860490922,168,0,1,0,169
860491001,171,86,109,10,376
860491002,13,25,176,17,231
860491003,3,118,275,86,482
860491004,0,39,183,15,237
860491005,248,27,11,0,286
860491006,4,77,203,42,326
860491007,105,140,71,2,318
860491008,13,53,146,35,247
860491009,250,37,3,0,290
860491010,214,0,0,0,214
860491011,218,0,0,0,218
860491012,304,0,0,0,304
860491013,136,35,4,0,175
860491014,200,4,0,0,204
860491015,259,6,1,1,267
860491016,287,2,1,0,290
860491017,195,81,88,10,374
860491018,146,60,87,4,297
860491019,22,145,132,6,305
860491020,150,55,59,7,271
860491101,9,178,161,4,352
860491102,29,174,80,3,286
860491103,80,139,112,11,342
860491104,23,151,43,1,218
860491105,6,186,47,1,240
860491106,5,203,101,19,328
860491107,104,121,18,1,244
860491108,316,1,0,0,317
860491109,306,45,12,0,363
860491110,261,5,5,0,271
860491111,285,38,14,0,337
860491112,63,259,54,0,376
860491113,12,260,85,4,361
860491114,8,290,48,0,346
860491115,172,105,29,2,308
860491201,208,9,2,0,219
860491202,174,63,5,0,242
860491203,15,206,41,0,262
860491204,29,126,98,1,254
860491205,5,166,34,0,205
860491206,292,1,0,1,294
860491207,232,0,0,0,232
860491208,303,0,0,0,303
860491209,231,1,0,0,232
860491210,315,3,1,0,319
860491211,177,2,0,0,179
860491212,173,4,0,0,177
860491213,258,0,0,0,258
860491214,12,158,68,1,239
860491215,147,67,33,1,248
860491216,277,4,2,0,283
860491217,251,5,1,1,258
860491218,194,14,10,1,219
860491219,205,10,12,0,227
860491220,3,90,99,8,200
860491301,285,2,0,0,287
860491302,205,7,0,0,212
860491303,213,4,0,0,217
860491304,256,37,16,0,309
860491305,267,27,23,1,318
860491306,285,11,16,0,312
860491307,214,23,13,2,252
860491308,195,18,10,0,223
860491309,243,111,20,1,375
860491310,277,4,5,0,286
860491311,262,2,8,0,272
860491312,209,2,1,0,212
860491313,134,1,0,0,135
860491314,182,1,3,0,186
860491401,174,10,3,0,187
860491402,254,25,6,0,285
860491403,116,146,68,3,333
860491404,9,153,78,3,243
860491405,106,163,6,0,275
860491406,149,62,65,0,276
860491407,83,76,48,0,207
860491408,1,115,57,0,173
860491409,124,18,22,0,164
860491410,3,216,57,1,277
860491411,3,213,38,0,254
860491412,6,168,152,1,327
860491413,193,46,21,3,263
860491414,18,116,48,2,184
860491415,157,74,58,0,289
860491501,14,202,60,3,279
860491502,6,105,107,0,218
860491503,5,297,46,0,348
860491504,70,177,17,1,265
860491505,64,124,11,0,199
860491506,1,164,159,2,326
860491507,1,130,90,2,223
860491508,6,236,175,15,432
860491509,8,256,40,2,306
860491510,0,197,68,3,268
860491511,4,108,95,10,217
860491512,6,186,66,2,260
860491513,4,128,54,0,186
860491514,8,145,211,13,377
860491515,1,113,68,12,194
860491601,18,198,122,14,352
860491602,12,133,152,35,332
860491603,68,125,87,6,286
860491604,62,187,87,3,339
860491605,9,161,134,9,313
860491606,216,40,7,3,266
860491607,4,102,189,23,318
860491608,279,0,1,0,280
860491609,268,0,0,0,268
860491610,11,120,155,13,299
860491611,245,0,0,0,245
860491612,295,0,0,0,295
860491613,336,0,0,0,336
860491614,0,24,136,44,204
860491615,110,37,151,22,320
860491616,1,34,169,4,208
860491701,3,68,64,28,163
860491702,2,108,83,2,195
860491703,0,171,84,1,256
860491704,8,202,88,1,299
860491705,6,187,80,0,273
860491706,1,145,111,3,260
860491707,1,94,145,18,258
860491708,4,100,80,16,200
860491709,9,183,141,8,341
860491710,4,126,165,14,309
860491711,4,146,129,5,284
860491712,13,256,152,2,423
860491713,2,242,34,0,278
860491714,2,173,76,1,252
860491715,8,241,46,2,297
860491716,5,170,79,3,257
860491717,3,168,112,3,286
860491718,3,138,119,5,265
860491801,0,46,160,54,260
860491802,88,64,189,14,355
860491803,3,75,178,8,264
860491804,3,170,155,7,335
860491805,14,294,39,0,347
860491806,9,152,42,0,203
860491807,7,191,70,0,268
860491808,6,265,3,2,276
860491809,10,259,61,2,332
860491810,2,238,54,0,294
860491811,4,135,54,11,204
860491812,1,35,40,4,80
860491813,135,56,23,9,223
860491814,21,163,30,0,214
860491815,9,278,11,0,298
860491816,5,263,24,0,292
860491817,1,263,24,0,288
860491901,251,1,1,0,253
860491902,424,0,0,0,424
860491903,408,0,0,0,408
860491904,359,0,0,0,359
860491905,365,1,0,0,366
860491906,411,4,0,0,415
860491907,296,3,1,0,300
860491908,369,8,2,0,379
860491909,277,8,6,0,291
860491910,62,7,4,1,74
860491911,293,3,7,0,303
860491912,314,5,6,0,325
860491913,174,11,1,0,186
860491914,320,9,6,0,335
860491915,185,9,1,1,196
860491916,1,165,101,6,273
860560101,0,6,14,43,63
860560102,0,5,75,108,188
860560103,0,8,74,42,124
860560104,0,35,176,31,242
860560201,0,2,5,11,18
860560202,0,27,82,9,118
860560203,0,0,30,74,104
860560204,0,0,15,57,72
860560205,0,4,6,68,78
860560206,0,1,2,33,36
860560301,0,0,4,34,38
860560302,0,4,15,9,28
860560303,0,7,42,52,101
860560304,0,2,32,47,81
860560305,0,2,6,46,54
860560306,0,101,141,64,306
860560307,0,216,95,33,344
860560308,0,161,90,18,269
860560309,0,43,93,66,202
860560310,0,111,57,20,188
860560311,0,96,73,27,196
860560312,0,273,119,48,440
860560313,0,135,51,5,191
860560314,0,40,94,50,184
860560315,0,68,139,36,243
860560401,0,1,3,5,9
860560402,0,14,24,31,69
860560403,0,3,15,55,73
860560404,0,41,69,19,129
860560405,0,147,77,56,280
860560501,0,35,249,50,334
860560502,0,113,90,34,237
860560503,0,88,81,53,222
860560504,0,97,82,59,238
860560505,0,159,82,16,257
860630101,0,1,6,4,11
860630102,0,6,66,42,114
860630103,1,14,62,82,159
860630104,0,11,41,49,101
860630105,0,2,21,8,31
860630106,0,102,82,13,197
860630201,1,17,43,45,106
860630202,0,1,18,34,53
860630203,0,1,31,39,71
860630204,0,0,5,21,26
860630205,4,66,102,78,250
860630301,0,7,22,58,87
860630302,0,0,21,4,25
860630303,0,128,79,30,237
860630401,0,0,3,22,25
860630402,0,4,13,15,32
860630403,0,66,77,10,153
860630501,0,1,6,38,45
860630502,0,2,19,9,30
860630601,74,50,52,1,177
860630602,228,36,5,14,283
860630603,7,122,24,0,153
860630604,115,38,40,7,200
860630605,196,121,18,0,335
860630606,82,118,14,6,220
860630607,192,2,15,0,209
860630608,235,0,0,0,235
860630609,155,68,47,2,272
860630610,149,116,38,1,304
860630611,110,74,62,7,253
860630612,122,92,47,1,262
860630613,12,133,81,10,236
860630614,100,121,40,6,267
860630615,97,100,19,4,220
860630701,0,0,0,0,0
860630702,0,0,0,0,0
860630703,0,0,0,0,0
860630801,68,132,107,18,325
860630802,105,103,13,0,221
860630803,70,64,24,1,159
860630804,102,94,25,0,221
860630805,119,74,13,0,206
860630806,125,111,21,0,257
860630807,8,226,39,0,273
860630808,66,74,47,17,204
860630809,79,49,25,1,154
860630810,170,117,22,0,309
860630811,67,116,65,10,258
860630812,40,34,64,17,155
860630813,109,120,61,8,298
860630814,21,79,80,2,182
860630815,6,183,86,23,298
860700101,0,3,26,25,54
860700102,0,1,24,61,86
860700103,0,5,12,77,94
860700104,0,0,35,84,119
860700201,0,23,140,43,206
860700202,0,10,170,136,316
860700203,0,83,85,18,186
860700301,0,0,6,26,32
860700302,0,1,36,88,125
860700401,0,81,205,214,500
860700402,0,6,91,108,205
860700403,0,4,53,64,121
860700501,0,1,30,61,92
860700502,0,0,44,74,118
860700503,0,1,65,114,180
860700504,0,0,1,33,34
860700505,0,5,26,68,99
860700601,0,2,23,10,35
860700602,0,0,16,44,60
860700603,0,194,134,30,358
860770101,0,15,109,96,220
860770102,0,6,56,115,177
860770103,0,88,56,61,205
860770201,0,7,21,60,88
860770202,0,40,292,104,436
860770203,0,18,92,54,164
860770204,0,3,27,35,65
860770205,0,158,154,38,350
860770206,0,63,123,48,234
860770207,0,108,95,17,220
860770301,0,46,88,55,189
860770302,0,74,105,19,198
860770303,0,27,24,3,54
860770401,0,2,12,24,38
860770402,0,4,39,93,136
860770403,0,7,81,25,113
860770404,0,5,22,19,46
860770405,0,15,84,122,221
860770501,0,61,102,31,194
860770502,0,230,75,13,318
860770503,0,80,50,25,155
860770504,0,113,66,5,184
860770505,0,161,113,12,286
860770506,0,91,118,6,215
860770507,0,106,58,4,168
860770508,0,239,74,2,315
860770509,0,147,36,1,184
860770510,0,116,43,1,160
860770511,0,153,48,2,203
860770512,0,163,53,0,216
860770601,0,97,55,9,161
860770602,0,180,24,0,204
860770603,0,169,39,7,215
860770604,0,173,25,1,199
860770605,0,150,58,3,211
860770606,0,141,28,1,170
860770607,0,78,77,4,159
860770608,0,148,163,11,322
860770609,0,157,28,1,186
860770610,0,165,43,22,230
860770611,0,154,52,5,211
860770612,0,131,70,2,203
860840101,0,2,21,0,23
860840102,0,7,64,49,120
860840103,0,0,14,0,14
860840201,0,4,51,45,100
860840202,0,0,19,22,41
860840301,0,22,114,24,160
860840302,0,0,12,28,40
860840303,0,1,38,37,76
860840304,0,9,51,16,76
860840305,0,10,40,24,74
860840401,0,10,23,17,50
860840402,0,0,1,5,6
860840403,0,3,3,4,10
860840404,0,3,12,1,16
860840405,0,31,49,2,82
860840406,0,138,36,3,177
860840407,0,148,82,14,244
860840408,0,138,71,2,211
860840409,0,123,62,5,190
860910101,0,6,83,15,104
860910102,0,3,32,3,38
860910103,0,18,73,22,113
860910104,0,6,55,12,73
860910105,0,58,220,27,305
860910106,0,16,114,21,151
860910107,0,15,71,12,98
860910108,0,3,5,0,8
860910109,0,96,203,4,303
860910201,0,5,31,17,53
860910202,0,0,11,0,11
860910203,0,2,45,24,71
860910204,0,5,0,2,7
860910301,0,0,8,9,17
860910302,0,0,15,0,15
860910401,0,12,23,2,37
860910402,0,2,19,25,46
860910403,0,74,47,9,130
860910404,0,37,110,10,157
860910405,0,22,131,15,168
860910406,0,86,245,24,355
860910407,0,31,126,7,164
860910408,0,0,6,15,21
860910409,0,11,10,4,25
860910410,0,163,131,5,299
860910411,0,111,146,20,277
860980101,0,1,19,17,37
860980102,0,0,3,6,9
860980103,0,4,38,67,109
860980104,0,0,9,14,23
860980105,0,2,6,18,26
860980106,0,0,24,6,30
860980107,0,3,6,2,11
860980108,0,140,179,24,343
860980109,0,204,272,0,476
860980110,0,177,101,32,310
860980111,0,120,102,23,245
860980112,0,88,49,25,162
860980201,0,6,29,68,103
860980202,0,0,3,9,12
860980203,0,0,6,27,33
860980204,0,4,14,18,36
860980205,0,89,104,40,233
860980301,0,9,34,18,61
860980302,0,9,9,13,31
860980303,0,2,6,0,8
860980304,0,0,2,16,18
860980305,0,33,110,198,341
860980401,0,48,25,105,178
860980402,0,14,22,80,116
860980403,0,58,13,65,136
860980501,0,1,13,30,44
860980502,0,0,47,133,180
860980503,0,13,97,69,179
860980601,0,0,6,19,25
860980602,0,0,39,8,47
860980603,0,0,13,0,13
860980701,0,3,9,0,12
860980702,0,1,16,0,17
860980703,0,4,2,2,8
861050101,0,64,204,123,391
861050102,0,1,22,27,50
861050201,0,199,95,19,313
861050202,0,0,16,26,42
861050203,0,13,138,178,329
861050204,0,20,146,151,317
861050205,0,186,85,19,290
861050206,0,189,74,4,267
861050207,0,190,113,17,320
861050208,0,203,77,3,283
861050209,0,191,128,8,327
861050210,0,248,69,18,335
861050211,0,135,102,9,246
861050212,0,199,75,6,280
861050301,0,18,152,102,272
861050302,0,8,62,52,122
861050303,0,1,9,40,50
861120101,0,0,10,20,30
861120102,0,4,12,37,53
861120103,0,1,20,18,39
861120104,0,0,1,26,27
861120105,0,2,14,17,33
861120201,0,3,42,15,60
861120202,0,1,13,3,17
861120203,0,70,65,12,147
861120302,0,1,8,33,42
861190101,0,20,46,241,307
861190102,0,68,195,99,362
861190103,0,137,113,62,312
861190104,0,269,99,34,402
861190201,0,13,25,61,99
861190202,0,4,5,12,21
861190203,0,21,19,31,71
861190301,0,29,48,33,110
861190302,0,4,22,45,71
861190303,0,12,25,35,72
861190304,0,2,2,30,34
861190401,0,20,47,35,102
861190402,0,5,7,10,22
861190403,0,3,5,10,18
861190404,0,41,104,115,260
861190405,0,7,27,84,118
861190406,0,240,164,42,446
861190407,0,235,47,7,289
861190408,0,253,82,12,347
861190409,0,250,130,16,396
861190410,0,183,134,67,384
861190411,0,172,43,35,250
861190412,0,230,89,15,334
861190413,0,195,165,70,430
861190414,0,222,88,54,364
861190415,0,88,65,64,217
861190501,0,22,43,138,203
861190502,0,6,68,259,333
861190503,0,2,32,112,146
861260101,0,2,16,11,29
861260102,0,0,2,4,6
861260201,0,22,93,21,136
861260202,0,4,23,4,31
861260203,0,26,59,9,94
861260204,0,15,33,30,78
861260301,0,29,95,46,170
861260302,0,8,38,10,56
861260303,0,11,50,18,79
861260304,0,2,13,11,26
861260305,0,10,23,9,42
861260306,0,8,11,4,23
861260307,0,154,107,3,264
861260308,0,152,113,16,281
861260309,0,357,39,6,402
861260310,0,377,86,10,473
861260311,0,264,29,3,296
861260312,0,275,42,3,320
861260313,0,248,28,2,278
861260401,0,20,31,9,60
861260402,0,15,45,10,70
861260403,0,19,53,30,102
861260404,0,9,8,6,23
861330101,0,3,41,8,52
861330102,0,4,13,38,55
861330103,0,30,82,37,149
861330201,0,8,36,57,101
861330202,0,7,28,14,49
861330203,0,29,131,27,187
861330204,0,13,84,48,145
861330205,0,195,129,12,336
861330301,0,7,51,22,80
861330302,0,3,13,23,39
861330303,0,5,49,32,86
861330304,0,1,18,7,26
861330305,0,0,25,5,30
861330401,0,2,15,23,40
861330402,0,0,18,9,27
861330403,0,65,204,13,282
861330404,0,32,191,40,263
861330405,0,5,24,8,37
861330406,0,19,85,37,141
861330407,0,99,53,3,155
861330408,0,96,91,2,189
861330409,0,163,36,2,201
861330410,0,163,262,24,449
861330501,0,11,3,1,15
861330502,0,10,7,3,20
861330503,0,3,21,6,30
861330504,0,18,78,3,99
861330505,0,116,137,42,295
861330601,0,6,36,15,57
861330602,0,3,12,25,40
861330603,0,2,41,18,61
861330701,0,9,118,42,169
861330702,0,2,58,48,108
861330801,0,3,30,11,44
861330802,0,6,100,97,203
861400101,0,9,58,28,95
861400102,0,6,33,7,46
861400103,0,11,60,104,175
861400104,0,0,31,31,62
861400105,0,15,67,26,108
861400201,0,19,43,34,96
861400202,0,13,23,28,64
861400203,0,6,18,33,57
861400204,0,6,16,82,104
861400205,0,161,25,11,197
861400206,0,268,58,11,337
861400207,0,177,48,2,227
861400208,0,180,19,3,202
861400209,0,146,109,10,265
861400210,0,195,42,3,240
861400301,0,13,27,66,106
861400302,0,8,15,35,58
861400303,0,5,50,58,113
861470101,0,16,96,15,127
861470102,1,51,191,46,289
861470103,0,43,218,54,315
861470104,2,7,112,21,142
861470201,0,6,131,39,176
861470202,4,20,294,23,341
861470301,8,124,486,121,739
861470302,4,40,87,21,152
861470401,2,16,371,81,470
861470402,0,48,57,8,113
861470403,0,21,131,5,157
861470501,0,5,149,5,159
861470502,1,18,179,32,230
861470503,1,9,79,14,103
861470504,0,55,54,6,115
861470601,0,23,84,29,136
861470602,0,0,52,66,118
861470603,0,8,83,23,114
861470701,0,1,20,19,40
861470702,0,9,42,19,70
861470703,0,15,158,39,212
861470704,0,13,148,46,207
861470705,28,3,66,2,99
861470706,0,21,105,20,146
861470801,167,94,71,0,332
861470802,217,16,60,0,293
861470803,275,12,9,0,296
861470804,191,1,1,0,193
861470805,186,7,5,0,198
861470806,236,5,16,1,258
861470807,217,46,59,6,328
861470808,240,22,48,4,314
861470809,179,9,41,3,232
861470810,130,19,36,3,188
861470811,144,35,106,2,287
861470812,204,8,34,6,252
861470813,86,32,96,4,218
861470814,157,75,77,2,311
861470815,116,2,1,0,119
861470816,180,16,7,0,203
861470817,138,6,19,0,163
861470901,170,12,38,1,221
861470902,209,40,75,2,326
861470903,192,17,19,0,228
861470904,63,23,104,4,194
861470905,116,44,82,7,249
861470906,183,6,0,0,189
861470907,62,2,0,0,64
861470908,151,2,1,0,154
861470909,218,2,9,3,232
861470910,153,1,1,0,155
861470911,81,1,0,0,82
861470912,166,11,22,5,204
861470913,145,6,20,0,171
861470914,109,12,90,2,213
861470915,182,7,4,2,195
861470916,12,42,152,4,210
861470917,195,9,4,0,208
861470918,109,8,16,0,133
861470919,66,28,97,1,192
861540101,0,16,13,2,31
861540102,0,32,23,20,75
861540103,0,8,5,1,14
861540104,0,25,12,8,45
861540105,0,15,13,3,31
861540106,0,254,37,4,295
861540107,0,245,65,13,323
861540108,0,187,18,5,210
861540201,0,19,6,2,27
861540202,0,27,24,8,59
861540203,0,101,25,22,148
861540204,0,1,4,4,9
861540301,0,5,1,12,18
861540302,0,30,19,5,54
861540303,0,43,15,4,62
861610101,0,26,57,15,98
861610102,0,20,66,61,147
861610103,0,23,46,27,96
861610104,0,23,50,19,92
861610105,1,56,167,22,246
861610106,1,42,102,16,161
861610107,0,123,96,8,227
861610108,1,156,100,16,273
861610109,1,269,50,5,325
861610110,1,177,121,10,309
861610111,11,116,118,11,256
861610112,16,121,106,18,261
861610201,0,4,21,34,59
861610202,1,12,5,14,32
861610203,9,134,90,13,246
861610204,1,142,26,10,179
861610205,2,62,72,18,154
861610206,2,118,78,12,210
861610301,0,28,94,82,204
861610302,1,22,100,105,228
861610303,0,3,14,14,31
861610304,0,15,12,22,49
861610305,1,19,109,82,211
861610306,0,22,65,43,130
861610307,0,8,20,7,35
861610308,3,298,90,18,409
861610309,4,172,63,2,241
861610310,4,203,32,1,240
861610311,8,144,41,9,202
861610312,3,203,15,0,221
861610313,0,168,20,0,188
861610314,6,191,29,1,227
861610315,5,116,79,22,222
861610316,0,197,79,31,307
861610317,3,141,50,16,210
861610318,3,274,37,7,321
861610319,0,148,54,14,216
861610401,0,8,42,7,57
861610402,0,7,64,2,73
861610403,1,12,61,13,87
861610404,0,45,106,14,165
861610405,0,7,73,14,94
861610406,0,10,59,18,87
861610407,0,4,27,1,32
861610408,0,5,14,4,23
861610409,4,179,96,11,290
861610410,2,179,124,6,311
861610411,16,119,39,1,175
861610412,1,105,150,26,282
861610413,1,96,70,11,178
861680101,0,4,18,73,95
861680102,0,2,33,48,83
861680103,0,9,58,48,115
861680104,0,5,34,33,72
861680105,0,47,75,18,140
861680201,0,10,51,62,123
861680202,0,6,85,97,188
861680203,0,19,68,35,122
861680204,0,10,55,42,107
861680205,0,64,96,14,174
861680206,0,224,129,12,365
861680207,0,122,163,3,288
861680301,0,3,47,97,147
861680302,0,3,46,79,128
861680303,0,1,27,18,46
861680304,0,1,21,54,76
861750101,0,34,106,88,228
861750102,0,0,14,33,47
861750103,0,3,49,39,91
861750201,0,16,26,12,54
861750202,0,1,19,11,31
861750203,0,1,3,56,60
861750204,0,104,115,29,248
861750301,0,15,117,29,161
861750302,0,2,30,12,44
861750303,0,2,54,49,105
861750304,0,14,109,46,169
861750305,0,6,37,60,103
861750306,0,96,59,7,162
861750307,0,105,76,7,188
861820101,0,0,2,4,6
861820102,0,4,8,19,31
861820103,0,5,26,32,63
861820201,0,7,20,17,44
861820202,0,3,0,3,6
861820203,0,2,25,17,44
861820204,0,3,19,6,28
861820205,0,114,125,6,245
861820206,0,113,155,44,312
861820301,0,2,19,28,49
861820302,0,3,17,33,53
861890101,0,58,144,61,263
861890102,0,11,65,10,86
861890103,0,138,86,17,241
861890201,0,39,120,49,208
861890202,0,12,49,62,123
861890203,0,0,4,5,9
861890301,0,2,54,64,120
861890302,0,56,91,98,245
861890303,0,61,130,21,212
900070101,0,2,11,0,13
900070102,0,1,12,3,16
900070103,0,6,10,23,39
900070104,2,48,26,0,76
900070105,11,42,25,1,79
900070201,0,12,10,9,31
900070202,0,1,20,1,22
900070203,0,2,10,3,15
900070204,9,19,58,11,97
900070205,2,37,94,3,136
900070206,0,26,35,5,66
900070301,1,2,20,0,23
900070302,0,2,5,3,10
900070303,0,2,10,1,13
900070304,0,6,7,1,14
900070305,0,12,9,9,30
900070306,0,21,80,1,102
900070401,1,23,39,2,65
900070402,0,4,54,1,59
900070403,7,37,63,10,117
900070404,1,16,54,1,72
900070405,63,50,98,14,225
900070406,0,5,4,0,9
900070407,1,21,56,4,82
900070408,2,175,144,4,325
900070409,14,105,151,4,274
900070410,3,60,212,6,281
900070501,0,5,47,5,57
900070502,1,0,47,2,50
900070503,0,6,45,30,81
900070504,0,4,53,0,57
900070505,0,17,43,16,76
900070506,0,11,66,6,83
900070507,0,3,49,9,61
900070508,0,21,55,7,83
900070509,3,73,25,1,102
900070601,0,27,87,1,115
900070602,1,29,53,0,83
900070603,0,23,13,1,37
900070604,0,24,99,5,128
900070605,3,15,48,0,66
900070606,1,43,56,2,102
900070607,5,73,87,5,170
900070608,0,28,40,3,71
900070609,0,54,62,3,119
900070610,1,35,64,5,105
900070611,6,100,129,11,246
900070701,1,45,58,2,106
900070702,0,45,54,1,100
900070703,0,42,80,4,126
900070704,5,65,67,6,143
900070705,0,5,40,2,47
900070706,0,4,10,0,14
900070707,0,11,43,1,55
900070708,0,13,49,1,63
900070709,1,18,38,0,57
900070710,1,171,171,7,350
900070711,1,37,77,5,120
900070712,3,188,181,4,376
900070801,0,26,64,3,93
900070802,0,4,4,16,24
900070803,0,22,47,6,75
900070804,0,11,24,0,35
900070805,2,61,98,10,171
900070806,0,17,49,1,67
900070807,4,105,159,15,283
900070808,0,55,109,11,175
900070809,0,7,50,2,59
900070901,0,8,6,0,14
900070902,0,12,61,5,78
900070903,1,49,79,4,133
900070904,22,48,106,11,187
900070905,0,11,40,1,52
900071001,0,28,103,9,140
900071002,1,7,39,0,47
900071003,0,23,30,5,58
900071004,0,20,21,1,42
900071005,1,101,79,10,191
900071006,0,0,40,2,42
900071007,1,168,121,6,296
900140101,2,17,89,0,108
900140102,1,44,192,13,250
900140103,1,121,218,11,351
900140104,3,70,83,0,156
900140105,11,62,116,4,193
900140106,4,93,64,0,161
900140107,0,63,189,3,255
900140108,4,80,128,1,213
900140109,1,268,186,9,464
900140110,24,182,158,2,366
900140111,1,32,83,2,118
900140112,7,379,218,1,605
900140113,4,183,220,5,412
900140114,9,263,189,1,462
900140115,20,211,180,3,414
900140116,15,270,157,9,451
900140117,11,171,27,0,209
900140118,3,218,71,1,293
900140119,4,169,81,2,256
900140120,0,136,95,1,232
900140121,8,255,141,1,405
900140122,0,210,204,5,419
900140123,19,167,140,0,326
900140124,23,152,107,1,283
900140125,4,89,113,38,244
900140126,8,270,249,3,530
900140127,12,185,200,4,401
900140128,4,166,83,0,253
900140129,2,119,149,12,282
900140130,20,137,315,10,482
900140131,227,77,106,3,413
900140201,0,10,38,5,53
900140202,1,12,102,8,123
900140203,0,15,12,5,32
900140204,0,24,91,9,124
900140205,1,56,112,3,172
900140206,0,4,24,8,36
900140207,1,199,134,4,338
900140208,6,128,205,1,340
900140209,0,121,85,2,208
900140210,3,69,148,17,237
900140211,3,93,133,3,232
900140301,15,128,80,1,224
900140302,0,15,35,1,51
900140303,0,1,21,5,27
900140304,0,13,33,8,54
900140401,0,6,26,1,33
900140402,1,20,27,2,50
900140403,3,103,96,1,203
900140404,3,144,90,3,240
900140501,0,0,20,0,20
900140502,0,20,61,11,92
900140503,1,16,92,10,119
900140504,0,4,51,3,58
900140505,0,10,44,9,63
900140506,0,6,63,9,78
900140601,0,25,77,10,112
900140602,0,2,11,1,14
900140603,0,0,6,0,6
900140604,0,2,15,5,22
900140605,0,1,5,0,6
900140606,2,104,21,3,130
900140607,0,3,42,4,49
900140608,6,83,75,2,166
900140609,5,253,27,1,286
900140610,15,186,139,5,345
900140611,4,87,142,16,249
900140612,2,110,140,26,278
900140613,2,122,152,18,294
900140614,14,76,141,3,234
900140701,0,49,52,3,104
900140702,0,0,5,1,6
900140703,3,53,134,3,193
900140704,0,68,119,5,192
900140705,0,31,16,0,47
900140706,8,55,77,1,141
900140707,0,9,19,6,34
900140708,6,73,123,5,207
900140709,0,6,42,3,51
900140710,3,216,122,3,344
900140711,0,146,128,1,275
900140712,7,170,85,3,265
900140713,6,212,171,22,411
900140714,1,161,102,10,274
900140801,0,18,48,2,68
900140802,5,26,26,0,57
900140803,0,8,80,2,90
900140804,0,11,23,9,43
900140805,0,106,52,5,163
900140806,0,18,47,0,65
900140901,0,71,135,9,215
900140902,5,58,61,3,127
900140903,0,41,98,2,141
900140904,0,26,42,0,68
900140905,0,24,94,2,120
900140906,1,37,76,3,117
900141001,1,72,73,0,146
900141002,2,49,52,5,108
900141003,3,120,42,2,167
900141101,0,40,24,0,64
900141102,1,131,145,0,277
900141103,0,15,27,0,42
900141104,0,36,119,1,156
900141105,3,313,33,4,353
900141106,0,228,136,4,368
900141201,3,104,139,1,247
900141202,0,63,103,2,168
900141203,12,20,21,1,54
900141204,8,133,262,8,411
900141205,157,38,126,5,326
900141206,163,54,21,1,239
900141207,1,142,158,3,304
900141208,4,133,105,3,245
900141209,10,200,110,3,323
900141210,2,243,167,3,415
900141211,11,96,177,4,288
900141212,0,153,108,0,261
900141213,2,184,130,3,319
900141214,4,144,167,7,322
900141215,6,137,60,1,204
900141216,1,144,74,4,223
900141217,8,160,168,0,336
900141218,3,174,82,0,259
900141219,0,199,109,8,316
900141220,0,12,10,2,24
900141221,0,73,73,2,148
900141222,1,190,198,13,402
900141223,7,165,126,1,299
900141224,6,191,5,0,202
900141225,7,126,59,0,192
900141301,299,5,41,0,345
900141302,78,84,97,14,273
900141303,41,226,103,11,381
900141304,181,0,0,0,181
900141305,129,26,76,0,231
900141306,297,69,66,4,436
900141307,127,71,86,3,287
900141308,35,96,86,0,217
900141309,159,36,47,0,242
900141310,231,80,140,4,455
900141311,184,46,124,3,357
900141312,136,140,117,1,394
900141313,161,54,33,2,250
900141314,68,15,88,17,188
900141401,0,3,3,1,7
900141402,0,4,3,0,7
900141403,0,6,23,1,30
900141404,0,6,32,4,42
900141405,3,115,142,9,269
900141406,13,137,96,12,258
900141407,5,134,161,0,300
900141408,11,172,249,5,437
900141409,2,161,193,10,366
900141410,4,49,152,8,213
900141501,2,83,157,3,245
900141502,9,84,109,16,218
900141503,0,2,21,5,28
900141504,7,270,129,10,416
900141505,0,38,36,3,77
900141506,15,318,44,0,377
900141507,4,376,64,1,445
900141601,39,16,105,3,163
900141602,226,79,83,1,389
900141603,45,105,86,1,237
900141604,42,69,63,0,174
900141605,38,171,71,0,280
900141606,46,70,95,1,212
900141607,135,98,15,0,248
900141608,49,164,54,0,267
900141609,29,134,86,1,250
900141610,87,17,96,1,201
900141611,182,28,22,0,232
900141612,31,71,110,0,212
900141613,31,202,150,0,383
900141614,3,136,156,3,298
900141615,6,152,162,19,339
900141616,8,208,262,10,488
900141617,1,178,76,0,255
900141618,0,95,216,1,312
900210101,0,1,0,0,1
900210102,1,11,58,18,88
900210103,0,0,0,0,0
900210104,12,142,101,27,282
900210105,1,62,60,11,134
900210106,1,38,56,25,120
900210107,0,1,40,6,47
900210108,4,43,79,36,162
900210109,0,72,128,10,210
900210110,7,85,63,4,159
900210111,0,25,76,11,112
900210201,0,13,44,4,61
900210202,2,20,36,7,65
900210203,2,13,56,26,97
900210204,4,84,89,8,185
900210205,6,241,210,1,458
900210206,1,67,105,6,179
900210207,2,55,76,12,145
900210208,1,59,37,8,105
900210209,0,13,103,16,132
900210301,1,34,68,8,111
900210302,0,23,98,3,124
900210303,1,51,78,9,139
900210304,0,64,41,14,119
900210401,3,36,61,4,104
900210402,0,16,19,7,42
900210403,3,42,69,12,126
900210404,0,42,15,7,64
900210405,2,9,10,3,24
900210406,7,104,51,5,167
900210407,0,118,100,9,227
900210408,5,127,68,8,208
900210409,112,114,82,5,313
900210410,2,128,101,2,233
900210411,23,155,59,17,254
900210501,0,32,91,10,133
900210502,2,117,120,26,265
900210503,1,57,72,19,149
900210504,0,51,65,13,129
900210505,0,6,9,5,20
900210506,2,98,88,3,191
900210507,3,134,163,23,323
900210601,1,1,16,5,23
900210602,276,68,129,6,479
900210603,189,80,77,2,348
900210604,283,51,34,2,370
900210605,329,9,3,0,341
900210606,291,2,2,0,295
900210607,140,52,76,16,284
900210608,365,9,13,1,388
900210609,160,3,7,0,170
900210610,365,7,22,0,394
900210611,304,5,6,0,315
900210612,294,1,3,0,298
900210613,207,5,2,0,214
900210614,353,4,2,0,359
900210615,222,12,7,4,245
900210616,262,1,1,1,265
900210617,139,10,1,0,150
900210618,208,24,16,3,251
900210619,176,3,15,4,198
900210620,152,12,1,0,165
900210701,204,89,114,13,420
900210702,223,41,66,6,336
900210703,178,6,24,13,221
900210704,120,13,19,1,153
900210705,137,21,35,4,197
900210706,377,2,1,1,381
900210707,266,1,2,0,269
900210708,185,0,0,0,185
900210709,245,21,19,4,289
900210710,266,18,28,0,312
900210711,149,0,0,0,149
900210712,207,5,4,0,216
900210713,174,2,4,0,180
900210714,257,4,4,0,265
900210715,271,0,0,0,271
900210716,225,16,28,0,269
900210717,237,37,19,1,294
900210718,0,90,106,16,212
900210719,339,18,54,1,412
900210720,245,16,20,2,283
900210721,211,0,8,0,219
900210722,254,6,2,2,264
900210723,5,125,85,0,215
900210724,278,2,3,0,283
900210725,1,76,245,26,348
900210726,276,2,0,0,278
900280101,93,153,95,15,356
900280102,142,103,91,3,339
900280103,290,27,40,2,359
900280104,215,41,55,0,311
900280105,218,44,31,0,293
900280106,208,6,16,0,230
900280107,201,30,18,3,252
900280108,165,93,60,4,322
900280109,185,6,20,2,213
900280110,180,14,13,0,207
900280111,303,16,9,4,332
900280112,369,19,34,8,430
900280113,204,30,27,0,261
900280201,0,0,5,2,7
900280202,0,9,24,3,36
900280203,0,59,0,0,59
900280204,0,5,30,5,40
900280205,18,21,70,0,109
900280206,170,141,170,14,495
900280207,45,67,125,1,238
900280208,6,73,119,4,202
900280301,0,0,4,0,4
900280302,0,14,54,5,73
900280303,12,2,19,0,33
900280304,3,24,70,7,104
900280305,46,62,114,7,229
900280306,5,106,78,14,203
900280307,23,78,136,8,245
900280308,0,3,4,1,8
900280309,0,30,32,8,70
900280310,0,41,40,9,90
900280311,0,23,20,12,55
900280312,0,39,56,2,97
900280313,0,0,2,0,2
900280314,0,0,1,1,2
900280315,1,2,0,0,3
900280316,5,122,96,1,224
900280317,96,100,63,4,263
900280318,98,169,86,3,356
900280319,126,85,89,3,303
900280320,193,0,3,0,196
900350101,0,84,101,24,209
900350102,0,0,17,10,27
900350103,0,4,19,6,29
900350104,0,1,2,5,8
900350105,0,5,11,4,20
900350106,0,3,17,13,33
900350107,0,1,10,11,22
900350108,0,4,5,0,9
900350109,0,3,28,8,39
900350110,0,8,38,14,60
900350111,0,19,93,28,140
900350112,0,61,54,23,138
900350113,0,222,84,2,308
900350114,0,210,59,6,275
900350201,0,3,10,6,19
900350202,0,3,6,0,9
900350203,0,0,5,2,7
900350204,0,5,30,0,35
900350205,0,8,38,18,64
900350206,0,7,63,12,82
900350207,0,5,38,7,50
900350208,0,5,25,14,44
900350209,0,25,5,1,31
900350210,0,1,0,1,2
900350211,0,0,5,1,6
900350212,0,140,76,5,221
900350213,0,205,109,8,322
900350214,0,94,79,3,176
900350301,0,23,37,5,65
900350302,0,1,33,3,37
900350303,0,1,20,9,30
900350304,0,1,14,19,34
900350305,0,0,9,25,34
900350306,0,3,7,1,11
900350307,0,3,21,23,47
900350308,0,0,10,2,12
900350309,0,1,20,0,21
900350310,0,7,47,30,84
900350311,0,2,37,0,39
900350312,0,141,155,40,336
900420101,280,6,5,6,297
900420102,272,11,17,9,309
900420103,163,5,5,2,175
900420104,174,2,2,0,178
900420105,223,2,8,2,235
900420106,234,7,8,3,252
900420107,272,7,7,0,286
900420108,332,5,5,3,345
900420109,143,2,2,2,149
900420110,158,11,7,1,177
900420111,66,9,58,2,135
900420112,188,12,9,4,213
900420113,272,0,0,0,272
900420114,296,0,1,0,297
900420115,268,1,3,0,272
900420116,177,18,26,1,222
900420201,0,14,97,16,127
900420202,0,10,45,0,55
900420203,2,8,27,9,46
900420204,4,2,22,16,44
900420205,5,15,35,0,55
900420206,4,1,39,0,44
900420207,0,3,22,28,53
900420208,0,37,70,33,140
900420209,1,45,135,60,241
900420210,0,23,70,29,122
900420211,4,43,159,68,274
900420212,121,87,224,41,473
900420213,1,4,63,28,96
900420214,198,5,28,4,235
900420215,9,37,70,5,121
900420216,129,0,0,0,129
900420217,131,2,18,3,154
900420301,1,8,28,6,43
900420302,5,75,78,26,184
900420303,0,3,52,15,70
900420304,1,20,36,8,65
900420305,2,10,56,14,82
900420306,0,175,95,8,278
900420401,0,2,8,3,13
900420402,3,26,46,2,77
900490101,0,38,89,6,133
900490102,0,52,122,36,210
900490201,0,63,60,20,143
900490202,0,2,14,0,16
900490203,0,80,135,20,235
900490204,0,62,211,62,335
900490205,0,5,38,14,57
900490301,0,75,94,18,187
900490302,0,34,37,3,74
900490401,0,28,73,9,110
900490402,0,76,70,3,149
900490403,0,38,75,10,123
900490404,0,10,19,0,29
900490501,0,173,85,3,261
900490502,0,49,63,6,118
900490503,0,6,4,1,11
900490504,0,1,20,6,27
900490505,0,7,0,0,7
900490506,0,37,37,5,79
900490507,0,8,12,0,20
900490508,0,179,38,1,218
900490509,0,295,82,2,379
900490510,0,182,115,9,306
900490511,0,217,115,5,337
900490512,0,111,83,5,199
900490601,0,0,1,0,1
900490602,0,67,65,3,135
900490603,0,24,27,1,52
900490701,0,1,0,0,1
900490702,0,82,32,5,119
900490703,0,102,43,4,149
900560101,0,18,8,2,28
900560102,2,18,13,0,33
900560103,4,183,83,0,270
900560201,0,22,19,5,46
900560202,0,0,0,0,0
900560203,7,67,91,5,170
900560301,11,157,74,2,244
900560302,16,154,126,5,301
900560303,0,88,123,2,213
900560304,0,65,79,0,144
900560305,75,123,152,2,352
900560306,202,49,91,1,343
900560307,13,143,55,0,211
900560308,117,111,85,1,314
900560309,37,159,67,1,264
900560310,56,121,119,2,298
900560311,249,87,86,2,424
900560312,141,101,102,9,353
900560401,1,34,45,8,88
900560402,4,85,101,15,205
900560403,3,36,49,13,101
900560404,0,1,33,0,34
900560405,2,7,10,4,23
900560406,0,27,39,10,76
900560407,0,10,13,0,23
900560408,151,1,1,0,153
900560501,0,25,43,4,72
900560502,0,120,98,5,223
900560503,1,40,49,5,95
900560504,0,76,109,4,189
900560505,1,32,38,3,74
900560601,0,5,36,1,42
900560602,1,80,48,2,131
900560603,15,48,109,6,178
900560604,0,4,22,4,30
900560605,0,12,30,2,44
900560606,0,24,65,2,91
900560607,1,17,36,3,57
900560701,1,34,59,2,96
900560702,4,198,113,4,319
900560703,0,10,19,0,29
900560704,2,47,81,5,135
900560705,0,28,49,2,79
900560706,0,21,62,6,89
900560801,0,11,39,1,51
900560802,0,11,16,2,29
900560803,1,9,75,19,104
900560804,0,16,68,7,91
900560805,0,51,140,12,203
900560901,1,20,41,0,62
900560902,0,2,2,0,4
900560903,0,88,41,0,129
900560904,0,10,122,2,134
900560905,0,4,12,6,22
900560906,0,4,52,4,60
900560907,0,46,53,3,102
900560908,0,6,59,21,86
900560909,0,6,39,1,46
900560910,0,11,20,0,31
900560911,0,3,27,5,35
900561001,0,28,88,12,128
900561002,0,3,10,0,13
900561003,0,41,128,7,176
900561004,0,37,63,2,102
900561005,0,25,80,3,108
900561101,0,2,2,1,5
900561102,0,4,5,0,9
900561103,0,7,18,7,32
900561104,0,15,68,1,84
900561105,0,11,48,17,76
900561106,0,8,44,11,63
900561107,0,73,121,5,199
900561108,1,151,121,0,273
900561201,0,23,59,0,82
900561202,0,10,67,9,86
900561203,1,133,49,1,184
900561204,7,44,95,7,153
900561205,0,32,81,0,113
900561206,0,42,52,25,119
900561207,0,49,93,6,148
900561208,0,11,20,1,32
900561209,0,4,67,4,75
900561210,0,4,21,2,27
900561211,2,33,71,2,108
900561212,0,16,72,5,93
900561213,37,121,115,3,276
900561301,0,36,87,3,126
900561302,0,19,59,8,86
900561303,0,13,16,10,39
900561304,26,63,97,6,192
900561305,134,53,90,3,280
900561306,0,12,19,1,32
900561401,0,40,27,2,69
900561402,1,42,40,1,84
900561403,1,74,72,2,149
900561404,130,110,100,3,343
900561405,13,16,67,9,105
900561406,3,60,145,9,217
900561407,61,152,85,1,299
900561408,50,100,80,16,246
900630101,4,90,131,3,228
900630102,45,148,106,0,299
900630103,29,61,145,4,239
900630104,60,92,161,2,315
900630105,121,87,139,6,353
900630106,226,18,27,0,271
900630107,104,28,23,0,155
900630108,203,50,89,1,343
900630109,230,26,34,0,290
900630110,341,17,22,1,381
900630111,342,24,30,0,396
900630112,251,17,9,0,277
900630113,284,13,8,0,305
900630114,257,36,37,2,332
900630201,0,8,10,11,29
900630202,0,3,50,17,70
900630203,0,7,9,1,17
900630204,0,18,9,0,27
900630205,0,3,13,1,17
900630206,6,26,134,1,167
900630207,0,62,38,7,107
900630208,0,3,2,0,5
900630209,0,7,4,2,13
900630210,0,2,21,0,23
900630211,0,16,15,1,32
900630212,8,88,193,4,293
900630213,11,127,128,0,266
900630214,4,132,29,0,165
900630215,6,179,139,2,326
900630216,10,162,88,1,261
900630217,7,177,77,1,262
900630218,1,175,102,1,279
900630219,1,109,157,2,269
900630301,219,74,233,6,532
900630302,18,153,279,8,458
900630303,10,75,45,4,134
900630304,1,7,25,1,34
900630305,5,101,330,5,441
900630401,0,1,5,1,7
900630402,0,1,15,0,16
900630403,0,71,63,1,135
900630404,3,112,187,8,310
900630405,1,18,30,0,49
900630406,1,22,48,3,74
900630407,0,9,17,1,27
900630408,46,30,48,0,124
900630409,0,1,0,0,1
900630410,0,12,36,4,52
900630411,0,35,79,2,116
900630412,0,58,61,5,124
900630413,153,54,196,5,408
900630414,201,4,1,0,206
900630415,191,6,8,0,205
900630416,2,33,31,0,66
900630417,146,33,34,2,215
900630418,212,25,22,0,259
900630419,217,74,63,0,354
900630420,139,14,45,2,200
900630501,207,27,50,16,300
900630502,211,1,0,0,212
900630503,315,31,28,1,375
900630504,227,18,23,0,268
900630505,317,8,8,0,333
900630506,299,10,6,0,315
900630507,318,32,20,2,372
900630508,173,32,42,7,254
900630509,291,71,60,1,423
900630510,18,61,230,5,314
900630511,198,32,55,1,286
900630512,297,9,13,0,319
900630513,289,6,8,0,303
900700101,4,39,56,2,101
900700102,0,56,39,2,97
900700201,0,0,14,5,19
900700202,0,7,47,8,62
900700203,1,42,44,5,92
900700204,3,157,61,4,225
900700205,4,186,140,8,338
900700206,6,128,163,9,306
900700207,49,123,11,0,183
900700208,11,69,140,5,225
900700301,5,156,153,22,336
900700302,0,0,15,8,23
900700303,0,7,14,12,33
900700304,0,9,16,4,29
900700305,0,7,29,8,44
900700306,5,110,62,2,179
900700307,30,81,133,4,248
900700401,0,6,42,10,58
900700402,3,19,47,8,77
900700403,3,124,96,52,275
900700404,0,31,108,17,156
900700405,3,18,78,6,105
900700406,0,23,83,52,158
900700407,0,0,21,26,47
900700408,0,20,14,13,47
900700409,0,43,129,18,190
900700410,0,4,26,16,46
900700411,0,11,52,10,73
900700412,2,164,80,14,260
900700413,25,136,121,18,300
900700414,6,147,66,2,221
900700501,0,71,61,6,138
900700502,0,48,75,30,153
900700601,0,2,1,0,3
900700602,2,170,64,30,266
900700603,8,163,37,2,210
900700604,0,176,74,2,252
900700605,0,151,35,0,186
900700606,3,162,52,20,237
900700607,6,179,62,0,247
900700701,0,40,47,0,87
900700702,2,9,35,0,46
900700703,0,0,0,3,3
900700801,0,6,14,13,33
900700802,0,7,2,2,11
900700803,1,22,54,6,83
900700804,1,69,65,7,142
900700805,6,127,33,3,169
900700806,3,194,20,3,220
900700807,7,290,103,16,416
900700808,0,84,80,4,168
900700901,0,0,0,0,0
900700902,0,12,34,6,52
900700903,0,80,184,15,279
900700904,0,30,26,2,58
900701001,0,1,1,1,3
900701002,0,65,17,3,85
900701003,1,39,41,0,81
900701101,5,34,36,0,75
900701102,3,68,33,0,104
900701201,0,0,1,2,3
900701202,0,4,26,17,47
900701203,0,41,59,5,105
900701204,1,74,87,5,167
900701301,153,39,132,3,327
900701302,56,18,47,0,121
900701303,28,57,100,5,190
900701304,307,13,12,0,332
900701401,144,19,20,1,184
900701402,138,41,34,9,222
900701403,159,4,5,0,168
900701404,174,25,14,0,213
900701405,159,74,89,3,325
900701406,207,50,69,3,329
900701407,141,20,25,1,187
900701408,155,7,6,0,168
900701409,246,49,96,1,392
900701410,141,76,88,0,305
900701411,209,5,5,0,219
900701412,154,36,34,3,227
900701413,151,6,0,0,157
900701414,211,7,5,0,223
900701415,289,19,15,0,323
900701416,176,39,33,1,249
900701417,293,43,53,8,397
900701418,32,122,178,3,335
900701419,333,7,3,0,343
900701420,194,28,39,2,263
900701421,93,54,57,0,204
900770101,14,111,171,9,305
900770102,15,103,185,6,309
900770103,282,7,8,0,297
900770104,255,26,79,10,370
900770105,333,18,42,2,395
900770106,272,15,12,0,299
900770107,224,11,8,0,243
900770108,235,4,2,0,241
900770109,216,2,2,0,220
900770110,321,1,0,0,322
900770111,228,0,0,0,228
900770112,188,14,6,0,208
900770113,204,9,17,0,230
900770114,153,1,1,0,155
900770115,307,10,36,0,353
900770116,287,4,20,1,312
900770117,252,7,11,0,270
900770118,173,3,6,0,182
900770119,200,26,27,0,253
900770120,238,10,33,7,288
900770121,238,12,28,3,281
900770122,212,7,7,2,228
900770123,202,9,7,0,218
900770124,225,8,4,0,237
900770201,0,20,21,18,59
900770202,90,56,109,12,267
900770203,22,43,129,2,196
900770204,0,6,50,2,58
900770205,0,3,7,0,10
900770206,0,22,20,4,46
900770207,0,28,17,3,48
900770208,0,0,5,0,5
900770209,48,119,136,1,304
900770210,229,41,83,3,356
900770211,250,0,1,0,251
900770212,114,0,0,1,115
900770213,231,15,19,0,265
900770214,0,56,95,0,151
900770301,1,65,26,9,101
900770302,3,77,53,10,143
900770401,0,0,2,0,2
900770402,0,2,3,2,7
900770403,4,56,93,15,168
900770404,14,176,75,3,268
900770405,9,24,135,24,192
900770406,1,57,72,11,141
900770407,1,125,121,10,257
900770408,0,25,38,3,66
900770409,1,48,56,8,113
900770410,4,38,35,17,94
900770411,0,49,69,14,132
900770412,0,21,35,12,68
900770413,0,115,44,0,159
900770414,9,227,104,17,357
900770415,89,103,51,1,244
900770416,1,92,35,1,129
900770417,6,154,130,3,293
900770418,2,55,72,10,139
900770419,1,46,95,18,160
900770501,2,107,49,1,159
900770601,3,47,129,15,194
900770602,1,62,112,15,190
900770603,0,19,35,0,54
900770604,0,27,18,6,51
900770605,0,32,135,3,170
900770606,4,188,116,12,320
900770607,4,300,78,1,383
900840101,34,6,116,9,165
900840102,163,5,36,1,205
900840103,321,0,25,2,348
900840104,343,0,0,0,343
900840105,308,1,0,0,309
900840106,169,37,179,1,386
900840107,138,87,108,2,335
900840108,318,3,0,0,321
900840109,234,6,6,0,246
900840110,263,8,0,0,271
900840111,252,2,0,0,254
900840112,339,2,0,0,341
900840113,342,1,0,0,343
900840114,294,1,0,0,295
900840115,270,0,3,0,273
900840116,239,7,9,0,255
900840117,178,6,4,0,188
900840118,161,1,0,0,162
900840119,190,3,0,0,193
900840120,217,2,0,0,219
900840121,215,0,0,0,215
900840122,206,0,1,0,207
900840123,369,6,15,0,390
900840124,323,15,8,0,346
900840125,233,21,11,0,265
900840126,286,50,34,0,370
900840201,71,21,58,4,154
900840202,116,37,115,25,293
900840203,103,12,138,9,262
900840204,167,13,10,1,191
900840205,439,13,18,0,470
900840206,243,13,7,0,263
900840207,179,2,0,0,181
900840208,361,7,10,2,380
900840209,275,1,0,0,276
900840210,316,0,0,0,316
900840211,186,0,0,0,186
900840212,385,9,4,0,398
900840213,189,5,4,0,198
900840214,245,8,2,0,255
900840215,176,1,0,0,177
900840216,197,2,0,0,199
900840217,202,26,1,0,229
900840218,195,5,24,0,224
900840219,277,2,1,0,280
900840220,210,0,1,0,211
900840221,367,16,9,0,392
900840222,295,9,11,3,318
900840223,190,5,6,0,201
900840301,262,35,105,24,426
900840302,195,63,106,4,368
900840303,314,10,32,0,356
900840304,308,7,24,0,339
900840305,237,18,16,0,271
900840306,303,23,16,0,342
900840307,320,5,2,0,327
900840308,271,13,5,0,289
900840309,200,2,7,0,209
900840310,315,7,4,0,326
900840311,186,3,7,0,196
900840312,175,5,11,0,191
900840313,264,1,0,0,265
900840314,146,0,6,0,152
900840315,162,5,1,0,168
900840401,278,21,79,7,385
900840402,316,0,17,10,343
900840403,288,7,1,0,296
900840404,317,7,4,0,328
900840405,270,3,4,1,278
900840406,242,9,28,1,280
900840407,229,5,28,0,262
900840408,8,40,45,0,93
900840409,105,48,80,0,233
900840410,56,75,113,0,244
900840411,177,7,10,2,196
900840412,205,5,5,0,215
900840413,184,14,29,0,227
900840414,90,25,57,2,174
900840415,294,22,115,2,433
900840416,179,52,137,4,372
900840501,306,10,9,3,328
900840502,197,6,4,0,207
900840503,274,4,8,0,286
900840504,181,1,3,0,185
900840505,185,6,4,0,195
900840506,277,22,5,0,304
900840507,213,5,4,0,222
900840508,157,3,7,0,167
900840509,132,12,13,1,158
900840510,173,0,4,0,177
900840511,146,0,5,0,151
900840512,185,6,6,0,197
900840513,276,2,2,0,280
900840601,100,4,47,1,152
900840602,379,2,6,1,388
900840603,241,4,1,0,246
900840604,283,7,2,0,292
900840605,334,9,7,0,350
900840606,235,3,12,0,250
900840607,246,5,4,0,255
900840608,200,19,38,0,257
900840609,137,3,41,4,185
900840610,199,6,1,0,206
900840611,198,6,1,0,205
900840612,89,9,31,0,129
900840613,150,1,7,1,159
900840614,141,0,17,0,158
900840701,200,19,89,2,310
900840702,142,5,3,0,150
900840703,280,3,0,1,284
900840704,327,10,5,0,342
900840705,243,9,0,0,252
900840706,341,5,8,0,354
900840707,291,3,7,0,301
900840708,372,7,2,0,381
900840709,297,1,2,1,301
900840710,184,1,3,0,188
900840711,212,9,1,1,223
900840712,278,2,0,0,280
900840713,178,5,0,0,183
900840714,208,2,6,0,216
900840801,142,30,29,3,204
900840802,128,14,35,11,188
900840803,74,89,162,2,327
900840804,4,35,188,4,231
900840805,94,171,199,4,468
900840806,236,13,15,1,265
900840807,224,13,17,0,254
900840808,260,21,40,1,322
900840809,179,17,26,0,222
900840810,231,9,14,0,254
900840811,284,9,4,0,297
900840812,302,17,27,1,347
900840813,255,9,6,0,270
900840814,88,180,222,0,490
900840815,126,41,49,2,218
900840816,302,8,15,0,325
900840817,205,4,1,0,210
900840818,166,4,7,0,177
900840819,212,53,61,0,326
900840820,2,126,136,3,267
900840901,189,3,1,0,193
900840902,284,4,1,1,290
900840903,214,0,1,0,215
900840904,204,4,1,0,209
900840905,245,3,2,0,250
900840906,142,3,28,1,174
900840907,134,17,38,0,189
900840908,192,3,5,0,200
900840909,166,2,2,0,170
900840910,199,1,0,0,200
900840911,288,2,1,0,291
900840912,112,1,0,0,113
900840913,154,2,2,0,158
900840914,260,3,0,0,263
900840915,292,5,5,0,302
900841001,144,134,18,1,297
900841002,209,89,169,10,477
900841003,44,120,74,0,238
900841004,178,78,101,3,360
900841005,238,38,69,2,347
900841006,174,16,68,2,260
900841007,123,15,20,0,158
900841008,279,28,31,14,352
900841009,222,16,37,2,277
900841010,159,151,88,9,407
900841011,209,22,97,12,340
900841012,223,4,1,0,228
900841013,233,18,22,0,273
900841014,153,13,35,0,201
900841015,158,13,6,0,177
900841016,257,2,4,1,264
900841017,215,4,2,0,221
900841018,255,4,4,0,263
900841019,155,1,1,0,157
900841020,293,2,8,0,303
900841021,92,1,1,0,94
900841022,250,4,3,0,257
900841023,391,5,6,0,402
900841024,325,8,10,1,344
900841025,6,30,33,2,71
900841101,223,2,2,0,227
900841102,282,0,0,0,282
900841103,212,0,0,0,212
900841104,190,8,0,0,198
900841105,240,14,16,0,270
900841106,5,50,229,33,317
900841107,18,20,234,6,278
900841108,17,57,193,3,270
900841109,5,41,233,27,306
900841110,210,3,13,0,226
900841111,276,10,27,0,313
900841112,232,3,12,0,247
900841113,227,1,3,0,231
900841201,268,0,0,0,268
900841202,269,0,0,0,269
900841203,305,0,0,0,305
900841204,238,0,0,0,238
900841205,189,0,0,0,189
900841206,168,1,0,0,169
900841207,257,0,0,0,257
900841208,351,4,0,0,355
900841209,356,1,0,0,357
900841210,292,1,0,0,293
900841211,266,0,0,0,266
900841212,349,0,0,0,349
900841213,216,1,0,0,217
900841214,280,1,2,0,283
900841215,168,0,0,0,168
900841216,377,0,0,0,377
900841217,234,0,1,0,235
900841218,182,1,0,0,183
900841219,372,1,0,0,373
900841220,296,3,0,0,299
900841221,294,0,0,0,294
900841222,169,1,0,0,170
900841223,235,0,0,0,235
900841224,105,0,0,0,105
900841225,266,0,0,0,266
900841226,309,0,0,0,309
900841301,215,1,0,0,216
900841302,228,1,0,0,229
900841303,172,2,1,0,175
900841304,220,0,0,0,220
900841305,292,0,0,0,292
900841306,331,0,0,0,331
900841307,119,1,0,0,120
900841308,239,1,0,0,240
900841309,310,0,0,0,310
900841310,258,0,0,0,258
900841311,146,0,0,0,146
900841312,339,0,0,0,339
900841313,103,2,0,0,105
900841314,225,6,0,0,231
900841315,176,0,0,0,176
900841316,202,0,0,0,202
900841317,241,1,0,0,242
900841318,297,7,8,0,312
900841401,306,15,5,0,326
900841402,248,5,10,0,263
900841403,179,7,1,0,187
900841404,365,5,0,0,370
900841405,306,1,2,0,309
900841406,279,3,4,0,286
900841407,303,1,6,0,310
900841408,259,6,2,0,267
900841409,210,2,3,0,215
900841410,228,4,1,0,233
900841411,275,1,4,0,280
900841412,312,1,2,0,315
900841413,250,11,5,0,266
900841414,251,5,5,1,262
900841501,245,10,4,0,259
900841502,315,1,2,0,318
900841503,190,8,3,0,201
900841504,352,3,1,0,356
900841505,301,6,4,0,311
900841506,314,5,3,1,323
900841507,127,1,1,0,129
900841508,153,1,0,0,154
900841509,368,3,2,0,373
900841510,294,2,4,0,300
900841511,164,6,1,0,171
900841512,148,0,8,0,156
900841513,189,2,1,0,192
900841601,295,1,0,0,296
900841602,242,4,1,0,247
900841603,286,18,2,1,307
900841604,436,6,3,0,445
900841605,300,9,24,0,333
900841606,208,3,0,0,211
900841607,353,15,16,1,385
900841608,331,0,7,0,338
900841609,253,5,4,0,262
900841610,215,2,0,0,217
900841611,344,6,0,0,350
900841612,204,1,5,0,210
900841613,172,2,3,0,177
900841614,250,2,1,0,253
900841615,323,16,26,1,366
900841616,250,4,11,0,265
900841617,18,92,152,2,264
900841618,284,8,3,0,295
900841619,251,2,10,0,263
900841620,312,1,2,0,315
900841621,212,33,19,1,265
900841622,113,13,37,0,163
900841701,275,4,12,0,291
900841702,342,1,3,0,346
900841703,293,9,5,0,307
900841704,303,4,5,0,312
900841705,280,1,2,0,283
900841706,223,6,5,0,234
900841707,149,6,0,0,155
900841708,364,3,2,0,369
900841709,333,15,6,1,355
900841710,122,2,2,0,126
900841711,212,2,3,0,217
900841712,249,2,0,1,252
900841801,416,3,3,0,422
900841802,279,4,3,0,286
900841803,163,1,3,0,167
900841804,143,1,0,0,144
900841805,308,7,6,0,321
900841806,340,6,10,0,356
900841807,316,11,5,0,332
900841808,400,9,12,0,421
900841809,312,2,1,0,315
900841810,170,12,24,0,206
900841811,298,1,1,0,300
900841812,271,1,1,0,273
900841901,232,0,1,0,233
900841902,285,0,0,0,285
900841903,292,0,0,0,292
900841904,184,0,0,0,184
900841905,184,1,0,0,185
900841906,172,1,0,0,173
900841907,295,1,0,0,296
900841908,173,1,1,0,175
900841909,354,2,0,0,356
900841910,263,0,0,0,263
900841911,363,1,0,0,364
900841912,205,0,0,0,205
900841913,203,6,0,0,209
900841914,193,0,0,0,193
900841915,162,2,0,0,164
900841916,293,2,0,0,295
900841917,154,0,0,0,154
900841918,173,0,0,0,173
900841919,375,1,0,0,376
900842001,172,0,0,0,172
900842002,207,0,0,0,207
900842003,184,1,0,0,185
900842004,135,1,0,0,136
900842005,198,0,0,0,198
900842006,191,0,0,0,191
900842007,333,0,0,0,333
900842008,206,1,0,0,207
900842009,246,0,0,0,246
900842010,249,0,0,0,249
900842011,165,1,0,0,166
900842012,249,19,0,0,268
900842013,187,6,1,0,194
900842014,187,0,0,0,187
900842015,291,0,0,0,291
900842016,232,1,0,0,233
900842017,231,0,0,0,231
900842018,374,1,0,0,375
900842019,283,0,0,0,283
900842101,169,0,0,0,169
900842102,327,2,0,0,329
900842103,165,0,0,0,165
900842104,222,1,0,0,223
900842105,157,0,0,0,157
900842106,291,4,3,1,299
900842107,362,4,0,0,366
900842108,223,0,0,0,223
900842109,253,0,0,0,253
900842110,315,6,0,0,321
900842111,75,31,59,4,169
900842112,231,4,0,0,235
900842113,370,4,1,0,375
900842114,366,15,44,0,425
900842115,167,16,41,3,227
900842116,157,2,4,0,163
900842117,160,1,3,0,164
900842118,209,2,0,0,211
900842119,350,10,5,18,383
900842120,245,1,1,0,247
900842121,207,1,1,0,209
900842122,194,2,0,0,196
900842123,0,0,0,0,0
900842201,338,24,19,1,382
900842202,336,2,25,2,365
900842203,188,7,11,1,207
900842204,151,14,34,0,199
900842205,8,9,133,33,183
900842206,248,42,38,3,331
900842207,364,17,41,19,441
900842208,191,15,37,5,248
900842209,220,2,6,0,228
900842210,242,16,25,2,285
900842211,199,1,8,0,208
900842212,167,5,14,0,186
900842213,274,9,10,0,293
900842214,309,27,14,0,350
900842215,127,125,134,7,393
900842216,224,36,56,2,318
900842217,116,115,140,3,374
900842218,31,77,47,0,155
900842219,2,71,259,1,333
900842220,77,50,180,3,310
900842221,7,79,211,4,301
900842222,1,69,60,0,130
900842223,2,24,156,19,201
900842301,201,7,8,0,216
900842302,206,2,9,0,217
900842303,139,1,19,0,159
900842304,312,5,7,1,325
900842305,289,9,7,0,305
900842306,341,7,25,0,373
900842307,235,2,4,0,241
900842308,232,6,2,0,240
900842309,303,7,3,0,313
900842310,317,11,4,0,332
900842311,348,7,1,0,356
900842312,261,1,0,0,262
900842313,191,1,5,0,197
900842314,200,4,12,4,220
900842401,220,11,16,0,247
900842402,309,6,10,1,326
900842403,361,6,14,0,381
900842404,361,23,4,0,388
900842405,239,6,5,0,250
900842406,321,8,11,1,341
900842407,156,4,5,0,165
900842408,290,27,62,1,380
900842409,330,5,10,0,345
900842410,321,0,2,0,323
900842411,208,4,5,0,217
900842412,245,3,7,1,256
900842413,247,4,8,2,261
900842414,173,40,58,0,271
900842415,124,139,212,1,476
900842416,297,62,112,0,471
900842417,156,24,20,0,200
900842418,230,18,45,0,293
900842419,187,5,5,0,197
900842420,239,10,6,0,255
900842501,100,100,206,11,417
900842502,8,31,112,6,157
900842503,322,3,6,0,331
900842504,262,4,8,1,275
900842505,338,3,9,1,351
900842506,81,14,56,24,175
900842507,288,23,90,1,402
900842508,170,124,78,2,374
900842509,239,16,2,0,257
900842510,238,5,10,5,258
900842511,173,149,140,1,463
900842512,281,39,42,6,368
900842513,384,8,8,1,401
900842514,285,17,24,0,326
900842515,178,17,64,0,259
900842516,68,77,57,1,203
900842517,52,34,167,2,255
900842518,83,69,127,0,279
900842519,237,7,6,1,251
900842601,56,175,161,1,393
900842602,14,62,135,1,212
900842603,43,48,116,2,209
900842604,92,74,157,1,324
900842605,107,54,149,1,311
900842606,181,31,46,1,259
900842607,227,29,24,0,280
900842608,243,1,0,0,244
900842609,162,22,21,6,211
900842610,90,11,126,7,234
900842611,229,3,31,0,263
900842612,107,50,82,4,243
900842613,181,6,1,7,195
900842614,253,17,32,4,306
900842615,172,26,109,44,351
900842616,105,61,175,11,352
900842701,202,11,36,3,252
900842702,394,14,23,1,432
900842703,266,6,8,0,280
900842704,311,4,4,0,319
900842705,293,7,30,0,330
900842706,326,6,31,0,363
900842707,290,38,24,1,353
900842708,317,7,7,0,331
900842709,322,17,21,0,360
900842710,328,5,45,0,378
900842711,240,10,27,0,277
900842712,207,3,4,1,215
900842713,246,2,0,0,248
900842714,384,4,2,3,393
900842801,1,104,298,5,408
900842802,278,5,20,3,306
900842803,321,12,101,14,448
900842804,6,58,164,0,228
900842805,4,45,229,3,281
900842806,3,82,195,3,283
900842807,2,83,171,8,264
900842808,0,30,178,3,211
900842809,214,6,20,0,240
900842810,247,12,8,0,267
900842811,7,189,109,2,307
900842812,4,121,225,6,356
900842813,90,63,107,0,260
900842814,144,11,44,0,199
900842815,239,45,36,7,327
900842816,203,23,56,0,282
900842817,32,76,163,4,275
900842818,276,1,0,0,277
900842819,268,0,0,0,268
900842820,214,5,10,0,229
900842821,154,11,52,0,217
900842822,193,56,87,0,336
900842823,16,148,131,0,295
900842824,340,17,53,2,412
900842901,56,104,222,4,386
900842902,148,74,165,0,387
900842903,197,54,22,0,273
900842904,99,103,63,1,266
900842905,78,40,112,1,231
900842906,65,52,134,1,252
900842907,83,97,70,0,250
900842908,124,95,199,4,422
900842909,180,45,99,0,324
900842910,6,95,140,0,241
900842911,103,126,140,1,370
900842912,6,64,108,2,180
900842913,40,137,160,1,338
900842914,36,131,359,8,534
900842915,2,72,201,2,277
900842916,1,84,102,0,187
900843001,66,47,182,2,297
900843002,222,34,44,0,300
900843003,164,67,112,2,345
900843004,228,3,0,0,231
900843005,247,0,4,0,251
900843006,165,4,0,0,169
900843007,70,146,116,3,335
900843008,1,35,211,0,247
900843009,10,135,143,2,290
900843010,68,95,99,0,262
900843011,199,75,79,3,356
900843012,44,112,206,2,364
900843013,71,149,174,0,394
900843014,204,43,75,2,324
900843015,326,16,52,1,395
900843016,97,76,135,16,324
900843017,190,6,2,0,198
900843018,196,91,178,2,467
900843019,110,5,2,0,117
900910101,33,177,162,3,375
900910102,63,229,83,2,377
900910103,43,242,81,7,373
900910104,181,111,84,5,381
900910105,210,39,40,1,290
900910106,179,38,28,2,247
900910201,2,51,94,6,153
900910202,1,29,49,4,83
900910203,0,80,49,11,140
900910204,40,85,67,1,193
900910205,0,49,49,10,108
900910206,0,16,52,16,84
900910207,0,43,80,24,147
900910208,1,33,78,21,133
900910209,0,18,67,25,110
900910301,0,3,47,12,62
900910302,0,29,83,52,164
900910303,1,14,87,24,126
900910304,0,17,96,44,157
900910305,0,35,76,35,146
900910306,0,41,66,36,143
900910307,0,8,69,16,93
900910308,0,9,31,5,45
900910401,0,6,30,0,36
900910402,1,12,49,6,68
900910403,1,33,55,16,105
900910404,0,26,56,4,86
900910405,1,45,56,4,106
900910406,0,28,17,0,45
900910501,0,61,53,24,138
900910502,2,14,56,21,93
900910503,0,46,63,8,117
900910504,0,2,22,10,34
900910601,0,4,20,0,24
900910602,0,35,62,14,111
900910603,2,18,43,9,72
900910604,0,7,25,8,40
900910605,0,0,12,8,20
900910606,0,4,12,10,26
900910607,4,53,48,3,108
900910701,0,9,80,71,160
900910702,6,16,125,18,165
900910703,0,1,29,9,39
900910704,0,44,34,0,78
900910801,0,4,9,10,23
900910802,0,8,9,5,22
900910803,0,8,45,17,70
900910804,0,8,64,16,88
900910805,0,15,15,11,41
900910806,0,0,24,21,45
900910807,0,6,1,1,8
900910808,0,52,47,6,105
900910809,2,141,67,9,219
900910901,0,32,20,5,57
900910902,0,31,33,7,71
900910903,0,25,37,9,71
900910904,0,7,11,0,18
900911001,0,15,36,9,60
900911002,0,5,29,11,45
900911003,0,32,63,11,106
900911004,0,5,17,14,36
900911101,0,3,29,21,53
900911102,0,1,22,3,26
900911103,1,1,33,18,53
900911104,4,10,25,7,46
900911201,0,6,65,20,91
900911202,0,3,17,23,43
900911203,0,0,7,3,10
900980101,0,31,36,40,107
900980102,0,14,22,10,46
900980103,0,1,9,6,16
900980104,0,18,35,9,62
900980105,0,21,36,0,57
900980106,0,93,75,3,171
900980107,0,0,3,3,6
900980108,0,0,0,0,0
900980201,0,0,5,6,11
900980202,0,0,1,0,1
900980203,0,6,6,1,13
900980301,0,1,4,3,8
900980302,0,1,3,1,5
900980303,0,5,6,0,11
900980304,0,56,24,2,82
900980305,0,8,17,3,28
900980306,0,0,0,0,0
900980307,0,1,2,0,3
900980308,0,125,78,6,209
900980309,0,56,41,4,101
900980310,0,139,33,0,172
900980311,0,128,43,3,174
900980401,0,29,136,6,171
900980402,0,65,146,11,222
900980403,0,0,8,0,8
900980404,0,1,0,1,2
900980405,0,18,84,3,105
900980406,0,54,90,7,151
900980407,0,18,46,8,72
900980408,0,23,127,15,165
900980409,0,38,54,1,93
900980410,0,56,29,1,86
900980411,0,60,12,0,72
900980412,0,77,59,1,137
900980413,0,33,53,4,90
900980414,0,47,92,0,139
900980415,0,108,148,4,260
900980416,0,87,101,5,193
900980417,0,37,55,0,92
900980418,0,44,52,2,98
900980419,0,20,4,0,24
900980420,0,56,67,3,126
901050101,0,0,4,0,4
901050102,0,2,1,3,6
901050103,0,0,20,4,24
901050104,0,0,8,2,10
901050201,0,1,23,1,25
901050202,0,0,2,1,3
901050203,0,4,21,8,33
901050204,3,43,87,1,134
901050205,1,24,114,15,154
901050206,0,14,55,0,69
901050207,0,23,20,2,45
901050208,2,44,106,1,153
901050301,0,5,6,0,11
901050302,0,17,89,2,108
901050401,10,42,36,0,88
901050402,2,117,67,8,194
901050501,2,33,104,2,141
901050502,2,9,11,0,22
901050503,8,59,128,4,199
901050504,11,156,253,13,433
901050505,0,88,62,6,156
901050506,12,250,31,1,294
901050601,4,108,57,4,173
901050602,0,98,127,3,228
901050603,3,336,37,2,378
901050604,7,294,17,0,318
901050605,4,126,134,4,268
901050606,8,143,79,0,230
901050607,11,74,76,0,161
901050608,0,79,49,0,128
901050609,0,165,77,1,243
901050610,2,124,99,1,226
901050611,3,184,104,1,292
901050612,11,138,124,0,273
901050613,1,191,30,0,222
901050614,3,78,36,0,117
901050615,4,143,87,1,235
901050616,1,152,48,0,201
901050617,1,94,115,0,210
901050618,3,132,97,0,232
901050619,9,124,83,1,217
901050620,2,177,116,1,296
901050621,11,202,160,30,403
901050622,3,110,10,0,123
901050623,67,262,96,0,425
901050624,1,59,41,1,102
901050625,84,79,50,1,214
901050701,16,237,216,10,479
901050702,7,80,152,5,244
901050703,1,76,75,0,152
901050704,5,96,164,1,266
901050705,194,8,8,1,211
901050706,236,10,30,0,276
901050707,2,81,58,1,142
901050708,2,102,143,0,247
901050709,4,74,155,12,245
901050710,11,107,87,0,205
901050711,244,109,29,0,382
901050712,402,4,0,0,406
901050713,241,2,0,0,243
901050714,246,2,3,0,251
901050715,115,9,29,0,153
901050716,0,0,0,0,0
901050717,2,1,0,0,3
901050718,25,0,0,0,25
901050801,8,11,44,2,65
901050802,292,44,62,4,402
901050803,262,40,27,1,330
901050804,277,34,24,0,335
901050805,267,27,35,0,329
901050806,156,18,30,0,204
901050807,240,28,40,1,309
901050808,297,77,89,2,465
901050809,160,60,71,0,291
901050810,254,18,19,0,291
901050811,112,191,28,0,331
901050812,373,1,0,0,374
901050813,273,25,57,0,355
901050814,234,32,47,0,313
901050815,119,11,80,3,213
901050816,144,22,59,1,226
901050817,164,19,49,0,232
901050901,0,5,4,0,9
901050902,138,55,65,3,261
901050903,167,66,228,4,465
901050904,239,33,86,0,358
901050905,159,65,85,0,309
901050906,313,33,41,0,387
901050907,289,1,13,0,303
901050908,245,11,22,0,278
901050909,261,7,7,0,275
901050910,142,3,1,0,146
901050911,180,4,2,0,186
901050912,195,59,87,0,341
901050913,119,72,142,0,333
901050914,238,43,46,1,328
901050915,271,2,4,0,277
901050916,211,7,7,0,225
901050917,13,62,75,1,151
901051001,4,197,130,0,331
901051002,9,146,56,0,211
901051003,16,126,142,0,284
901051004,3,141,252,2,398
901051005,1,177,227,2,407
901051006,11,213,92,2,318
901051007,4,188,97,0,289
901051008,1,65,40,0,106
901051009,10,302,98,1,411
901051010,5,136,134,5,280
901051011,3,141,100,5,249
901051012,10,92,137,1,240
901051013,111,94,56,0,261
901051014,0,0,4,0,4
901051015,5,68,232,1,306
901051016,3,164,94,0,261
901051017,7,228,186,2,423
901051018,3,246,149,1,399
901051019,1,92,97,1,191
901051020,6,76,59,0,141
901051021,7,146,173,1,327
901051022,11,129,126,1,267
901051023,0,110,148,3,261
901051024,2,48,244,2,296
901120101,0,2,6,2,10
901120102,0,4,18,4,26
901120103,0,13,20,3,36
901120104,0,1,15,3,19
901120105,0,1,14,5,20
901120106,0,0,10,3,13
901120107,0,0,5,0,5
901120108,0,3,36,1,40
901120109,0,41,56,7,104
901120110,0,80,51,1,132
901120111,0,76,69,0,145
901120112,0,48,29,4,81
901120113,0,43,44,1,88
901120114,0,36,67,3,106
901120115,0,43,84,5,132
901120116,0,66,17,1,84
901120201,0,2,13,3,18
901120202,0,6,8,4,18
901120203,0,15,60,11,86
901120204,0,10,35,7,52
901120205,0,114,100,13,227
901120206,0,16,33,3,52
901120207,0,6,21,2,29
901120208,0,3,8,3,14
901120209,0,33,18,4,55
901120210,0,80,190,21,291
901120211,0,2,1,0,3
901120212,0,2,20,0,22
901120213,0,278,105,11,394
901120214,0,271,23,0,294
901120215,0,117,41,0,158
901120216,0,239,18,0,257
901120301,0,4,24,18,46
901120302,0,87,76,37,200
901120303,0,36,60,15,111
901120304,0,1,14,6,21
901120305,0,7,22,3,32
901120306,0,1,14,20,35
901120307,0,35,51,24,110
901120308,0,72,41,2,115
901120401,0,1,17,4,22
901120402,0,4,35,3,42
901120403,0,29,40,6,75
901120404,0,58,109,4,171
901190101,1,1,10,1,13
901190102,0,3,0,1,4
901190103,8,23,6,1,38
901190201,116,50,120,0,286
901190202,167,13,16,0,196
901190203,11,78,120,0,209
901190204,9,211,103,0,323
901190205,7,110,98,1,216
901190206,6,209,135,1,351
901190207,12,120,32,0,164
901190208,6,102,125,0,233
901190209,2,126,121,5,254
901190210,4,173,22,0,199
901190211,2,186,104,1,293
901190212,5,104,46,0,155
901190213,7,171,60,0,238
901190214,10,132,46,0,188
901190215,6,200,52,0,258
901190216,6,179,38,0,223
901190217,4,88,170,0,262
901190301,0,0,1,0,1
901190302,31,97,52,0,180
901190303,115,24,9,0,148
901190304,0,110,118,13,241
901190305,1,124,66,0,191
901190306,5,167,102,1,275
901190307,5,256,1,0,262
901190308,27,150,16,0,193
901190309,15,144,77,1,237
901190310,15,79,107,2,203
901190311,2,73,102,0,177
901190312,7,135,31,0,173
901190313,134,166,48,0,348
901190314,8,154,84,3,249
901190315,28,66,136,4,234
901190316,47,55,119,1,222
901190317,18,258,156,0,432
901190318,40,51,85,6,182
901190319,70,170,28,0,268
901190401,14,107,71,2,194
901190402,9,92,161,14,276
901190403,8,94,197,6,305
901190404,3,111,225,3,342
901190405,22,132,143,10,307
901190406,77,256,32,0,365
901190407,15,209,185,2,411
901190408,15,178,137,1,331
901190409,58,139,201,1,399
901190410,26,126,107,0,259
901190411,19,173,52,0,244
901190412,42,86,68,0,196
901190413,39,108,63,0,210
901190414,56,88,67,0,211
901190415,32,93,10,0,135
901190416,54,47,17,0,118
901190417,128,123,47,0,298
901190418,51,128,15,1,195
901190419,58,242,32,0,332
901190420,46,109,98,8,261
901190421,6,155,16,0,177
901190501,0,5,2,0,7
901190502,95,68,36,0,199
901190503,126,57,77,0,260
901190504,114,59,16,0,189
901190505,157,40,16,0,213
901190506,130,25,21,0,176
901190507,288,61,26,0,375
901190508,289,48,28,0,365
901190509,252,41,24,0,317
901190510,181,52,18,0,251
901190511,165,6,7,0,178
901190512,204,82,79,1,366
901190513,141,158,86,3,388
901190514,82,152,79,3,316
901190515,10,233,35,0,278
901190516,7,218,90,0,315
940070101,0,6,2,0,8
940070201,0,1,11,0,12
940070301,8,2,6,0,16
940070401,1,16,0,0,17
940070501,0,2,2,0,4
940070502,143,3,4,0,150
940070503,112,61,98,4,275
940070504,211,4,10,0,225
940070505,50,37,87,5,179
940070601,0,16,14,0,30
940070701,0,18,9,0,27
940070801,1,13,0,0,14
940071001,397,1,9,0,407
940071002,94,10,3,0,107
940071003,352,1,0,0,353
940071004,333,0,0,0,333
940071005,303,0,0,0,303
940071006,332,2,0,0,334
940071007,335,0,0,0,335
940071008,279,0,0,0,279
940071009,292,0,0,0,292
940071010,286,1,0,0,287
940071011,289,0,0,0,289
940071012,270,3,3,0,276
940071013,277,9,0,0,286
940071101,305,3,0,0,308
940071102,304,1,0,0,305
940071103,341,7,0,0,348
940071104,453,0,0,0,453
940071105,296,2,0,0,298
940071106,293,8,0,0,301
940071107,206,3,1,0,210
940071108,170,0,0,0,170
940071109,274,2,0,0,276
940071110,228,0,0,0,228
940071111,311,2,0,0,313
940071112,326,3,0,0,329
940071113,353,1,0,0,354
940071201,249,0,0,0,249
940071202,268,6,0,0,274
940071203,193,1,0,0,194
940071204,336,3,0,0,339
940071205,333,1,0,0,334
940071206,341,0,0,0,341
940071207,291,0,1,0,292
940071208,304,1,0,0,305
940071209,336,0,0,0,336
940071210,315,4,0,0,319
940071211,231,0,0,0,231
940071212,326,0,0,0,326
940071213,309,1,0,0,310
940071301,309,5,0,0,314
940071302,340,0,0,1,341
940071303,338,0,0,0,338
940071304,313,2,2,0,317
940071305,261,12,34,6,313
940071306,104,2,0,0,106
940071307,352,0,0,0,352
940071308,245,0,0,0,245
940071309,267,0,0,0,267
940071310,177,11,4,0,192
940071311,310,0,0,0,310
940071312,289,2,0,0,291
940071313,318,1,0,0,319
940071314,195,2,1,0,198
940071401,266,11,25,5,307
940071402,331,14,26,3,374
940071403,291,22,34,1,348
940071404,225,22,41,0,288
940071405,314,3,24,1,342
940071406,261,4,5,0,270
940071407,333,3,7,0,343
940071408,304,4,1,1,310
940071409,328,2,1,2,333
940071410,285,1,0,0,286
940071411,269,7,11,0,287
940071412,14,61,243,10,328
940071413,8,22,190,15,235
940071414,14,18,227,9,268
940071415,221,3,1,0,225
940071416,19,5,61,3,88
940140101,0,4,0,1,5
940140102,6,35,6,5,52
940140103,0,11,21,1,33
940140201,0,0,0,0,0
940140202,1,1,3,0,5
940140301,0,0,0,0,0
940140302,0,3,11,0,14
940140401,128,15,2,0,145
940140402,27,86,109,9,231
940140403,7,49,60,16,132
940140404,9,24,44,14,91
940140405,106,11,17,12,146
940140406,209,12,1,0,222
940140407,214,36,15,19,284
940140408,121,11,4,0,136
940140409,277,41,1,0,319
940140410,223,5,0,0,228
940140411,247,3,1,0,251
940140412,248,18,1,1,268
940140413,268,14,31,3,316
940140414,338,15,6,0,359
940140415,270,26,0,0,296
940140416,317,1,0,0,318
940140501,175,21,16,6,218
940140502,282,5,0,0,287
940140503,276,24,0,0,300
940140504,103,0,0,0,103
940140505,248,20,1,0,269
940140506,167,1,0,0,168
940140507,180,0,0,0,180
940140508,266,5,0,0,271
940140509,386,11,0,0,397
940140510,233,7,0,0,240
940140511,213,0,1,0,214
940140601,187,0,5,13,205
940140602,366,5,0,0,371
940140603,281,14,0,0,295
940140604,277,5,0,0,282
940140605,357,12,2,1,372
940140606,269,6,7,0,282
940140607,287,11,0,0,298
940140608,289,4,0,0,293
940140609,313,18,2,0,333
940140610,308,28,8,0,344
940140611,133,9,47,147,336
940140612,90,15,146,45,296
940140701,161,9,1,1,172
940140702,261,8,0,0,269
940140703,300,11,8,0,319
940140704,286,7,0,0,293
940140705,299,6,1,0,306
940140706,126,9,7,0,142
940140707,313,6,0,0,319
940140708,243,3,1,0,247
940140709,97,1,0,0,98
940140710,94,13,0,0,107
940140711,352,13,2,1,368
940140712,328,13,1,0,342
940140713,264,7,32,1,304
940140714,361,8,18,0,387
940140801,49,16,3,0,68
940140802,208,2,2,0,212
940140803,89,0,0,0,89
940140804,196,7,0,0,203
940140805,264,4,0,0,268
940140806,357,7,1,0,365
940140807,244,23,0,0,267
940140808,293,43,27,5,368
940140809,236,8,0,1,245
940140810,428,8,1,0,437
940140811,252,5,30,8,295
940140812,286,7,0,0,293
940140813,314,4,0,0,318
940210101,0,0,0,0,0
940280101,8,0,0,0,8
